39392303965627,39392664323836
39392303965627,39392952453992
39392303965627,39393178127762
39392303965627,39393687185065
39392303965627,39393682520027
39393849542364,39393682520027
39393849542364,39393976145271
39393849542364,39393979383167
39393849542364,39394158973312
39393849542364,39394231523317
39394376209159,39394231523317
39394376209159,39394606114953
39394376209159,39394595991384
39394376209159,39394804625027
39394376209159,39394814206806
39394376209159,39395007093740
39394376209159,39395196826649
39394376209159,39395564706467
39394376209159,39395644117432
39395752828858,39395644117432
39395752828858,39395968414299
39395752828858,39395986599480
39395752828858,39396149076481
39395752828858,39396130181778
39395752828858,39396591714204
39395752828858,39396646659072
39395752828858,39396982754506
39396817642476,39396982754506
39396817642476,39396987070708
39396817642476,39397181766111
39396817642476,39397159400547
39396817642476,39397596741155
39396817642476,39397668408725
39397918547578,39397668408725
39397918547578,39398093239285
39397918547578,39398118935278
39397918547578,39398291341756
39397918547578,39398292535893
39397918547578,39398632976349
39397918547578,39398810370179
39399065103733,39398810370179
39399065103733,39399296274952
39399065103733,39399279339667
39399065103733,39399401408210
39399065103733,39399473587532
39399065103733,39399800336684
39399065103733,39399971782750
39399065103733,39400327296311
39399065103733,39400529183549
39400331508743,39400529183549
39400331508743,39400522982512
39400331508743,39400641961878
39400331508743,39400887043600
39400331508743,39401166953477
39401231399270,39401166953477
39401231399270,39401420433648
39401231399270,39401437306522
39401231399270,39401612416700
39401231399270,39401584039952
39401231399270,39402034502933
39401231399270,39402132144027
39402333243351,39402132144027
39402333243351,39402453818123
39402333243351,39402452786188
39402333243351,39402647068356
39402333243351,39402648240364
39402333243351,39403100890205
39402333243351,39403126158161
39403350747824,39403126158161
39403350747824,39403570558485
39403350747824,39403566436071
39403350747824,39403774244144
39403350747824,39403816707195
39404008963762,39403816707195
39404008963762,39404213084296
39404008963762,39404232613362
39404008963762,39404385743853
39404008963762,39404391142304
39404008963762,39404689994511
39404008963762,39404866331425
39404008963762,39405326348395
39404008963762,39405336870492
39405577521736,39405336870492
39405577521736,39405781433285
39405577521736,39405856251746
39405577521736,39406024298799
39405577521736,39406031224812
39405577521736,39406455987790
39405577521736,39406509163240
39406705558257,39406509163240
39406705558257,39406975189657
39406705558257,39406985074211
39406705558257,39407148502638
39406705558257,39407158082514
39406705558257,39407591466843
39406705558257,39407579401175
39407792292270,39407579401175
39407792292270,39408066240155
39407792292270,39408068166946
39407792292270,39408195524650
39407792292270,39408262380641
39407792292270,39408652282455
39407792292270,39408771688189
39408914100487,39408771688189
39408914100487,39409204501371
39408914100487,39409194166636
39408914100487,39409402042139
39408914100487,39409415034967
39409494046798,39409415034967
39409494046798,39409704314637
39409494046798,39409735329048
39409494046798,39409868963635
39409494046798,39409868879976
39409494046798,39410145457138
39409494046798,39410281865544
39410502672943,39410281865544
39410502672943,39410671261614
39410502672943,39410656793627
39410502672943,39410824816014
39410502672943,39410827276208
39410502672943,39411293502884
39410502672943,39411398131999
39411626811576,39411398131999
39411626811576,39411790189459
39411626811576,39411797999078
39411626811576,39411939808297
39411626811576,39411990441181
39411626811576,39412362129824
39411626811576,39412503507958
39412727939809,39412503507958
39412727939809,39412881656900
39412727939809,39412862638093
39412727939809,39413066420104
39412727939809,39413137001938
39412727939809,39413536716756
39412727939809,39413611509849
39412727939809,39414123735596
39412727939809,39414207672325
39414364986350,39414207672325
39414364986350,39414634196269
39414364986350,39414646653704
39414364986350,39414800156769
39414364986350,39414881841963
39414364986350,39415227521814
39414364986350,39415344173962
39415529473746,39415344173962
39415529473746,39415720527642
39415529473746,39415750766252
39415529473746,39415941875547
39415529473746,39415937056451
39416096678380,39415937056451
39416096678380,39416361240325
39416096678380,39416375929867
39416096678380,39416501521002
39416096678380,39416496964648
39416096678380,39416860207710
39416096678380,39416943367688
39417147777207,39416943367688
39417147777207,39417376642763
39417147777207,39417368964837
39417147777207,39417548354259
39417147777207,39417525496272
39417147777207,39417842106788
39417147777207,39417927320334
39417147777207,39418373243623
39417147777207,39418423905077
39418615465682,39418423905077
39418615465682,39418806210999
39418615465682,39418804430277
39418615465682,39418970183939
39418615465682,39419038286061
39418615465682,39419453827530
39418615465682,39419634102162
39419777528720,39419634102162
39419777528720,39419989153869
39419777528720,39419945990430
39419777528720,39420116305859
39419777528720,39420134404301
39420719068529,39420134404301
39420719068529,39420918985759
39420719068529,39420926191399
39420719068529,39421080986747
39420719068529,39421102977704
39420719068529,39421418612817
39420719068529,39421517789437
39420719068529,39422021255373
39420719068529,39422152274598
39422352312148,39422152274598
39422352312148,39422529465889
39422352312148,39422538968353
39422352312148,39422700356081
39422352312148,39422666838594
39422929077629,39422666838594
39422929077629,39423094732603
39422929077629,39423124045482
39422929077629,39423253599024
39422929077629,39423302675370
39422929077629,39423630372613
39422929077629,39423793429054
39422929077629,39424176775149
39422929077629,39424250981769
39424401078641,39424250981769
39424401078641,39424566122401
39424401078641,39424574878887
39424401078641,39424715496115
39424401078641,39424714321587
39424884311685,39424714321587
39424884311685,39425103067588
39424884311685,39425094371409
39424884311685,39425224672640
39424884311685,39425278200885
39424884311685,39425597167071
39424884311685,39425671780394
39425890209955,39425671780394
39425890209955,39426079301183
39425890209955,39426126213160
39425890209955,39426258506089
39425890209955,39426302311825
39425890209955,39426710379393
39425890209955,39426803174786
39425890209955,39427260670680
39425890209955,39427426387043
39427549237009,39427426387043
39427549237009,39427695655217
39427549237009,39427699964945
39427549237009,39427874293352
39427549237009,39427954239224
39427549237009,39428283854329
39427549237009,39428513386201
39428647469624,39428513386201
39428647469624,39428811866812
39428647469624,39428809328422
39428647469624,39429060111228
39428647469624,39429136806497
39429139902101,39429136806497
39429139902101,39429321536768
39429139902101,39429367431015
39429139902101,39429491383130
39429139902101,39429495625172
39429139902101,39429768026969
39429139902101,39429969139024
39430079804714,39429969139024
39430079804714,39430327750041
39430079804714,39430330492264
39430079804714,39430472341656
39430079804714,39430456488126
39430079804714,39430763052226
39430079804714,39430977345509
39430079804714,39431353709891
39430079804714,39431569376511
39431711727724,39431569376511
39431711727724,39431905457731
39431711727724,39431881574263
39431711727724,39432033626433
39431711727724,39432186758191
39431711727724,39432556425478
39431711727724,39432698899428
39431711727724,39433021034775
39432888540584,39433021034775
39432888540584,39433092675822
39432888540584,39433156876457
39432888540584,39433264195714
39432888540584,39433570255303
39432888540584,39433697019022
39433911254314,39433697019022
39433911254314,39434095167140
39433911254314,39434094677507
39433911254314,39434260402785
39433911254314,39434292586891
39433911254314,39434666140195
39433911254314,39434843944882
39435001523449,39434843944882
39435001523449,39435170893251
39435001523449,39435173669573
39435001523449,39435332671257
39435001523449,39435322253515
39435001523449,39435700937080
39435001523449,39435954274490
39436099681584,39435954274490
39436099681584,39436280344134
39436099681584,39436269872421
39436099681584,39436421707642
39436099681584,39436446986413
39436099681584,39436775410695
39436099681584,39436910370262
39437135127098,39436910370262
39437135127098,39437296202671
39437135127098,39437318655990
39437135127098,39437464646002
39437135127098,39437463515342
39437693259577,39437463515342
39437693259577,39437908490576
39437693259577,39437908619914
39437693259577,39438121647704
39437693259577,39438122125522
39437693259577,39438399050814
39437693259577,39438497590603
39437693259577,39438836487519
39437693259577,39438990836456
39439098173752,39438990836456
39439098173752,39439343234612
39439098173752,39439373255886
39439098173752,39439475372322
39439098173752,39439522460597
39439098173752,39439883091463
39439098173752,39440066233641
39440125664481,39440066233641
39440125664481,39440332467207
39440125664481,39440381303769
39440125664481,39440474913349
39440125664481,39440517215478
39440643354681,39440517215478
39440643354681,39440861665965
39440643354681,39440846258386
39440643354681,39441042861873
39440643354681,39441054296369
39440643354681,39441471260817
39440643354681,39441556315348
39440643354681,39442064260263
39440643354681,39442157562644
39440643354681,39442497702214
39442339652057,39442497702214
39442339652057,39442572938988
39442339652057,39442669429771
39442339652057,39442780588286
39442339652057,39443043902670
39442339652057,39443201683856
39443462444940,39443201683856
39443462444940,39443738589583
39443462444940,39443746968938
39443462444940,39443899391218
39443462444940,39443919350857
39444067372569,39443919350857
39444067372569,39444365972166
39444067372569,39444353284323
39444067372569,39444507849484
39444067372569,39444510584114
39444067372569,39444830563415
39444067372569,39444890406515
39445124202345,39444890406515
39445124202345,39445325394408
39445124202345,39445343629158
39445124202345,39445567406471
39445124202345,39445567461211
39445124202345,39445890791007
39445124202345,39446016457796
39445124202345,39446400785608
39445124202345,39446518407716
39446758591079,39446518407716
39446758591079,39446993100292
39446758591079,39447049193354
39446758591079,39447159155209
39446758591079,39447206868462
39446758591079,39447495696169
39446758591079,39447617193051
39447806511671,39447617193051
39447806511671,39448039760889
39447806511671,39448064430564
39447806511671,39448240677581
39447806511671,39448244764734
39447806511671,39448634604601
39447806511671,39448753064399
39448943047703,39448753064399
39448943047703,39449194644589
39448943047703,39449179108972
39448943047703,39449361205689
39448943047703,39449337990098
39448943047703,39449625990540
39448943047703,39449847844438
39450028517115,39449847844438
39450028517115,39450264552567
39450028517115,39450255389853
39450028517115,39450434363213
39450028517115,39450411755695
39450640927310,39450411755695
39450640927310,39450855830475
39450640927310,39450880758745
39450640927310,39451081366298
39450640927310,39451011620863
39450640927310,39451411019935
39450640927310,39451571642903
39450640927310,39451929157264
39450640927310,39452077832412
39452211935555,39452077832412
39452211935555,39452421027700
39452211935555,39452433059050
39452211935555,39452671294791
39452211935555,39452612154857
39452211935555,39452986800191
39452211935555,39452941870674
39452808406948,39452941870674
39452808406948,39453099676863
39452808406948,39453121512353
39452808406948,39453415315164
39452808406948,39453673161467
39452808406948,39453930882415
39452808406948,39454018581828
39454518854271,39454018581828
39454518854271,39454678712159
39454518854271,39454729910998
39454518854271,39454801601127
39454518854271,39454932983458
39455039760256,39454932983458
39455039760256,39455291411516
39455039760256,39455294749504
39455039760256,39455435016705
39455039760256,39455433973361
39455039760256,39455804371373
39455039760256,39455866964423
39455039760256,39456258296523
39455039760256,39456365739779
39456567586136,39456365739779
39456567586136,39456767322138
39456567586136,39456756403337
39456567586136,39456973141607
39456567586136,39456929511125
39457128792487,39456929511125
39457128792487,39457279876145
39457128792487,39457369625737
39457128792487,39457494789980
39457128792487,39457445444964
39457128792487,39457924112924
39457128792487,39458001414468
39457128792487,39458422881418
39457128792487,39458593239324
39457128792487,39458819369151
39458830136702,39458819369151
39458830136702,39459009292495
39458830136702,39459048459528
39458830136702,39459192729362
39458830136702,39459526441890
39458830136702,39459594106007
39459797793110,39459594106007
39459797793110,39460052489364
39459797793110,39460065281854
39459797793110,39460212376968
39459797793110,39460243211198
39460342149342,39460243211198
39460342149342,39460475331599
39460342149342,39460613634453
39460342149342,39460668556795
39460342149342,39460786920730
39460342149342,39461152582072
39460342149342,39461283147969
39461453887798,39461283147969
39461453887798,39461596416324
39461453887798,39461730297532
39461453887798,39461797820788
39461453887798,39461867301349
39461453887798,39462195313280
39461453887798,39462322771267
39461453887798,39462723849025
39461453887798,39462895352758
39461453887798,39462928828318
39462732425705,39462928828318
39462732425705,39463070425089
39462732425705,39463275341424
39462732425705,39463416411477
39462732425705,39463749264580
39462732425705,39463894392683
39464119580513,39463894392683
39464119580513,39464263666651
39464119580513,39464289255561
39464119580513,39464425802311
39464119580513,39464440044093
39464119580513,39464777379986
39464119580513,39464894389558
39465053207028,39464894389558
39465053207028,39465237907908
39465053207028,39465262435340
39465053207028,39465381260500
39465053207028,39465507601001
39465053207028,39465946913671
39465053207028,39466076262141
39466273474777,39466076262141
39466273474777,39466510204547
39466273474777,39466476781598
39466273474777,39466657215911
39466273474777,39466642789723
39466273474777,39466960678057
39466273474777,39467054755531
39467269161980,39467054755531
39467269161980,39467477752645
39467269161980,39467501984951
39467269161980,39467607702271
39467269161980,39467644158354
39467269161980,39467990804546
39467269161980,39468185320719
39467269161980,39468491351381
39468496486892,39468491351381
39468496486892,39468703332159
39468496486892,39468705887313
39468496486892,39468843555264
39468496486892,39469086510799
39468496486892,39469160601038
39469402108324,39469160601038
39469402108324,39469588050951
39469402108324,39469600778192
39469402108324,39469740472599
39469402108324,39469791869826
39469989418626,39469791869826
39469989418626,39470229553819
39469989418626,39470276735984
39469989418626,39470380362506
39469989418626,39470421039034
39469989418626,39470758409594
39469989418626,39470817644894
39469989418626,39471314463356
39469989418626,39471377799455
39471576765431,39471377799455
39471576765431,39471802761510
39471576765431,39471826509998
39471576765431,39471941700595
39471576765431,39471967139495
39472126346450,39471967139495
39472126346450,39472345021529
39472126346450,39472401417074
39472126346450,39472509962121
39472126346450,39472556634302
39472126346450,39472898068955
39472126346450,39472997621569
39473195795438,39472997621569
39473195795438,39473409209704
39473195795438,39473537730228
39473195795438,39473502429268
39473195795438,39473621352560
39473195795438,39473994639102
39473195795438,39474050503152
39474249571635,39474050503152
39474249571635,39474413920188
39474249571635,39474458676570
39474249571635,39474590384859
39474249571635,39474610384457
39474249571635,39475067581163
39474249571635,39475144804585
39474249571635,39475528479784
39474249571635,39475674995674
39475859029388,39475674995674
39475859029388,39475983222166
39475859029388,39475991839024
39475859029388,39476197251030
39475859029388,39476333061038
39476469383351,39476333061038
39476469383351,39476655938021
39476469383351,39476661239578
39476469383351,39476834053496
39476469383351,39476823529270
39476469383351,39477260313180
39476469383351,39477385600145
39477523143411,39477385600145
39477523143411,39477758243923
39477523143411,39477806366170
39477523143411,39477895694932
39477523143411,39477911859370
39477523143411,39478172228273
39477523143411,39478356072354
39477523143411,39479129745664
39477523143411,39479320104578
39479475704945,39479320104578
39479475704945,39479680979581
39479475704945,39479672664128
39479475704945,39479806776261
39479475704945,39479941162632
39479475704945,39480340207435
39479475704945,39480551495406
39480697748861,39480551495406
39480697748861,39480857152225
39480697748861,39480869243641
39480697748861,39481041313316
39480697748861,39481049457474
39480697748861,39481499813448
39480697748861,39481519178336
39480697748861,39481899158932
39481784587761,39481899158932
39481784587761,39481926505536
39481784587761,39482090206785
39481784587761,39482033601657
39481784587761,39482482417374
39481784587761,39482571289444
39482820924619,39482571289444
39482820924619,39482960997384
39482820924619,39482953152304
39482820924619,39483066165431
39482820924619,39483272225988
39482820924619,39483790748935
39482820924619,39483740270045
39483982002155,39483740270045
39483982002155,39484189789883
39483982002155,39484144599366
39483982002155,39484337215323
39483982002155,39484288501547
39483982002155,39484676015481
39483982002155,39484885828005
39485069366256,39484885828005
39485069366256,39485290544858
39485069366256,39485343896050
39485069366256,39485487943187
39485069366256,39485477188666
39485646084838,39485477188666
39485646084838,39485781814519
39485646084838,39485852554196
39485646084838,39485943093509
39485646084838,39486010804563
39485646084838,39486397478914
39485646084838,39486557036366
39485646084838,39486921205440
39485646084838,39487058765113
39487245192282,39487058765113
39487245192282,39487422478812
39487245192282,39487371190439
39487245192282,39487522343428
39487245192282,39487590707022
39487245192282,39488020016131
39487245192282,39488131354933
39488314049937,39488131354933
39488314049937,39488497688255
39488314049937,39488536360548
39488314049937,39488676900335
39488314049937,39488674626290
39488314049937,39488941011558
39488314049937,39489067976965
39489578972033,39489067976965
39489578972033,39489741138647
39489578972033,39489743977283
39489578972033,39489884674551
39489578972033,39489880722386
39490077137976,39489880722386
39490077137976,39490275433793
39490077137976,39490277622579
39490077137976,39490452425709
39490077137976,39490431039601
39490077137976,39490727626764
39490077137976,39490919313173
39491079127057,39490919313173
39491079127057,39491280362478
39491079127057,39491266319538
39491079127057,39491455520131
39491079127057,39491418293530
39491079127057,39491850273777
39491079127057,39492025095878
39491079127057,39492457728643
39491079127057,39492518319758
39492722098193,39492518319758
39492722098193,39492943961176
39492722098193,39492973374343
39492722098193,39493098211488
39492722098193,39493112916582
39492722098193,39493491589244
39492722098193,39493508273457
39493690210942,39493508273457
39493690210942,39493856184932
39493690210942,39493887534579
39493690210942,39494017328877
39493690210942,39494044695343
39493690210942,39494358823881
39493690210942,39494457419734
39494692598198,39494457419734
39494692598198,39494891489310
39494692598198,39494911524282
39494692598198,39495078380563
39494692598198,39495083252074
39494692598198,39495417249583
39494692598198,39495509946447
39495698336720,39495509946447
39495698336720,39495868215918
39495698336720,39495874063196
39495698336720,39496033756851
39495698336720,39496113844331
39496342738631,39496113844331
39496342738631,39496597715661
39496342738631,39496597531200
39496342738631,39496783209210
39496342738631,39496784755313
39496342738631,39497084352123
39496342738631,39497190223306
39497432568243,39497190223306
39497432568243,39497593940082
39497432568243,39497582024494
39497432568243,39497775703063
39497432568243,39497804071491
39497432568243,39498201771360
39497432568243,39498248923800
39497432568243,39498695599494
39497432568243,39498863481764
39499044390343,39498863481764
39499044390343,39499165177640
39499044390343,39499169614191
39499044390343,39499300331116
39499044390343,39499391798910
39499044390343,39499779337486
39499044390343,39499893805216
39500137469549,39499893805216
39500137469549,39500283567123
39500137469549,39500278145823
39500137469549,39500504279819
39500137469549,39500567460099
39500137469549,39500856327136
39500137469549,39501106499348
39501292084980,39501106499348
39501292084980,39501537215888
39501292084980,39501604553642
39501292084980,39501689496253
39501292084980,39501742461822
39501292084980,39502024434848
39501292084980,39502215208689
39501292084980,39502583067235
39502587940957,39502583067235
39502587940957,39502827431624
39502587940957,39502830425190
39502587940957,39502979897650
39502587940957,39503241193508
39502587940957,39503397016057
39503491072810,39503397016057
39503491072810,39503737957402
39503491072810,39503770528654
39503491072810,39503924637283
39503491072810,39503903696108
39503491072810,39504325958750
39503491072810,39504332425906
39504542382436,39504332425906
39504542382436,39504740419926
39504542382436,39504756194591
39504542382436,39504881609884
39504542382436,39504914779913
39504542382436,39505303236284
39504542382436,39505413430550
39505600948182,39505413430550
39505600948182,39505834921681
39505600948182,39505849349031
39505600948182,39505983946651
39505600948182,39506000380906
39505600948182,39506359387614
39505600948182,39506509189869
39506721870232,39506509189869
39506721870232,39506930283284
39506721870232,39506933434339
39506721870232,39507149874965
39506721870232,39507141298873
39506721870232,39507536272893
39506721870232,39507607036572
39507870042190,39507607036572
39507870042190,39508041275517
39507870042190,39508038373707
39507870042190,39508253345873
39507870042190,39508345306226
39508509777171,39508345306226
39508509777171,39508795782678
39508509777171,39508807956181
39508509777171,39508932103793
39508509777171,39508951238536
39508509777171,39509242781809
39508509777171,39509335337476
39508509777171,39509786958181
39508509777171,39509980086184
39510095963384,39509980086184
39510095963384,39510281324690
39510095963384,39510637557081
39510095963384,39510790854432
39510095963384,39510739442152
39510095963384,39511207262165
39510095963384,39511378823163
39511485822479,39511378823163
39511485822479,39511656540540
39511485822479,39511654150012
39511485822479,39511862327437
39511485822479,39511879163191
39511485822479,39512290147677
39511485822479,39512399910695
39512593789041,39512399910695
39512593789041,39512754894754
39512593789041,39512758879008
39512593789041,39512920844324
39512593789041,39513028120634
39512593789041,39513342804386
39512593789041,39513452330074
39513686838637,39513452330074
39513686838637,39513896559979
39513686838637,39513887072744
39513686838637,39514056264802
39513686838637,39514063268217
39513686838637,39514486448400
39513686838637,39514553717314
39514754153103,39514553717314
39514754153103,39515014437497
39514754153103,39515003067600
39514754153103,39515200783416
39514754153103,39515206514920
39514754153103,39515499040190
39514754153103,39515570230403
39515803679589,39515570230403
39515803679589,39515996744121
39515803679589,39515996653281
39515803679589,39516162606628
39515803679589,39516185421284
39515803679589,39516635051756
39515803679589,39516733636865
39515803679589,39517044620445
39515803679589,39517046318170
39516910820259,39517046318170
39516910820259,39517204436221
39516910820259,39517222168304
39516910820259,39517534426436
39516910820259,39517541110586
39517402573174,39517541110586
39517402573174,39517740549171
39517402573174,39517723306551
39517402573174,39518068136070
39517402573174,39518345801280
39517402573174,39518622188314
39517402573174,39518651059755
39518789047355,39518651059755
39518789047355,39519015454323
39518789047355,39519030484542
39518789047355,39519183571854
39518789047355,39519181666734
39518789047355,39519432720710
39518789047355,39519577048122
39519775090292,39519577048122
39519775090292,39519987291681
39519775090292,39520041041522
39519775090292,39520113335826
39519775090292,39520199656804
39520313267972,39520199656804
39520313267972,39520515290004
39520313267972,39520502449406
39520313267972,39520664796161
39520313267972,39520738364062
39520313267972,39521039375886
39520313267972,39521213139915
39520313267972,39521632506278
39520313267972,39521713430469
39521912073014,39521713430469
39521912073014,39522139419285
39521912073014,39522132485592
39521912073014,39522313869336
39521912073014,39522323322379
39521912073014,39522630584658
39521912073014,39522800891574
39522954517588,39522800891574
39522954517588,39523157294472
39522954517588,39523120826294
39522954517588,39523332522384
39522954517588,39523336220999
39523485025337,39523336220999
39523485025337,39523758276405
39523485025337,39523760488261
39523485025337,39523894154762
39523485025337,39523921063777
39523485025337,39524258915086
39523485025337,39524435312324
39523485025337,39524682315686
39523485025337,39524819976157
39525078893846,39524819976157
39525078893846,39525219317017
39525078893846,39525380265985
39525078893846,39525442394949
39525078893846,39525527353448
39525078893846,39525935324869
39525078893846,39525994420243
39526272157868,39525994420243
39526272157868,39526448190941
39526272157868,39526454780677
39526272157868,39526659755129
39526272157868,39526659182153
39526272157868,39526921207610
39526272157868,39527139919847
39527324293284,39527139919847
39527324293284,39527531139822
39527324293284,39527524097088
39527324293284,39527661997109
39527324293284,39527723067630
39527324293284,39528027088704
39527324293284,39528245272575
39528364203745,39528245272575
39528364203745,39528536902023
39528364203745,39528542521105
39528364203745,39528669909953
39528364203745,39528673470760
39528364203745,39528948081196
39528364203745,39529126875903
39529258892559,39529126875903
39529258892559,39529464433383
39529258892559,39529521067466
39529258892559,39529595453218
39529258892559,39529652899240
39529778532444,39529652899240
39529778532444,39529989079794
39529778532444,39530004705840
39529778532444,39530134029804
39529778532444,39530152610668
39529778532444,39530494203413
39529778532444,39530965218150
39531065206405,39530965218150
39531065206405,39531288084161
39531065206405,39531290327659
39531065206405,39531449144555
39531065206405,39531485688167
39531065206405,39531802280391
39531065206405,39531971528601
39531065206405,39532416467678
39531065206405,39532468261482
39532690440839,39532468261482
39532690440839,39532919593526
39532690440839,39532956273455
39532690440839,39533059188616
39532690440839,39533117054528
39533186673947,39533117054528
39533186673947,39533431710851
39533186673947,39533422893390
39533186673947,39533589300805
39533186673947,39533636960763
39533186673947,39533888454241
39533186673947,39534080427535
39533186673947,39534374699414
39533186673947,39534610917105
39534774960040,39534610917105
39534774960040,39534955132584
39534774960040,39535006365025
39534774960040,39535127681426
39534774960040,39535174965245
39534774960040,39535586992721
39534774960040,39535696654103
39535906998336,39535696654103
39535906998336,39536058908345
39535906998336,39536072400681
39535906998336,39536229475060
39535906998336,39536317342155
39535906998336,39536723556466
39535906998336,39536810710134
39537047716047,39536810710134
39537047716047,39537162440560
39537047716047,39537335090282
39537047716047,39537348364581
39537047716047,39537495879475
39537047716047,39537830435795
39537047716047,39537993240241
39537047716047,39538345194962
39538350503700,39538345194962
39538350503700,39538511491015
39538350503700,39538604551982
39538350503700,39538727477347
39538729371935,39538727477347
39538729371935,39538942468409
39538729371935,39538953316040
39538729371935,39539137150343
39538729371935,39539111123185
39538729371935,39539366141801
39538729371935,39539568605130
39539779827190,39539568605130
39539779827190,39540013814417
39539779827190,39540032986354
39539779827190,39540147324333
39539779827190,39540198445060
39539779827190,39540523492835
39539779827190,39540736135819
39539779827190,39541155311027
39539779827190,39541228791356
39541436223719,39541228791356
39541436223719,39541552502762
39541436223719,39541623400420
39541436223719,39541709656300
39541436223719,39541764316510
39541981351561,39541764316510
39541981351561,39542283905897
39541981351561,39542260750644
39541981351561,39542406800478
39541981351561,39542437267050
39541981351561,39542735057601
39541981351561,39542856051999
39541981351561,39543254077725
39541981351561,39543372984725
39543635290515,39543372984725
39543635290515,39543838461911
39543635290515,39543888522787
39543635290515,39544031957633
39543635290515,39544053083918
39544192437027,39544053083918
39544192437027,39544367387043
39544192437027,39544368149545
39544192437027,39544536864704
39544192437027,39544581296729
39544192437027,39545001575757
39544192437027,39545088212344
39544192437027,39545461780342
39544192437027,39545612388863
39545785634997,39545612388863
39545785634997,39545983877993
39545785634997,39546036081442
39545785634997,39546195811443
39545785634997,39546206610626
39545785634997,39546848477556
39545785634997,39546921704043
39545785634997,39547354968144
39547182351359,39547354968144
39547182351359,39547356447814
39547182351359,39547525126135
39547182351359,39547525809794
39547738410500,39547525809794
39547738410500,39547880719045
39547738410500,39548011688168
39547738410500,39548041630098
39547738410500,39548177977792
39547738410500,39548479260368
39547738410500,39548614644030
39547738410500,39548989799869
39547738410500,39549130405514
39547738410500,39549482036564
39549485475369,39549482036564
39549485475369,39549726301330
39549485475369,39549727593994
39549485475369,39549881269180
39549485475369,39550055467659
39549485475369,39550201517100
39550449448458,39550201517100
39550449448458,39550594727687
39550449448458,39550657314339
39550449448458,39550764837376
39550449448458,39550843999217
39550999730344,39550843999217
39550999730344,39551147771197
39550999730344,39551147994814
39550999730344,39551316018375
39550999730344,39551311454849
39550999730344,39551681532325
39550999730344,39551947216554
39550999730344,39552364102378
39550999730344,39552465205568
39552630268916,39552465205568
39552630268916,39552759819965
39552630268916,39552812306814
39552630268916,39552970330479
39552630268916,39553008399267
39552630268916,39553281478670
39552630268916,39553514206965
39553685450163,39553514206965
39553685450163,39553798596369
39553685450163,39553892532000
39553685450163,39553958248255
39553685450163,39554131555875
39553685450163,39554404340902
39553685450163,39554537536345
39554666983783,39554537536345
39554666983783,39554830028675
39554666983783,39554804418941
39554666983783,39554909478955
39554666983783,39555065254085
39554666983783,39555398229003
39554666983783,39555369339334
39555550785680,39555369339334
39555550785680,39555767517542
39555550785680,39555766210864
39555550785680,39555939100299
39555550785680,39555942506148
39555550785680,39556313510441
39555550785680,39556417035077
39555550785680,39556795385663
39556849923412,39556795385663
39556849923412,39557046591233
39556849923412,39557045598032
39556849923412,39557207788467
39556849923412,39557364464571
39556849923412,39557538413929
39557703154114,39557538413929
39557703154114,39557879610293
39557703154114,39558060398633
39557703154114,39557985464680
39557703154114,39558123515645
39558305044926,39558123515645
39558305044926,39558498246265
39558305044926,39558579266064
39558305044926,39558666049188
39558305044926,39558739393772
39558305044926,39559073789879
39558305044926,39559132981341
39559357345138,39559132981341
39559357345138,39559588331979
39559357345138,39559585858412
39559357345138,39559746509605
39559357345138,39559737198092
39559357345138,39560071341359
39559357345138,39560262290313
39560477537913,39560262290313
39560477537913,39560685890634
39560477537913,39560729527662
39560477537913,39560843059734
39560477537913,39560857094723
39560477537913,39561284228986
39560477537913,39561275428172
39560477537913,39561649611751
39560477537913,39561815787012
39561992538210,39561815787012
39561992538210,39562134809330
39561992538210,39562129326298
39561992538210,39562267802866
39561992538210,39562378484575
39561992538210,39562777098560
39561992538210,39562708462895
39562939768460,39562708462895
39562939768460,39563167687346
39562939768460,39563106115485
39562939768460,39563301668946
39562939768460,39563314079465
39562939768460,39563603046785
39562939768460,39563792894937
39563883302511,39563792894937
39563883302511,39564108990442
39563883302511,39564124440500
39563883302511,39564269165807
39563883302511,39564274165178
39563883302511,39564598120697
39563883302511,39564765322795
39563883302511,39565098405664
39564952636772,39565098405664
39564952636772,39565223186779
39564952636772,39565302471850
39564952636772,39565351407328
39565504652914,39565351407328
39565504652914,39565731291785
39565504652914,39565722246695
39565504652914,39565903856179
39565504652914,39565922828073
39565504652914,39566354470135
39565504652914,39566385339288
39565504652914,39566857407024
39565504652914,39566940866403
39565504652914,39567297519853
39565504652914,39567269656736
39567133359983,39567269656736
39567133359983,39567689778922
39567133359983,39567723277907
39567133359983,39568076126291
39567133359983,39568341430451
39568490365201,39568341430451
39568490365201,39568718872887
39568490365201,39568731428147
39568490365201,39568905390893
39568490365201,39568931234802
39568490365201,39569278440195
39568490365201,39569409269890
39569545789022,39569409269890
39569545789022,39569728099423
39569545789022,39569727763894
39569545789022,39569915159894
39569545789022,39569913408629
39569545789022,39570339388912
39569545789022,39570390654720
39570634480126,39570390654720
39570634480126,39570765292571
39570634480126,39570765357700
39570634480126,39570940026359
39570634480126,39571029990161
39571145325437,39571029990161
39571145325437,39571284701741
39571145325437,39571332405418
39571145325437,39571512778402
39571145325437,39571520190104
39571145325437,39571856177555
39571145325437,39571961019342
39571145325437,39572305981897
39571145325437,39572501254919
39571145325437,39572719234519
39572597050201,39572719234519
39572597050201,39572822313789
39572597050201,39572803107568
39572597050201,39573005961153
39572597050201,39573357109135
39572597050201,39573513797526
39573641212982,39573513797526
39573641212982,39573828886496
39573641212982,39573827059114
39573641212982,39573954568803
39573641212982,39574022980874
39573641212982,39574341580600
39573641212982,39574512162612
39574709181891,39574512162612
39574709181891,39574889638047
39574709181891,39574895927722
39574709181891,39575029435275
39574709181891,39575116658814
39575237710070,39575116658814
39575237710070,39575358781133
39575237710070,39575427669359
39575237710070,39575537246086
39575237710070,39575548362537
39575237710070,39575911846782
39575237710070,39576009130409
39575237710070,39576327333228
39575237710070,39576411993818
39576599224330,39576411993818
39576599224330,39576833902314
39576599224330,39576875364382
39576599224330,39577028120758
39576599224330,39577071714658
39576599224330,39577312833794
39577180194222,39577312833794
39577180194222,39577378668148
39577180194222,39577479468432
39577180194222,39577510337931
39577180194222,39577879869589
39577180194222,39578002219761
39577180194222,39578419431852
39577180194222,39578531670412
39578754297555,39578531670412
39578754297555,39578889534239
39578754297555,39578996671796
39578754297555,39579079433928
39578754297555,39579151739654
39578754297555,39579428332875
39579279684341,39579428332875
39579279684341,39579433323221
39579279684341,39579578068948
39579279684341,39579691326064
39579279684341,39579913037292
39579279684341,39580177409775
39579279684341,39580504151910
39579279684341,39580629561945
39580828916541,39580629561945
39580828916541,39581008924750
39580828916541,39581052028089
39580828916541,39581177500403
39580828916541,39581286676680
39580828916541,39581625223705
39580828916541,39581861907347
39582027082361,39581861907347
39582027082361,39582232517018
39582027082361,39582303020435
39582027082361,39582431412593
39582027082361,39582483476914
39582027082361,39582705909627
39582027082361,39582869066961
39583134985926,39582869066961
39583134985926,39583353721613
39583134985926,39583372275581
39583134985926,39583554151086
39583134985926,39583537799050
39583134985926,39584053772029
39583134985926,39584055524934
39584242646134,39584055524934
39584242646134,39584414876640
39584242646134,39584531399893
39584242646134,39584688462478
39584242646134,39584608411697
39584242646134,39585099326978
39584242646134,39585199956346
39585456866943,39585199956346
39585456866943,39585694457528
39585456866943,39585646237548
39585456866943,39585847454328
39585456866943,39585830015642
39585456866943,39586160430235
39585456866943,39586312446002
39586510320870,39586312446002
39586510320870,39586672971306
39586510320870,39586621201511
39586510320870,39586865478967
39586510320870,39586830254509
39586510320870,39587294856462
39586510320870,39587247924556
39587560204832,39587247924556
39587560204832,39587794589332
39587560204832,39587728406636
39587560204832,39587963396493
39587560204832,39587941471089
39587560204832,39588231556843
39587560204832,39588485352653
39588592111080,39588485352653
39588592111080,39588757294883
39588592111080,39588742373369
39588592111080,39588896218014
39588592111080,39589002993159
39588592111080,39589359129313
39588592111080,39589453080789
39589700341676,39589453080789
39589700341676,39589873900621
39589700341676,39589849736436
39589700341676,39590086125980
39589700341676,39590051313757
39589700341676,39590469420418
39589700341676,39590577027623
39589700341676,39590933579758
39590810900628,39590933579758
39590810900628,39590993594096
39590810900628,39591095816886
39590810900628,39591227075724
39590810900628,39591610179166
39590810900628,39591736776233
39591891234709,39591736776233
39591891234709,39592138454545
39591891234709,39592096930829
39591891234709,39592328946898
39591891234709,39592284488202
39591891234709,39592572536710
39592576460685,39592572536710
39592576460685,39592794619716
39592576460685,39592839701430
39592576460685,39592990278973
39592576460685,39593184510084
39592576460685,39593333896439
39592576460685,39593646913778
39592576460685,39593816430156
39594022619164,39593816430156
39594022619164,39594201127266
39594022619164,39594247511639
39594022619164,39594447180961
39594022619164,39594358339330
39594022619164,39594969333998
39594022619164,39595006652159
39594022619164,39595328509990
39595179872461,39595328509990
39595179872461,39595361521552
39595179872461,39595490413375
39595179872461,39595608788185
39595179872461,39596028501126
39595179872461,39596126078159
39596328189863,39596126078159
39596328189863,39596476553536
39596328189863,39596511242433
39596328189863,39596759900776
39596328189863,39596703126373
39596328189863,39597139852428
39596328189863,39597226674656
39597421463085,39597226674656
39597421463085,39597592107214
39597421463085,39597611145054
39597421463085,39597753803102
39597421463085,39597791378932
39597955273019,39597791378932
39597955273019,39598191623773
39597955273019,39598194460200
39597955273019,39598364696831
39597955273019,39598382331409
39597955273019,39598784300550
39597955273019,39598857181232
39597955273019,39599197152442
39597955273019,39599415119929
39599545579611,39599415119929
39599545579611,39599940116169
39599545579611,39599935478320
39599545579611,39600084860762
39599545579611,39600112363420
39599545579611,39600406705443
39599545579611,39600446448548
39600659560052,39600446448548
39600659560052,39600917304219
39600659560052,39600968428342
39600659560052,39601058698128
39600659560052,39601093968252
39600659560052,39601394913142
39600659560052,39601566404683
39600659560052,39601917639765
39601722415262,39601917639765
39601722415262,39601935584794
39601722415262,39602086892381
39601722415262,39602183398563
39601722415262,39602551139468
39601722415262,39602687210238
39602812099647,39602687210238
39602812099647,39603021703235
39602812099647,39603039572526
39602812099647,39603205420122
39602812099647,39603180141165
39602812099647,39603674958343
39602812099647,39603698264098
39603885690798,39603698264098
39603885690798,39604133854599
39603885690798,39604178972932
39603885690798,39604294137092
39603885690798,39604334316390
39603885690798,39604618241786
39603885690798,39604759214981
39603885690798,39605404631416
39605262255065,39605404631416
39605262255065,39605401587650
39605262255065,39605584731852
39605262255065,39605624797248
39605262255065,39606065617438
39605262255065,39606112541053
39606409183223,39606112541053
39606409183223,39606647231529
39606409183223,39606667309342
39606409183223,39606812670940
39606409183223,39606820834632
39606409183223,39607151837802
39606409183223,39607300996008
39606409183223,39607657401596
39606409183223,39607652587772
39607485594612,39607652587772
39607485594612,39607806529171
39607485594612,39607807910685
39607485594612,39608272632391
39607485594612,39608338368845
39608561320661,39608338368845
39608561320661,39608775463746
39608561320661,39608781088193
39608561320661,39608932321388
39608561320661,39608944688301
39608561320661,39609237743261
39608561320661,39609238639080
39609106675785,39609238639080
39609106675785,39609405712820
39609106675785,39609535423264
39609106675785,39609980765765
39609106675785,39610122297024
39610266149456,39610122297024
39610266149456,39610420922206
39610266149456,39610473192826
39610266149456,39610606092706
39610266149456,39610649621333
39610266149456,39610989774090
39610266149456,39611224531164
39611375775924,39611224531164
39611375775924,39611590579054
39611375775924,39611634588973
39611375775924,39611759314153
39611375775924,39611809011310
39611375775924,39612085454614
39611375775924,39612221845174
39611375775924,39612623754788
39611375775924,39612751181516
39612955298848,39612751181516
39612955298848,39613091382819
39612955298848,39613187300608
39612955298848,39613270026548
39612955298848,39613354016654
39612955298848,39613712235393
39612955298848,39613882646356
39612955298848,39614179049530
39614050564486,39614179049530
39614050564486,39614178146189
39614050564486,39614427879565
39614050564486,39614418356061
39614050564486,39614797506293
39614050564486,39614963770569
39615179021818,39614963770569
39615179021818,39615389510458
39615179021818,39615415572122
39615179021818,39615544423792
39615179021818,39615627411159
39615179021818,39615906077892
39615179021818,39616039957707
39616240330882,39616039957707
39616240330882,39616423825039
39616240330882,39616420272913
39616240330882,39616577681859
39616240330882,39616566062894
39616776951554,39616566062894
39616776951554,39616971765900
39616776951554,39617034767743
39616776951554,39617111596018
39616776951554,39617175611849
39616776951554,39617519789102
39616776951554,39617671843169
39616776951554,39618007187938
39616776951554,39618219434645
39616776951554,39618502357859
39618384265913,39618502357859
39618384265913,39618652632359
39618384265913,39618680178241
39618384265913,39618843913425
39618384265913,39619008289628
39618384265913,39619156240100
39619356125041,39619156240100
39619356125041,39619537317239
39619356125041,39619533678838
39619356125041,39619647312470
39619356125041,39619855776597
39619356125041,39620061473612
39619879160262,39620061473612
39619879160262,39620031619652
39619879160262,39620172448800
39619879160262,39620193490489
39619879160262,39620548291058
39619879160262,39620682222359
39619879160262,39621051443046
39619879160262,39621190960766
39621366095915,39621190960766
39621366095915,39621553396716
39621366095915,39621609574274
39621366095915,39621702085560
39621366095915,39621755813822
39621366095915,39622057385373
39621366095915,39622172995937
39621366095915,39622542542617
39622372125482,39622542542617
39622372125482,39622629286820
39622372125482,39622709989483
39622372125482,39622785865286
39622372125482,39623090723446
39622372125482,39623284690683
39622372125482,39623575596788
39623418671881,39623575596788
39623418671881,39623552406773
39623418671881,39623700972092
39623418671881,39623810431073
39623418671881,39624179823480
39623418671881,39624304243739
39624415481353,39624304243739
39624415481353,39624624933500
39624415481353,39624621033858
39624415481353,39624766832368
39624415481353,39624768034343
39624415481353,39625095203462
39624415481353,39625173156037
39624415481353,39625731426144
39625371778960,39625731426144
39625371778960,39625820518606
39625371778960,39625869875635
39625371778960,39625954261695
39626076378496,39625954261695
39626076378496,39626243772978
39626076378496,39626322750192
39626076378496,39626407455842
39626076378496,39626479152832
39626076378496,39626907591071
39626076378496,39627059311908
39626076378496,39627395274137
39626076378496,39627555758299
39627797120854,39627555758299
39627797120854,39627981690389
39627797120854,39628071546759
39627797120854,39628166550086
39627797120854,39628227246437
39628350213740,39628227246437
39628350213740,39628544108394
39628350213740,39628541851572
39628350213740,39628707546449
39628350213740,39628730955349
39628350213740,39629161325411
39628350213740,39629221439135
39628350213740,39629680244012
39628350213740,39629705123151
39629996529749,39629705123151
39629996529749,39630212272802
39629996529749,39630241879160
39629996529749,39630397271665
39629996529749,39630423281680
39630469729936,39630423281680
39630469729936,39630646064816
39630469729936,39630657443760
39630469729936,39630822163277
39630469729936,39630793420815
39630469729936,39631144418042
39630469729936,39631376248091
39631538851848,39631376248091
39631538851848,39631704711775
39631538851848,39631766627396
39631538851848,39631836261059
39631538851848,39631894796199
39631538851848,39632228102100
39631538851848,39632343408795
39631538851848,39632768487982
39631538851848,39632843150804
39633003988264,39632843150804
39633003988264,39633188445939
39633003988264,39633166939814
39633003988264,39633341991368
39633003988264,39633443976368
39633003988264,39633782743705
39633003988264,39633845244153
39633003988264,39634183840182
39633003988264,39634352850129
39634188985762,39634352850129
39634188985762,39634326136271
39634188985762,39634486546430
39634495344507,39634486546430
39634495344507,39634721194005
39634495344507,39634750805595
39634495344507,39634885895266
39634495344507,39634873060885
39634495344507,39635160310350
39634495344507,39635278872815
39634495344507,39635665399246
39634495344507,39635780159903
39636026943229,39635780159903
39636026943229,39636151023235
39636026943229,39636243503141
39636026943229,39636295807751
39636026943229,39636424627007
39636026943229,39636914703088
39636026943229,39636991609920
39637187449397,39636991609920
39637187449397,39637378729594
39637187449397,39637433381330
39637187449397,39637543824502
39637187449397,39637592551226
39637187449397,39637918263231
39637187449397,39638017559193
39637187449397,39638380898498
39638220767459,39638380898498
39638220767459,39638377962302
39638220767459,39638573313876
39638220767459,39638599910455
39638220767459,39638989230193
39638220767459,39639144563696
39639275020886,39639144563696
39639275020886,39639444074188
39639275020886,39639424114370
39639275020886,39639621841720
39639275020886,39639624101461
39639275020886,39639999564604
39639275020886,39640094275805
39640320421858,39640094275805
39640320421858,39640523426641
39640320421858,39640485346605
39640320421858,39640630723693
39640320421858,39640726932371
39640320421858,39641093629392
39640320421858,39641249642526
39640320421858,39641605896385
39641464183392,39641605896385
39641464183392,39641599231146
39641464183392,39641755624718
39641464183392,39641837425704
39641464183392,39642182805870
39641464183392,39642333053212
39642557951950,39642333053212
39642557951950,39642696961622
39642557951950,39642792437710
39642557951950,39642823406691
39642557951950,39642950747826
39642557951950,39643179581277
39642557951950,39643352390474
39643551343972,39643352390474
39643551343972,39643693513667
39643551343972,39643757433673
39643551343972,39643872754475
39643551343972,39643965250217
39643551343972,39644515263111
39643551343972,39644562823867
39644769429542,39644562823867
39644769429542,39644967991798
39644769429542,39645005371279
39644769429542,39645149336243
39644769429542,39645163380060
39644769429542,39645395771636
39644769429542,39645660557759
39644769429542,39646022089821
39644769429542,39646010260518
39645845190873,39646010260518
39645845190873,39646233399390
39645845190873,39646245697415
39646435548400,39646245697415
39646435548400,39646635510446
39646435548400,39646642775388
39646435548400,39646824949364
39646435548400,39646842767122
39646435548400,39647126171363
39646435548400,39647261413589
39646435548400,39647663133300
39646435548400,39647724925061
39648047270065,39647724925061
39648047270065,39648155018025
39648047270065,39648182868761
39648047270065,39648352086589
39648047270065,39648370558152
39648596508187,39648370558152
39648596508187,39648693964264
39648596508187,39648903823005
39648596508187,39648878474775
39648596508187,39649021300330
39648596508187,39649368281946
39648596508187,39649486320564
39649667034246,39649486320564
39649667034246,39649790846471
39649667034246,39649798675544
39649667034246,39649994204615
39649667034246,39649982268935
39649667034246,39650308042931
39649667034246,39650475460515
39649667034246,39650799461701
39649667034246,39651025432148
39651158320131,39651025432148
39651158320131,39651326831556
39651158320131,39651328613737
39651158320131,39651444195282
39651158320131,39651448421743
39651158320131,39651867678851
39651158320131,39651939223553
39652029605358,39651939223553
39652029605358,39652226228387
39652029605358,39652237813403
39652029605358,39652385668411
39652029605358,39652407470388
39652029605358,39652814923056
39652029605358,39652877104228
39653064339362,39652877104228
39653064339362,39653220503068
39653064339362,39653248487280
39653064339362,39653355851527
39653064339362,39653493326204
39653596262195,39653493326204
39653596262195,39653828388839
39653596262195,39653875655395
39653596262195,39653992545953
39653596262195,39654022983633
39653596262195,39654412935142
39653596262195,39654480455960
39653596262195,39654907105955
39653596262195,39655004053085
39655186645387,39655004053085
39655186645387,39655296873435
39655186645387,39655347494623
39655186645387,39655492103694
39655186645387,39655507989015
39655186645387,39655859545653
39655186645387,39655995220838
39656265196158,39655995220838
39656265196158,39656446717526
39656265196158,39656437389837
39656265196158,39656610835437
39656265196158,39656622133855
39656265196158,39657093602032
39656265196158,39657204349981
39656265196158,39657509884289
39657383255647,39657509884289
39657383255647,39657525863290
39657383255647,39657803199702
39657383255647,39657777417280
39657383255647,39658480287478
39657383255647,39658603972921
39658816113438,39658603972921
39658816113438,39658967271952
39658816113438,39659007403413
39658816113438,39659193705988
39658816113438,39659191956762
39659400417863,39659191956762
39659400417863,39659599317956
39659400417863,39659574387749
39659400417863,39659769881091
39659400417863,39659743642534
39659400417863,39660115831779
39659400417863,39660311659687
39659400417863,39660607571081
39659400417863,39660828241829
39660956584734,39660828241829
39660956584734,39661097573431
39660956584734,39661216313175
39660956584734,39661254249119
39660956584734,39661412551539
39660956584734,39661751346926
39660956584734,39661895997010
39662062658398,39661895997010
39662062658398,39662289092188
39662062658398,39662308163572
39662062658398,39662499874039
39662062658398,39662501306294
39662062658398,39662876111889
39662062658398,39662922709551
39663107786346,39662922709551
39663107786346,39663262401847
39663107786346,39663256607245
39663107786346,39663465917669
39663107786346,39663434441652
39663107786346,39663868767441
39663107786346,39663958271277
39664154773491,39663958271277
39664154773491,39664421425102
39664154773491,39664411563915
39664154773491,39664574975365
39664154773491,39664591105984
39664154773491,39664846169158
39664712321424,39664846169158
39664712321424,39664850546874
39664712321424,39665129049755
39664712321424,39665031454859
39664712321424,39665464989673
39664712321424,39665617528169
39665857376870,39665617528169
39665857376870,39666070274087
39665857376870,39666202247716
39665857376870,39666241344766
39665857376870,39666334504716
39665857376870,39666653909595
39665857376870,39666802908520
39666954914620,39666802908520
39666954914620,39667110829121
39666954914620,39667222400620
39666954914620,39667320557931
39666954914620,39667403535274
39666954914620,39667685320350
39666954914620,39667811588778
39666954914620,39668146403451
39666954914620,39668324172321
39668555367160,39668324172321
39668555367160,39668700518793
39668555367160,39668839164617
39668555367160,39668950525721
39668555367160,39668994732622
39668555367160,39669262574954
39668555367160,39669434987587
39669638846422,39669434987587
39669638846422,39669790969770
39669638846422,39669812748329
39669638846422,39669958553918
39669638846422,39670038210131
39670215720901,39670038210131
39670215720901,39670454002133
39670215720901,39670467046619
39670215720901,39670668288303
39670215720901,39670670332948
39670215720901,39671096780244
39670215720901,39671096353773
39671313659467,39671096353773
39671313659467,39671559077028
39671313659467,39671499433469
39671313659467,39671681284100
39671313659467,39671737348096
39671313659467,39671989254291
39671313659467,39672129937167
39672311396457,39672129937167
39672311396457,39672522862641
39672311396457,39672503893699
39672311396457,39672664740234
39672311396457,39672699506264
39672311396457,39673007708900
39672311396457,39673278472067
39672311396457,39673602401305
39672311396457,39673778636674
39673929323332,39673778636674
39673929323332,39674180965504
39673929323332,39674182190088
39673929323332,39674372203094
39673929323332,39674372166580
39674563431155,39674372166580
39674563431155,39674767373472
39674563431155,39674806804341
39674563431155,39674916433300
39674563431155,39674988379229
39674563431155,39675353369907
39674563431155,39675471531206
39675656189286,39675471531206
39675656189286,39675855521272
39675656189286,39675906947188
39675656189286,39676040936285
39675656189286,39676055975425
39675656189286,39676286289314
39675656189286,39676586674638
39675656189286,39676839287179
39675656189286,39677076204670
39677238376849,39677076204670
39677238376849,39677423376403
39677238376849,39677493240556
39677238376849,39677621308852
39677238376849,39677661164884
39677810343645,39677661164884
39677810343645,39678068771752
39677810343645,39678031600670
39677810343645,39678162355946
39677810343645,39678228054271
39677810343645,39678567680240
39677810343645,39678654341459
39677810343645,39679115066839
39677810343645,39679192929973
39679358805945,39679192929973
39679358805945,39679526121833
39679358805945,39679677098472
39679358805945,39679734978916
39679358805945,39680157187802
39679358805945,39680325093661
39679358805945,39680504772146
39680698899295,39680504772146
39680698899295,39680811567793
39680698899295,39680841153247
39680698899295,39680960337016
39680698899295,39681119594093
39681232115755,39681119594093
39681232115755,39681376112301
39681232115755,39681397932897
39681232115755,39681575713731
39681232115755,39681634131402
39681232115755,39681935684095
39681232115755,39681935532500
39682118475396,39681935532500
39682118475396,39682321812620
39682118475396,39682349357958
39682118475396,39682489404725
39682118475396,39682493363763
39682118475396,39682803829028
39682118475396,39682967471374
39682118475396,39683291027033
39682118475396,39683385574207
39683570731552,39683385574207
39683570731552,39684015352084
39683570731552,39683986881015
39683570731552,39684180628004
39683570731552,39684156758027
39683570731552,39684561170929
39683570731552,39684708016555
39684912622837,39684708016555
39684912622837,39685111979677
39684912622837,39685060260423
39684912622837,39685239655537
39684912622837,39685301752467
39684912622837,39685672528022
39684912622837,39685803347935
39686011413275,39685803347935
39686011413275,39686153107019
39686011413275,39686254061351
39686011413275,39686398661869
39686011413275,39686347258719
39686546570101,39686347258719
39686546570101,39686729893466
39686546570101,39686764338937
39686546570101,39686920405815
39686546570101,39686912401949
39686546570101,39687255488727
39686546570101,39687404603826
39686546570101,39687798216460
39686546570101,39687935183423
39688165293013,39687935183423
39688165293013,39688293325068
39688165293013,39688395463134
39688165293013,39688578292877
39688165293013,39688587519705
39688165293013,39689042437532
39688165293013,39689140415277
39689293624692,39689140415277
39689293624692,39689483323842
39689293624692,39689631046380
39689293624692,39689580108535
39689293624692,39689748974316
39689909356563,39689748974316
39689909356563,39690103115151
39689909356563,39690107348298
39689909356563,39690275200360
39689909356563,39690276241514
39689909356563,39690657253051
39689909356563,39690717039733
39689909356563,39691160664146
39689909356563,39691282333160
39691493390668,39691282333160
39691493390668,39691714165807
39691493390668,39691716533463
39691493390668,39691872932158
39691493390668,39691885631193
39691493390668,39692247672378
39691493390668,39692311390828
39692522448765,39692311390828
39692522448765,39692738399765
39692522448765,39692786711623
39692522448765,39692924371077
39692522448765,39692944335475
39692522448765,39693369324097
39692522448765,39693357245645
39693611579275,39693357245645
39693611579275,39693882323955
39693611579275,39693899256997
39693611579275,39694054296466
39693611579275,39694040900830
39693611579275,39694303971616
39693611579275,39694473394433
39694700537964,39694473394433
39694700537964,39695020834168
39694700537964,39695018310569
39694700537964,39695207345722
39694700537964,39695205892614
39694700537964,39695561013978
39694700537964,39695664799482
39695932265610,39695664799482
39695932265610,39696125728001
39695932265610,39696171771915
39695932265610,39696280788445
39695932265610,39696360241995
39695932265610,39696634908064
39695932265610,39696782800317
39696977363861,39696782800317
39696977363861,39697125168621
39696977363861,39697264676487
39696977363861,39697306416953
39696977363861,39697416532173
39697545472142,39697416532173
39697545472142,39697704328266
39697545472142,39697747357367
39697545472142,39697907474577
39697545472142,39697904359069
39697545472142,39698412531759
39697545472142,39698439800120
39697545472142,39698838426533
39697545472142,39699041395117
39699169923493,39699041395117
39699169923493,39699287639903
39699169923493,39699333453696
39699169923493,39699441448580
39699169923493,39699599469243
39699169923493,39699960596448
39699169923493,39700093117101
39700332556986,39700093117101
39700332556986,39700511710993
39700332556986,39700581850008
39700332556986,39700644822545
39700332556986,39700798540235
39700332556986,39701212340700
39700332556986,39701285377718
39701482973245,39701285377718
39701482973245,39701642529876
39701482973245,39701732442424
39701482973245,39701813319300
39701482973245,39701891367935
39702025663239,39701891367935
39702025663239,39702182861152
39702025663239,39702311179944
39702025663239,39702401877080
39702025663239,39702476226077
39702025663239,39702817053557
39702025663239,39702918880676
39703138371075,39702918880676
39703138371075,39703306139462
39703138371075,39703386891628
39703138371075,39703445514034
39703138371075,39703540047280
39703138371075,39703854810043
39703138371075,39704043833984
39704209017627,39704043833984
39704209017627,39704359202400
39704209017627,39704381771628
39704209017627,39704566334243
39704209017627,39704597750195
39704209017627,39704961889617
39704209017627,39705028677920
39704209017627,39705496706914
39704209017627,39705651884017
39705746096135,39705651884017
39705746096135,39705959029606
39705746096135,39705934068684
39705746096135,39706101283618
39705746096135,39706156588661
39705746096135,39706468088249
39705746096135,39706647401933
39705746096135,39706995786252
39706842065398,39706995786252
39706842065398,39707048044913
39706842065398,39707144148496
39706842065398,39707275463390
39706842065398,39707567878731
39706842065398,39707624430781
39707794519533,39707624430781
39707794519533,39707998001462
39707794519533,39707969170791
39707794519533,39708148969229
39707794519533,39708147643025
39707794519533,39708500177961
39707794519533,39708677283726
39708813987546,39708677283726
39708813987546,39708988928855
39708813987546,39709020370990
39708813987546,39709158403809
39708813987546,39709174208001
39708813987546,39709516948702
39708813987546,39709682824045
39709845577004,39709682824045
39709845577004,39710110087015
39709845577004,39710038931482
39709845577004,39710205766358
39709845577004,39710276164964
39709845577004,39710660192171
39709845577004,39710762046567
39710914568669,39710762046567
39710914568669,39711080994305
39710914568669,39711124438985
39710914568669,39711248076317
39710914568669,39711304075564
39710914568669,39711627298315
39710914568669,39711697479966
39711946308792,39711697479966
39711946308792,39712060993998
39711946308792,39712209960991
39711946308792,39712217076217
39711946308792,39712378312443
39711946308792,39712600903438
39711946308792,39712824889074
39713027479952,39712824889074
39713027479952,39713160413623
39713027479952,39713204388510
39713027479952,39713337583977
39713027479952,39713418521260
39713027479952,39713698155316
39713027479952,39713839801790
39713027479952,39714186400039
39714043395726,39714186400039
39714043395726,39714239262728
39714043395726,39714424127228
39714043395726,39714439721533
39714043395726,39714775204587
39714043395726,39715063287341
39715182260762,39715063287341
39715182260762,39715333891311
39715182260762,39715371128142
39715182260762,39715525255791
39715182260762,39715601479849
39715792364750,39715601479849
39715792364750,39715968423273
39715792364750,39716003643415
39715792364750,39716143874039
39715792364750,39716121815704
39715792364750,39716972487539
39715792364750,39716986484672
39715792364750,39717448545145
39715792364750,39717533024067
39717719020372,39717533024067
39717719020372,39717866612423
39717719020372,39717917372295
39717719020372,39718049932414
39717719020372,39718114478242
39718280151918,39718114478242
39718280151918,39718526489787
39718280151918,39718573919631
39718280151918,39718689116168
39718280151918,39718691743267
39718280151918,39718941310179
39718280151918,39719138504780
39718280151918,39719648500045
39718280151918,39719637918864
39719890043896,39719637918864
39719890043896,39720151783592
39719890043896,39720194835885
39719890043896,39720326398835
39719890043896,39720340313444
39719890043896,39720599373591
39719890043896,39720756418940
39720965468700,39720756418940
39720965468700,39721159291152
39720965468700,39721254450160
39720965468700,39721324000999
39720965468700,39721379447753
39721511071314,39721379447753
39721511071314,39721695603087
39721511071314,39721753055934
39721511071314,39721885671586
39721511071314,39721923821207
39721511071314,39722380490236
39721511071314,39722342524311
39721511071314,39722864312225
39721511071314,39722954297082
39723147986469,39722954297082
39723147986469,39723288038885
39723147986469,39723349589858
39723147986469,39723463404115
39723147986469,39723534778444
39723147986469,39723914470411
39723147986469,39724069328615
39724257725156,39724069328615
39724257725156,39724426398479
39724257725156,39724483338005
39724257725156,39724592454699
39724257725156,39724646416478
39724257725156,39725049440949
39724257725156,39725119313633
39725339440464,39725119313633
39725339440464,39725552670208
39725339440464,39725580167348
39725339440464,39725750266872
39725339440464,39725779995830
39725958970073,39725779995830
39725958970073,39726079355457
39725958970073,39726173767981
39725958970073,39726258381794
39725958970073,39726315324185
39725958970073,39726730134515
39725958970073,39727033117344
39725958970073,39727416328246
39725958970073,39727616591334
39727806647926,39727616591334
39727806647926,39728009507825
39727806647926,39728040032396
39727806647926,39728183408041
39727806647926,39728229649890
39727806647926,39728562976248
39727806647926,39728732204515
39728906707553,39728732204515
39728906707553,39729092542616
39728906707553,39729130818378
39728906707553,39729248432854
39728906707553,39729276084693
39729442630130,39729276084693
39729442630130,39729627715138
39729442630130,39729672010843
39729442630130,39729788127018
39729442630130,39729853106708
39729442630130,39730281906988
39729442630130,39730427200924
39729442630130,39730743728415
39729442630130,39730951943405
39731079650353,39730951943405
39731079650353,39731260323557
39731079650353,39731277139932
39731079650353,39731451865328
39731079650353,39731504623166
39731640014252,39731504623166
39731640014252,39731857209904
39731640014252,39731862235703
39731640014252,39732012646527
39731640014252,39732029566324
39731640014252,39732519827646
39731640014252,39732489334591
39731640014252,39732970410350
39731640014252,39733012450160
39733269321686,39733012450160
39733269321686,39733432365955
39733269321686,39733466487097
39733269321686,39733582399038
39733269321686,39733660338665
39733269321686,39734001212391
39733269321686,39734149113995
39734339366623,39734149113995
39734339366623,39734525023366
39734339366623,39734531772029
39734339366623,39734714235323
39734339366623,39734770060294
39734339366623,39735162878260
39734339366623,39735265104841
39735482894656,39735265104841
39735482894656,39735613047225
39735482894656,39735686406522
39735482894656,39735760695885
39735482894656,39735884945610
39735482894656,39736320756949
39735482894656,39736329813229
39736618245657,39736329813229
39736618245657,39736715343588
39736618245657,39736893763591
39736618245657,39736866190691
39736618245657,39737064818671
39737244914768,39737064818671
39737244914768,39737410800160
39737244914768,39737412719153
39737244914768,39737600131983
39737244914768,39737578543071
39737244914768,39738113340957
39737244914768,39738156186637
39737244914768,39738575329082
39737244914768,39738691720360
39738884029671,39738691720360
39738884029671,39739060465383
39738884029671,39739129052782
39738884029671,39739247951304
39738884029671,39739276583410
39738884029671,39739594248368
39738884029671,39739791438076
39739995792896,39739791438076
39739995792896,39740154597206
39739995792896,39740306311061
39739995792896,39740264500816
39739995792896,39740439452009
39740550710766,39740439452009
39740550710766,39740682389563
39740550710766,39740698264793
39740550710766,39740894414495
39740550710766,39740899633912
39740550710766,39741368611341
39740550710766,39741451332831
39740550710766,39741882268816
39740550710766,39741873381399
39740550710766,39742230257931
39742094812407,39742230257931
39742094812407,39742267796224
39742094812407,39742438458349
39742094812407,39742513984161
39742094812407,39742821132668
39742094812407,39742882295836
39743142301529,39742882295836
39743142301529,39743326372656
39743142301529,39743324173659
39743142301529,39743528269714
39743142301529,39743476069107
39743742885960,39743476069107
39743742885960,39743907511953
39743742885960,39743878495345
39743742885960,39744079445003
39743742885960,39744068752060
39743742885960,39744742789220
39743742885960,39744947680411
39743742885960,39745367272250
39743742885960,39745483344231
39745650388908,39745483344231
39745650388908,39745800577192
39745650388908,39745829592107
39745650388908,39746026178522
39745650388908,39745990818153
39745650388908,39746347132143
39745650388908,39746429469833
39746655674938,39746429469833
39746655674938,39746842781923
39746655674938,39746837337844
39746655674938,39746977174466
39746655674938,39747025750190
39746655674938,39747350147207
39746655674938,39747423321082
39746655674938,39747786626656
39746655674938,39747770610691
39747609030384,39747770610691
39747609030384,39747935044306
39747609030384,39747918751382
39747609030384,39748366201675
39747609030384,39748538464196
39747609030384,39748895673018
39747609030384,39748878542883
39748707493983,39748878542883
39748707493983,39749003226074
39748707493983,39749126761722
39748707493983,39749387592831
39748707493983,39749585333666
39749698038977,39749585333666
39749698038977,39749867730750
39749698038977,39749916625377
39749698038977,39750090440103
39749698038977,39750023571983
39750217973251,39750023571983
39750217973251,39750397556034
39750217973251,39750419453323
39750217973251,39750586293834
39750217973251,39750571239883
39750217973251,39751017344966
39750217973251,39751068302001
39750217973251,39751536305771
39750217973251,39751620263961
39751809817259,39751620263961
39751809817259,39752007137581
39751809817259,39751966868720
39751809817259,39752168609631
39751809817259,39752132206217
39752338557839,39752132206217
39752338557839,39752520350917
39752338557839,39752537429652
39752338557839,39752704184741
39752338557839,39752726917161
39752338557839,39753175316047
39752338557839,39753166847724
39752338557839,39753593943606
39752338557839,39753779406229
39753894607981,39753779406229
39753894607981,39754091572144
39753894607981,39754054263036
39753894607981,39754228466217
39753894607981,39754271275951
39753894607981,39754586731629
39753894607981,39754809380005
39754916658554,39754809380005
39754916658554,39755130740180
39754916658554,39755112705917
39754916658554,39755286292889
39754916658554,39755258897816
39754916658554,39755555209495
39754916658554,39755699469132
39755792252276,39755699469132
39755792252276,39756024311263
39755792252276,39756013095489
39755792252276,39756194402858
39755792252276,39756157234588
39755792252276,39756540668348
39755792252276,39756620526483
39756812135395,39756620526483
39756812135395,39757042805074
39756812135395,39756962374695
39756812135395,39757145338229
39756812135395,39757182615767
39756812135395,39757543864322
39756812135395,39757716051937
39757885674462,39757716051937
39757885674462,39758051116374
39757885674462,39758040375842
39757885674462,39758236405963
39757885674462,39758228315339
39757885674462,39758749379621
39757885674462,39758731327328
39758949487847,39758731327328
39758949487847,39759140842479
39758949487847,39759181195814
39758949487847,39759345919855
39758949487847,39759364508310
39759520944130,39759364508310
39759520944130,39759760015375
39759520944130,39759785635649
39759520944130,39759951883865
39759520944130,39759895063250
39759520944130,39760138186347
39759520944130,39760328233778
39759520944130,39760684178658
39759520944130,39760955322269
39761118261529,39760955322269
39761118261529,39761359702782
39761118261529,39761331617615
39761118261529,39761526854129
39761118261529,39761506205709
39761118261529,39761783218504
39761118261529,39762036434118
39762205155880,39762036434118
39762205155880,39762427434439
39762205155880,39762428706046
39762205155880,39762622484835
39762205155880,39762617334075
39762205155880,39763022392966
39762205155880,39763144965926
39763324270419,39763144965926
39763324270419,39763495583706
39763324270419,39763508886811
39763324270419,39763687835563
39763324270419,39763683740861
39763324270419,39764121699370
39763324270419,39764294273953
39764432406643,39764294273953
39764432406643,39764570869853
39764432406643,39764577414432
39764432406643,39764708990525
39764432406643,39764803616663
39764432406643,39765239077958
39764432406643,39765314314283
39765532329257,39765314314283
39765532329257,39765674500934
39765532329257,39765788134194
39765532329257,39765867353853
39765532329257,39765934046241
39766037184498,39765934046241
39766037184498,39766184028870
39766037184498,39766211348985
39766037184498,39766333060360
39766037184498,39766390187619
39766037184498,39766681998690
39766037184498,39766900700324
39766037184498,39767294309827
39766037184498,39767370454698
39767643286976,39767370454698
39767643286976,39767772790413
39767643286976,39767829281835
39767643286976,39767999479799
39767643286976,39767931183549
39767643286976,39768322225664
39767643286976,39768376541361
39768606283997,39768376541361
39768606283997,39768802119507
39768606283997,39768801972883
39768606283997,39768979695611
39768606283997,39769024862447
39768606283997,39769396696624
39768606283997,39769613391297
39769807672746,39769613391297
39769807672746,39769930952021
39769807672746,39770049764937
39769807672746,39770137364826
39769807672746,39770228065510
39769807672746,39770527020132
39769807672746,39770653274681
39770860851511,39770653274681
39770860851511,39771055141792
39770860851511,39771056141267
39770860851511,39771266035413
39770860851511,39771257436056
39770860851511,39771655247031
39770860851511,39771740428966
39771917508452,39771740428966
39771917508452,39772164762224
39771917508452,39772201274942
39771917508452,39772339439710
39771917508452,39772368093391
39771917508452,39773121371496
39771917508452,39773100493274
39773349812798,39773100493274
39773349812798,39773521644341
39773349812798,39773523326974
39773349812798,39773719123883
39773349812798,39773676618949
39773349812798,39774153110006
39773349812798,39774259358818
39774448933382,39774259358818
39774448933382,39774603157976
39774448933382,39774628958699
39774448933382,39774849783960
39774448933382,39774827341887
39774448933382,39775246257435
39774448933382,39775337238833
39775558203497,39775337238833
39775558203497,39775668467432
39775558203497,39775697351557
39775558203497,39775941364091
39775558203497,39775875259290
39775558203497,39776224672900
39775558203497,39776474758826
39776630222300,39776474758826
39776630222300,39776785767406
39776630222300,39776851369947
39776630222300,39777030700347
39776630222300,39777009905473
39777227042918,39777009905473
39777227042918,39777352462286
39777227042918,39777413569023
39777227042918,39777537438989
39777227042918,39777591347205
39777227042918,39777988598278
39777227042918,39778149347219
39777227042918,39778500691026
39777227042918,39778638617861
39778842125719,39778638617861
39778842125719,39778974151558
39778842125719,39779075629534
39778842125719,39779146605387
39778842125719,39779219102019
39779351736367,39779219102019
39779351736367,39779546094620
39779351736367,39779554395004
39779351736367,39779720231980
39779351736367,39779733648186
39779351736367,39780074123460
39779351736367,39780292091253
39779351736367,39780544208828
39779351736367,39780762551993
39781013953690,39780762551993
39781013953690,39781202925736
39781013953690,39781316446570
39781013953690,39781365901210
39781013953690,39781453215436
39781013953690,39781708259895
39781013953690,39781884162718
39782082266029,39781884162718
39782082266029,39782257236902
39782082266029,39782254277765
39782082266029,39782468673991
39782082266029,39782417922376
39782634575637,39782417922376
39782634575637,39782852470687
39782634575637,39782826173421
39782634575637,39783078509912
39782634575637,39783043846462
39782634575637,39783370505282
39782634575637,39783443536594
39782634575637,39783772700851
39782634575637,39784221082314
39782634575637,39784670919837
39784505504833,39784670919837
39784505504833,39784674216522
39784505504833,39784890524651
39784505504833,39784819308617
39784505504833,39785246050805
39784505504833,39785437527694
39785588511968,39785437527694
39785588511968,39785740318152
39785588511968,39785746621043
39785588511968,39785979586361
39785588511968,39785925693758
39785588511968,39786387969679
39785588511968,39786500436743
39786640859308,39786500436743
39786640859308,39786818429972
39786640859308,39786848092462
39786640859308,39786986598495
39786640859308,39787104475665
39786640859308,39787379806857
39786640859308,39787604293868
39787819034470,39787604293868
39787819034470,39787968519016
39787819034470,39788006307185
39787819034470,39788214215870
39787819034470,39788154335997
39788364225225,39788154335997
39788364225225,39788535167349
39788364225225,39788551205923
39788364225225,39788688144935
39788364225225,39788765064690
39788364225225,39789083478209
39788364225225,39789223380284
39788364225225,39789604546030
39788364225225,39789866638704
39788364225225,39790125026592
39790129537768,39790125026592
39790129537768,39790285185807
39790129537768,39790362586331
39790129537768,39790519382814
39790129537768,39790719362907
39790721904477,39790719362907
39790721904477,39790941348504
39790721904477,39790949722534
39790721904477,39791108000168
39790721904477,39791328124542
39790721904477,39791486465156
39790721904477,39791818160041
39790721904477,39791951409844
39792106918628,39791951409844
39792106918628,39792290881481
39792106918628,39792303305767
39792106918628,39792476433534
39792106918628,39792558247151
39792106918628,39792819317636
39792106918628,39793075992980
39793123408800,39793075992980
39793123408800,39793329490020
39793123408800,39793334614517
39793123408800,39793472853450
39793123408800,39793583138244
39793123408800,39793869508455
39793123408800,39793932533213
39794096443178,39793932533213
39794096443178,39794279358722
39794096443178,39794285085963
39794096443178,39794435319732
39794096443178,39794429325892
39794096443178,39794789977356
39794096443178,39794861798403
39795027156068,39794861798403
39795027156068,39795277653904
39795027156068,39795325286467
39795027156068,39795457337862
39795027156068,39795434359148
39795027156068,39795817392558
39795027156068,39795859890667
39796078129280,39795859890667
39796078129280,39796296169225
39796078129280,39796309215952
39796078129280,39796488641784
39796078129280,39796449379016
39796078129280,39796755064004
39796622535524,39796755064004
39796622535524,39796854834496
39796622535524,39796955799481
39796622535524,39797010117236
39796622535524,39797470243355
39796622535524,39797499658359
39796622535524,39798039190366
39796622535524,39798075125136
39798267880541,39798075125136
39798267880541,39798456642559
39798267880541,39798477478461
39798267880541,39798612021051
39798267880541,39798615539754
39798267880541,39799021404931
39798267880541,39799131242135
39799336402478,39799131242135
39799336402478,39799482640931
39799336402478,39799579619898
39799336402478,39799668522669
39799336402478,39799741119569
39799336402478,39800181057340
39799336402478,39800213133290
39800353610297,39800213133290
39800353610297,39800498794463
39800353610297,39800495891780
39800353610297,39800675780934
39800353610297,39800722242882
39800353610297,39801099282257
39800353610297,39801245262642
39800353610297,39801603208211
39801469148957,39801603208211
39801469148957,39801595720561
39801469148957,39801756432322
39801469148957,39801882322390
39801469148957,39802165755869
39801469148957,39802420263935
39802577480100,39802420263935
39802577480100,39802691119022
39802577480100,39802692234443
39802577480100,39802865444583
39802577480100,39802960889851
39802577480100,39803314347911
39802577480100,39803544395226
39802577480100,39803988305516
39803991914500,39803988305516
39803991914500,39804170044077
39803991914500,39804237932521
39803991914500,39804390399638
39804421702219,39804390399638
39804421702219,39804568809268
39804421702219,39804648647312
39804421702219,39804712254989
39804421702219,39804808326220
39804421702219,39805088918846
39804421702219,39805225070769
39804421702219,39805771155960
39804421702219,39805858451330
39806094562004,39805858451330
39806094562004,39806264712550
39806094562004,39806357520447
39806094562004,39806507483310
39806094562004,39806538953245
39806736985705,39806538953245
39806736985705,39806969861663
39806736985705,39806985221988
39806736985705,39807094893287
39806736985705,39807140378441
39806736985705,39807500618848
39806736985705,39807573741437
39806736985705,39808054750696
39806736985705,39808157221352
39808318902289,39808157221352
39808318902289,39808586290631
39808318902289,39808598769992
39808318902289,39808789025068
39808318902289,39808773957798
39808318902289,39809204312102
39808318902289,39809281128686
39809475596240,39809281128686
39809475596240,39809608023330
39809475596240,39809653408294
39809475596240,39809792312343
39809475596240,39809868185578
39810031243998,39809868185578
39810031243998,39810276530374
39810031243998,39810295180211
39810031243998,39810449464047
39810031243998,39810471182186
39810031243998,39810748598176
39810031243998,39810869393286
39810031243998,39811255691387
39810031243998,39811283631454
39811113510490,39811283631454
39811113510490,39811430694273
39811113510490,39811508087515
39811113510490,39811841410948
39811113510490,39811978376654
39811113510490,39812378562799
39811113510490,39812517414342
39811113510490,39812829684069
39812704891895,39812829684069
39812704891895,39812853554120
39812704891895,39813008886006
39812704891895,39813139353261
39813270693343,39813139353261
39813270693343,39813486130200
39813270693343,39813522226555
39813270693343,39813690334223
39813270693343,39813702230536
39813270693343,39813949048023
39813270693343,39814089269813
39813270693343,39814449642472
39813270693343,39814745063883
39813270693343,39814994404099
39814999446820,39814994404099
39814999446820,39815162412732
39814999446820,39815239358681
39814999446820,39815388316383
39814999446820,39815719207580
39814999446820,39815827279634
39816013316033,39815827279634
39816013316033,39816173134337
39816013316033,39816188504415
39816013316033,39816336506374
39816013316033,39816319590324
39816518474067,39816319590324
39816518474067,39816672381564
39816518474067,39816680588063
39816518474067,39816809193713
39816518474067,39816820929574
39816518474067,39817187853348
39816518474067,39817448096408
39816518474067,39817692322920
39816518474067,39817808084134
39817942305686,39817808084134
39817942305686,39818090508757
39817942305686,39818145603189
39817942305686,39818236951907
39817942305686,39818308263056
39818408075437,39818308263056
39818408075437,39818618384167
39818408075437,39818635212339
39818408075437,39818772070181
39818408075437,39818754485769
39818408075437,39819116409557
39818408075437,39819202504375
39818408075437,39819652768042
39818408075437,39819722955808
39820002777308,39819722955808
39820002777308,39820292686594
39820002777308,39820293943867
39820002777308,39820472798646
39820002777308,39820490860884
39820002777308,39820881767027
39820002777308,39820967079561
39821118671800,39820967079561
39821118671800,39821382157076
39821118671800,39821430509075
39821118671800,39821604408744
39821118671800,39821640391395
39821118671800,39821940492599
39821118671800,39822148482517
39822301554199,39822148482517
39822301554199,39822518627864
39822301554199,39822571378533
39822301554199,39822672521484
39822301554199,39822716163913
39822301554199,39823029525449
39822301554199,39823280775452
39823406648099,39823280775452
39823406648099,39823669267820
39823406648099,39823645793663
39823406648099,39823814097282
39823406648099,39823883261456
39823406648099,39824241499543
39823406648099,39824331689681
39824582528661,39824331689681
39824582528661,39824818910816
39824582528661,39824851544722
39824582528661,39824943968252
39824582528661,39825006275208
39824582528661,39825365993460
39824582528661,39825448632475
39824582528661,39825868996838
39825697920984,39825868996838
39825697920984,39825848490023
39825697920984,39826019798143
39825697920984,39826024180113
39825697920984,39826327714954
39825697920984,39826584715724
39826745619208,39826584715724
39826745619208,39826920928921
39826745619208,39826973103013
39826745619208,39827070027103
39826745619208,39827063815024
39827254903122,39827063815024
39827254903122,39827496961499
39827254903122,39827482234608
39827254903122,39827597642179
39827254903122,39827696590598
39827254903122,39827925310099
39827254903122,39828063646258
39827254903122,39828401383617
39827254903122,39828582869345
39828764379116,39828582869345
39828764379116,39829017440411
39828764379116,39829024998821
39828764379116,39829160056194
39828764379116,39829160144576
39828764379116,39829421752523
39828764379116,39829601864068
39829775991485,39829601864068
39829775991485,39830012076500
39829775991485,39829997911824
39829775991485,39830134010236
39829775991485,39830160491439
39829775991485,39830542026027
39829775991485,39830596362398
39830813309938,39830596362398
39830813309938,39831021382700
39830813309938,39831010718164
39830813309938,39831188250539
39830813309938,39831188308683
39830813309938,39831919862689
39830813309938,39831988185994
39832141822189,39831988185994
39832141822189,39832330619040
39832141822189,39832395297854
39832141822189,39832481273699
39832141822189,39832591017127
39832739038399,39832591017127
39832739038399,39832931491507
39832739038399,39832893452449
39832739038399,39833081381425
39832739038399,39833069114486
39832739038399,39833588307873
39832739038399,39833662415141
39833869975049,39833662415141
39833869975049,39834001626085
39833869975049,39834093688606
39833869975049,39834245747800
39833869975049,39834217503149
39833869975049,39834776384939
39833869975049,39834730705829
39833869975049,39835174862966
39833869975049,39835286230763
39835467201927,39835286230763
39835467201927,39835725273386
39835467201927,39835729431961
39835467201927,39835885443969
39835467201927,39835882499952
39836049850956,39835882499952
39836049850956,39836268614257
39836049850956,39836280870017
39836049850956,39836428536839
39836049850956,39836453488624
39836049850956,39836751964374
39836049850956,39836881723722
39836049850956,39837338001931
39836049850956,39837490152924
39837650101905,39837490152924
39837650101905,39837887811467
39837650101905,39837920821341
39837650101905,39838095691826
39837650101905,39838158273657
39837650101905,39838502649115
39837650101905,39838578320435
39838764749391,39838578320435
39838764749391,39838929178404
39838764749391,39839032605868
39838764749391,39839071883721
39838764749391,39839180635077
39838764749391,39839512349740
39838764749391,39839583337644
39839794897217,39839583337644
39839794897217,39840010641190
39839794897217,39840013508887
39839794897217,39840208636447
39839794897217,39840207915809
39839794897217,39840622045638
39839794897217,39840690161106
39840936990119,39840690161106
39840936990119,39841156974552
39840936990119,39841176838912
39840936990119,39841343671739
39840936990119,39841379354519
39840936990119,39841807906780
39840936990119,39841912368232
39842088057607,39841912368232
39842088057607,39842255937232
39842088057607,39842351336796
39842088057607,39842427386447
39842088057607,39842518390582
39842088057607,39842846345620
39842088057607,39842901508135
39843146827872,39842901508135
39843146827872,39843426741423
39843146827872,39843384566818
39843146827872,39843552747766
39843146827872,39843579700456
39843722103527,39843579700456
39843722103527,39843921373619
39843722103527,39843914288593
39843722103527,39844101227470
39843722103527,39844078782193
39843722103527,39844504804583
39843722103527,39844608011447
39843722103527,39844848168692
39843722103527,39845049515431
39845248337949,39845049515431
39845248337949,39845377047634
39845248337949,39845566853026
39845248337949,39845703829805
39845248337949,39845722445578
39845248337949,39846061855356
39845248337949,39846245877511
39846465686084,39846245877511
39846465686084,39846625819657
39846465686084,39846667371160
39846465686084,39846860879809
39846465686084,39846840682725
39846465686084,39847281374457
39846465686084,39847327813093
39847541192086,39847327813093
39847541192086,39847771128739
39847541192086,39847801506820
39847541192086,39847914963488
39847541192086,39847968733153
39848068614487,39847968733153
39848068614487,39848226295709
39848068614487,39848301823559
39848068614487,39848434671202
39848068614487,39848468611462
39848068614487,39848746701234
39848068614487,39848884707918
39848068614487,39849354294460
39848068614487,39849475786043
39849642273565,39849475786043
39849642273565,39849897264151
39849642273565,39849897269483
39849642273565,39850068101727
39849642273565,39850064956230
39849642273565,39850387724956
39849642273565,39850589679824
39850770394434,39850589679824
39850770394434,39850956944901
39850770394434,39850993686843
39850770394434,39851173714923
39850770394434,39851141504104
39850770394434,39851484588726
39850770394434,39851647169119
39851827268311,39851647169119
39851827268311,39852062951282
39851827268311,39852198562702
39851827268311,39852142180667
39851827268311,39852284405503
39851827268311,39852886141756
39851827268311,39852965269743
39853157850287,39852965269743
39853157850287,39853374525337
39853157850287,39853448581099
39853157850287,39853530215934
39853157850287,39853620982638
39853157850287,39853918466354
39853157850287,39853986519128
39854229952141,39853986519128
39854229952141,39854377576736
39854229952141,39854446179509
39854229952141,39854613540639
39854229952141,39854535292527
39854229952141,39854898960354
39854758676380,39854898960354
39854758676380,39854990014848
39854758676380,39855096685177
39854758676380,39855146090622
39854758676380,39855453913247
39854758676380,39855618045332
39854758676380,39856137913210
39854758676380,39856248829374
39856406181132,39856248829374
39856406181132,39856524733174
39856406181132,39856639727578
39856406181132,39856708594902
39856406181132,39856783283704
39856406181132,39857324482973
39856406181132,39857268695750
39856406181132,39857601598480
39857465685342,39857601598480
39857465685342,39857709546746
39857465685342,39857822455852
39857465685342,39857895252510
39857465685342,39858107996695
39857988736333,39858107996695
39857988736333,39858144768107
39857988736333,39858352267592
39857988736333,39858364157644
39857988736333,39858641588955
39857988736333,39858783099703
39857988736333,39859068534274
39857988736333,39859192679413
39859352194526,39859192679413
39859352194526,39859528478453
39859352194526,39859575179174
39859352194526,39859696978996
39859352194526,39859776634529
39859352194526,39860160504121
39859352194526,39860225383309
39860412683347,39860225383309
39860412683347,39860553214063
39860412683347,39860614103610
39860412683347,39860753037381
39860412683347,39860755640116
39860412683347,39861115127683
39860412683347,39861252747273
39861531986551,39861252747273
39861531986551,39861741420953
39861531986551,39861772338176
39861531986551,39861905181180
39861531986551,39861904057049
39861531986551,39862224339205
39861531986551,39862466498750
39862620112530,39862466498750
39862620112530,39862720862010
39862620112530,39862819811951
39862620112530,39862995677325
39862620112530,39862977187340
39863171172651,39862977187340
39863171172651,39863304626382
39863171172651,39863374644602
39863171172651,39863527300555
39863171172651,39863566398653
39863171172651,39863796830541
39863171172651,39864079296986
39863171172651,39864432632423
39863171172651,39864549491799
39864267854740,39864549491799
39864267854740,39864744196359
39864267854740,39864951031147
39864267854740,39865361397335
39864267854740,39865466144675
39864267854740,39865748652109
39864267854740,39866025151478
39866130365788,39866025151478
39866130365788,39866391548111
39866130365788,39866368917029
39866130365788,39866569303088
39866130365788,39866544492580
39866130365788,39866842723224
39866130365788,39866963387679
39867206944375,39866963387679
39867206944375,39867393189469
39867206944375,39867425176929
39867206944375,39867593430095
39867206944375,39867594110230
39867206944375,39867957201742
39867206944375,39868097878790
39868285432585,39868097878790
39868285432585,39868448054151
39868285432585,39868460312719
39868285432585,39868603164889
39868285432585,39868691000894
39868285432585,39869112415598
39868285432585,39869189185649
39869385751441,39869189185649
39869385751441,39869578703910
39869385751441,39869573050668
39869385751441,39869710267911
39869385751441,39869776924764
39869385751441,39870043462602
39869385751441,39870286271862
39870415922190,39870286271862
39870415922190,39870586933037
39870415922190,39870689375043
39870415922190,39870755463072
39870415922190,39870886906786
39870976736274,39870886906786
39870976736274,39871205382841
39870976736274,39871170727674
39870976736274,39871360244168
39870976736274,39871370207786
39870976736274,39871658047673
39870976736274,39871904372200
39870976736274,39872273210690
39870976736274,39872394226983
39872619215542,39872394226983
39872619215542,39872793763981
39872619215542,39872770316024
39872619215542,39872927399729
39872619215542,39873007090007
39873137548870,39873007090007
39873137548870,39873281421042
39873137548870,39873399454675
39873137548870,39873495503615
39873137548870,39873560718183
39873137548870,39873894757206
39873137548870,39874036193763
39873137548870,39874528748051
39873137548870,39874613198196
39874793082284,39874613198196
39874793082284,39875034324825
39874793082284,39875000044790
39874793082284,39875192988923
39874793082284,39875198181905
39874793082284,39875527035018
39874793082284,39875619684927
39875819834347,39875619684927
39875819834347,39876022380297
39875819834347,39875997846125
39875819834347,39876177476671
39875819834347,39876251792299
39876393315227,39876251792299
39876393315227,39876645602052
39876393315227,39876640587328
39876393315227,39876814249746
39876393315227,39876808390193
39876393315227,39877254646078
39876393315227,39877357862244
39877522687866,39877357862244
39877522687866,39877752322191
39877522687866,39877748474623
39877522687866,39877900050936
39877522687866,39877904363418
39877522687866,39878240365836
39877522687866,39878337367896
39878583806351,39878337367896
39878583806351,39878764453761
39878583806351,39878780623226
39878583806351,39878965059613
39878583806351,39878960100021
39878583806351,39879422370026
39878583806351,39879491340845
39878583806351,39879944880186
39878583806351,39879935451162
39880143434682,39879935451162
39880143434682,39880306338877
39880143434682,39880310272936
39880143434682,39880460330248
39880143434682,39880599430002
39880143434682,39880864490339
39880143434682,39881072992330
39881188264987,39881072992330
39881188264987,39881352463425
39881188264987,39881412071244
39881188264987,39881504857891
39881188264987,39881707377777
39881188264987,39881983593177
39881188264987,39881995657008
39881818387826,39881995657008
39881818387826,39882211485581
39881818387826,39882224824921
39881818387826,39882499495662
39881818387826,39882697773439
39881818387826,39883140434614
39881818387826,39883267582459
39883427533272,39883267582459
39883427533272,39883603348312
39883427533272,39883661996487
39883427533272,39883821984270
39883427533272,39883837605049
39883427533272,39884083066420
39883427533272,39884250017339
39884505608407,39884250017339
39884505608407,39884617433484
39884505608407,39884762322848
39884505608407,39884737633712
39884505608407,39884906906411
39884505608407,39885234998808
39884505608407,39885377308068
39885643569706,39885377308068
39885643569706,39885887966283
39885643569706,39885884966319
39885643569706,39886086742775
39885643569706,39886066855508
39886236519437,39886066855508
39886236519437,39886791861646
39886236519437,39886783437831
39886236519437,39886963372516
39886236519437,39886978380820
39886236519437,39887295356000
39886236519437,39887502339707
39886236519437,39887964506325
39886236519437,39887986751258
39888222270991,39887986751258
39888222270991,39888355455248
39888222270991,39888518191636
39888222270991,39888538335102
39888222270991,39888646435582
39888755417951,39888646435582
39888755417951,39888942167914
39888755417951,39888972362015
39888755417951,39889073094609
39888755417951,39889186200944
39888755417951,39889490485262
39888755417951,39889717225199
39888755417951,39890006416305
39888755417951,39890166296942
39890390709515,39890166296942
39890390709515,39890602639811
39890390709515,39890579311124
39890390709515,39890738922543
39890390709515,39890796291717
39890390709515,39891226797069
39890390709515,39891367943326
39891539550780,39891367943326
39891539550780,39891672252964
39891539550780,39891813431421
39891539550780,39891843087672
39891539550780,39891955262535
39892099853819,39891955262535
39892099853819,39892327307584
39892099853819,39892269799399
39892099853819,39892465167503
39892099853819,39892487986203
39892099853819,39892851349068
39892099853819,39892905148793
39892099853819,39893314301190
39892099853819,39893506925860
39893728261357,39893506925860
39893728261357,39893940967136
39893728261357,39893911991957
39893728261357,39894110819443
39893728261357,39894120520322
39893728261357,39894444451101
39894300440789,39894444451101
39894300440789,39894613783535
39894300440789,39894620811743
39894300440789,39894746619138
39894300440789,39895027929941
39894300440789,39895233436739
39894300440789,39895536612210
39894300440789,39895748199803
39894300440789,39896029910900
39896033460123,39896029910900
39896033460123,39896199253592
39896033460123,39896283805053
39896033460123,39896344796880
39896508436892,39896344796880
39896508436892,39896692626217
39896508436892,39896716170716
39896508436892,39896865968053
39896508436892,39896877885562
39896508436892,39897240695557
39896508436892,39897376234179
39896508436892,39897891239686
39896508436892,39897996469910
39898189104378,39897996469910
39898189104378,39898357673511
39898189104378,39898437092076
39898189104378,39898498662546
39898189104378,39898673962462
39898189104378,39899112727425
39898189104378,39899192711860
39898189104378,39899481842855
39899345646284,39899481842855
39899345646284,39899598609766
39899345646284,39899745152275
39899345646284,39899717727686
39899345646284,39900116714019
39899345646284,39900187498599
39900407387447,39900187498599
39900407387447,39900599306622
39900407387447,39900630321819
39900407387447,39900807341576
39900407387447,39900807481167
39900407387447,39901229601159
39900407387447,39901276078189
39900407387447,39901619665076
39901478893745,39901619665076
39901478893745,39901675998684
39901478893745,39901792096152
39901478893745,39901836252879
39901478893745,39902185117729
39901478893745,39902210451951
39902045279544,39902210451951
39902045279544,39902338024221
39902045279544,39902351814655
39902045279544,39902793983601
39902045279544,39902926600979
39902045279544,39903290309246
39902045279544,39903317593942
39903147360183,39903317593942
39903147360183,39903409585861
39903147360183,39903451129171
39903147360183,39903829558770
39903147360183,39903979432967
39904407764820,39903979432967
39904407764820,39904590468839
39904407764820,39904714386349
39904407764820,39904643118110
39904407764820,39904777919855
39904407764820,39905091792564
39904407764820,39905280687479
39904407764820,39905538517751
39904407764820,39905697875972
39905814228085,39905697875972
39905814228085,39906083204437
39905814228085,39906071455999
39905814228085,39906228057727
39905814228085,39906269262300
39906383820418,39906269262300
39906383820418,39906626302820
39906383820418,39906609548200
39906383820418,39906748697049
39906383820418,39906810091250
39906383820418,39907044991777
39906383820418,39907189306392
39906383820418,39907518434955
39906383820418,39907604082500
39907690827860,39907604082500
39907690827860,39907828869866
39907690827860,39907901707602
39907690827860,39908019662746
39907690827860,39907965536003
39907690827860,39908183197348
39907690827860,39908275873031
39907690827860,39908404235036
