22074060531382,22074900528446
22074060531382,22075373274152
22075445752152,22075373274152
22075445752152,22075719186677
22075445752152,22075865478254
22075445752152,22076103716859
22076106080512,22076103716859
22076106080512,22076290090605
22076106080512,22076485521954
22076106080512,22076644128649
22076106080512,22076799183334
22076106080512,22077278353144
22077294174807,22077278353144
22077294174807,22077636596374
22077294174807,22077866541312
22077294174807,22078071411899
22077294174807,22078221161562
22078224787079,22078221161562
22078224787079,22078501315177
22078224787079,22078649691204
22078224787079,22078801925605
22078224787079,22079050350830
22079129727575,22079050350830
22079129727575,22079413490924
22079129727575,22079614984491
22079129727575,22079767937144
22079129727575,22080109550296
22080110310776,22080109550296
22080110310776,22080431356776
22080110310776,22080612418553
22080110310776,22080813458382
22080110310776,22080989038177
22081104395130,22080989038177
22081104395130,22081357232140
22081104395130,22081627269746
22081104395130,22081806011110
22081104395130,22081940875530
22081104395130,22082236054521
22082026121729,22082236054521
22082026121729,22082409315389
22082026121729,22082562135392
22082563779852,22082562135392
22082563779852,22082807367564
22082563779852,22083043010426
22082563779852,22083600194795
22082563779852,22083742552816
22082563779852,22084071034039
22084203296254,22084071034039
22084203296254,22084473968028
22084203296254,22084730961514
22084203296254,22084907222754
22084203296254,22085090465925
22085092717108,22085090465925
22085092717108,22085361291879
22085092717108,22085561705657
22085092717108,22085783236992
22085092717108,22086093909999
22086098107279,22086093909999
22086098107279,22086352154747
22086098107279,22086546062901
22086098107279,22086766464910
22086098107279,22087042975604
22087045977028,22087042975604
22087045977028,22087336977197
22087045977028,22087519836954
22087045977028,22087701488134
22087703540664,22087701488134
22087703540664,22087951778916
22087703540664,22088137172231
22087703540664,22088311166353
22087703540664,22088482324288
22087703540664,22088892539700
22088905895346,22088892539700
22088905895346,22089080602260
22088905895346,22089368790908
22088905895346,22089532343910
22088905895346,22089769681303
22089829169731,22089769681303
22089829169731,22090105029123
22089829169731,22090283923272
22090285762809,22090283923272
22090285762809,22090456276448
22090285762809,22090635078785
22090285762809,22090785103833
22090285762809,22090916384497
22090285762809,22091173552297
22090285762809,22091625117715
22091667981565,22091625117715
22091667981565,22091965169076
22091667981565,22092215297828
22091667981565,22092418951545
22091667981565,22092564886869
22092567096641,22092564886869
22092567096641,22092831770141
22092567096641,22092982911406
22092567096641,22093172855986
22092567096641,22093741596515
22093743680840,22093741596515
22093743680840,22093925339766
22093743680840,22094081933494
22093743680840,22094268776910
22093743680840,22094528474836
22094551266469,22094528474836
22094551266469,22094723385164
22094551266469,22094961174980
22094551266469,22095108178213
22094551266469,22095475318727
22095517480223,22095475318727
22095517480223,22095773983693
22095517480223,22095932621241
22095517480223,22096138632163
22096140106277,22096138632163
22096140106277,22096332372479
22096140106277,22096490287879
22096140106277,22096659730058
22096140106277,22096836607823
22096140106277,22097454376487
22097457887929,22097454376487
22097457887929,22097647313685
22097457887929,22097807393244
22097457887929,22097948070045
22097457887929,22098245132102
22098246946049,22098245132102
22098246946049,22098469168234
22098246946049,22098667847189
22098246946049,22098814903316
22098246946049,22099168745099
22099241335404,22099168745099
22099241335404,22099471926487
22099241335404,22099673408741
22099241335404,22099907807522
22099909293507,22099907807522
22099909293507,22100090326109
22099909293507,22100263545452
22099909293507,22100436061297
22099909293507,22100657543193
22099909293507,22101170415877
22101270180209,22101170415877
22101270180209,22101534223823
22101270180209,22101747545391
22101270180209,22101926587006
22101270180209,22102206467903
22101270180209,22102448947128
22102217979821,22102448947128
22102217979821,22102674814981
22102217979821,22102910537153
22102217979821,22103173190973
22103216019819,22103173190973
22103216019819,22103434418985
22103216019819,22103602555682
22103216019819,22103828284740
22103216019819,22104116174093
22104153234533,22104116174093
22104153234533,22104354722939
22104153234533,22104635297072
22104153234533,22104852191586
22104153234533,22105184111897
22104153234533,22105369688045
22105186234498,22105369688045
22105186234498,22105603975871
22105186234498,22105788679305
22105186234498,22105950478953
22105791128725,22105950478953
22105791128725,22106110326530
22105791128725,22106268793165
22105791128725,22106597190432
22105791128725,22107003128842
22107454898146,22107003128842
22107454898146,22107687183810
22107454898146,22107874852906
22107454898146,22108060612225
22108062651612,22108060612225
22108062651612,22108282282667
22108062651612,22108454117285
22108062651612,22108638570466
22108062651612,22108871825189
22108062651612,22109320391472
22109412010137,22109320391472
22109412010137,22109601256780
22109412010137,22109787654638
22109412010137,22109981292317
22109984496125,22109981292317
22109984496125,22110240327404
22109984496125,22110416875423
22109984496125,22110562047170
22109984496125,22110749973546
22109984496125,22111117483244
22111229715772,22111117483244
22111229715772,22111463304401
22111229715772,22111673337298
22111229715772,22111904386551
22111229715772,22112161253592
22112187057944,22112161253592
22112187057944,22112419462556
22112187057944,22112541669472
22112187057944,22112803914992
22112187057944,22113142426171
22113143288821,22113142426171
22113143288821,22113334606810
22113143288821,22113546308570
22113143288821,22113754463531
22113756146013,22113754463531
22113756146013,22113985532918
22113756146013,22114215156936
22113756146013,22114364398087
22113756146013,22114508215591
22113756146013,22114852768120
22114925597545,22114852768120
22114925597545,22115162461300
22114925597545,22115369094903
22114925597545,22115580935170
22114925597545,22115907672312
22115910045194,22115907672312
22115910045194,22116116819248
22115910045194,22116232270410
22115910045194,22116389203175
22115910045194,22116761319479
22116843206201,22116761319479
22116843206201,22117072912494
22116843206201,22117251104398
22116843206201,22117377307527
22116843206201,22117759756481
22117804207970,22117759756481
22117804207970,22118013262802
22117804207970,22118162979246
22117804207970,22118440659424
22117804207970,22118648113377
22118700514832,22118648113377
22118700514832,22118953665962
22118700514832,22119216436094
22118700514832,22119427150271
22118700514832,22119601630888
22119634549899,22119601630888
22119634549899,22119877041754
22119634549899,22120019087888
22119634549899,22120202262663
22120204682780,22120202262663
22120204682780,22120438820621
22120204682780,22120641130038
22120204682780,22120788760668
22120204682780,22120982338753
22120204682780,22121472349882
22121541602479,22121472349882
22121541602479,22121752976745
22121541602479,22121907198137
22121541602479,22122052859372
22121541602479,22122378617140
22122433077392,22122378617140
22122433077392,22122657485987
22122433077392,22122793298215
22122433077392,22122940082236
22122941852773,22122940082236
22122941852773,22123170677290
22122941852773,22123332294114
22122941852773,22123532956946
22122941852773,22123837340905
22122941852773,22124246212476
22124260327723,22124246212476
22124260327723,22124532728948
22124260327723,22124714792771
22124260327723,22124887904444
22124889166984,22124887904444
22124889166984,22125073464674
22124889166984,22125214748365
22124889166984,22125415522949
22124889166984,22125627256757
22124889166984,22125929196071
22126048792829,22125929196071
22126048792829,22126314406793
22126048792829,22126544764985
22126048792829,22126679930606
22126048792829,22126951613294
22126991820696,22126951613294
22126991820696,22127236236315
22126991820696,22127389760379
22126991820696,22127615947380
22126991820696,22127963576537
22128018856138,22127963576537
22128018856138,22128233219049
22128018856138,22128374367818
22128018856138,22128573025171
22128576233465,22128573025171
22128576233465,22128803045246
22128576233465,22129030644729
22128576233465,22129165458468
22128576233465,22129337652434
22128576233465,22129756229945
22129822175262,22129756229945
22129822175262,22130054863639
22129822175262,22130255820786
22129822175262,22130436076891
22129822175262,22130674279079
22130797636726,22130674279079
22130797636726,22131022426453
22130797636726,22131164346465
22130797636726,22131319466243
22130797636726,22131757672323
22130797636726,22131958658192
22131772303278,22131958658192
22131772303278,22132195924132
22131772303278,22132348327076
22131772303278,22132705949025
22131772303278,22132955915919
22132707651617,22132955915919
22132707651617,22133575919272
22132707651617,22133776300189
22132707651617,22133908791969
22133929360271,22133908791969
22133929360271,22134176295683
22133929360271,22134350142151
22133929360271,22134525561257
22134528531648,22134525561257
22134528531648,22134812439403
22134528531648,22135029762374
22134528531648,22135197363390
22134528531648,22135355231222
22134528531648,22135730413680
22135792766688,22135730413680
22135792766688,22136013791784
22135792766688,22136269982425
22135792766688,22136447664490
22135792766688,22136661623009
22136721330028,22136661623009
22136721330028,22136947895711
22136721330028,22137125539123
22136721330028,22137367897919
22137369396287,22137367897919
22137369396287,22137510307951
22137369396287,22137676878231
22137369396287,22137852973492
22137369396287,22138080203067
22137369396287,22138407385825
22138655974757,22138407385825
22138655974757,22138883454566
22138655974757,22139055220892
22138655974757,22139201951403
22138655974757,22139444875466
22139485060305,22139444875466
22139485060305,22139644286830
22139485060305,22139815102697
22139485060305,22139991269116
22139485060305,22140345678802
22140349051908,22140345678802
22140349051908,22140576523542
22140349051908,22140764816273
22140349051908,22141002477808
22140349051908,22141276150371
22141297440489,22141276150371
22141297440489,22141591771456
22141297440489,22141814518020
22141297440489,22142019085947
22141297440489,22142159381486
22142247916772,22142159381486
22142247916772,22142464303185
22142247916772,22142635070418
22142247916772,22142796350215
22142798536789,22142796350215
22142798536789,22142987977042
22142798536789,22143125797975
22142798536789,22143320348153
22142798536789,22143627094792
22142798536789,22143980857195
22144072645966,22143980857195
22144072645966,22144372566466
22144072645966,22144580520934
22144072645966,22144799880722
22144072645966,22144937396831
22144986463739,22144937396831
22144986463739,22145331189004
22144986463739,22145553189582
22144986463739,22145749270427
22144986463739,22145906811306
22145908464074,22145906811306
22145908464074,22146112066090
22145908464074,22146304966893
22145908464074,22146451568859
22145908464074,22146751552319
22146752670028,22146751552319
22146752670028,22146934925048
22146752670028,22147087605497
22146752670028,22147243275995
22147245167948,22147243275995
22147245167948,22147461946553
22147245167948,22147619027151
22147245167948,22147772373602
22147245167948,22148188773409
22148190512573,22148188773409
22148190512573,22148375912361
22148190512573,22148549138855
22148190512573,22148680167451
22148190512573,22149026272121
22149029624965,22149026272121
22149029624965,22149290485434
22149029624965,22149461211288
22149029624965,22149601489259
22149029624965,22150021268469
22149029624965,22150356703603
22150360149698,22150356703603
22150360149698,22150574510785
22150360149698,22150761170192
22150360149698,22150959259688
22150360149698,22151234651053
22151456739907,22151234651053
22151456739907,22151698719208
22151456739907,22151881866926
22151456739907,22152064105820
22151456739907,22152182915448
22152184887652,22152182915448
22152184887652,22152327904298
22152184887652,22152538264017
22152184887652,22152687225321
22152184887652,22153289043683
22153291544645,22153289043683
22153291544645,22153474708533
22153291544645,22153670504501
22153291544645,22153816901327
22153291544645,22154327244337
22154331522534,22154327244337
22154331522534,22154573444725
22154331522534,22154718549765
22154331522534,22154890765067
22154893911451,22154890765067
22154893911451,22155075205626
22154893911451,22155237880212
22154893911451,22155413133529
22154893911451,22155637529668
22154893911451,22156072185546
22156085280348,22156072185546
22156085280348,22156305908586
22156085280348,22156443169952
22156085280348,22156611300200
22156085280348,22157010855073
22157061719576,22157010855073
22157061719576,22157301738885
22157061719576,22157510273182
22157061719576,22157652276382
22157061719576,22158132322888
22158137216997,22158132322888
22158137216997,22158376207894
22158137216997,22158540582960
22158137216997,22158721215964
22158137216997,22159090024714
22159122243777,22159090024714
22159122243777,22159355869606
22159122243777,22159567592258
22159122243777,22159739061373
22159743770601,22159739061373
22159743770601,22159987345210
22159743770601,22160127107242
22159743770601,22160262493949
22159743770601,22160557291383
22159743770601,22161055336647
22161087493131,22161055336647
22161087493131,22161332673339
22161087493131,22161515567124
22161087493131,22161765601715
22161087493131,22162085243281
22162087820389,22162085243281
22162087820389,22162373875239
22162087820389,22162518709539
22162087820389,22162674398329
22162087820389,22162935712231
22163019084076,22162935712231
22163019084076,22163320334658
22163019084076,22163527274922
22163019084076,22163746665762
22163019084076,22164028524062
22164030400816,22164028524062
22164030400816,22164316565525
22164030400816,22164514736081
22164030400816,22164683343824
22164030400816,22164974675145
22165183475424,22164974675145
22165183475424,22165342712589
22165183475424,22165503078793
22165183475424,22165693693948
22165696561391,22165693693948
22165696561391,22165852734730
22165696561391,22165987568604
22165696561391,22166160836786
22165696561391,22166399910665
22165696561391,22166895957268
22166898572308,22166895957268
22166898572308,22167145018154
22166898572308,22167284447445
22166898572308,22167504060052
22166898572308,22167664249666
22167816815098,22167664249666
22167816815098,22168059716900
22167816815098,22168215880206
22167816815098,22168452780788
22167816815098,22168704874400
22168764309157,22168704874400
22168764309157,22168995670445
22168764309157,22169175871197
22168764309157,22169720878191
22168764309157,22170005924780
22170012271056,22170005924780
22170012271056,22170322903318
22170012271056,22170508502347
22170012271056,22170696129788
22170698428267,22170696129788
22170698428267,22170947253052
22170698428267,22171103872977
22170698428267,22171290322593
22170698428267,22171447116833
22170698428267,22171849026230
22171892346280,22171849026230
22171892346280,22172152215892
22171892346280,22172368231455
22171892346280,22172544999629
22171892346280,22172851592481
22172854235479,22172851592481
22172854235479,22173012047290
22172854235479,22173197955646
22172854235479,22173408288054
22172854235479,22173675448560
22173680958491,22173675448560
22173680958491,22173959286549
22173680958491,22174180995579
22173680958491,22174363553925
22173680958491,22174605317674
22174607439108,22174605317674
22174607439108,22174899231062
22174607439108,22175034954782
22174607439108,22175214318371
22174607439108,22175442102486
22175518185956,22175442102486
22175518185956,22175766525470
22175518185956,22176112336169
22175518185956,22176287013665
22175518185956,22176468511957
22176470661317,22176468511957
22176470661317,22176716976523
22176470661317,22176865462098
22176470661317,22177082188505
22176470661317,22177259397359
22177346391442,22177259397359
22177346391442,22177605315181
22177346391442,22177769264556
22177346391442,22177992267817
22177995779256,22177992267817
22177995779256,22178218149748
22177995779256,22178483019818
22177995779256,22178648271490
22177995779256,22178826447565
22177995779256,22179258740454
22179280079811,22179258740454
22179280079811,22179497861883
22179280079811,22179676537488
22179280079811,22179880951478
22179280079811,22180173404329
22180175473666,22180173404329
22180175473666,22180421958311
22180175473666,22180557282189
22180175473666,22180772088528
22180175473666,22181191026306
22181209307400,22181191026306
22181209307400,22181456091388
22181209307400,22181608900474
22181209307400,22181748440601
22181209307400,22182106365687
22182108985786,22182106365687
22182108985786,22182352274117
22182108985786,22182479143096
22182108985786,22182669165255
22182670981236,22182669165255
22182670981236,22182864152420
22182670981236,22182997855886
22182670981236,22183156497335
22182670981236,22183415822884
22182670981236,22183898213774
22183911385798,22183898213774
22183911385798,22184203123464
22183911385798,22184383165917
22183911385798,22184579342086
22184581310335,22184579342086
22184581310335,22184770271306
22184581310335,22184910101073
22184581310335,22185051618688
22184581310335,22185294220138
22184581310335,22185712259038
22185786206877,22185712259038
22185786206877,22185958453067
22185786206877,22186155912423
22185786206877,22186277287299
22185786206877,22186811394373
22186822880920,22186811394373
22186822880920,22187050156513
22186822880920,22187220263618
22186822880920,22187408768943
22187410564565,22187408768943
22187410564565,22187607138278
22187410564565,22187744996686
22187410564565,22187868118125
22187410564565,22188221454258
22187410564565,22188630408050
22188631945159,22188630408050
22188631945159,22188794160408
22188631945159,22189051156880
22188631945159,22189233758065
22189235501629,22189233758065
22189235501629,22189447505275
22189235501629,22189592605223
22189235501629,22189751799073
22189235501629,22190005662461
22189235501629,22190446654574
22190449327747,22190446654574
22190449327747,22190654248664
22190449327747,22190816772842
22190449327747,22190988532258
22190449327747,22191260901207
22191334038738,22191260901207
22191334038738,22191546230071
22191334038738,22191791272859
22191334038738,22191978344810
22191334038738,22192280468546
22192327960534,22192280468546
22192327960534,22192550765685
22192327960534,22192796340467
22192327960534,22192949447745
22192950789062,22192949447745
22192950789062,22193138987267
22192950789062,22193320018290
22192950789062,22193487336319
22192950789062,22193626235358
22193643198202,22193626235358
22193643198202,22193887508539
22193643198202,22194073384710
22193643198202,22194285860615
22193643198202,22194478802495
22193643198202,22194950530588
22195055458341,22194950530588
22195055458341,22195260398181
22195055458341,22195454342972
22195055458341,22195750870287
22195055458341,22196008219574
22196032800313,22196008219574
22196032800313,22196268755845
22196032800313,22196397102942
22196032800313,22196569092950
22196572145647,22196569092950
22196572145647,22196787950438
22196572145647,22197003296412
22196572145647,22197169210493
22196572145647,22197419638713
22196572145647,22197789161042
22197905123661,22197789161042
22197905123661,22198078681366
22197905123661,22198244803314
22197905123661,22198392572365
22197905123661,22198911061574
22198914513073,22198911061574
22198914513073,22199103506087
22198914513073,22199249363329
22198914513073,22199410267151
22199414176120,22199410267151
22199414176120,22199643574156
22199414176120,22199801727785
22199414176120,22199964474619
22199414176120,22200181333997
22199414176120,22200654665271
22200656995770,22200654665271
22200656995770,22200877338280
22200656995770,22201072394698
22200656995770,22201274408563
22200656995770,22201594514061
22201599147945,22201594514061
22201599147945,22201845473090
22201599147945,22202024426248
22201599147945,22202153390085
22202155248689,22202153390085
22202155248689,22202395001708
22202155248689,22202544810098
22202155248689,22202673370558
22202155248689,22203071140139
22202155248689,22203459098608
22203473273557,22203459098608
22203473273557,22203670591815
22203473273557,22203875172519
22203473273557,22204029685607
22203473273557,22204411648988
22204416172867,22204411648988
22204416172867,22204690348654
22204416172867,22204938919053
22204416172867,22205069808195
22204416172867,22205483016089
22205484476738,22205483016089
22205484476738,22205753384714
22205484476738,22205926264290
22205484476738,22206089969491
22205484476738,22206408211477
22206409879281,22206408211477
22206409879281,22206606400261
22206409879281,22206743609469
22206409879281,22206986250397
22206409879281,22207285495887
22207308795848,22207285495887
22207308795848,22207491326601
22207308795848,22207674409565
22207308795848,22207848786436
22207308795848,22208023374462
22207850444165,22208023374462
22207850444165,22208159873438
22207850444165,22208329140556
22207850444165,22208516225811
22207850444165,22209101493194
22209126488101,22209101493194
22209126488101,22209318824468
22209126488101,22209512925287
22209126488101,22209709673655
22209126488101,22210112393160
22210126211116,22210112393160
22210126211116,22210350156114
22210126211116,22210516257810
22210126211116,22210675035140
22210126211116,22211020301061
22211056976707,22211020301061
22211056976707,22211302284982
22211056976707,22211468478181
22211056976707,22211673087661
22211056976707,22212093719998
22212095933138,22212093719998
22212095933138,22212322408822
22212095933138,22212486818970
22212095933138,22212620099548
22212095933138,22213041525471
22213055210876,22213041525471
22213055210876,22213232156173
22213055210876,22213362553533
22213055210876,22213802760754
22213866990843,22213802760754
22213866990843,22214133229852
22213866990843,22214280421086
22213866990843,22214436669658
22213866990843,22214691827003
22213866990843,22215231962511
22215316203630,22215231962511
22215316203630,22215569317159
22215316203630,22215701813678
22215316203630,22215818737033
22215316203630,22216257135289
22216285674684,22216257135289
22216285674684,22216541078535
22216285674684,22216682093371
22216285674684,22216842797782
22216285674684,22217129418783
22217176143201,22217129418783
22217176143201,22217341361102
22217176143201,22217551300891
22217176143201,22217761100493
22217176143201,22218046326517
22218194895729,22218046326517
22218194895729,22218464862012
22218194895729,22218645645972
22218194895729,22218887279574
22218194895729,22219054796618
22219067169998,22219054796618
22219067169998,22219294141424
22219067169998,22219471481099
22219067169998,22219654051634
22219657098566,22219654051634
22219657098566,22219928088044
22219657098566,22220080386250
22219657098566,22220261202031
22219657098566,22220458305407
22219657098566,22220858401042
22221016239427,22220858401042
22221016239427,22221284368345
22221016239427,22221391988481
22221016239427,22221534711804
22221536367128,22221534711804
22221536367128,22221784353362
22221536367128,22222077476696
22221536367128,22222237302517
22221536367128,22222538578547
22221536367128,22222996270239
22222997955949,22222996270239
22222997955949,22223223265720
22222997955949,22223327871151
22222997955949,22223483191170
22222997955949,22223894443657
22223898292700,22223894443657
22223898292700,22224126917317
22223898292700,22224303030085
22223898292700,22224495886740
22223898292700,22224828343870
22224871948294,22224828343870
22224871948294,22225079256536
22224871948294,22225356341568
22224871948294,22225522161628
22224871948294,22225773742886
22225826845447,22225773742886
22225826845447,22226052629680
22225826845447,22226319288379
22225826845447,22226518189348
22225826845447,22226701225836
22226938309060,22226701225836
22226938309060,22227076476359
22226938309060,22227246271684
22226938309060,22227418595851
22226938309060,22227584560395
22227663091916,22227584560395
22227663091916,22227941245369
22227663091916,22228137470181
22227663091916,22228380443530
22227663091916,22228743127334
22228745225786,22228743127334
22228745225786,22228998129120
22228745225786,22229172492751
22228745225786,22229389162103
22228745225786,22229612303830
22229685480209,22229612303830
22229685480209,22229965634362
22229685480209,22230117383898
22229685480209,22230351130831
22229685480209,22230546204565
22230642954550,22230546204565
22230642954550,22230860430939
22230642954550,22231056031025
22230642954550,22231222366621
22230642954550,22231427015804
22231513475287,22231427015804
22231513475287,22231788866292
22231513475287,22231938320040
22231513475287,22232120926634
22232123055346,22232120926634
22232123055346,22232353400523
22232123055346,22232505074789
22232123055346,22232639433412
22232123055346,22232947296585
22232123055346,22233270439234
22233352664865,22233270439234
22233352664865,22233619562157
22233352664865,22233779507732
22233352664865,22233953099029
22233352664865,22234265496597
22234347417471,22234265496597
22234347417471,22234613129029
22234347417471,22234765280333
22234347417471,22234876303086
22234878461708,22234876303086
22234878461708,22235086393129
22234878461708,22235260178439
22234878461708,22235424245265
22234878461708,22235667337404
22234878461708,22236040300111
22236131392070,22236040300111
22236131392070,22236399243635
22236131392070,22236606732493
22236131392070,22236777029716
22236131392070,22236999327381
22236131392070,22237238248225
22237051466881,22237238248225
22237051466881,22237437640686
22237051466881,22237579464676
22237051466881,22238064242641
22238066050252,22238064242641
22238066050252,22238286743685
22238066050252,22238505321827
22238066050252,22238626511164
22238628736523,22238626511164
22238628736523,22238840301050
22238628736523,22239023291908
22238628736523,22239242062040
22238628736523,22239580439525
22239583036657,22239580439525
22239583036657,22239753131293
22239583036657,22239980606380
22239583036657,22240148528295
22239583036657,22240425430199
22239583036657,22241231020184
22241249494541,22241231020184
22241249494541,22241447099406
22241249494541,22241688140630
22241249494541,22241946292863
22241249494541,22242183372024
22242259950719,22242183372024
22242259950719,22242533514561
22242259950719,22242736307779
22242259950719,22242973833398
22242259950719,22243185351985
22243260270318,22243185351985
22243260270318,22243473912308
22243260270318,22243721430109
22243260270318,22243928329899
22243260270318,22244275551923
22244277910230,22244275551923
22244277910230,22244465598540
22244277910230,22244601194232
22244277910230,22244862509350
22244864162722,22244862509350
22244864162722,22245045070304
22244864162722,22245200241597
22244864162722,22245359092441
22244864162722,22245628296442
22244864162722,22246040568280
22246054105677,22246040568280
22246054105677,22246304665380
22246054105677,22246440450740
22246054105677,22246628097696
22246054105677,22246797917693
22246943983039,22246797917693
22246943983039,22247167700724
22246943983039,22247342465042
22246943983039,22247518466764
22246943983039,22247941034039
22247944993136,22247941034039
22247944993136,22248186285289
22247944993136,22248348449203
22247944993136,22248551232163
22248552554065,22248551232163
22248552554065,22248733198998
22248552554065,22248880751352
22248552554065,22249064095223
22248552554065,22249219645743
22248552554065,22249664491815
22249787025872,22249664491815
22249787025872,22249994718562
22249787025872,22250155776885
22249787025872,22250390354392
22249787025872,22250835399452
22250836939178,22250835399452
22250836939178,22250998264401
22250836939178,22251123289728
22250836939178,22251300235026
22250836939178,22251562104815
22251734353756,22251562104815
22251734353756,22251931292807
22251734353756,22252068326213
22251734353756,22252286129558
22252288136393,22252286129558
22252288136393,22252523710680
22252288136393,22252702357847
22252288136393,22252871243104
22252288136393,22253149182920
22252288136393,22253605569434
22253608533808,22253605569434
22253608533808,22253833787841
22253608533808,22254023015131
22253608533808,22254199047710
22253608533808,22254577299653
22253608533808,22254742333446
22254578892604,22254742333446
22254578892604,22254926318498
22254578892604,22255159639762
22254578892604,22255386607894
22255391792398,22255386607894
22255391792398,22255654695556
22255391792398,22255814363575
22255391792398,22255938301427
22256161942380,22255938301427
22256161942380,22256375395059
22256161942380,22256640872059
22256161942380,22256785954383
22256161942380,22257137713171
22257139913068,22257137713171
22257139913068,22257360912859
22257139913068,22257509639937
22257139913068,22257671414363
22257139913068,22257905025958
22257139913068,22258474115532
22258492032643,22258474115532
22258492032643,22258704369691
22258492032643,22258838488382
22258492032643,22259022901794
22258492032643,22259360758421
22259413722777,22259360758421
22259413722777,22259693310588
22259413722777,22259886203563
22259413722777,22260056531072
22260059321130,22260056531072
22260059321130,22260255520408
22260059321130,22260392906261
22260059321130,22260628178097
22260059321130,22260855931223
22260059321130,22261229054352
22261275853995,22261229054352
22261275853995,22261502109469
22261275853995,22261743358507
22261275853995,22261987159381
22261275853995,22262135660881
22262164996678,22262135660881
22262164996678,22262369750383
22262164996678,22262565430859
22262164996678,22262764357598
22262766424214,22262764357598
22262766424214,22263017171228
22262766424214,22263198260878
22262766424214,22263364536577
22262766424214,22263561467512
22262766424214,22264010883494
22264025279809,22264010883494
22264025279809,22264246720896
22264025279809,22264468412479
22264025279809,22264638675671
22264025279809,22264996637673
22264998444483,22264996637673
22264998444483,22265251923015
22264998444483,22265479910126
22264998444483,22265609286531
22264998444483,22265892125496
22265989867053,22265892125496
22265989867053,22266232419263
22265989867053,22266480545583
22265989867053,22266663870549
22265989867053,22267010108563
22267014677271,22267010108563
22267014677271,22267218388692
22267014677271,22267400457787
22267014677271,22267588230216
22267014677271,22267793768159
22267835227504,22267793768159
22267835227504,22268036863124
22267835227504,22268225517878
22267835227504,22268374731448
22267835227504,22268697179539
22268805278003,22268697179539
22268805278003,22269038729313
22268805278003,22269221358030
22268805278003,22269465123189
22268805278003,22269701664321
22269778356070,22269701664321
22269778356070,22269965125339
22269778356070,22270298723752
22269778356070,22270489386276
22270491544923,22270489386276
22270491544923,22270688840041
22270491544923,22270814332663
22270491544923,22270983070936
22270491544923,22271113490533
22270491544923,22271602761565
22271651560901,22271602761565
22271651560901,22271905748897
22271651560901,22272050635308
22271651560901,22272210872413
22271651560901,22272610775050
22272612537245,22272610775050
22272612537245,22272785028439
22272612537245,22273092280777
22272612537245,22273304246377
22272612537245,22273525996318
22273531621854,22273525996318
22273531621854,22273756535573
22273531621854,22273960410057
22273963368367,22273960410057
22273963368367,22274172051566
22273963368367,22274342921719
22273963368367,22274515428654
22273963368367,22274675544004
22273963368367,22274803460880
22273963368367,22275340539801
22275364187788,22275340539801
22275364187788,22275603518176
22275364187788,22275727715397
22275364187788,22275926541034
22275928960795,22275926541034
22275928960795,22276134099593
22275928960795,22276264425168
22275928960795,22276408139097
22275928960795,22276747854951
22275928960795,22277414680212
22277417814089,22277414680212
22277417814089,22277672267372
22277417814089,22277880351303
22277417814089,22278031364692
22277417814089,22278200301575
22278238553643,22278200301575
22278238553643,22278447337674
22278238553643,22278707860008
22278238553643,22278824414135
22278238553643,22279016361759
22279797029028,22279016361759
22279797029028,22280031584306
22279797029028,22280193191843
22279797029028,22280324498876
22279797029028,22280810459729
22280812837681,22280810459729
22280812837681,22281129766083
22280812837681,22281298800398
22280812837681,22281428669311
22280812837681,22281587696691
22281661103718,22281587696691
22281661103718,22281975952340
22281661103718,22282206093866
22281661103718,22282339785501
22281661103718,22282619302492
22282663201788,22282619302492
22282663201788,22282899415387
22282663201788,22283104361689
22282663201788,22283315600652
22283318070004,22283315600652
22283318070004,22283522170341
22283318070004,22283677343663
22283318070004,22283865535269
22283318070004,22284014022801
22283318070004,22284242537773
22284039112879,22284242537773
22284039112879,22284437424178
22284039112879,22284602279241
22284039112879,22285058443150
22284039112879,22285427691221
22285439661568,22285427691221
22285439661568,22285646282617
22285439661568,22285832408282
22285439661568,22285973793554
22285439661568,22286376649133
22286378943290,22286376649133
22286378943290,22286559341379
22286378943290,22286720393131
22286378943290,22286973628036
22286378943290,22287294415696
22287307350484,22287294415696
22287307350484,22287655331664
22287307350484,22287839096914
22287307350484,22287976501841
22287307350484,22288256194208
22288337505136,22288256194208
22288337505136,22288533203057
22288337505136,22288926343375
22288337505136,22289065347582
22288337505136,22289548452133
22289648429725,22289548452133
22289648429725,22289898746010
22289648429725,22290176576623
22289648429725,22290348840413
22290350570520,22290348840413
22290350570520,22290612734740
22290350570520,22290845149929
22290350570520,22291025521917
22290350570520,22291195200011
22290350570520,22291454644554
22291552225554,22291454644554
22291552225554,22291800039089
22291552225554,22291997704588
22291998853057,22291997704588
22291998853057,22292185572274
22291998853057,22292363625356
22291998853057,22292538811479
22291998853057,22292695352276
22291998853057,22292845419350
22292928333634,22292845419350
22292928333634,22293190214205
22292928333634,22293422720372
22292928333634,22293559737876
22292928333634,22293704146624
22292928333634,22294258819551
22294325863355,22294258819551
22294325863355,22294563422878
22294325863355,22294708186681
22294325863355,22294846150116
22294846970408,22294846150116
22294846970408,22295078321195
22294846970408,22295226382304
22294846970408,22295338248081
22294846970408,22295780908753
22294846970408,22296229865396
22296287736749,22296229865396
22296287736749,22296540065733
22296287736749,22296710093970
22296287736749,22296885041502
22296287736749,22297324378636
22297326143076,22297324378636
22297326143076,22297494111490
22297326143076,22297671225182
22297326143076,22297836217904
22297326143076,22298003560124
22297838899626,22298003560124
22297838899626,22298170997440
22297838899626,22298357354997
22297838899626,22298689518508
22297838899626,22299125463343
22299128944759,22299125463343
22299128944759,22299311790378
22299128944759,22299481904951
22299128944759,22299616933683
22299128944759,22300029998840
22300031475991,22300029998840
22300031475991,22300292335613
22300031475991,22300445524555
22300031475991,22300613155804
22300031475991,22300726091209
22300887704075,22300726091209
22300887704075,22301175449279
22300887704075,22301313253182
22300887704075,22301495643657
22300887704075,22301842057925
22301845275558,22301842057925
22301845275558,22302055220266
22301845275558,22302262753121
22301845275558,22302442678475
22302553849808,22302442678475
22302553849808,22302759954056
22302553849808,22302958274026
22302553849808,22303121091001
22302553849808,22303331553039
22302553849808,22303635596010
22303643625530,22303635596010
22303643625530,22303889390273
22303643625530,22304054797582
22303643625530,22304262394017
22303643625530,22304516957961
22304616579498,22304516957961
22304616579498,22304787393525
22304616579498,22304951818806
22304616579498,22305155739886
22305159955858,22305155739886
22305159955858,22305400791624
22305159955858,22305579575212
22305159955858,22305785079022
22305159955858,22306012946542
22305159955858,22306445211504
22306446845238,22306445211504
22306446845238,22306735447026
22306446845238,22306913063805
22306446845238,22307066256803
22306446845238,22307370332965
22307531078694,22307370332965
22307531078694,22307728318787
22307531078694,22307886536655
22307531078694,22308047154365
22307531078694,22308266982247
22308429572923,22308266982247
22308429572923,22308618190573
22308429572923,22308771559483
22308429572923,22308970043185
22308971567735,22308970043185
22308971567735,22309181719674
22308971567735,22309332283123
22308971567735,22309503201294
22308971567735,22309651569193
22308971567735,22310165102934
22310216490702,22310165102934
22310216490702,22310466392364
22310216490702,22310618971120
22310216490702,22310783849224
22310216490702,22311184659500
22311227543265,22311184659500
22311227543265,22311496013588
22311227543265,22311661950078
22311227543265,22311870225268
22311227543265,22312211848243
22312215445934,22312211848243
22312215445934,22312489508260
22312215445934,22312652449076
22312215445934,22312835559138
22312215445934,22313090270512
22313590868348,22313090270512
22313590868348,22313812341446
22313590868348,22314106464257
22313590868348,22314330144843
22313590868348,22314562468907
22314608303884,22314562468907
22314608303884,22314834392945
22314608303884,22315087387134
22314608303884,22315305682986
22314608303884,22315533721024
22315544223337,22315533721024
22315544223337,22315728495614
22315544223337,22315948503676
22315544223337,22316116899126
22315544223337,22316384308276
22316495070366,22316384308276
22316495070366,22316756275086
22316495070366,22316961703632
22316495070366,22317122932919
22316495070366,22317437036683
22317438097219,22317437036683
22317438097219,22317622304220
22317438097219,22317813947932
22317438097219,22317979241986
22317438097219,22318333954572
22318413088364,22318333954572
22318413088364,22318656302255
22318413088364,22318829964104
22318413088364,22319034253928
22318413088364,22319448928704
22319666418349,22319448928704
22319666418349,22319860753390
22319666418349,22319979139981
22319666418349,22320112847428
22319666418349,22320436260761
22320437749033,22320436260761
22320437749033,22320645843054
22320437749033,22320852705940
22320437749033,22321024978386
22320437749033,22321412457142
22321414455597,22321412457142
22321414455597,22321646621126
22321414455597,22321890772098
22321414455597,22322116251502
22321414455597,22322245441747
22322258594153,22322245441747
22322258594153,22322441117132
22322258594153,22322648054303
22322258594153,22322834572942
22322258594153,22323242945730
22323244447947,22323242945730
22323244447947,22323431522450
22323244447947,22323589484107
22323244447947,22323748492973
22323244447947,22324204891685
22324223470666,22324204891685
22324223470666,22324468941006
22324223470666,22324682316972
22324223470666,22324957533250
22324959829449,22324957533250
22324959829449,22325169571596
22324959829449,22325304178556
22324959829449,22325468954443
22324959829449,22325681272047
22324959829449,22326186283433
22326187606719,22326186283433
22326187606719,22326367997618
22326187606719,22326499092214
22326187606719,22326678570760
22326187606719,22327091442378
22327092543248,22327091442378
22327092543248,22327271257218
22327092543248,22327444068701
22327092543248,22327578486336
22327092543248,22327996736704
22328003552393,22327996736704
22328003552393,22328223427172
22328003552393,22328422993244
22328003552393,22328606860471
22328659269317,22328606860471
22328659269317,22328898753842
22328659269317,22329074401441
22328659269317,22329272115459
22328659269317,22329427872916
22328659269317,22329821276194
22329845392383,22329821276194
22329845392383,22330126194705
22329845392383,22330298306376
22329845392383,22330497395373
22329845392383,22330686208992
22330819584234,22330686208992
22330819584234,22331029772724
22330819584234,22331224402611
22330819584234,22331422740313
22330819584234,22331605666626
22331424337221,22331605666626
22331424337221,22331836965430
22331424337221,22331999339558
22331424337221,22332247466948
22332251070029,22332247466948
22332251070029,22332506618187
22332251070029,22332794823467
22332251070029,22332981216168
22332251070029,22333139754820
22332251070029,22333293380534
22333142718571,22333293380534
22333142718571,22333535108697
22333142718571,22333708281407
22333142718571,22334031307967
22333142718571,22334549777255
22334555114436,22334549777255
22334555114436,22334815678650
22334555114436,22334971214896
22334555114436,22335152702704
22334555114436,22335493648256
22335495736019,22335493648256
22335495736019,22335708218720
22335495736019,22335919460640
22335495736019,22336113197360
22335495736019,22336379255135
22336503272598,22336379255135
22336503272598,22336696120787
22336503272598,22336884176023
22336503272598,22337115966035
22337117323089,22337115966035
22337117323089,22337282369468
22337117323089,22337462462775
22337117323089,22337607902936
22337117323089,22337857153213
22337117323089,22338319678519
22338321847792,22338319678519
22338321847792,22338521677718
22338321847792,22338740262144
22338321847792,22338930061537
22338932266659,22338930061537
22338932266659,22339093196000
22338932266659,22339294272568
22338932266659,22339447567747
22338932266659,22339727106225
22339733131258,22339727106225
22339733131258,22339954946166
22339733131258,22340195853097
22339733131258,22340442343366
22339733131258,22340693894563
22339733131258,22341075294207
22341078420332,22341075294207
22341078420332,22341310261010
22341078420332,22341464218509
22341078420332,22341624529690
22341078420332,22342022389957
22342069422173,22342022389957
22342069422173,22342316821780
22342069422173,22342712442263
22342069422173,22342872808377
22342069422173,22343238395960
22343253824181,22343238395960
22343253824181,22343436142433
22343253824181,22343609123974
22343253824181,22343752095616
22343253824181,22344138437601
22344141152515,22344138437601
22344141152515,22344407458258
22344141152515,22344565741123
22344141152515,22344728090490
22344730486655,22344728090490
22344730486655,22344986933937
22344730486655,22345126394917
22344730486655,22345290329341
22344730486655,22345449269304
22344730486655,22345952965471
22345956622107,22345952965471
22345956622107,22346575103023
22345956622107,22346708051501
22345956622107,22346884273394
22345956622107,22347019069684
22345956622107,22347189628831
22347190972436,22347189628831
22347190972436,22347354994863
22347190972436,22347504726875
22347190972436,22347719755054
22347940255514,22347719755054
22347940255514,22348139860213
22347940255514,22348318777541
22347940255514,22348485048490
22347940255514,22348746596592
22348749399923,22348746596592
22348749399923,22349027484487
22348749399923,22349156392179
22348749399923,22349341044771
22348749399923,22349674476766
22349718831854,22349674476766
22349718831854,22349951402796
22349718831854,22350125950896
22349718831854,22350396347999
22350398546473,22350396347999
22350398546473,22350653014339
22350398546473,22350804296501
22350398546473,22350968416936
22350398546473,22351164636872
22350398546473,22351618769656
22351627125278,22351618769656
22351627125278,22351853301973
22351627125278,22352072104733
22351627125278,22352257955783
22351627125278,22352626918693
22352629731991,22352626918693
22352629731991,22352797088851
22352629731991,22353017222422
22352629731991,22353209014647
22352629731991,22353538366669
22353546575923,22353538366669
22353546575923,22353826064121
22353546575923,22353979573500
22353546575923,22354201292955
22354203456182,22354201292955
22354203456182,22354436203265
22354203456182,22354642997171
22354203456182,22354810145758
22354203456182,22355007454089
22354203456182,22355491811548
22355515513068,22355491811548
22355515513068,22355794240854
22355515513068,22356014489929
22355515513068,22356214060140
22355515513068,22356416397543
22356427042351,22356416397543
22356427042351,22356688610940
22356427042351,22356861953391
22356427042351,22357032398947
22356427042351,22357320416345
22357375572176,22357320416345
22357375572176,22357601725408
22357375572176,22357805098882
22357375572176,22357933195870
22357375572176,22358414141568
22358579781321,22358414141568
22358579781321,22358746890151
22358579781321,22358927271153
22358579781321,22359100876379
22358579781321,22359252776042
22359260402928,22359252776042
22359260402928,22359467136871
22359260402928,22359610622564
22359260402928,22359758959912
22359764853320,22359758959912
22359764853320,22359959272050
22359764853320,22360152557889
22359764853320,22360343445595
22359764853320,22360641401536
22359764853320,22361164100879
22361167190873,22361164100879
22361167190873,22361371389057
22361167190873,22361533595949
22361167190873,22361764983850
22361167190873,22362082315720
22362096493158,22362082315720
22362096493158,22362352587223
22362096493158,22362542739561
22362096493158,22362683717430
22362685642915,22362683717430
22362685642915,22362869742294
22362685642915,22363081837240
22362685642915,22363239037940
22362685642915,22363565320985
22363570741841,22363565320985
22363570741841,22363801437718
22363570741841,22364003356342
22363570741841,22364217542233
22363570741841,22364583206038
22363570741841,22364937087437
22364943907726,22364937087437
22364943907726,22365184136786
22364943907726,22365331530124
22364943907726,22365481135966
22364943907726,22365875219489
22366068925139,22365875219489
22366068925139,22366278436194
22366068925139,22366535827763
22366068925139,22366697188037
22366068925139,22366862280812
22366865080453,22366862280812
22366865080453,22367140833561
22366865080453,22367316294621
22366865080453,22367538901314
22367541568657,22367538901314
22367541568657,22367712104859
22367541568657,22367847177511
22367541568657,22367989482435
22367541568657,22368386220410
22368665024997,22368386220410
22368665024997,22368931356467
22368665024997,22369112536959
22368665024997,22369266579717
22368665024997,22369633174729
22369652661992,22369633174729
22369652661992,22369855863630
22369652661992,22370075454068
22369652661992,22370305106751
22369652661992,22370556035622
22369652661992,22371027410976
22371029418259,22371027410976
22371029418259,22371267534125
22371029418259,22371428232904
22371029418259,22371598319297
22371029418259,22371882292779
22371971086537,22371882292779
22371971086537,22372128363015
22371971086537,22372471270943
22371971086537,22372616792201
22371971086537,22372941051134
22372963848474,22372941051134
22372963848474,22373201561872
22372963848474,22373329191219
22372963848474,22373526160100
22372963848474,22373868768349
22374014304634,22373868768349
22374014304634,22374255379047
22374014304634,22374416744757
22374014304634,22374574580801
22374014304634,22374844258541
22374014304634,22375085156837
22374893124661,22375085156837
22374893124661,22375382207303
22374893124661,22375592113792
22374893124661,22375760070488
22375849281308,22375760070488
22375849281308,22376080294453
22375849281308,22376256095298
22375849281308,22376489941481
22375849281308,22376756287721
22376897909001,22376756287721
22376897909001,22377093047671
22376897909001,22377249430812
22376897909001,22377404377849
22376897909001,22377807102452
22377885391654,22377807102452
22377885391654,22378105497348
22377885391654,22378277442962
22377885391654,22378455955122
22377885391654,22378785045479
22378796578964,22378785045479
22378796578964,22379026387421
22378796578964,22379202102643
22378796578964,22379396311365
22378796578964,22379773626036
22379792726215,22379773626036
22379792726215,22380007062706
22379792726215,22380203349324
22379792726215,22380369304539
22379792726215,22380673911263
22380813737060,22380673911263
22380813737060,22381025611215
22380813737060,22381193376842
22380813737060,22381405838083
22381407282080,22381405838083
22381407282080,22381590755708
22381407282080,22381765370241
22381407282080,22381954130457
22381407282080,22382246703996
22382293631294,22382246703996
22382293631294,22382525596404
22382293631294,22382760862793
22382293631294,22382939040866
22382293631294,22383242333530
22383244283068,22383242333530
22383244283068,22383430015975
22383244283068,22383760383852
22383244283068,22383955209583
22383244283068,22384113988703
22383244283068,22384558868282
22384561737342,22384558868282
22384561737342,22384755467167
22384561737342,22384922418053
22384561737342,22385070139882
22385359077150,22385070139882
22385359077150,22385562477067
22385359077150,22385735179304
22385359077150,22385902312403
22385359077150,22386202430402
22385359077150,22386642265556
22386673153018,22386642265556
22386673153018,22386912238063
22386673153018,22387157366344
22386673153018,22387351221742
22387352382235,22387351221742
22387352382235,22387504293966
22387352382235,22387664792673
22387352382235,22387884676968
22387352382235,22388053759479
22387352382235,22388608553078
22388610202963,22388608553078
22388610202963,22388899047565
22388610202963,22389093471078
22388610202963,22389269309101
22389271269537,22389269309101
22389271269537,22389451499877
22389271269537,22389606804004
22389271269537,22389782943024
22389271269537,22390043182533
22389271269537,22390445698897
22390527590977,22390445698897
22390527590977,22390805588836
22390527590977,22390925978125
22390527590977,22391164788419
22390527590977,22391484623789
22391486157086,22391484623789
22391486157086,22391767672778
22391486157086,22391995814917
22391486157086,22392197826210
22391486157086,22392488045064
22392489346162,22392488045064
22392489346162,22392715285686
22392489346162,22392869985806
22392489346162,22393039422219
22392489346162,22393265629210
22392489346162,22393518529526
22393324903484,22393518529526
22393324903484,22393702131083
22393324903484,22393848840439
22393324903484,22394210653829
22394298358144,22394210653829
22394298358144,22394532719579
22394298358144,22394701543010
22394298358144,22394882478731
22394298358144,22395187352113
22395321348998,22395187352113
22395321348998,22395523220193
22395321348998,22395682196249
22395321348998,22395834074418
22395835177924,22395834074418
22395835177924,22396064376204
22395835177924,22396244278442
22395835177924,22396373624785
22395835177924,22396541081377
22395835177924,22396721739234
22396542478535,22396721739234
22396542478535,22396967644301
22396542478535,22397122021163
22396542478535,22397471388609
22396542478535,22397791984365
22397795745696,22397791984365
22397795745696,22398006332947
22397795745696,22398263847359
22397795745696,22398411749339
22397795745696,22398634794955
22398641586797,22398634794955
22398641586797,22398854533167
22398641586797,22399079328094
22398641586797,22399359155759
22398641586797,22399511801723
22399633027598,22399511801723
22399633027598,22399812311917
22399633027598,22400065516954
22399633027598,22400249833237
22399633027598,22400632088800
22399633027598,22400845439426
22400636171494,22400845439426
22400636171494,22400978922466
22400636171494,22401161595570
22400636171494,22401528178987
22401552333258,22401528178987
22401552333258,22401764626955
22401552333258,22401965347428
22401552333258,22402145289715
22401552333258,22402463984357
22402478626728,22402463984357
22402478626728,22402752401586
22402478626728,22402909952651
22402478626728,22403045356297
22402478626728,22403444242508
22403447487285,22403444242508
22403447487285,22403664118158
22403447487285,22403804600205
22403447487285,22404012812327
22403447487285,22404247155896
22404304165811,22404247155896
22404304165811,22404513954942
22404304165811,22404716350577
22404304165811,22404865230889
22404866660068,22404865230889
22404866660068,22405028506644
22404866660068,22405250429244
22404866660068,22405469240693
22404866660068,22405935046052
22405936885419,22405935046052
22405936885419,22406142988515
22405936885419,22406301526875
22405936885419,22406471269497
22405936885419,22406677625334
22405936885419,22407063194462
22407115602790,22407063194462
22407115602790,22407347865943
22407115602790,22407527710945
22407115602790,22407688676589
22407115602790,22408078266492
22408097323357,22408078266492
22408097323357,22408297102173
22408097323357,22408540366404
22408097323357,22408711359441
22408097323357,22408985638029
22409050546612,22408985638029
22409050546612,22409372219393
22409050546612,22409528950177
22409050546612,22409716338832
22409050546612,22409895171735
22409960989561,22409895171735
22409960989561,22410264175566
22409960989561,22410414398861
22409960989561,22410606524836
22409960989561,22410915238053
22411000025628,22410915238053
22411000025628,22411224458648
22411000025628,22411423357081
22411000025628,22411606482553
22411000025628,22411938373841
22411940907282,22411938373841
22411940907282,22412152292960
22411940907282,22412372513512
22411940907282,22412536224629
22411940907282,22412788770779
22412864647174,22412788770779
22412864647174,22413058290759
22412864647174,22413207130855
22412864647174,22413394674765
22412864647174,22413732546451
22413915173048,22413732546451
22413915173048,22414115182950
22413915173048,22414326738040
22414328678645,22414326738040
22414328678645,22414543980910
22414328678645,22414691494420
22414328678645,22414880230197
22414328678645,22415056341086
22414328678645,22415238298740
22414328678645,22415653416629
22415694053692,22415653416629
22415694053692,22415973854941
22415694053692,22416130374416
22415694053692,22416308887454
22415694053692,22416532502378
22416570483550,22416532502378
22416570483550,22416792875382
22416570483550,22416982960465
22416570483550,22417142362337
22416570483550,22417482324954
22417489406205,22417482324954
22417489406205,22417631852569
22417489406205,22417889692723
22417489406205,22418067563358
22417489406205,22418291387233
22418301330342,22418291387233
22418301330342,22418448889286
22418301330342,22418739843909
22418301330342,22418917187563
22418301330342,22419282030305
22419331710312,22419282030305
22419331710312,22419571058456
22419331710312,22419790413290
22419331710312,22420007132986
22419331710312,22420342488003
22420344896499,22420342488003
22420344896499,22420565412083
22420344896499,22420797806291
22420344896499,22420982265147
22420344896499,22421220452380
22421294709619,22421220452380
22421294709619,22421516566300
22421294709619,22421693916984
22421294709619,22421925960486
22421294709619,22422129325650
22421928454843,22422129325650
22421928454843,22422373992472
22421928454843,22422517142343
22421928454843,22422685498052
22421928454843,22423147178202
22423149142652,22423147178202
22423149142652,22423353137405
22423149142652,22423508765759
22423149142652,22423777063814
22423149142652,22424039677367
22424061926935,22424039677367
22424061926935,22424318375328
22424061926935,22424538133747
22424061926935,22424710447885
22424061926935,22424921564175
22425038488055,22424921564175
22425038488055,22425252898850
22425038488055,22425435761884
22425038488055,22425596645678
22425038488055,22425993206044
22426035086692,22425993206044
22426035086692,22426270878027
22426035086692,22426442409273
22426035086692,22426662712797
22426664469723,22426662712797
22426664469723,22426815764335
22426664469723,22426976501889
22426664469723,22427157059717
22426664469723,22427342830174
22427393402370,22427342830174
22427393402370,22427664506915
22427393402370,22427805381873
22427393402370,22427943884831
22427393402370,22428214395015
22428350913078,22428214395015
22428350913078,22428552930909
22428350913078,22428762142563
22428350913078,22428926426792
22428350913078,22429304552122
22428350913078,22429577808621
22429703939173,22429577808621
22429703939173,22429857353472
22429703939173,22430047048692
22429703939173,22430242066018
22429703939173,22430919507752
22431044101123,22430919507752
22431044101123,22431311809485
22431044101123,22431452546316
22431044101123,22431879181110
22431044101123,22432325290065
22432389404242,22432325290065
22432389404242,22432578164464
22432389404242,22432757987107
22432389404242,22432919045070
22432389404242,22433286244558
22433301841549,22433286244558
22433301841549,22433518184708
22433301841549,22433755954233
22433301841549,22433959197354
22433301841549,22434247902949
22434249354095,22434247902949
22434249354095,22434490701702
22434249354095,22434684400971
22434249354095,22434898578970
22434249354095,22435192106500
22435347267490,22435192106500
22435347267490,22435601396188
22435347267490,22435767094810
22435768918789,22435767094810
22435768918789,22435933540391
22435768918789,22436119732628
22435768918789,22436335089660
22435768918789,22436553254304
22435768918789,22436732678486
22435768918789,22436883090805
22436735447210,22436883090805
22436735447210,22437012113283
22436735447210,22437211284808
22436735447210,22437496993707
22437509341076,22437496993707
22437509341076,22437731245717
22437509341076,22437886052984
22437509341076,22438036946714
22437509341076,22438511539033
22438513052178,22438511539033
22438513052178,22438720368053
22438513052178,22438851111670
22438513052178,22439030076528
22438513052178,22439238722000
22438513052178,22439826375945
22439829095070,22439826375945
22439829095070,22440045933049
22439829095070,22440193810367
22439829095070,22440377924217
22439829095070,22440741117763
22440744379800,22440741117763
22440744379800,22440917803676
22440744379800,22441123875859
22440744379800,22441329410459
22440744379800,22441633711040
22441650661853,22441633711040
22441650661853,22441820590754
22441650661853,22442043222409
22441650661853,22442248297836
22442250736438,22442248297836
22442250736438,22442489255976
22442250736438,22442611272165
22442250736438,22442790054330
22442250736438,22443034174378
22442250736438,22443282493109
22443053363322,22443282493109
22443053363322,22443432042364
22443053363322,22443566194990
22443053363322,22444156278446
22443053363322,22444672955081
22444696340931,22444672955081
22444696340931,22444933404579
22444696340931,22445141957234
22444696340931,22445256779912
22444696340931,22445653525837
22445655652632,22445653525837
22445655652632,22445885352242
22445655652632,22446054570999
22445655652632,22446182807537
22446185117884,22446182807537
22446185117884,22446440558984
22446185117884,22446614388777
22446185117884,22446787326458
22446185117884,22447000379912
22446185117884,22447333039344
22447436147397,22447333039344
22447436147397,22447671253850
22447436147397,22447933426799
22447436147397,22448065812174
22447436147397,22448377030401
22448379049238,22448377030401
22448379049238,22448603359376
22448379049238,22448761498966
22448379049238,22448922444882
22448379049238,22449376456422
22449378121450,22449376456422
22449378121450,22449619190125
22449378121450,22449778276509
22449378121450,22449943159129
22449378121450,22450272167341
22450331303140,22450272167341
22450331303140,22450479606057
22450331303140,22450787505862
22450331303140,22450986715514
22450990093688,22450986715514
22450990093688,22451222278370
22450990093688,22451413850446
22450990093688,22451605758747
22450990093688,22451811708665
22450990093688,22452269581158
22452271045975,22452269581158
22452271045975,22452547294460
22452271045975,22452714313265
22452271045975,22452904038333
22452271045975,22453093380065
22453155306551,22453093380065
22453155306551,22453418247945
22453155306551,22453620987598
22453155306551,22453792179961
22453155306551,22454143318927
22454148079634,22454143318927
22454148079634,22454392783378
22454148079634,22454611342173
22454148079634,22454785933349
22454788666787,22454785933349
22454788666787,22455014744946
22454788666787,22455178334033
22454788666787,22455345081274
22454788666787,22455497702706
22455581845952,22455497702706
22455581845952,22455830186860
22455581845952,22456026225534
22455581845952,22456242880058
22455581845952,22456502265662
22455581845952,22457045298764
22457046465076,22457045298764
22457046465076,22457295597521
22457046465076,22457428914240
22457046465076,22457578335308
22457046465076,22458042229930
22458044566636,22458042229930
22458044566636,22458271881299
22458044566636,22458447536882
22458044566636,22458582400374
22458044566636,22459002033935
22459025260410,22459002033935
22459025260410,22459268634708
22459025260410,22459549088217
22459025260410,22459734219262
22459025260410,22459984606310
22459986474000,22459984606310
22459986474000,22460180428606
22459986474000,22460375851988
22459986474000,22460558129203
22460568475584,22460558129203
22460568475584,22460802066210
22460568475584,22460965427148
22460568475584,22461198089733
22460568475584,22461479471682
22460568475584,22461795125896
22461880127832,22461795125896
22461880127832,22462099757122
22461880127832,22462333166611
22461880127832,22462501624477
22462504205810,22462501624477
22462504205810,22462783636653
22462504205810,22462942873700
22462504205810,22463093536487
22462504205810,22463257289702
22462504205810,22463794774580
22462504205810,22464143118736
22464145151190,22464143118736
22464145151190,22464332726873
22464145151190,22464523504078
22464145151190,22464695707120
22464706217186,22464695707120
22464706217186,22464929886872
22464706217186,22465167350535
22464706217186,22465333439091
22464706217186,22465727373969
22465749724355,22465727373969
22465749724355,22465947927926
22465749724355,22466304361744
22465749724355,22466505334024
22465749724355,22466601380355
22466884774054,22466601380355
22466884774054,22467166411615
22466884774054,22467341772472
22466884774054,22467477117261
22467480455604,22467477117261
22467480455604,22467647554802
22467480455604,22467805083194
22467480455604,22467969321068
22467480455604,22468239501663
22467480455604,22468601468552
22468714505012,22468601468552
22468714505012,22469031943355
22468714505012,22469167787560
22468714505012,22469359380174
22469361201985,22469359380174
22469361201985,22469573660460
22469361201985,22469764464669
22469361201985,22469958186564
22469361201985,22470145547917
22469361201985,22470686229499
22470687648902,22470686229499
22470687648902,22470964142453
22470687648902,22471136185548
22470687648902,22471308780802
22470687648902,22471457574623
22471459103105,22471457574623
22471459103105,22471622383566
22471459103105,22471783042079
22471459103105,22471951897636
22471954484053,22471951897636
22471954484053,22472200277598
22471954484053,22472470074262
22471954484053,22472638726909
22471954484053,22472789095717
22471954484053,22473253637528
22473311267737,22473253637528
22473311267737,22473520438282
22473311267737,22473751248482
22473311267737,22473907256623
22473908871388,22473907256623
22473908871388,22474083326893
22473908871388,22474258135149
22473908871388,22474495335499
22473908871388,22474674610337
22474747288536,22474674610337
22474747288536,22474994862295
22474747288536,22475172639072
22474747288536,22475383392913
22474747288536,22475568607642
22474747288536,22476108602150
22476289149566,22476108602150
22476289149566,22476497674463
22476289149566,22476682146442
22476289149566,22476847645228
22476289149566,22477126160686
22477143303436,22477126160686
22477143303436,22477372277875
22477143303436,22477606252283
22477143303436,22477880958110
22477143303436,22478103685086
22478106326962,22478103685086
22478106326962,22478344343793
22478106326962,22478514558528
22478106326962,22478729333518
22478731356807,22478729333518
22478731356807,22478951736337
22478731356807,22479092678863
22478731356807,22479282261869
22478731356807,22479580653482
22478731356807,22479879821794
22479988843362,22479879821794
22479988843362,22480156450032
22479988843362,22480474919866
22479988843362,22480672697887
22480674348560,22480672697887
22480674348560,22480830177469
22480674348560,22481016778704
22480674348560,22481232609878
22480674348560,22481405875813
22480674348560,22481939268264
22481952740037,22481939268264
22481952740037,22482215877839
22481952740037,22482412187191
22481952740037,22482742283069
22481952740037,22482917357969
22482919354732,22482917357969
22482919354732,22483148678030
22482919354732,22483330508690
22482919354732,22483526158354
22482919354732,22483865358411
22483902560468,22483865358411
22483902560468,22484102052705
22483902560468,22484586340708
22483902560468,22484840141532
22483902560468,22485093937260
22485186182428,22485093937260
22485186182428,22485422343378
22485186182428,22485551776787
22485186182428,22485682912620
22485186182428,22485955691100
22486120660086,22485955691100
22486120660086,22486354994902
22486120660086,22486535341451
22486120660086,22486663831417
22486120660086,22487014000485
22487017105717,22487014000485
22487017105717,22487165290536
22487017105717,22487462487825
22487017105717,22487607469221
22487609136405,22487607469221
22487609136405,22487851602417
22487609136405,22488005977269
22487609136405,22488159302530
22487609136405,22488379190400
22487609136405,22488760394773
22488847533396,22488760394773
22488847533396,22489059353453
22488847533396,22489261073630
22488847533396,22489474176146
22488847533396,22489757379638
22489799707561,22489757379638
22489799707561,22489967079822
22489799707561,22490142762217
22489799707561,22490323156590
22490325508826,22490323156590
22490325508826,22490536419129
22490325508826,22490717798913
22490325508826,22490857676404
22490325508826,22491060868921
22490325508826,22491553230360
22491556161830,22491553230360
22491556161830,22491780452644
22491556161830,22491940643315
22491556161830,22492103928322
22492105672733,22492103928322
22492105672733,22492324251232
22492105672733,22492504800295
22492105672733,22492697536668
22492105672733,22492996818505
22492105672733,22493351891135
22493367923187,22493351891135
22493367923187,22493614558434
22493367923187,22493776860965
22493828651899,22493776860965
22493828651899,22494029096231
22493828651899,22494187277347
22493828651899,22494367831568
22493828651899,22494610729233
22493828651899,22494786149169
22494787827453,22494786149169
22494787827453,22495011322810
22494787827453,22495153290783
22494787827453,22495303579708
22494787827453,22495594431652
22494787827453,22495965237313
22496115356619,22495965237313
22496115356619,22496308403337
22496115356619,22496497365427
22496115356619,22496616508236
22496115356619,22497007696226
22497009905562,22497007696226
22497009905562,22497253388345
22497009905562,22497450799137
22497009905562,22497641282995
22497644315023,22497641282995
22497644315023,22497799287230
22497644315023,22497983938390
22497644315023,22498168869714
22497644315023,22498428989902
22497644315023,22498960035181
22498961370500,22498960035181
22498961370500,22499144223336
22498961370500,22499366318539
22498961370500,22499521281790
22499523518078,22499521281790
22499523518078,22499783850859
22499523518078,22499954257295
22499523518078,22500148619314
22499523518078,22500544185523
22500546412956,22500544185523
22500546412956,22500722144982
22500546412956,22500879721366
22500546412956,22501082644417
22500546412956,22501382591024
22500546412956,22501665133669
22501810892990,22501665133669
22501810892990,22502037182821
22501810892990,22502191956331
22501810892990,22502336228265
22501810892990,22502707977039
22502793507300,22502707977039
22502793507300,22503050023384
22502793507300,22503205277280
22502793507300,22503351314901
22503352546655,22503351314901
22503352546655,22503534432520
22503352546655,22503695236367
22503352546655,22503862717619
22503352546655,22504095793557
22503352546655,22504502378022
22504607843348,22504502378022
22504607843348,22504850269857
22504607843348,22505009320457
22504607843348,22505200783296
22505205662493,22505200783296
22505205662493,22505446081348
22505205662493,22505620254836
22505205662493,22505760541078
22505205662493,22506140872203
22505205662493,22506547422268
22506548939962,22506547422268
22506548939962,22506794234223
22506548939962,22506934225226
22506548939962,22507198226630
22506548939962,22507414143356
22507474383316,22507414143356
22507474383316,22507696794422
22507474383316,22507897988455
22507474383316,22508119506905
22507474383316,22508418449757
22508525792795,22508418449757
22508525792795,22508762278872
22508525792795,22508906992130
22508525792795,22509108703669
22509160526049,22509108703669
22509160526049,22509346407439
22509160526049,22509511070320
22509160526049,22509691481663
22509160526049,22509831355278
22509160526049,22510313391323
22510349966204,22510313391323
22510349966204,22510575456293
22510349966204,22510732175883
22510349966204,22510959836537
22510961878724,22510959836537
22510961878724,22511153389591
22510961878724,22511340180653
22510961878724,22511579923228
22510961878724,22511730092399
22510961878724,22512272689219
22512307618342,22512272689219
22512307618342,22512565475206
22512307618342,22512840537898
22512307618342,22513020387695
22512307618342,22513272091114
22513297498095,22513272091114
22513297498095,22513538656480
22513297498095,22513708924972
22513297498095,22513861273428
22513297498095,22514197253474
22514200144097,22514197253474
22514200144097,22514424364834
22514200144097,22514552582761
22514200144097,22514767327956
22514200144097,22515053860241
22515089952899,22515053860241
22515089952899,22515305696369
22515089952899,22515447345370
22515089952899,22515688801136
22515693092374,22515688801136
22515693092374,22515933323805
22515693092374,22516433773767
22515693092374,22516619660337
22515693092374,22516863230327
22515693092374,22517341311650
22517346491814,22517341311650
22517346491814,22517614473280
22517346491814,22517793507159
22517346491814,22517958498193
22517346491814,22518294531424
22518296274618,22518294531424
22518296274618,22518516206568
22518296274618,22518681419736
22518296274618,22518869908639
22518873249181,22518869908639
22518873249181,22519095499451
22518873249181,22519258465450
22518873249181,22519438582527
22518873249181,22519627695386
22518873249181,22520139229745
22520170775435,22520139229745
22520170775435,22520407390910
22520170775435,22520560559324
22520170775435,22520697128913
22520698935610,22520697128913
22520698935610,22520932595302
22520698935610,22521083175644
22520698935610,22521244591031
22520698935610,22521432171207
22520698935610,22521928542266
22522060180217,22521928542266
22522060180217,22522340083420
22522060180217,22522448385381
22522060180217,22522592735621
22522661271652,22522592735621
22522661271652,22522887638816
22522661271652,22523044425328
22522661271652,22523267290570
22522661271652,22523593064848
22522661271652,22523959071778
22524003888198,22523959071778
22524003888198,22524215033159
22524003888198,22524472036892
22524003888198,22524655901699
22524003888198,22524941849804
22525076643645,22524941849804
22525076643645,22525342983160
22525076643645,22525443951995
22525076643645,22525519864839
22525076643645,22526357281919
22526358750307,22526357281919
22526358750307,22526567842219
22526358750307,22526816152106
22526358750307,22526931126128
22526358750307,22527274094124
22527364423667,22527274094124
22527364423667,22527530281493
22527364423667,22527845263808
22527364423667,22528009411741
22528012889899,22528009411741
22528012889899,22528216333762
22528012889899,22528367055738
22528012889899,22528498136478
22528012889899,22528788313047
22528012889899,22529178262133
22529225040870,22529178262133
22529225040870,22529441316322
22529225040870,22529661129447
22529225040870,22529815090555
22529225040870,22530218804893
22530248718168,22530218804893
22530248718168,22530463025498
22530248718168,22530751636952
22530248718168,22530902597804
22530248718168,22531233562960
22531236384318,22531233562960
22531236384318,22531451781314
22531236384318,22531611380468
22531236384318,22531800484552
22531236384318,22532114701508
22532191403704,22532114701508
22532191403704,22532410070009
22532191403704,22532554760804
22532191403704,22532718324192
22532843428274,22532718324192
22532843428274,22533021522462
22532843428274,22533173576375
22532843428274,22533318232239
22532843428274,22533504337247
22532843428274,22533969142863
22534056909161,22533969142863
22534056909161,22534312794944
22534056909161,22534477939573
22534056909161,22534657160792
22534663158441,22534657160792
22534663158441,22534909048200
22534663158441,22535084234776
22534663158441,22535246623262
22534663158441,22535439644088
22535518153091,22535439644088
22535518153091,22535788888346
22535518153091,22536014380589
22535518153091,22536170162473
22535518153091,22536415823265
22535518153091,22536904230612
22536911753856,22536904230612
22536911753856,22537123054431
22536911753856,22537322150442
22536911753856,22537470862052
22536911753856,22537796713529
22537884493311,22537796713529
22537884493311,22538164449505
22537884493311,22538305162757
22537884493311,22538552500864
22537884493311,22538799328577
22538861794448,22538799328577
22538861794448,22539056655734
22538861794448,22539211834969
22538861794448,22539437908076
22538861794448,22539702918976
22539764074595,22539702918976
22539764074595,22539967329302
22539764074595,22540208652504
22540210756162,22540208652504
22540210756162,22540466959455
22540210756162,22540606441212
22540210756162,22540772256492
22540210756162,22540958238515
22540210756162,22541201771488
22540210756162,22541524903091
22541641853828,22541524903091
22541641853828,22541889154501
22541641853828,22542064885152
22541641853828,22542263339284
22541641853828,22542632621148
22542679099249,22542632621148
22542679099249,22542865268593
22542679099249,22543082408742
22542679099249,22543281288380
22542679099249,22543454356198
22543535433689,22543454356198
22543535433689,22543812014402
22543535433689,22544023998427
22543535433689,22544179351601
22544183223721,22544179351601
22544183223721,22544392025295
22544183223721,22544573981907
22544183223721,22544782969595
22544183223721,22545081765860
22544183223721,22545415951016
22545492426809,22545415951016
22545492426809,22545734259336
22545492426809,22545950617119
22545492426809,22546141174248
22545492426809,22546299260467
22546394730650,22546299260467
22546394730650,22546675221873
22546394730650,22546785605776
22546394730650,22547039958953
22546394730650,22547195672801
22547299301137,22547195672801
22547299301137,22547558982494
22547299301137,22547712464530
22547299301137,22547965062163
22547968085553,22547965062163
22547968085553,22548160295414
22547968085553,22548315806119
22547968085553,22548478045366
22547968085553,22548798931060
22547968085553,22549167854416
22549170580794,22549167854416
22549170580794,22549386677457
22549170580794,22549671255906
22549170580794,22549820668285
22549170580794,22550059619365
22550150658698,22550059619365
22550150658698,22550443955222
22550150658698,22550641885088
22550150658698,22550836465149
22550150658698,22550975432220
22551047353145,22550975432220
22551047353145,22551276181231
22551047353145,22551489038243
22551047353145,22551623189006
22551047353145,22551982432911
22552060677256,22551982432911
22552060677256,22552352358732
22552060677256,22552598150779
22552060677256,22552762401997
22552764959201,22552762401997
22552764959201,22552990023683
22552764959201,22553204433029
22552764959201,22553387276518
22552764959201,22553564567634
22552764959201,22553908708136
22554333745690,22553908708136
22554333745690,22554568416071
22554333745690,22554727496806
22554333745690,22554910823857
22554912701427,22554910823857
22554912701427,22555130352783
22554912701427,22555304446994
22554912701427,22555510060906
22554912701427,22555719561083
22555721218631,22555719561083
22555721218631,22555901229222
22555721218631,22556182938893
22555721218631,22556360583484
22555721218631,22556492368232
22555721218631,22557016370301
22557018334200,22557016370301
22557018334200,22557243361584
22557018334200,22557363326900
22557018334200,22557585843583
22557588471250,22557585843583
22557588471250,22557822256977
22557588471250,22558082028462
22557588471250,22558295938816
22557588471250,22558457324656
22557588471250,22558848287434
22557588471250,22559004275785
22558862676803,22559004275785
22558862676803,22559200366707
22558862676803,22559401177727
22558862676803,22559850189847
22558862676803,22560063853766
22559852503107,22560063853766
22559852503107,22560256369820
22559852503107,22560409192297
22559852503107,22560756654201
22560853966561,22560756654201
22560853966561,22561094906611
22560853966561,22561323453790
22560853966561,22561498960812
22560853966561,22561673383052
22561759530768,22561673383052
22561759530768,22562003199831
22561759530768,22562244619246
22561759530768,22562388971910
22561759530768,22562680862938
22562706546844,22562680862938
22562706546844,22563016625548
22562706546844,22563195569147
22562706546844,22563358808425
22562706546844,22563666262561
22563728826539,22563666262561
22563728826539,22563953847169
22563728826539,22564116556670
22563728826539,22564224425174
22563728826539,22564321165792
22563728826539,22564418957915
