22074102487854,22074977078823
22074102487854,22075277527136
22075410958909,22075277527136
22075410958909,22075593618903
22075410958909,22075795311751
22075410958909,22075996916325
22075998422867,22075996916325
22075998422867,22076215078073
22075998422867,22076390870869
22075998422867,22076579835855
22075998422867,22076730531857
22076782817703,22076730531857
22076782817703,22076990138907
22076782817703,22077192710819
22076782817703,22077312391129
22076782817703,22077735370024
22076782817703,22078069840017
22078134456403,22078069840017
22078134456403,22078390525000
22078134456403,22078587751262
22078134456403,22078802128243
22078134456403,22079004326049
22079065381163,22079004326049
22079065381163,22079259363319
22079065381163,22079587045640
22079065381163,22079751483569
22079065381163,22080109834016
22080110649726,22080109834016
22080110649726,22080368110845
22080110649726,22080583239264
22080110649726,22080780666154
22080782835414,22080780666154
22080782835414,22080983725606
22080782835414,22081131422784
22080782835414,22081356214419
22080782835414,22081624148415
22080782835414,22081970871983
22082033279329,22081970871983
22082033279329,22082239474192
22082033279329,22082421450513
22082033279329,22082544816001
22082033279329,22082878906568
22083053098556,22082878906568
22083053098556,22083237056862
22083053098556,22083604107894
22083053098556,22083861242485
22083863140978,22083861242485
22083863140978,22084070759029
22083863140978,22084227365868
22083863140978,22084463706941
22083863140978,22084731148981
22083863140978,22085016378316
22085094084067,22085016378316
22085094084067,22085369172454
22085094084067,22085575238072
22085094084067,22085807304488
22085809856150,22085807304488
22085809856150,22086041033270
22085809856150,22086274383486
22085809856150,22086461908026
22085809856150,22086599260636
22085809856150,22087029965897
22087139943111,22087029965897
22087139943111,22087355728255
22087139943111,22087537831621
22087139943111,22087702971908
22087139943111,22087850634159
22087948784838,22087850634159
22087948784838,22088186849883
22087948784838,22088376375451
22087948784838,22088554943339
22087948784838,22088763079173
22088839938245,22088763079173
22088839938245,22089115122162
22088839938245,22089265439388
22088839938245,22089492983628
22088839938245,22089721495058
22089852856086,22089721495058
22089852856086,22090136467633
22089852856086,22090399313552
22089852856086,22090592625770
22090594955383,22090592625770
22090594955383,22090766479060
22090594955383,22090917773068
22090594955383,22091138144880
22090594955383,22091277350497
22090594955383,22091829443910
22091831289384,22091829443910
22091831289384,22092094895322
22091831289384,22092228170768
22091831289384,22092434594988
22091831289384,22092585776052
22092588089510,22092585776052
22092588089510,22092805485199
22092588089510,22092990928180
22092588089510,22093183315528
22092588089510,22093464135093
22093540323765,22093464135093
22093540323765,22093775849633
22093540323765,22093924046045
22093540323765,22094130729732
22094132193603,22094130729732
22094132193603,22094378966395
22094132193603,22094590427022
22094132193603,22094740319390
22094132193603,22094907898030
22094132193603,22095237426400
22094132193603,22095451074316
22095265694468,22095451074316
22095265694468,22095689577621
22095265694468,22095913329559
22095265694468,22096135684284
22096146932177,22096135684284
22096146932177,22096359458137
22096146932177,22096540446946
22096146932177,22096693038789
22096146932177,22097087520301
22097096751507,22097087520301
22097096751507,22097353713656
22097096751507,22097611647228
22097096751507,22097741321701
22097096751507,22098057125959
22098058633197,22098057125959
22098058633197,22098277223024
22098058633197,22098423556425
22098058633197,22098609328464
22098058633197,22098964431960
22098058633197,22099169040271
22098980164533,22099169040271
22098980164533,22099323271941
22098980164533,22099604175216
22098980164533,22099886784435
22099889157386,22099886784435
22099889157386,22100104477275
22099889157386,22100277325039
22099889157386,22100450031384
22099889157386,22100765199272
22100893751340,22100765199272
22100893751340,22101106687828
22100893751340,22101272916983
22100893751340,22101495932421
22100893751340,22101759311486
22101790712433,22101759311486
22101790712433,22101996383518
22101790712433,22102186045483
22101790712433,22102377824263
22102380506321,22102377824263
22102380506321,22102606183546
22102380506321,22102787928032
22102380506321,22102949213671
22102380506321,22103093198405
22102380506321,22103609115729
22103621086949,22103609115729
22103621086949,22103816760204
22103621086949,22104116390866
22103621086949,22104290156361
22103621086949,22104461796373
22104472103041,22104461796373
22104472103041,22104690164568
22104472103041,22104876487123
22104472103041,22105146222836
22104472103041,22105433958644
22105481482090,22105433958644
22105481482090,22105661593554
22105481482090,22105888450334
22105481482090,22106042600971
22106044408735,22106042600971
22106044408735,22106262420085
22106044408735,22106437136830
22106044408735,22106583043980
22106044408735,22106786586046
22106044408735,22107445878281
22107597316222,22107445878281
22107597316222,22107769252651
22107597316222,22107982571199
22107597316222,22108155370478
22108157236330,22108155370478
22108157236330,22108442767887
22108157236330,22108598373906
22108157236330,22108821527533
22108157236330,22109056941068
22108157236330,22109412710966
22109472759289,22109412710966
22109472759289,22109736557444
22109472759289,22109944139869
22109472759289,22110087706026
22109472759289,22110290783133
22110360352241,22110290783133
22110360352241,22110526120120
22110360352241,22110778413110
22110360352241,22110950311196
22110360352241,22111120128788
22111230999653,22111120128788
22111230999653,22111469542893
22111230999653,22111657919272
22111659960542,22111657919272
22111659960542,22111882747892
22111659960542,22112039902490
22111659960542,22112204345010
22111659960542,22112396432590
22111659960542,22112538629062
22111659960542,22112942079847
22112958337188,22112942079847
22112958337188,22113159775193
22112958337188,22113364196475
22112958337188,22113530642526
22113532616358,22113530642526
22113532616358,22113766740054
22113532616358,22113979757205
22113532616358,22114215241620
22113532616358,22114381099299
22113532616358,22114737872032
22114821347769,22114737872032
22114821347769,22115137482201
22114821347769,22115370264459
22114821347769,22115578747492
22114821347769,22115715967872
22115717795383,22115715967872
22115717795383,22116022162396
22115717795383,22116189793893
22116200413903,22116189793893
22116200413903,22116403357660
22116200413903,22116566296085
22116200413903,22116725133188
22116200413903,22116887745593
22116200413903,22117067351732
22116200413903,22117592109721
22117684760106,22117592109721
22117684760106,22117909708950
22117684760106,22118070724566
22117684760106,22118257286166
22117684760106,22118560394361
22118662943288,22118560394361
22118662943288,22118949312529
22118662943288,22119093370654
22118662943288,22119311305494
22119314362207,22119311305494
22119314362207,22119526273282
22119314362207,22119652209516
22119314362207,22119825489775
22119314362207,22120067065801
22119314362207,22120497136978
22120521148541,22120497136978
22120521148541,22120749921824
22120521148541,22120901490893
22120521148541,22121075863947
22120521148541,22121472422952
22121474520081,22121472422952
22121474520081,22121656517935
22121474520081,22121850868769
22121474520081,22122024646544
22121474520081,22122309562504
22122318176375,22122309562504
22122318176375,22122444423786
22122318176375,22122683857512
22122318176375,22122884236497
22122885970361,22122884236497
22122885970361,22123097793458
22122885970361,22123262567053
22122885970361,22123390585098
22122885970361,22123709000826
22122885970361,22124103469902
22124105557958,22124103469902
22124105557958,22124283548588
22124105557958,22124520673543
22124105557958,22124720794375
22124723284776,22124720794375
22124723284776,22124977397285
22124723284776,22125167810701
22124723284776,22125355382312
22124723284776,22125510046909
22124723284776,22126021830221
22126034560866,22126021830221
22126034560866,22126215419320
22126034560866,22126487469958
22126034560866,22126651951382
22126034560866,22126928029117
22126930566422,22126928029117
22126930566422,22127080649278
22126930566422,22127376259121
22126930566422,22127568481426
22127571093508,22127568481426
22127571093508,22127791217465
22127571093508,22127965052127
22127571093508,22128166071224
22127571093508,22128343070390
22127571093508,22128634502719
22128720017423,22128634502719
22128720017423,22128940825506
22128720017423,22129141407922
22128720017423,22129334144880
22128720017423,22129627773476
22129658656275,22129627773476
22129658656275,22129868528240
22129658656275,22130064546405
22129658656275,22130255740549
22129658656275,22130555308635
22130654761868,22130555308635
22130654761868,22130817888904
22130654761868,22131058916471
22130654761868,22131308888887
22130654761868,22131595488645
22131599069845,22131595488645
22131599069845,22131864997426
22131599069845,22132026303991
22131599069845,22132206599256
22131599069845,22132570199856
22132572176071,22132570199856
22132572176071,22132851428183
22132572176071,22133064129619
22132572176071,22133595366576
22133630122453,22133595366576
22133630122453,22133874307598
22133630122453,22134043516693
22133630122453,22134220950259
22133630122453,22134354034805
22133630122453,22134514201433
22134517384037,22134514201433
22134517384037,22134788268027
22134517384037,22135045140036
22134517384037,22135208336214
22134517384037,22135441044202
22135499307483,22135441044202
22135499307483,22135762107825
22135499307483,22136002287772
22135499307483,22136253429940
22135499307483,22136455526581
22136457591141,22136455526581
22136457591141,22136648599929
22136457591141,22136854382237
22136457591141,22136985330191
22136457591141,22137367543180
22137392730970,22137367543180
22137392730970,22137588932627
22137392730970,22137863335561
22137392730970,22138024217763
22137392730970,22138363505713
22138365648649,22138363505713
22138365648649,22138593207868
22138365648649,22138796773661
22138365648649,22138953678400
22138365648649,22139248050252
22139331363755,22139248050252
22139331363755,22139602877663
22139331363755,22139754405929
22139331363755,22139907888552
22139331363755,22140231952069
22140256903486,22140231952069
22140256903486,22140474958612
22140256903486,22140657506554
22140256903486,22140799681369
22140256903486,22141138697883
22141218381732,22141138697883
22141218381732,22141367688982
22141218381732,22141760912133
22141218381732,22141945821865
22141218381732,22142136418733
22142138877184,22142136418733
22142138877184,22142414099311
22142138877184,22142569540888
22142138877184,22142719310627
22142138877184,22143069446127
22143110508133,22143069446127
22143110508133,22143310434699
22143110508133,22143490165466
22143110508133,22143703023058
22143704843655,22143703023058
22143704843655,22143888571382
22143704843655,22144048830872
22143704843655,22144244945996
22143704843655,22144554454989
22143704843655,22144871698836
22144956683528,22144871698836
22144956683528,22145310369039
22144956683528,22145508174308
22144956683528,22145669603001
22144956683528,22145908389198
22145987254850,22145908389198
22145987254850,22146267224335
22145987254850,22146423319351
22145987254850,22146611450473
22145987254850,22147032742475
22147091046862,22147032742475
22147091046862,22147382210021
22147091046862,22147535735158
22147091046862,22147718923582
22147721553350,22147718923582
22147721553350,22147968437823
22147721553350,22148109594416
22147721553350,22148279570789
22147721553350,22148428917053
22147721553350,22148927281422
22149007286530,22148927281422
22149007286530,22149309529106
22149007286530,22149508981674
22149007286530,22149692295893
22149007286530,22149979417714
22150007314517,22149979417714
22150007314517,22150266111630
22150007314517,22150436408588
22150007314517,22150599512898
22150007314517,22150774610939
22150601945335,22150774610939
22150601945335,22150917307558
22150601945335,22151099604824
22150601945335,22151324273243
22150601945335,22151834565766
22151898508627,22151834565766
22151898508627,22152109268523
22151898508627,22152329135996
22151898508627,22152513339605
22152714803193,22152513339605
22152714803193,22152963704674
22152714803193,22153148334622
22152714803193,22153329646934
22152714803193,22153713027123
22152714803193,22154101166244
22154102757303,22154101166244
22154102757303,22154288871741
22154102757303,22154473454604
22154102757303,22154642481550
22154102757303,22155004291305
22155062211050,22155004291305
22155062211050,22155270564713
22155062211050,22155503506647
22155062211050,22155662059800
22155062211050,22155966634990
22156041933275,22155966634990
22156041933275,22156281785141
22156041933275,22156453811872
22156041933275,22156639932644
22156041933275,22156969062825
22157037890802,22156969062825
22157037890802,22157309204623
22157037890802,22157461418637
22157037890802,22157648112663
22157650036180,22157648112663
22157650036180,22157912618726
22157650036180,22158077894448
22157650036180,22158258530635
22157650036180,22158432708169
22157650036180,22158813377460
22158909507378,22158813377460
22158909507378,22159115486346
22158909507378,22159356405503
22158909507378,22159589875579
22158909507378,22159736267343
22159812164011,22159736267343
22159812164011,22160029449705
22159812164011,22160254685475
22159812164011,22160413356990
22159812164011,22160642164822
22160690148984,22160642164822
22160690148984,22160934628870
22160690148984,22161200124326
22160690148984,22161437620355
22160690148984,22161649611993
22161651462653,22161649611993
22161651462653,22161865552522
22161651462653,22162084406196
22161651462653,22162244428023
22162246435189,22162244428023
22162246435189,22162433274028
22162246435189,22162585905261
22162246435189,22162746679997
22162246435189,22163060998470
22162246435189,22163516799709
22163521326023,22163516799709
22163521326023,22163766616339
22163521326023,22164008631927
22163521326023,22164197321307
22163521326023,22164369231493
22164372687609,22164369231493
22164372687609,22164539415570
22164372687609,22164788914127
22164372687609,22164946264828
22164372687609,22165382755898
22165385819561,22165382755898
22165385819561,22165565266230
22165385819561,22165745557913
22165385819561,22165903431116
22165385819561,22166404316185
22166406506912,22166404316185
22166406506912,22166736751401
22166406506912,22166891448180
22166406506912,22167087736902
22166406506912,22167385223744
22167387881644,22167385223744
22167387881644,22167587358237
22167387881644,22167751735560
22167387881644,22167957044206
22167959146271,22167957044206
22167959146271,22168188884927
22167959146271,22168344465897
22167959146271,22168500673211
22167959146271,22168678076750
22167959146271,22169086385148
22169093511721,22169086385148
22169093511721,22169645493165
22169093511721,22169865186083
22169093511721,22170021100678
22170022213136,22170021100678
22170022213136,22170288982442
22170022213136,22170468811532
22170022213136,22170660520543
22170022213136,22170832037161
22170022213136,22171173827407
22171175681653,22171173827407
22171175681653,22171438858239
22171175681653,22171613906853
22171175681653,22171768260205
22171175681653,22172045402319
22172096301971,22172045402319
22172096301971,22172368318535
22172096301971,22172602147906
22172096301971,22172817903247
22172096301971,22173128636097
22173130573629,22173128636097
22173130573629,22173321957672
22173130573629,22173524250100
22173130573629,22173674073273
22173675044453,22173674073273
22173675044453,22173928753205
22173675044453,22174068463847
22173675044453,22174237187109
22173675044453,22174551211701
22174555404294,22174551211701
22174555404294,22174721713045
22174555404294,22174956447513
22174555404294,22175164283726
22174555404294,22175449941244
22174555404294,22175860421491
22175906512590,22175860421491
22175906512590,22176196121410
22175906512590,22176344577269
22175906512590,22176507284637
22175906512590,22176735037519
22176815436888,22176735037519
22176815436888,22177069484478
22176815436888,22177261483339
22176815436888,22177389450396
22176815436888,22177767868403
22177832884968,22177767868403
22177832884968,22178114110791
22177832884968,22178262587473
22177832884968,22178439025391
22177832884968,22178782654615
22178785096020,22178782654615
22178785096020,22179060375581
22178785096020,22179232155290
22178785096020,22179422175517
22178785096020,22179769772522
22179771317602,22179769772522
22179771317602,22179976668174
22179771317602,22180174554769
22179771317602,22180318813826
22179771317602,22180721044704
22180723385439,22180721044704
22180723385439,22181003646058
22180723385439,22181141145472
22180723385439,22181323170974
22180723385439,22181638132740
22181736929032,22181638132740
22181736929032,22181971154923
22181736929032,22182159001720
22181736929032,22182340523628
22181736929032,22182516326279
22182662999215,22182516326279
22182662999215,22182904106955
22182662999215,22183142035134
22182662999215,22183318066104
22183319847061,22183318066104
22183319847061,22183553615144
22183319847061,22183707442348
22183319847061,22183867911106
22183319847061,22184067926811
22183319847061,22184383112724
22184455062645,22184383112724
22184455062645,22184719141610
22184455062645,22184872580007
22184455062645,22185192107128
22184455062645,22185344200385
22184455062645,22185502693815
22185504292214,22185502693815
22185504292214,22185699907501
22185504292214,22185847216563
22185504292214,22186322318327
22186326220314,22186322318327
22186326220314,22186521488733
22186326220314,22186683603071
22186326220314,22186880225348
22186326220314,22187179262837
22187259364202,22187179262837
22187259364202,22187581519567
22187259364202,22187743023670
22187259364202,22187884930489
22187259364202,22188209180539
22187259364202,22188616406957
22188437638815,22188616406957
22188437638815,22188786524919
22188437638815,22188995058460
22188997882914,22188995058460
22188997882914,22189244249186
22188997882914,22189399315053
22188997882914,22189553029714
22188997882914,22189720338833
22188997882914,22190114547160
22190210985337,22190114547160
22190210985337,22190407802805
22190210985337,22190596307731
22190210985337,22190798105348
22190210985337,22191105376187
22191110941922,22191105376187
22191110941922,22191358151658
22191110941922,22191551099853
22191110941922,22191753317528
22191110941922,22192025173862
22192026523998,22192025173862
22192026523998,22192234280932
22192026523998,22192383320937
22192026523998,22192579105733
22192026523998,22192857876182
22192026523998,22193052607889
22192873851094,22193052607889
22192873851094,22193278845796
22192873851094,22193449233105
22192873851094,22193743595580
22193754820385,22193743595580
22193754820385,22193959290067
22193754820385,22194128726808
22193754820385,22194381989900
22193754820385,22194583885363
22194609330119,22194583885363
22194609330119,22194886206986
22194609330119,22195062409061
22194609330119,22195223077949
22195089598184,22195223077949
22195089598184,22195376696144
22195089598184,22195533077906
22195089598184,22195749563908
22195089598184,22195995600256
22195089598184,22196430393653
22195089598184,22196671552401
22196507795049,22196671552401
22196507795049,22196985282982
22196507795049,22197131906545
22196507795049,22197486627878
22196507795049,22197695405229
22197488685930,22197695405229
22197488685930,22197857501180
22197488685930,22198073992911
22197488685930,22198277216042
22198456900525,22198277216042
22198456900525,22198703328573
22198456900525,22198865295677
22198456900525,22198990001906
22198456900525,22199265330786
22199362726157,22199265330786
22199362726157,22199618356218
22199362726157,22199771256767
22199362726157,22199963643531
22199995259695,22199963643531
22199995259695,22200222048300
22199995259695,22200386498513
22199995259695,22200546196618
22199995259695,22200835407065
22199995259695,22201268370241
22201321771646,22201268370241
22201321771646,22201547290886
22201321771646,22201747462900
22201321771646,22201938794969
22201321771646,22202165166298
22202237259158,22202165166298
22202237259158,22202462410437
22202237259158,22202666749744
22202237259158,22202875434893
22202237259158,22203185795375
22203188753679,22203185795375
22203188753679,22203443849502
22203188753679,22203644099343
22203188753679,22203817238462
22203188753679,22204183825358
22204185482057,22204183825358
22204185482057,22204413616211
22204185482057,22204560460368
22204185482057,22204714484050
22204716336486,22204714484050
22204716336486,22204941678416
22204716336486,22205107044168
22204716336486,22205277501967
22204716336486,22205467320673
22205482379202,22205467320673
22205482379202,22205744798350
22205482379202,22205974126575
22205482379202,22206150616722
22205482379202,22206391456716
22205482379202,22206884408127
22206904845105,22206884408127
22206904845105,22207150350343
22206904845105,22207311851921
22206904845105,22207509334245
22206904845105,22207813519731
22206904845105,22208053545327
22207871043510,22208053545327
22207871043510,22208312568365
22207871043510,22208499283369
22207871043510,22208791999537
22208837958710,22208791999537
22208837958710,22209041465846
22208837958710,22209185278676
22208837958710,22209417803421
22209420618631,22209417803421
22209420618631,22209627353249
22209420618631,22209810168493
22209420618631,22209965892709
22209420618631,22210339905104
22210341795401,22210339905104
22210341795401,22210572432467
22210341795401,22210733153694
22210341795401,22210906180279
22210341795401,22211089583081
22211117341835,22211089583081
22211117341835,22211390756557
22211117341835,22211525133303
22211117341835,22211674023105
22211117341835,22212110257854
22211117341835,22212509572450
22212586891824,22212509572450
22212586891824,22212825098279
22212586891824,22213046514013
22212586891824,22213528231569
22212586891824,22213675657357
22213859928773,22213675657357
22213859928773,22214056647992
22213859928773,22214258282610
22213859928773,22214429177234
22213859928773,22214841393515
22214864655942,22214841393515
22214864655942,22215121920308
22214864655942,22215292266043
22214864655942,22215464619982
22215466504770,22215464619982
22215466504770,22215624425679
22215466504770,22215794120294
22215466504770,22215950979334
22215466504770,22216232824788
22215466504770,22216649761892
22216711339985,22216649761892
22216711339985,22216903473887
22216711339985,22217277019770
22216711339985,22217471241004
22217473908223,22217471241004
22217473908223,22217633558555
22217473908223,22217777189322
22217473908223,22217974966629
22217473908223,22218138996025
22218203452064,22218138996025
22218203452064,22218454920038
22218203452064,22218578327809
22218203452064,22218721096890
22218203452064,22219067031346
22218203452064,22219653488171
22219673595643,22219653488171
22219673595643,22219948036889
22219673595643,22220114433809
22219673595643,22220295160858
22219673595643,22220561022446
22220590992849,22220561022446
22220590992849,22220847198911
22220590992849,22221030385029
22220590992849,22221215973436
22220590992849,22221469086962
22221470559457,22221469086962
22221470559457,22221723289247
22221470559457,22222034547878
22221470559457,22222217611820
22221470559457,22222529268733
22222532086209,22222529268733
22222532086209,22222757287864
22222532086209,22222961235274
22222532086209,22223138901341
22222532086209,22223395477987
22223450203311,22223395477987
22223450203311,22223695925874
22223450203311,22223945157167
22223450203311,22224114331351
22223450203311,22224295172963
22224116501584,22224295172963
22224116501584,22224450874997
22224116501584,22224617076467
22224116501584,22224882642267
22224116501584,22225357127875
22225499950796,22225357127875
22225499950796,22225675136464
22225499950796,22225830487747
22225499950796,22226036114809
22226037829438,22226036114809
22226037829438,22226234959101
22226037829438,22226439131802
22226037829438,22226549384356
22226037829438,22226718443275
22226037829438,22227111045131
22227303645638,22227111045131
22227303645638,22227512376563
22227303645638,22227711959779
22227303645638,22227903081350
22227905282546,22227903081350
22227905282546,22228127302221
22227905282546,22228372140598
22227905282546,22228555422161
22227905282546,22228726929490
22227905282546,22229214294991
22229216784995,22229214294991
22229216784995,22229427967383
22229216784995,22229608325738
22229216784995,22229839703214
22229216784995,22230040350169
22229841512792,22230040350169
22229841512792,22230219029161
22229841512792,22230409099607
22229841512792,22230621483419
22229841512792,22231052163251
22231202487686,22231052163251
22231202487686,22231427941644
22231202487686,22231546808482
22231202487686,22231755483027
22231202487686,22232093819897
22232098442688,22232093819897
22232098442688,22232327436576
22232098442688,22232495687415
22232098442688,22232674401032
22232098442688,22232961315930
22233017732512,22232961315930
22233017732512,22233233386920
22233017732512,22233403140791
22233017732512,22233608221920
22233017732512,22233999185672
22234002261149,22233999185672
22234002261149,22234294962224
22234002261149,22234467369774
22234002261149,22234625352137
22234002261149,22234993463984
22234997343732,22234993463984
22234997343732,22235255385594
22234997343732,22235419890642
22234997343732,22235608270414
22234997343732,22235968167460
22235978401268,22235968167460
22235978401268,22236153745171
22235978401268,22236386693603
22235978401268,22236517725981
22236520665387,22236517725981
22236520665387,22236770779702
22236520665387,22236894913907
22236520665387,22237075338309
22236520665387,22237375442707
22236520665387,22237837132721
22237856170007,22237837132721
22237856170007,22238048491668
22237856170007,22238268375212
22237856170007,22238474174460
22237856170007,22238719821611
22238778512519,22238719821611
22238778512519,22239006947434
22238778512519,22239242235252
22238778512519,22239448112362
22239451042187,22239448112362
22239451042187,22239660342015
22239451042187,22239861671424
22239451042187,22240004406484
22239451042187,22240209406326
22239451042187,22240588424325
22240784111860,22240588424325
22240784111860,22241030103787
22240784111860,22241214800374
22240784111860,22241351831343
22240784111860,22241536487418
22241666947885,22241536487418
22241666947885,22241860545595
22241666947885,22242156157239
22241666947885,22242316950832
22242325768855,22242316950832
22242325768855,22242552334080
22242325768855,22242722137180
22242325768855,22242899500411
22242325768855,22243016832808
22242325768855,22243405370348
22243407864061,22243405370348
22243407864061,22243612181206
22243407864061,22243796287376
22243407864061,22243971320448
22243407864061,22244251177790
22244426926877,22244251177790
22244426926877,22244682198478
22244426926877,22244861864808
22244426926877,22245062177720
22244426926877,22245364376143
22245365950997,22245364376143
22245365950997,22245570566174
22245365950997,22245755296318
22245365950997,22245928987561
22245365950997,22246274833173
22245365950997,22246511955785
22246357608494,22246511955785
22246357608494,22246695437777
22246357608494,22246919897044
22246357608494,22247317189415
22247319917333,22247317189415
22247319917333,22247610263778
22247319917333,22247765370686
22247319917333,22247898424108
22247901462273,22247898424108
22247901462273,22248120112849
22247901462273,22248248507975
22247901462273,22248416559034
22247901462273,22248694597514
22248754202597,22248694597514
22248754202597,22248987380371
22248754202597,22249198140779
22248754202597,22249413066765
22248754202597,22249588480161
22248754202597,22250111495899
22250119365175,22250111495899
22250119365175,22250394196604
22250119365175,22250523889161
22250119365175,22250705127011
22250707836663,22250705127011
22250707836663,22250919184419
22250707836663,22251079496573
22250707836663,22251232835750
22250707836663,22251526052153
22251571144444,22251526052153
22251571144444,22251780319687
22251571144444,22252017642058
22251571144444,22252157135994
22251571144444,22252522201821
22251571144444,22252907952762
22252909741305,22252907952762
22252909741305,22253145982320
22252909741305,22253330151155
22252909741305,22253486501391
22252909741305,22253801394362
22253886500925,22253801394362
22253886500925,22254144933842
22253886500925,22254312226098
22253886500925,22254440113697
22254440902268,22254440113697
22254440902268,22254682270790
22254440902268,22254819727436
22254440902268,22255081873909
22254440902268,22255353632018
22254440902268,22256163424987
22256164138043,22256163424987
22256164138043,22256430563232
22256164138043,22256655649315
22256164138043,22256898332448
22256164138043,22257046314449
22256164138043,22257217296980
22257218913641,22257217296980
22257218913641,22257429954082
22257218913641,22257542415050
22257544023610,22257542415050
22257544023610,22257786732137
22257544023610,22257919151776
22257544023610,22258053295146
22257544023610,22258487579169
22257544023610,22258987497049
22258988493441,22258987497049
22258988493441,22259178874532
22258988493441,22259379595478
22258988493441,22259583476508
22258988493441,22259898987022
22259915531436,22259898987022
22259915531436,22260161079118
22259915531436,22260387321611
22259915531436,22260574047906
22259915531436,22260736866802
22260845873846,22260736866802
22260845873846,22261117897970
22260845873846,22261266420063
22260845873846,22261463311390
22261464529494,22261463311390
22261464529494,22261630370703
22261464529494,22261793519549
22261464529494,22261947976670
22261464529494,22262284767691
22261464529494,22262699502044
22262734891839,22262699502044
22262734891839,22263030931227
22262734891839,22263180417501
22262734891839,22263371363221
22262734891839,22263703384424
22263755727546,22263703384424
22263755727546,22264015012343
22263755727546,22264232280533
22263755727546,22264481726833
22263755727546,22264722498741
22264773964925,22264722498741
22264773964925,22264983162547
22264773964925,22265232608044
22264773964925,22265396028861
22264773964925,22265613145145
22265618523636,22265613145145
22265618523636,22265779329034
22265618523636,22266008086333
22265618523636,22266218694487
22266220678325,22266218694487
22266220678325,22266407748577
22266220678325,22266551312120
22266220678325,22266754268308
22266220678325,22267041889109
22266220678325,22267513967437
22267516773869,22267513967437
22267516773869,22267713835793
22267516773869,22267904170250
22267516773869,22268060041844
22267516773869,22268386348290
22268480642922,22268386348290
22268480642922,22268715015568
22268480642922,22268916954527
22268480642922,22269159528917
22269161598461,22269159528917
22269161598461,22269346970439
22269161598461,22269512939240
22269161598461,22269682897813
22269161598461,22269805267852
22269161598461,22270299111666
22270344936974,22270299111666
22270344936974,22270579068304
22270344936974,22270751490567
22270344936974,22270889631083
22270344936974,22271210865433
22271253627531,22271210865433
22271253627531,22271478485508
22271253627531,22271679643971
22271253627531,22271880039327
22271881847061,22271880039327
22271881847061,22272036154362
22271881847061,22272198095792
22271881847061,22272384909548
22271881847061,22272624470432
22271881847061,22273107585776
22273119710844,22273107585776
22273119710844,22273336026762
22273119710844,22273541100967
22273119710844,22273706111988
22273708310220,22273706111988
22273708310220,22273941326754
22273708310220,22274104353278
22273708310220,22274275685969
22273708310220,22274435788369
22273708310220,22274838907960
22274899714250,22274838907960
22274899714250,22275149941675
22274899714250,22275397212344
22274899714250,22275606117010
22275608113230,22275606117010
22275608113230,22275895060909
22275608113230,22276088175362
22275608113230,22276258325841
22275608113230,22276438233478
22276439352313,22276438233478
22276439352313,22276689269435
22276439352313,22276865864952
22276439352313,22277024191346
22276439352313,22277302306230
22277304848371,22277302306230
22277304848371,22277472396632
22277304848371,22277685743487
22277304848371,22277871765435
22277304848371,22278085480166
22277304848371,22278599506668
22278613050881,22278599506668
22278613050881,22279470620764
22278613050881,22279631148766
22278613050881,22279750966100
22278613050881,22279922645094
22279924440563,22279922645094
22279924440563,22280133816872
22279924440563,22280297788079
22279924440563,22280447659866
22279924440563,22280790126291
22280846879681,22280790126291
22280846879681,22281108612733
22280846879681,22281340084279
22280846879681,22281533527581
22281535336897,22281533527581
22281535336897,22281839137295
22281535336897,22281987377761
22281535336897,22282141587761
22281535336897,22282377267029
22281535336897,22282703890045
22282731000985,22282703890045
22282731000985,22282933993331
22282731000985,22283104392643
22282731000985,22283291979624
22282731000985,22283624750894
22283635923607,22283624750894
22283635923607,22283843677502
22283635923607,22284008326918
22283635923607,22284207267850
22284209847648,22284207267850
22284209847648,22284439762376
22284209847648,22284636174535
22284209847648,22284832663058
22284209847648,22285063173695
22284209847648,22285569049493
22285571154891,22285569049493
22285571154891,22285800894278
22285571154891,22286040182950
22285571154891,22286200609985
22285571154891,22286498109991
22286499362341,22286498109991
22286499362341,22286689875937
22286499362341,22286984094851
22286499362341,22287146448484
22286499362341,22287342570592
22287350836288,22287342570592
22287350836288,22287623261062
22287350836288,22287862323485
22287350836288,22288006906767
22288009360829,22288006906767
22288009360829,22288265704840
22288009360829,22288448349657
22288009360829,22288850853547
22288009360829,22288983583046
22288009360829,22289561210648
22289562344529,22289561210648
22289562344529,22289761430658
22289562344529,22289978899867
22289562344529,22290090728711
22289562344529,22290487065320
22290570364699,22290487065320
22290570364699,22290823588546
22290570364699,22291018076884
22290570364699,22291204139321
22291205710387,22291204139321
22291205710387,22291388485377
22291205710387,22291540795267
22291205710387,22291794476700
22291205710387,22291922390804
22291205710387,22292324961979
22292368871067,22292324961979
22292368871067,22292583764833
22292368871067,22292851439565
22292368871067,22293016375789
22292368871067,22293288713384
22293342321063,22293288713384
22293342321063,22293613133115
22293342321063,22293784125401
22293342321063,22293931680280
22293932810422,22293931680280
22293932810422,22294168139233
22293932810422,22294338571250
22293932810422,22294550298340
22293932810422,22294822844171
22293932810422,22295212961196
22295334111978,22295212961196
22295334111978,22295574280653
22295334111978,22295739735982
22295334111978,22295909580788
22295334111978,22296240466456
22296251959319,22296240466456
22296251959319,22296520595518
22296251959319,22296706539928
22296251959319,22296872429029
22296251959319,22297180389380
22297198050590,22297180389380
22297198050590,22297417172175
22297198050590,22297548384691
22297198050590,22297783126117
22297784734295,22297783126117
22297784734295,22298024310013
22297784734295,22298222444761
22297784734295,22298402327098
22297784734295,22298543800842
22297784734295,22298978352079
22299219255839,22298978352079
22299219255839,22299396363950
22299219255839,22299538285799
22299219255839,22299750704956
22299219255839,22299961217578
22300078604126,22299961217578
22300078604126,22300340068623
22300078604126,22300509852287
22300078604126,22300673785779
22300078604126,22300864469323
22300990196395,22300864469323
22300990196395,22301227052391
22300990196395,22301349154694
22300990196395,22301578847600
22301744682511,22301578847600
22301744682511,22301897073378
22301744682511,22302093125657
22301744682511,22302258575370
22301744682511,22302553994486
22301744682511,22302931439005
22303001878111,22302931439005
22303001878111,22303290373310
22303001878111,22303437344339
22303001878111,22303579783344
22303583252026,22303579783344
22303583252026,22303770791862
22303583252026,22303956337307
22303583252026,22304128202743
22303583252026,22304375033954
22303583252026,22304904410864
22304964907171,22304904410864
22304964907171,22305149304442
22304964907171,22305365064615
22304964907171,22305562175674
22305563670847,22305562175674
22305563670847,22305772868681
22305563670847,22305929418617
22305563670847,22306104856036
22305563670847,22306405586774
22305563670847,22306825868283
22306910468333,22306825868283
22306910468333,22307073847226
22306910468333,22307286037700
22306910468333,22307549605000
22306910468333,22307782744887
22307849554650,22307782744887
22307849554650,22308107328583
22307849554650,22308262547790
22307849554650,22308420982491
22308422423955,22308420982491
22308422423955,22308685378889
22308422423955,22308805356459
22308422423955,22308963704771
22308422423955,22309235455338
22308422423955,22309603792741
22309728041184,22309603792741
22309728041184,22309997897524
22309728041184,22310159516886
22309728041184,22310334013432
22309728041184,22310570776690
22310572898132,22310570776690
22310572898132,22310803197043
22310572898132,22310952956427
22310572898132,22311088562935
22310572898132,22311475235974
22311500434400,22311475235974
22311500434400,22311686886834
22311500434400,22311987280893
22311500434400,22312170474644
22312172107808,22312170474644
22312172107808,22312389319792
22312172107808,22312557829516
22312172107808,22312732225257
22312172107808,22312878289555
22312172107808,22313226866729
22313600347636,22313226866729
22313600347636,22313884619883
22313600347636,22314093486892
22313600347636,22314285333517
22313600347636,22314608551434
22314617313216,22314608551434
22314617313216,22314854252832
22314617313216,22315065019331
22314617313216,22315235150856
22315236722467,22315235150856
22315236722467,22315408710586
22315236722467,22315562063171
22315236722467,22315734405405
22315236722467,22315997487239
22315236722467,22316379594552
22316505516995,22316379594552
22316505516995,22316770075786
22316505516995,22316951224743
22316505516995,22317101179357
22316505516995,22317434536668
22317499245672,22317434536668
22317499245672,22317720804420
22317499245672,22317919330708
22317499245672,22318093733418
22318229711696,22318093733418
22318229711696,22318394375097
22318229711696,22318539654510
22318229711696,22318660538210
22318229711696,22318875387461
22318229711696,22319441851886
22319444123795,22319441851886
22319444123795,22319689367889
22319444123795,22319848163312
22319444123795,22320076244935
22319444123795,22320316346809
22320429146163,22320316346809
22320429146163,22320711312414
22320429146163,22320864136193
22320429146163,22321040375349
22320429146163,22321231823188
22321291234424,22321231823188
22321291234424,22321467536254
22321291234424,22321669065335
22321291234424,22321863218792
22321291234424,22322144742320
22321291234424,22322347620525
22322205942359,22322347620525
22322205942359,22322632045615
22322205942359,22322745108237
22322747241519,22322745108237
22322747241519,22323054663255
22322747241519,22323223245366
22322747241519,22323373184214
22322747241519,22323529339705
22322747241519,22324162519604
22324164236771,22324162519604
22324164236771,22324441819778
22324164236771,22324627322789
22324164236771,22324761421841
22324164236771,22325073259881
22325075615131,22325073259881
22325075615131,22325283458215
22325075615131,22325479428391
22325075615131,22325655160224
22325075615131,22325991299258
22325993835043,22325991299258
22325993835043,22326244478822
22325993835043,22326385280983
22325993835043,22326522341336
22326523850940,22326522341336
22326523850940,22326717305921
22326523850940,22326890168935
22326523850940,22327091442375
22326523850940,22327269756018
22326523850940,22327684100273
22327701803347,22327684100273
22327701803347,22327967266044
22327701803347,22328124923594
22327701803347,22328265789634
22327701803347,22328634177564
22328652723280,22328634177564
22328652723280,22328869294439
22328652723280,22329093204098
22328652723280,22329287608808
22328652723280,22329597424202
22329654591339,22329597424202
22329654591339,22329921944793
22329654591339,22330241683871
22329654591339,22330444706043
22329654591339,22330575715308
22329654591339,22330722286444
22330723482074,22330722286444
22330723482074,22330972200863
22330723482074,22331140116121
22330723482074,22331507667456
22331587733773,22331507667456
22331587733773,22331836219178
22331587733773,22332010250276
22331587733773,22332204585258
22331587733773,22332401979904
22332530468834,22332401979904
22332530468834,22332815176183
22332530468834,22333045299282
22332530468834,22333212671021
22332530468834,22333441898056
22333532736250,22333441898056
22333532736250,22333701690176
22333532736250,22333949265540
22333532736250,22334143501101
22333532736250,22334417536272
22334499462014,22334417536272
22334499462014,22334728733147
22334499462014,22334871375307
22334499462014,22335039166565
22334499462014,22335404810653
22335421868877,22335404810653
22335421868877,22335708346930
22335421868877,22335908067597
22335421868877,22336061518730
22336062997812,22336061518730
22336062997812,22336227329498
22336062997812,22336388907021
22336062997812,22336566002128
22336062997812,22336897329855
22336062997812,22337390796444
22337443499049,22337390796444
22337443499049,22337715896344
22337443499049,22337875101353
22337443499049,22338041748746
22337443499049,22338394460657
22338397114177,22338394460657
22338397114177,22338640872103
22338397114177,22338797688965
22338397114177,22338954815956
22338957317329,22338954815956
22338957317329,22339216581032
22338957317329,22339378928858
22338957317329,22339544250292
22338957317329,22339701458178
22338957317329,22339943409611
22339758492992,22339943409611
22339758492992,22340196400977
22339758492992,22340479334054
22339758492992,22340634311462
22339758492992,22341081498501
22341089766860,22341081498501
22341089766860,22341385914770
22341089766860,22341577577359
22341089766860,22341774409208
22341089766860,22342048719006
22342049799702,22342048719006
22342049799702,22342310637755
22342049799702,22342714418007
22342049799702,22342918458389
22342049799702,22343231824974
22343233525201,22343231824974
22343233525201,22343498066059
22343233525201,22343637052771
22343233525201,22343783449002
22343233525201,22344167558398
22344239921094,22344167558398
22344239921094,22344512363948
22344239921094,22344687192299
22344239921094,22344850943057
22344239921094,22345159632888
22345284558428,22345159632888
22345284558428,22345463317213
22345284558428,22345677714306
22345284558428,22345838037945
22345284558428,22346159009738
22346520490355,22346159009738
22346520490355,22346707522120
22346520490355,22346896245257
22346520490355,22347105378291
22346520490355,22347385293357
22347452157092,22347385293357
22347452157092,22347688837632
22347452157092,22347897162245
22347452157092,22348108475523
22347452157092,22348403446955
22348478181290,22348403446955
22348478181290,22348727260741
22348478181290,22348906428908
22348478181290,22349073868481
22348478181290,22349279507331
22349356748914,22349279507331
22349356748914,22349603152918
22349356748914,22349768812060
22349356748914,22350042609714
22349356748914,22350345132213
22350349333320,22350345132213
22350349333320,22350590123539
22350349333320,22350847858520
22350349333320,22351020024851
22350349333320,22351216150329
22351291845578,22351216150329
22351291845578,22351552013378
22351291845578,22351680480006
22351291845578,22351853864795
22351855483292,22351853864795
22351855483292,22352059035969
22351855483292,22352216381683
22351855483292,22352436567078
22351855483292,22352704349517
22352709552700,22352704349517
22352709552700,22352958747082
22352709552700,22353104199403
22352709552700,22353262515004
22352709552700,22353604119358
22352709552700,22354008172526
22354056887400,22354008172526
22354056887400,22354324062358
22354056887400,22354526631858
22354056887400,22354682517051
22354056887400,22354835126896
22354683880417,22354835126896
22354683880417,22354984607180
22354683880417,22355197180160
22354683880417,22355471365917
22354683880417,22355852255507
22355899043827,22355852255507
22355899043827,22356137336646
22355899043827,22356361939550
22355899043827,22356571396171
22356573504584,22356571396171
22356573504584,22356744467655
22356573504584,22356920122995
22356573504584,22357107443703
22356573504584,22357361135112
22356573504584,22357768490939
22357917591028,22357768490939
22357917591028,22358167277112
22357917591028,22358342076669
22358358445603,22358342076669
22358358445603,22358571090605
22358358445603,22358751842525
22358358445603,22358927480784
22358358445603,22359096318950
22358358445603,22359259092619
22358358445603,22359654222886
22359656936366,22359654222886
22359656936366,22359856374915
22359656936366,22360047784594
22359656936366,22360199138711
22360202365858,22360199138711
22360202365858,22360414751865
22360202365858,22360581749830
22360202365858,22360765445575
22360202365858,22361029300951
22360202365858,22361571764935
22361793821304,22361571764935
22361793821304,22361988380951
22361793821304,22362148522577
22361793821304,22362327167350
22361793821304,22362594796762
22362619511256,22362594796762
22362619511256,22362803186096
22362619511256,22363013353946
22362619511256,22363176645302
22362619511256,22363472218825
22363575498535,22363472218825
22363575498535,22363805089986
22363575498535,22364045603772
22363575498535,22364233756275
22363575498535,22364401230869
22364452685291,22364401230869
22364452685291,22364659993976
22364452685291,22364848283380
22364452685291,22365068415144
22364452685291,22365322249772
22365391268413,22365322249772
22365391268413,22365632272037
22365391268413,22365784495188
22365391268413,22365973055213
22365975079883,22365973055213
22365975079883,22366149474148
22365975079883,22366342064983
22365975079883,22366505762048
22365975079883,22366722893316
22365975079883,22367174596605
22367200653259,22367174596605
22367200653259,22367512668166
22367200653259,22367690270444
22367200653259,22367843435975
22367200653259,22368369522374
22368519711269,22368369522374
22368519711269,22368798050628
22368519711269,22368937261083
22368519711269,22369175397533
22368519711269,22369365854981
22369369052341,22369365854981
22369369052341,22369628376366
22369369052341,22369790606233
22369369052341,22369956096951
22369369052341,22370202448597
22370248969479,22370202448597
22370248969479,22370546958343
22370248969479,22370712278420
22370248969479,22370903419512
22370248969479,22371077557210
22371097284197,22371077557210
22371097284197,22371325165558
22371097284197,22371514262202
22371097284197,22371720436496
22371097284197,22371995485307
22372083390572,22371995485307
22372083390572,22372336037463
22372083390572,22372536002328
22372083390572,22372790057394
22372083390572,22373033803471
22373034847522,22373033803471
22373034847522,22373286175799
22373034847522,22373440177011
22373034847522,22373652383523
22373654890369,22373652383523
22373654890369,22373858631139
22373654890369,22374026932833
22373654890369,22374179666852
22373654890369,22374331256723
22373654890369,22374907122865
22374909438045,22374907122865
22374909438045,22375178725803
22374909438045,22375346957791
22374909438045,22375558301793
22374909438045,22375728092753
22375749767985,22375728092753
22375749767985,22375937124536
22375749767985,22376198062833
22375749767985,22376379258486
22375749767985,22376693783282
22376696902174,22376693783282
22376696902174,22376898871036
22376696902174,22377092151789
22376696902174,22377258646251
22377261147530,22377258646251
22377261147530,22377463174029
22377261147530,22377627980821
22377261147530,22377809298369
22377261147530,22378010187538
22377261147530,22378370052547
22378389248526,22378370052547
22378389248526,22378562499830
22378389248526,22378756581149
22378389248526,22378882177985
22378389248526,22379285672664
22379354511883,22379285672664
22379354511883,22379593123132
22379354511883,22379803461813
22379354511883,22379986284781
22379354511883,22380263255311
22380303022416,22380263255311
22380303022416,22380527085214
22380303022416,22380684192781
22380303022416,22380827419153
22380303022416,22381205548069
22381264284744,22381205548069
22381264284744,22381521488177
22381264284744,22381787396210
22381264284744,22381964092505
22381966239726,22381964092505
22381966239726,22382229326911
22381966239726,22382469370518
22381966239726,22382626755184
22381966239726,22382795339296
22381966239726,22383080261388
22383145811502,22383080261388
22383145811502,22383369221323
22383145811502,22383647171468
22383145811502,22383810303958
22383145811502,22383995639754
22384041357333,22383995639754
22384041357333,22384212783368
22384041357333,22384383093130
22384041357333,22384631126756
22384041357333,22384936034728
22384041357333,22385065346641
22384937778515,22385065346641
22384937778515,22385587731880
22384937778515,22385736690824
22384937778515,22386115811378
22386117381349,22386115811378
22386117381349,22386379231228
22386117381349,22386590665107
22386117381349,22386707960996
22386117381349,22387168287098
22387169373654,22387168287098
22387169373654,22387402046827
22387169373654,22387660154033
22387169373654,22387851313924
22387853235401,22387851313924
22387853235401,22388033517851
22387853235401,22388161992498
22387853235401,22388328426038
22387853235401,22388580323778
22388629127584,22388580323778
22388629127584,22388871290825
22388629127584,22389193813577
22388629127584,22389362206035
22388629127584,22389521307187
22388629127584,22389939252201
22390038243660,22389939252201
22390038243660,22390274427820
22390038243660,22390453487802
22390038243660,22390663678348
22390666792621,22390663678348
22390666792621,22390847221501
22390666792621,22390991205267
22390666792621,22391206267697
22390666792621,22391508629487
22391517667386,22391508629487
22391517667386,22391752215507
22391517667386,22391993886928
22391517667386,22392204748003
22391517667386,22392445784346
22391517667386,22392770120801
22392923740626,22392770120801
22392923740626,22393189835194
22392923740626,22393326579852
22392923740626,22393572133687
22392923740626,22393890425651
22394012858426,22393890425651
22394012858426,22394182386524
22394012858426,22394396560444
22394012858426,22394572559050
22394574391984,22394572559050
22394574391984,22394764034377
22394574391984,22394900453908
22394574391984,22395071822321
22394574391984,22395321739341
22394574391984,22395688731735
22395864671319,22395688731735
22395864671319,22396136532687
22395864671319,22396325123160
22395864671319,22396499728515
22395864671319,22396770845470
22396824545513,22396770845470
22396824545513,22397043279914
22396824545513,22397229059260
22396824545513,22397443720184
22396824545513,22397710395926
22397727060812,22397710395926
22397727060812,22397958401846
22397727060812,22398125693441
22397727060812,22398299064738
22397727060812,22398642342346
22398643740809,22398642342346
22398643740809,22398844264939
22398643740809,22399037532375
22398643740809,22399219550863
22398643740809,22399430425138
22399475840705,22399430425138
22399475840705,22399617781601
22399475840705,22399954448016
22399475840705,22400121279446
22399475840705,22400383336374
22400397599674,22400383336374
22400397599674,22400676196440
22400397599674,22400894342898
22400397599674,22401055538608
22401057425075,22401055538608
22401057425075,22401253102466
22401057425075,22401474902902
22401057425075,22401661927906
22401057425075,22401840286680
22401057425075,22402282860624
22402283997897,22402282860624
22402283997897,22402479690169
22402283997897,22402744071500
22402283997897,22402879087305
22402283997897,22403223619268
22403225661300,22403223619268
22403225661300,22403512994919
22403225661300,22403731796447
22403225661300,22403854061183
22403225661300,22404015573934
22404017641074,22404015573934
22404017641074,22404302369195
22404017641074,22404487773904
22404017641074,22404677968134
22404680131714,22404677968134
22404680131714,22404868142600
22404680131714,22405024431212
22404680131714,22405183548914
22404680131714,22405352101233
22405414020692,22405352101233
22405414020692,22405636315345
22405414020692,22405907559067
22405414020692,22406123566788
22405414020692,22406367512536
22405414020692,22406678201600
22406802202595,22406678201600
22406802202595,22407049350555
22406802202595,22407223248957
22406802202595,22407398187449
22406802202595,22407688709625
22407726590745,22407688709625
22407726590745,22407883873926
22407726590745,22408168362794
22407726590745,22408301683578
22407726590745,22408699463242
22407726590745,22408914103665
22408739309808,22408914103665
22408739309808,22409114710846
22408739309808,22409249337303
22408739309808,22409610339768
22409679914535,22409610339768
22409679914535,22409933872555
22409679914535,22410121720797
22410122586735,22410121720797
22410122586735,22410325184755
22410122586735,22410495385280
22410122586735,22410674329698
22410122586735,22410799234621
22410122586735,22410974212948
22410122586735,22411512998124
22411515557885,22411512998124
22411515557885,22411780621307
22411515557885,22411922521356
22411515557885,22412110440406
22412112203129,22412110440406
22412112203129,22412363353520
22412112203129,22412530853351
22412112203129,22412673529466
22412112203129,22412872848380
22412112203129,22413350406491
22413375739091,22413350406491
22413375739091,22413624556134
22413375739091,22413774884964
22413375739091,22413984408773
22413375739091,22414199270753
22414281008577,22414199270753
22414281008577,22414477621252
22414281008577,22414637053977
22414281008577,22414866354776
22414867589875,22414866354776
22414867589875,22415090660992
22414867589875,22415233068201
22414867589875,22415402232008
22414867589875,22415687083333
22415688153801,22415687083333
22415688153801,22415889171693
22415688153801,22416142242399
22415688153801,22416304116716
22415688153801,22416467294851
22415688153801,22417007367940
22417011966053,22417007367940
22417011966053,22417273436314
22417011966053,22417396065863
22417011966053,22417603692399
22417011966053,22417955491520
22417967799804,22417955491520
22417967799804,22418175427354
22417967799804,22418362853809
22417967799804,22418612399646
22418614034529,22418612399646
22418614034529,22418892091971
22418614034529,22419087330645
22418614034529,22419267306412
22418614034529,22419432325170
22419434083152,22419432325170
22419434083152,22419721337917
22419434083152,22419856419603
22419434083152,22420048215005
22419434083152,22420202019196
22419434083152,22420702700118
22420740982662,22420702700118
22420740982662,22421002373610
22420740982662,22421236478823
22420740982662,22421382911286
22420740982662,22421601233744
22421653453183,22421601233744
22421653453183,22421944964885
22421653453183,22422106336437
22421653453183,22422355422851
22421653453183,22422568494982
22422640962664,22422568494982
22422640962664,22422841380530
22422640962664,22422990667918
22422640962664,22423266178344
22422640962664,22423502110038
22423590257619,22423502110038
22423590257619,22423819342802
22423590257619,22424059747575
22423590257619,22424292408354
22423590257619,22424560914413
22424572403987,22424560914413
22424572403987,22424842050222
22424572403987,22424989984506
22424572403987,22425215514993
22424572403987,22425568184281
22425571606512,22425568184281
22425571606512,22425771770546
22425571606512,22425980326455
22425571606512,22426167329009
22426168912052,22426167329009
22426168912052,22426408236795
22426168912052,22426559147337
22426168912052,22426729325814
22426168912052,22426921035162
22426168912052,22427324191399
22427542016901,22427324191399
22427542016901,22427736638247
22427542016901,22427885800774
22427542016901,22428088728253
22427542016901,22428357155726
22428359038248,22428357155726
22428359038248,22428525484162
22428359038248,22428669577657
22428359038248,22428863125551
22428359038248,22429321973226
22429341892384,22429321973226
22429341892384,22429560250798
22429341892384,22429755713862
22429341892384,22429934509588
22429341892384,22430176404097
22430680825729,22430176404097
22430680825729,22430933527488
22430680825729,22431113614830
22430680825729,22431344184128
22430680825729,22431493388322
22431495011320,22431493388322
22431495011320,22431881812460
22431495011320,22432058121407
22431495011320,22432302317333
22432316518973,22432302317333
22432316518973,22432554075244
22432316518973,22432699875125
22432316518973,22432927425810
22432316518973,22433163985062
22433260862064,22433163985062
22433260862064,22433520617386
22433260862064,22433814155738
22433260862064,22434006895736
22433260862064,22434107714974
22433260862064,22434707316016
22434709546485,22434707316016
22434709546485,22434926594478
22434709546485,22435032497102
22434709546485,22435196247448
22435209970802,22435196247448
22435209970802,22435398346217
22435209970802,22435635478602
22435209970802,22435792820899
22435209970802,22436125024906
22435209970802,22436602150464
22436761867627,22436602150464
22436761867627,22436989200254
22436761867627,22437128804046
22436761867627,22437329627468
22436761867627,22437474079729
22437479809349,22437474079729
22437479809349,22437728472046
22437479809349,22437887924996
22437479809349,22438040899720
22438042064644,22438040899720
22438042064644,22438244308567
22438042064644,22438548275897
22438042064644,22438753199215
22438042064644,22438939791094
22438042064644,22439434749962
22439466798486,22439434749962
22439466798486,22439747385460
22439466798486,22439872269526
22439466798486,22440052293516
22439466798486,22440441668038
22440443904385,22440441668038
22440443904385,22440636536469
22440443904385,22440826792413
22440443904385,22441021739309
22440443904385,22441332023133
22441344874330,22441332023133
22441344874330,22441534135465
22441344874330,22441737092351
22441344874330,22442033248543
22441344874330,22442274338896
22442283396705,22442274338896
22442283396705,22442536410886
22442283396705,22442750268679
22442283396705,22442913340472
22442283396705,22443259922906
22443261499743,22443259922906
22443261499743,22443444080555
22443261499743,22443593085761
22443261499743,22443942105960
22443261499743,22444331380178
22444335171596,22444331380178
22444335171596,22444552254558
22444335171596,22444729661473
22444335171596,22444895778804
22444897171175,22444895778804
22444897171175,22445102789669
22444897171175,22445237051727
22444897171175,22445376276635
22444897171175,22445630905462
22445659804486,22445630905462
22445659804486,22445913565247
22445659804486,22446086708540
22445659804486,22446258082074
22445659804486,22446582052097
22445659804486,22446998610630
22447011868025,22446998610630
22447011868025,22447268730206
22447011868025,22447420531878
22447011868025,22447592859213
22447011868025,22447907331943
22447931395389,22447907331943
22447931395389,22448219927977
22447931395389,22448420113878
22447931395389,22448626231272
22447931395389,22448880507375
22448918115289,22448880507375
22448918115289,22449186865678
22448918115289,22449360483082
22448918115289,22449546674963
22449548267329,22449546674963
22449548267329,22449741457816
22449548267329,22449893654108
22449548267329,22450088110244
22449548267329,22450366812005
22450388133923,22450366812005
22450388133923,22450608235540
22450388133923,22450786129675
22450388133923,22450982453217
22450388133923,22451411174555
22450388133923,22451780065831
22451890553593,22451780065831
22451890553593,22452159104522
22451890553593,22452331388345
22451890553593,22452524261506
22451890553593,22452801684187
22452863611714,22452801684187
22452863611714,22453131685539
22452863611714,22453331238489
22452863611714,22453477135871
22453478754812,22453477135871
22453478754812,22453685287908
22453478754812,22453953602602
22453478754812,22454151043729
22453478754812,22454400734810
22453478754812,22454651472448
22453478754812,22454981221920
22454771759673,22454981221920
22454771759673,22455238186466
22454771759673,22455393029575
22454771759673,22455692477057
22455727255874,22455692477057
22455727255874,22455940382613
22455727255874,22456089325825
22455727255874,22456241310670
22456246824867,22456241310670
22456246824867,22456430938018
22456246824867,22456594228113
22456246824867,22456785583844
22456246824867,22456926286978
22456246824867,22457514482200
22457516208350,22457514482200
22457516208350,22457755070414
22457516208350,22457935674053
22457516208350,22458110067549
22457516208350,22458493809778
22458495740060,22458493809778
22458495740060,22458725566950
22458495740060,22458984587776
22458495740060,22459152909276
22458495740060,22459326442649
22458495740060,22459543286455
22459545066809,22459543286455
22459545066809,22459822541881
22459545066809,22459991840665
22459994872164,22459991840665
22459994872164,22460175970892
22459994872164,22460311992523
22459994872164,22460477235780
22459994872164,22460644631361
22459994872164,22461039337143
22461165354195,22461039337143
22461165354195,22461388435644
22461165354195,22461570925523
22461165354195,22461782314683
22461165354195,22462153316732
22462171500856,22462153316732
22462171500856,22462389355472
22462171500856,22462560341237
22462171500856,22462728160459
22462171500856,22462997951870
22463055208281,22462997951870
22463055208281,22463257252530
22463055208281,22463435391981
22463055208281,22463606982612
22463055208281,22463922238770
22463994440016,22463922238770
22463994440016,22464185287611
22463994440016,22464403846824
22463994440016,22464588737192
22463994440016,22464809800244
22464906938978,22464809800244
22464906938978,22465166310830
22464906938978,22465361965481
22464906938978,22465566335069
22464906938978,22465720523646
22465806618348,22465720523646
22465806618348,22465998656662
22465806618348,22466361269529
22465806618348,22466890864660
22465806618348,22467058803179
22465806618348,22467216567159
22465806618348,22467348123175
22467349766762,22467348123175
22467349766762,22467488026123
22467349766762,22467793973771
22467958089704,22467793973771
22467958089704,22468229565146
22467958089704,22468436395269
22468437540739,22468436395269
22468437540739,22468697080502
22468437540739,22468823411137
22468437540739,22469001961849
22468437540739,22469169209428
22468437540739,22469316639718
22469420351455,22469316639718
22469420351455,22469631475221
22469420351455,22469782976733
22469420351455,22469965403342
22469420351455,22470148770732
22469420351455,22470679631029
22470700796907,22470679631029
22470700796907,22470969102205
22470700796907,22471167264319
22470700796907,22471363365155
22470700796907,22471546789640
22471701942491,22471546789640
22471701942491,22471967042236
22471701942491,22472150402089
22471701942491,22472316067260
22471701942491,22472663272012
22472786065493,22472663272012
22472786065493,22472969980974
22472786065493,22473151971581
22472786065493,22473388623020
22472786065493,22473664200716
22473791206033,22473664200716
22473791206033,22474031365142
22473791206033,22474275238124
22473791206033,22474407516902
22473791206033,22474661761310
22474695550789,22474661761310
22474695550789,22474852879719
22474695550789,22475084359414
22474695550789,22475289380371
22475291585059,22475289380371
22475291585059,22475447177531
22475291585059,22475572128491
22475291585059,22475706056498
22475291585059,22476111386249
22475291585059,22476477160380
22476527592954,22476477160380
22476527592954,22476795627388
22476527592954,22476941200627
22476527592954,22477126326803
22476527592954,22477568371924
22477611194792,22477568371924
22477611194792,22477879653387
22477611194792,22478029696452
22477611194792,22478125056197
22478126104023,22478125056197
22478126104023,22478338084573
22478126104023,22478543292753
22478126104023,22478789715862
22478126104023,22479087822487
22478126104023,22479565324010
22479576359053,22479565324010
22479576359053,22479830590266
22479576359053,22479990196036
22479576359053,22480170504570
22480172580291,22480170504570
22480172580291,22480383351701
22480172580291,22480536052854
22480172580291,22480702574856
22480172580291,22480970449610
22480172580291,22481271899951
22481429592977,22481271899951
22481429592977,22481614039530
22481429592977,22481876434720
22481429592977,22482063234603
22481429592977,22482372278139
22482403016795,22482372278139
22482403016795,22482610168669
22482403016795,22482870193798
22482403016795,22483025834312
22482403016795,22483370123670
22483375296683,22483370123670
22483375296683,22483604478120
22483375296683,22483770000954
22483375296683,22483916019766
22483375296683,22484602819960
22484617309729,22484602819960
22484617309729,22484853291603
22484617309729,22485082166035
22484617309729,22485299591741
22484617309729,22485448541001
22485636704584,22485448541001
22485636704584,22485829385183
22485636704584,22486027659389
22485636704584,22486224624697
22486227199471,22486224624697
22486227199471,22486418432428
22486227199471,22486654270830
22486227199471,22486811668709
22486227199471,22487001409016
22487101099429,22487001409016
22487101099429,22487308240896
22487101099429,22487501230434
22487101099429,22487708581624
22487101099429,22487937722539
22487101099429,22488484441989
22488543401933,22488484441989
22488543401933,22488752072166
22488543401933,22488904583481
22488543401933,22489055789882
22488543401933,22489440431713
22489520067274,22489440431713
22489520067274,22489783633639
22489520067274,22489953471914
22489520067274,22490126287513
22489520067274,22490460215182
22490526948084,22490460215182
22490526948084,22490787325093
22490526948084,22490918767722
22490526948084,22491086260703
22491089952384,22491086260703
22491089952384,22491305071225
22491089952384,22491477430611
22491089952384,22491642041339
22491089952384,22491971051157
22491089952384,22492443407929
22492480646628,22492443407929
22492480646628,22492692927814
22492480646628,22492949512824
22492480646628,22493108746345
22492480646628,22493229074064
22493350776371,22493229074064
22493350776371,22493625348417
22493350776371,22493772291603
22493350776371,22493998992615
22493350776371,22494201382048
22494225781380,22494201382048
22494225781380,22494389939033
22494225781380,22494617339540
22494225781380,22494778217585
22494225781380,22495177104265
22495298299248,22495177104265
22495298299248,22495542476211
22495298299248,22495681060825
22495298299248,22495932915877
22495935091117,22495932915877
22495935091117,22496108924715
22495935091117,22496253456780
22495935091117,22496419700918
22495935091117,22496693066098
22495935091117,22497077647200
22497363145607,22497077647200
22497363145607,22497613180559
22497363145607,22497794441054
22497363145607,22497972611097
22497363145607,22498105390763
22498107662817,22498105390763
22498107662817,22498297346260
22498107662817,22498475195634
22498107662817,22498634318624
22498636183643,22498634318624
22498636183643,22498804493521
22498636183643,22499011339132
22498636183643,22499178024506
22498636183643,22499393845668
22498636183643,22499910528135
22499914617704,22499910528135
22499914617704,22500154818812
22499914617704,22500296912737
22499914617704,22500517178389
22500843085615,22500517178389
22500843085615,22500838867123
22500843085615,22501074765135
22500843085615,22501365671420
22501366880164,22501365671420
22501366880164,22501559399731
22501366880164,22501784345045
22501366880164,22501937790262
22501366880164,22502073809442
22501366880164,22502203722015
22502255269635,22502203722015
22502255269635,22502504853683
22502255269635,22502647177108
22502255269635,22502810713460
22502255269635,22503155429632
22502255269635,22503644335968
22503695088282,22503644335968
22503695088282,22503982252920
22503695088282,22504124237753
22503695088282,22504288177187
22504290694818,22504288177187
22504290694818,22504484378578
22504290694818,22504614975273
22504290694818,22504777298568
22504290694818,22505168067934
22504290694818,22505680570915
22505681755418,22505680570915
22505681755418,22505871146375
22505681755418,22506030574355
22505681755418,22506213146494
22506215415659,22506213146494
22506215415659,22506465305275
22506215415659,22506627909296
22506215415659,22506811685472
22506215415659,22507135187011
22506215415659,22507470169879
22507488081699,22507470169879
22507488081699,22507714200079
22507488081699,22507941369616
22507488081699,22508087459794
22508088602892,22508087459794
22508088602892,22508283571481
22508088602892,22508432172638
22508088602892,22508622577858
22508088602892,22509029265643
22508088602892,22509368300826
22509442892856,22509368300826
22509442892856,22509691185858
22509442892856,22509850331484
22509442892856,22510066716898
22509442892856,22510399091353
22510400838714,22510399091353
22510400838714,22510644114280
22510400838714,22510831736393
22510400838714,22511006418213
22510400838714,22511217560322
22511228350896,22511217560322
22511228350896,22511475291572
22511228350896,22511640912705
22511228350896,22511825172711
22511828798755,22511825172711
22511828798755,22512054096158
22511828798755,22512186412262
22511828798755,22512321944979
22511828798755,22512564362106
22512574825544,22512564362106
22512574825544,22512737187677
22512574825544,22513059298077
22512574825544,22513261496691
22512574825544,22513544186976
22512574825544,22513851981446
22513943669442,22513851981446
22513943669442,22514163716798
22513943669442,22514383426883
22513943669442,22514529183270
22513943669442,22514830164237
22513943669442,22515142874321
22514959810827,22515142874321
22514959810827,22515371683523
22514959810827,22515583076203
22515584822692,22515583076203
22515584822692,22515870794665
22515584822692,22516060038027
22515584822692,22516455137995
22515584822692,22516618345957
22516776142279,22516618345957
22516776142279,22516944626417
22516776142279,22517189283318
22516776142279,22517352265587
22516776142279,22517655574365
22516776142279,22518149214666
22518180376741,22518149214666
22518180376741,22518357336318
22518180376741,22518562666051
22518180376741,22518758623507
22518180376741,22519079537255
22519190675349,22519079537255
22519190675349,22519420873769
22519190675349,22519556654566
22519190675349,22519703349743
22519705120896,22519703349743
22519705120896,22519936091654
22519705120896,22520085444079
22519705120896,22520235334721
22519705120896,22520602439502
22519705120896,22520903749515
22521009115154,22520903749515
22521009115154,22521247596974
22521009115154,22521573178725
22521009115154,22521762804743
22521009115154,22521916580049
22521988602774,22521916580049
22521988602774,22522275607357
22521988602774,22522417993384
22521988602774,22522601610799
22521988602774,22522815287993
22522817215789,22522815287993
22522817215789,22523043607981
22522817215789,22523255319320
22522817215789,22523412862531
22522817215789,22523796580320
22523906637585,22523796580320
22523906637585,22524210587702
22523906637585,22524397234211
22523906637585,22524590256999
22524592280875,22524590256999
22524592280875,22524787696303
22524592280875,22524965735538
22524592280875,22525149229861
22524592280875,22525356405799
22524592280875,22525811169578
22526065965582,22525811169578
22526065965582,22526289833220
22526065965582,22526545619811
22526557734698,22526545619811
22526557734698,22526716619598
22526557734698,22526880198429
22526557734698,22527025601354
22526557734698,22527190338791
22526557734698,22527402605556
22527413238472,22527402605556
22527413238472,22527608020729
22527413238472,22527880125719
22527413238472,22528043308877
22527413238472,22528303864839
22527413238472,22528763124079
22528789862250,22528763124079
22528789862250,22529022748777
22528789862250,22529225222325
22528789862250,22529459332951
22528789862250,22529655333689
22529669085373,22529655333689
22529669085373,22529916358173
22529669085373,22530085912637
22529669085373,22530223772487
22529669085373,22530618822930
22530621290691,22530618822930
22530621290691,22530829546006
22530621290691,22531038346850
22530621290691,22531177966785
22530621290691,22531538913870
22531540851508,22531538913870
22531540851508,22531741958565
22531540851508,22531934326957
22531540851508,22532077318520
22531540851508,22532484341515
22532507196195,22532484341515
22532507196195,22532781672000
22532507196195,22532994771422
22532507196195,22533147156287
22532507196195,22533445654278
22533468876119,22533445654278
22533468876119,22533634697236
22533468876119,22533868659527
22533468876119,22534031341671
22534032933258,22534031341671
22534032933258,22534283529129
22534032933258,22534447279760
22534032933258,22534637408177
22534032933258,22534873058505
22534032933258,22535299579334
22535301344690,22535299579334
22535301344690,22535540614675
22535301344690,22535733140153
22535301344690,22535897485292
22535301344690,22536213596405
22536217238048,22536213596405
22536217238048,22536410936341
22536217238048,22536583335198
22536217238048,22536749698299
22536217238048,22537105023131
22537108962703,22537105023131
22537108962703,22537300781335
22537108962703,22537492914580
22537108962703,22537714012612
22537108962703,22538002768165
22538004273005,22538002768165
22538004273005,22538229798212
22538004273005,22538440075772
22538004273005,22538636584684
22538004273005,22538896671173
22538935746980,22538896671173
22538935746980,22539176032756
22538935746980,22539428796874
22538935746980,22539603858742
22538935746980,22539842751690
22539845692392,22539842751690
22539845692392,22540193348625
22539845692392,22540340274655
22539845692392,22540521812906
22539845692392,22540714343825
22540751024994,22540714343825
22540751024994,22540983392342
22540751024994,22541207236113
22540751024994,22541373043717
22540751024994,22541682729324
22541704579114,22541682729324
22541704579114,22541968254183
22541704579114,22542140319275
22541704579114,22542292640177
22541704579114,22542480891219
22542294010883,22542480891219
22542294010883,22542632549051
22542294010883,22542807555754
22542294010883,22543155746915
22542294010883,22543546465588
22542294010883,22543903578551
22543731821232,22543903578551
22543731821232,22544144649261
22543731821232,22544337176764
22543731821232,22544507763586
22544525712088,22544507763586
22544525712088,22544793027651
22544525712088,22544938798124
22544525712088,22545095895097
22545097617397,22545095895097
22545097617397,22545291424510
22545097617397,22545493578890
22545097617397,22545684770379
22545097617397,22545953573561
22545097617397,22546347437195
22546391654879,22546347437195
22546391654879,22546598840606
22546391654879,22546733871997
22546391654879,22546943997930
22546947600073,22546943997930
22546947600073,22547189869051
22546947600073,22547350989915
22546947600073,22547576325616
22546947600073,22547750062421
22547844305556,22547750062421
22547844305556,22547999876643
22547844305556,22548311464182
22547844305556,22548475089928
22547844305556,22548794976374
22547844305556,22549167760966
22549376957995,22549167760966
22549376957995,22549605128033
22549376957995,22549742848531
22549376957995,22549906368598
22549376957995,22550062365301
22550178607924,22550062365301
22550178607924,22550429056450
22550178607924,22550616612242
22550178607924,22550799028156
22550178607924,22550937935780
22550979186733,22550937935780
22550979186733,22551203317539
22550979186733,22551402495972
22550979186733,22551641998602
22550979186733,22551888883106
22551964108137,22551888883106
22551964108137,22552096128441
22551964108137,22552423299989
22551964108137,22552563328322
22551964108137,22552929631381
22552931613321,22552929631381
22552931613321,22553190849794
22552931613321,22553383087657
22552931613321,22553552397403
22553554037709,22553552397403
22553554037709,22554147867552
22553554037709,22554303264485
22553554037709,22554516245967
22553554037709,22554709188715
22553554037709,22554898923134
22555123392663,22554898923134
22555123392663,22555306214854
22555123392663,22555498202359
22555123392663,22555674518463
22555123392663,22555826123882
22555123392663,22555949148251
22555950778642,22555949148251
22555950778642,22556181080521
22555950778642,22556394224615
22556396484841,22556394224615
22556396484841,22556611497889
22556396484841,22556785320300
22556396484841,22556924868505
22556396484841,22557240202109
22556396484841,22557818384638
22557820887776,22557818384638
22557820887776,22558057884912
22557820887776,22558262945724
22557820887776,22558395471440
22557820887776,22558531480444
22558594893635,22558531480444
22558594893635,22558880952188
22558594893635,22559029503643
22558594893635,22559197320036
22558594893635,22559556060480
22559609774946,22559556060480
22559609774946,22559830160126
22559609774946,22560093960395
22559609774946,22560295982318
22560297838905,22560295982318
22560297838905,22560477799102
22560297838905,22560628966476
22560297838905,22560785552194
22560297838905,22561060097187
22560297838905,22561489784538
22561516635425,22561489784538
22561516635425,22561758640725
22561516635425,22562012507981
22561516635425,22562207579496
22561516635425,22562349205751
22562384920029,22562349205751
22562384920029,22562630998221
22562384920029,22562761882858
22562764069761,22562761882858
22562764069761,22562964974381
22562764069761,22563124707034
22562764069761,22563303312620
22562764069761,22563478198174
22562764069761,22563653312389
22562764069761,22563991345260
22562764069761,22564156236603
