22074117292357,22074907110260
22074117292357,22075397944408
22075399250888,22075397944408
22075399250888,22075589860994
22075399250888,22075804188367
22075399250888,22075990213786
22075399250888,22076218286506
22076288908565,22076218286506
22076288908565,22076538561678
22076288908565,22076697299871
22076727485140,22076697299871
22076727485140,22076905248664
22076727485140,22077059292944
22076727485140,22077213000567
22076727485140,22077335991675
22076727485140,22077786643841
22076727485140,22078057369398
22078181202392,22078057369398
22078181202392,22078428641887
22078181202392,22078599419088
22078181202392,22078801814315
22078181202392,22079072433602
22079134839316,22079072433602
22079134839316,22079376219856
22079134839316,22079587226492
22079134839316,22079781320622
22079134839316,22080078590079
22080112898609,22080078590079
22080112898609,22080413108842
22080112898609,22080616369985
22080112898609,22080798319504
22080112898609,22081092720365
22081110340285,22081092720365
22081110340285,22081358584228
22081110340285,22081511093069
22081110340285,22081698938386
22081701528382,22081698938386
22081701528382,22081893978144
22081701528382,22082059645063
22081701528382,22082238145318
22081701528382,22082516037910
22082518642753,22082516037910
22082518642753,22082729464787
22082518642753,22082895338909
22082518642753,22083175821915
22082518642753,22083596618138
22082518642753,22084069226075
22084165332191,22084069226075
22084165332191,22084455780373
22084165332191,22084717210362
22084165332191,22084914633195
22084165332191,22085079584236
22085094386795,22085079584236
22085094386795,22085354672311
22085094386795,22085556400488
22085094386795,22085809501113
22085094386795,22086093797594
22086095304974,22086093797594
22086095304974,22086307479579
22086095304974,22086469673912
22086095304974,22086623960965
22086095304974,22086998276150
22087017298917,22086998276150
22087017298917,22087284240301
22087017298917,22087435808046
22087017298917,22087669600939
22087017298917,22087944244269
22088105154388,22087944244269
22088105154388,22088382067944
22088105154388,22088537790002
22088105154388,22088705140565
22088105154388,22089011284513
22089013140811,22089011284513
22089013140811,22089244636157
22089013140811,22089391924201
22089013140811,22089566765459
22089013140811,22089831759679
22089915291076,22089831759679
22089915291076,22090220200512
22089915291076,22090409021217
22089915291076,22090574856300
22090576078291,22090574856300
22090576078291,22090744198279
22090576078291,22090911623608
22090576078291,22091121547444
22090576078291,22091384423149
22090576078291,22091660164288
22091722584850,22091660164288
22091722584850,22091949403583
22091722584850,22092195498906
22091722584850,22092357892484
22091722584850,22092668411054
22092673130795,22092668411054
22092673130795,22092918161010
22092673130795,22093126217690
22093176684531,22093126217690
22093176684531,22093417573147
22093176684531,22093543445748
22093176684531,22093668624805
22093176684531,22093854400593
22093176684531,22093978334450
22093176684531,22094491794595
22094599624409,22094491794595
22094599624409,22094873959228
22094599624409,22095058486502
22094599624409,22095223422338
22094599624409,22095681322465
22095685648781,22095681322465
22095685648781,22095953295524
22095685648781,22096099542625
22095685648781,22096300580991
22095685648781,22096546589978
22096661502668,22096546589978
22096661502668,22096838945390
22096661502668,22097085250234
22096661502668,22097254383844
22097256863599,22097254383844
22097256863599,22097471049472
22097256863599,22097658014061
22097256863599,22097796651824
22097256863599,22097936647441
22097943513840,22097936647441
22097943513840,22098212856480
22097943513840,22098468903257
22097943513840,22098617697166
22097943513840,22098747705866
22097943513840,22099262291876
22099315290235,22099262291876
22099315290235,22099596189338
22099315290235,22099735526026
22099315290235,22099884964839
22099886267323,22099884964839
22099886267323,22100117184118
22099886267323,22100266295331
22099886267323,22100460852596
22099886267323,22100628216700
22100782686399,22100628216700
22100782686399,22101025939702
22100782686399,22101171975457
22100782686399,22101338153913
22100782686399,22101701613926
22100782686399,22102044926360
22102207091284,22102044926360
22102207091284,22102434418356
22102207091284,22102604290455
22102207091284,22102826530009
22102207091284,22103084379213
22103160140585,22103084379213
22103160140585,22103344192889
22103160140585,22103608801201
22103160140585,22103726222601
22103727743910,22103726222601
22103727743910,22103944791578
22103727743910,22104117559193
22103727743910,22104284521282
22103727743910,22104499279912
22104520672179,22104499279912
22104520672179,22104739587515
22104520672179,22104967353429
22104520672179,22105146875004
22104520672179,22105474928064
22104520672179,22105808191982
22105889778339,22105808191982
22105889778339,22106036114794
22105889778339,22106300136822
22105889778339,22106421484902
22105889778339,22106867787023
22106870490097,22106867787023
22106870490097,22107062115011
22106870490097,22107454525602
22106870490097,22107593569847
22106870490097,22107869454272
22107871369600,22107869454272
22107871369600,22108049506828
22107871369600,22108410080937
22107871369600,22108588429582
22108592868503,22108588429582
22108592868503,22108841463668
22108592868503,22109036252768
22108592868503,22109173182206
22108592868503,22109321740736
22108592868503,22109732838733
22109759733259,22109732838733
22109759733259,22110028173004
22109759733259,22110257521549
22109759733259,22110426317340
22109759733259,22110613160168
22110714999086,22110613160168
22110714999086,22110962702638
22110714999086,22111191000674
22110714999086,22111408700882
22110714999086,22111520640016
22111522448190,22111520640016
22111522448190,22111678191222
22111522448190,22111923347019
22111522448190,22112076270503
22111522448190,22112433176878
22112498984905,22112433176878
22112498984905,22112767763359
22112498984905,22112950962336
22112498984905,22113099798566
22112498984905,22113459458547
22113532745667,22113459458547
22113532745667,22113768192440
22113532745667,22113985252030
22113532745667,22114216257742
22113532745667,22114501682127
22114504202915,22114501682127
22114504202915,22114737900820
22114504202915,22114876383368
22114504202915,22115042470603
22114504202915,22115380497649
22115484876051,22115380497649
22115484876051,22115707674869
22115484876051,22115930850650
22115484876051,22116123602386
22115484876051,22116287952159
22116418517540,22116287952159
22116418517540,22116670408283
22116418517540,22116824425983
22116418517540,22117029298328
22116418517540,22117459395824
22117463256192,22117459395824
22117463256192,22117666400732
22117463256192,22117837853230
22117463256192,22118023112263
22118028218454,22118023112263
22118028218454,22118310220776
22118028218454,22118468905077
22118028218454,22118584519198
22118028218454,22118760092351
22118028218454,22119275653201
22119286296424,22119275653201
22119286296424,22119500642312
22119286296424,22119753319436
22119286296424,22119888225602
22119889889131,22119888225602
22119889889131,22120085943948
22119889889131,22120229647335
22119889889131,22120370304020
22119889889131,22120520752704
22119889889131,22120998353876
22121104314874,22120998353876
22121104314874,22121283039786
22121104314874,22121527594962
22121104314874,22121690201834
22121692367553,22121690201834
22121692367553,22121890944990
22121692367553,22122037614742
22121692367553,22122196309374
22121692367553,22122515456031
22121692367553,22122873304444
22122883122456,22122873304444
22122883122456,22123162428641
22122883122456,22123332252797
22122883122456,22123515965701
22122883122456,22123727453871
22123851349174,22123727453871
22123851349174,22124026351329
22123851349174,22124152088687
22123851349174,22124318549569
22123851349174,22124702579900
22124819991909,22124702579900
22124819991909,22125065233518
22124819991909,22125202379359
22124819991909,22125378045016
22124819991909,22125808918499
22125810991678,22125808918499
22125810991678,22126058185211
22125810991678,22126258348355
22125810991678,22126473893482
22125810991678,22126709666571
22126797091238,22126709666571
22126797091238,22126985151222
22126797091238,22127250621919
22126797091238,22127391168104
22126797091238,22127728810077
22127790776193,22127728810077
22127790776193,22127998558125
22127790776193,22128199219496
22127790776193,22128403413627
22127790776193,22128693197804
22128813588405,22128693197804
22128813588405,22129007268526
22128813588405,22129196682950
22128813588405,22129365599170
22128813588405,22129595294588
22129738880840,22129595294588
22129738880840,22130041146466
22129738880840,22130259572334
22129738880840,22130461315567
22129738880840,22130649293537
22130721335897,22130649293537
22130721335897,22130932961934
22130721335897,22131142850523
22130721335897,22131340817691
22131343042470,22131340817691
22131343042470,22131561360926
22131343042470,22131726654158
22131343042470,22132010735035
22131343042470,22132220306709
22131343042470,22132640950297
22132646507740,22132640950297
22132646507740,22132877236904
22132646507740,22133054155629
22132646507740,22133575819006
22132646507740,22134019766935
22134062013186,22134019766935
22134062013186,22134275223696
22134062013186,22134408572704
22134062013186,22134568727118
22134570867030,22134568727118
22134570867030,22134799923314
22134570867030,22135052229082
22134570867030,22135221468246
22134570867030,22135457439542
22134570867030,22136000283781
22136001992456,22136000283781
22136001992456,22136275342758
22136001992456,22136462178664
22136001992456,22136643099930
22136644694230,22136643099930
22136644694230,22136807222593
22136644694230,22136975724593
22136644694230,22137108635915
22136644694230,22137381501268
22137440766515,22137381501268
22137440766515,22137650854647
22137440766515,22137849089685
22137440766515,22138086397238
22137440766515,22138320376151
22138364916028,22138320376151
22138364916028,22138579734303
22138364916028,22138788922384
22138364916028,22138957168510
22138364916028,22139284488304
22138364916028,22139762639637
22139800559101,22139762639637
22139800559101,22140013105139
22139800559101,22140182721856
22139800559101,22140352046666
22139800559101,22140778631933
22140780679852,22140778631933
22140780679852,22141036044422
22140780679852,22141207227115
22140780679852,22141350294944
22141352705069,22141350294944
22141352705069,22141596862862
22141352705069,22141783333894
22141352705069,22141982651010
22141352705069,22142259800004
22141352705069,22142588246088
22141352705069,22142796350217
22142629935224,22142796350217
22142629935224,22143064061935
22142629935224,22143234555963
22142629935224,22143577180137
22143578123662,22143577180137
22143578123662,22143786599328
22143578123662,22143967425124
22143578123662,22144101643636
22144103563283,22144101643636
22144103563283,22144387260464
22144103563283,22144621214272
22144103563283,22144771412124
22144103563283,22145004061519
22145008510141,22145004061519
22145008510141,22145301624610
22145008510141,22145553231653
22145008510141,22145747851242
22145008510141,22145906612109
22145008510141,22146322313849
22146337899728,22146322313849
22146337899728,22146565147166
22146337899728,22146768645736
22146337899728,22146945326797
22146948243553,22146945326797
22146948243553,22147102462169
22146948243553,22147279098310
22146948243553,22147475759912
22146948243553,22147613614246
22146948243553,22148135958991
22148197254280,22148135958991
22148197254280,22148434651008
22148197254280,22148640135763
22148197254280,22148779065382
22148197254280,22149031766300
22149033188075,22149031766300
22149033188075,22149317466906
22149033188075,22149506205998
22149033188075,22149658510898
22149659658231,22149658510898
22149659658231,22149805270291
22149659658231,22150021787617
22149659658231,22150194857428
22149659658231,22150458830977
22149659658231,22150857681729
22150899737532,22150857681729
22150899737532,22151099874152
22150899737532,22151355101879
22150899737532,22151490696183
22151492260111,22151490696183
22151492260111,22151696310522
22151492260111,22151882448983
22151492260111,22152106242857
22151492260111,22152251426718
22151492260111,22152958955226
22152983289072,22152958955226
22152983289072,22153201155393
22152983289072,22153382952159
22152983289072,22153569383871
22153579039318,22153569383871
22153579039318,22153780250875
22153579039318,22153907832760
22153579039318,22154103604431
22153579039318,22154307418936
22153579039318,22154684437807
22154760901949,22154684437807
22154760901949,22155019303953
22154760901949,22155218385148
22154760901949,22155380721363
22154760901949,22155729450861
22155739056293,22155729450861
22155739056293,22156025346527
22155739056293,22156199572342
22155739056293,22156375860570
22156377689352,22156375860570
22156377689352,22156601096114
22156377689352,22156747468742
22156377689352,22156915846888
22156377689352,22157067237577
22156377689352,22157491492690
22157560978306,22157491492690
22157560978306,22157830225151
22157560978306,22158005753651
22157560978306,22158178520482
22158180087531,22158178520482
22158180087531,22158429184214
22158180087531,22158634480449
22158180087531,22158799489824
22158180087531,22158948216934
22158180087531,22159127467360
22158950331506,22159127467360
22158950331506,22159363922909
22158950331506,22159569592468
22158950331506,22159776509601
22158950331506,22160124356112
22160222082261,22160124356112
22160222082261,22160455992909
22160222082261,22160630688714
22160222082261,22160839168862
22160843426836,22160839168862
22160843426836,22161055225361
22160843426836,22161196171496
22160843426836,22161423325642
22160843426836,22161550518318
22160843426836,22162058238376
22162107508451,22162058238376
22162107508451,22162382316345
22162107508451,22162681274041
22162107508451,22162848290699
22162107508451,22163057971365
22162107508451,22163300304226
22163302837022,22163300304226
22163302837022,22163496443977
22163302837022,22163641426355
22163302837022,22164011714697
22164014937476,22164011714697
22164014937476,22164274444788
22164014937476,22164421687092
22164014937476,22164627471718
22164014937476,22164956767119
22164982258185,22164956767119
22164982258185,22165183125969
22164982258185,22165367373934
22164982258185,22165538312407
22164982258185,22165851888498
22165880195983,22165851888498
22165880195983,22166014245978
22165880195983,22166247380214
22165880195983,22166456347711
22165880195983,22166752161900
22166870490345,22166752161900
22166870490345,22167124759523
22166870490345,22167375114511
22166870490345,22167502718701
22166870490345,22167775623855
22167779529108,22167775623855
22167779529108,22168004371992
22167779529108,22168186858115
22167779529108,22168451354917
22168454801618,22168451354917
22168454801618,22168706792013
22168454801618,22168888723514
22168454801618,22169029158866
22168454801618,22169201074199
22168454801618,22169971044141
22170011856668,22169971044141
22170011856668,22170316309579
22170011856668,22170510509901
22170011856668,22170724719038
22170011856668,22170949240994
22170968185528,22170949240994
22170968185528,22171211058566
22170968185528,22171454981653
22170968185528,22171603961364
22170968185528,22171862619648
22171864580611,22171862619648
22171864580611,22172154039227
22171864580611,22172305460855
22171864580611,22172505126555
22172506320111,22172505126555
22172506320111,22172653433170
22172506320111,22172815798307
22172506320111,22172998692350
22172506320111,22173179498480
22173194289337,22173179498480
22173194289337,22173422322871
22173194289337,22173665274435
22173194289337,22173883382775
22173194289337,22174164731248
22173194289337,22174655557641
22174657836440,22174655557641
22174657836440,22174875366480
22174657836440,22175027131005
22174657836440,22175258999495
22175261705087,22175258999495
22175261705087,22175440125141
22175261705087,22175596175233
22175261705087,22175768298071
22175261705087,22176103123362
22176107819074,22176103123362
22176107819074,22176326179994
22176107819074,22176492480311
22176107819074,22176679036602
22176107819074,22176957361432
22176107819074,22177441364060
22177443938933,22177441364060
22177443938933,22177661917569
22177443938933,22177831747583
22177443938933,22177995371595
22177998243825,22177995371595
22177998243825,22178231287784
22177998243825,22178422735025
22177998243825,22178579226089
22177998243825,22178753910824
22177998243825,22179172170524
22179245669621,22179172170524
22179245669621,22179472316713
22179245669621,22179664493664
22179245669621,22179876768554
22179245669621,22180168062666
22180173265929,22180168062666
22180173265929,22180412566034
22180173265929,22180543678006
22180173265929,22180734131563
22180173265929,22181080911474
22181083384301,22181080911474
22181083384301,22181350319523
22181083384301,22181507795588
22181083384301,22181652304685
22181654659959,22181652304685
22181654659959,22181880088108
22181654659959,22182034181907
22181654659959,22182167283010
22181654659959,22182465528101
22181654659959,22182918908300
22182920742278,22182918908300
22182920742278,22183154262126
22182920742278,22183322885055
22182920742278,22183560331191
22182920742278,22183816618713
22183884995747,22183816618713
22183884995747,22184147376781
22183884995747,22184317347489
22183884995747,22184480886019
22183884995747,22184803852723
22184896833561,22184803852723
22184896833561,22185159340812
22184896833561,22185316937784
22184896833561,22185488482474
22184896833561,22185925751571
22185927366004,22185925751571
22185927366004,22186173430414
22185927366004,22186403348543
22185927366004,22186596995831
22185927366004,22186701673728
22186780553724,22186701673728
22186780553724,22186982300651
22186780553724,22187221383333
22186780553724,22187332943526
22187333880935,22187332943526
22187333880935,22187539920416
22187333880935,22187704414309
22187333880935,22187859117671
22187333880935,22188203761442
22187333880935,22188710810553
22188719961949,22188710810553
22188719961949,22188989452591
22188719961949,22189166867089
22188719961949,22189311790987
22189313694265,22189311790987
22189313694265,22189508403165
22189313694265,22189622371473
22189313694265,22189808985139
22189313694265,22190208879299
22190217979392,22190208879299
22190217979392,22190445254987
22190217979392,22190644466340
22190217979392,22190790319057
22190217979392,22191210028878
22190217979392,22191540917429
22191577618487,22191540917429
22191577618487,22191796139158
22191577618487,22192024885359
22191577618487,22192230827239
22191577618487,22192424631130
22192548908451,22192424631130
22192548908451,22192802425958
22192548908451,22193015233501
22192548908451,22193193826894
22192548908451,22193443095912
22192548908451,22193645496723
22193511448791,22193645496723
22193511448791,22193960934138
22193511448791,22194113705647
22194129882754,22194113705647
22194129882754,22194389374728
22194129882754,22194513814570
22194129882754,22194751012972
22194129882754,22195055092563
22194129882754,22195442524650
22195536263168,22195442524650
22195536263168,22195809619554
22195536263168,22196012488229
22195536263168,22196150993323
22196153179498,22196150993323
22196153179498,22196303028717
22196153179498,22196457975853
22196153179498,22196636398622
22196153179498,22196903561804
22196153179498,22197347349457
22197460521025,22197347349457
22197460521025,22197746511389
22197460521025,22197926362314
22197460521025,22198063246278
22198065351070,22198063246278
22198065351070,22198325180163
22198065351070,22198457088951
22198065351070,22198670368369
22198065351070,22198850371646
22198065351070,22199369155132
22199390725425,22199369155132
22199390725425,22199680949847
22199390725425,22199882636466
22199390725425,22200065665219
22199390725425,22200294343602
22200310633603,22200294343602
22200310633603,22200539263722
22200310633603,22200690760167
22200310633603,22200878835197
22200310633603,22201293907658
22201295657601,22201293907658
22201295657601,22201578149481
22201295657601,22201748687505
22201295657601,22201908554819
22201295657601,22202059346414
22202169665640,22202059346414
22202169665640,22202363385243
22202169665640,22202638332555
22202169665640,22202913291768
22202169665640,22203078632625
22203080720160,22203078632625
22203080720160,22203249583329
22203080720160,22203507372766
22203080720160,22203669001955
22203080720160,22203992835300
22204020044601,22203992835300
22204020044601,22204223625737
22204020044601,22204411407096
22204020044601,22204698402419
22204020044601,22204931501734
22205006187509,22204931501734
22205006187509,22205311634489
22205006187509,22205482848884
22205006187509,22205733806191
22205006187509,22205919345350
22205922136027,22205919345350
22205922136027,22206150794347
22205922136027,22206338488883
22205922136027,22206513373221
22205922136027,22206829143600
22206833963893,22206829143600
22206833963893,22207073415401
22206833963893,22207262234198
22206833963893,22207459255303
22206833963893,22207617306932
22207796801213,22207617306932
22207796801213,22207971225570
22207796801213,22208149812524
22207796801213,22208361675117
22207796801213,22208725229902
22208794738527,22208725229902
22208794738527,22208959104717
22208794738527,22209138635691
22208794738527,22209383809541
22209386509860,22209383809541
22209386509860,22209580540252
22209386509860,22209737910279
22209386509860,22209898368457
22209386509860,22210148991378
22209386509860,22210572210646
22210673474189,22210572210646
22210673474189,22210879501924
22210673474189,22211050205501
22210673474189,22211234131393
22211236000141,22211234131393
22211236000141,22211493181610
22211236000141,22211662581225
22211236000141,22211827030109
22211236000141,22211950449390
22211236000141,22212487471880
22212498262089,22212487471880
22212498262089,22212703722246
22212498262089,22212866046920
22212498262089,22213043479073
22213045488796,22213043479073
22213045488796,22213287720101
22213045488796,22213378119446
22213045488796,22213442489811
22213045488796,22213995568118
22213045488796,22214473164382
22214477200919,22214473164382
22214477200919,22214708263065
22214477200919,22214854576035
22214477200919,22215048695329
22214477200919,22215204485025
22215206095324,22215204485025
22215206095324,22215346302605
22215206095324,22215519539005
22215206095324,22215768615267
22215206095324,22216118501072
22216268051120,22216118501072
22216268051120,22216480230668
22216268051120,22216693259958
22216268051120,22216842942509
22216844611554,22216842942509
22216844611554,22217057282587
22216844611554,22217274860797
22216844611554,22217471437195
22216844611554,22217692458734
22217739542080,22217692458734
22217739542080,22218012288866
22217739542080,22218179812577
22217739542080,22218364300850
22217739542080,22218689526891
22217739542080,22219116651210
22219359661408,22219116651210
22219359661408,22219497154944
22219359661408,22219778109753
22219359661408,22219934532269
22219359661408,22220080289025
22220142166198,22220080289025
22220142166198,22220367300423
22220142166198,22220526971103
22220142166198,22220648217905
22220142166198,22221039648719
22221054732880,22221039648719
22221054732880,22221305304863
22221054732880,22221469409383
22221054732880,22221747885301
22221054732880,22221903407780
22221998559074,22221903407780
22221998559074,22222170231780
22221998559074,22222363363949
22221998559074,22222585147715
22221998559074,22222993035191
22222995315252,22222993035191
22222995315252,22223267819178
22222995315252,22223451825671
22222995315252,22223598279012
22222995315252,22223981393823
22223983256341,22223981393823
22223983256341,22224134312890
22223983256341,22224303279618
22223983256341,22224478267507
22223983256341,22224790222398
22224800812383,22224790222398
22224800812383,22225005551809
22224800812383,22225155907855
22224800812383,22225369256498
22224800812383,22225670186476
22225754109932,22225670186476
22225754109932,22226059258055
22225754109932,22226310556624
22225754109932,22226478685351
22225754109932,22226720577826
22226911786927,22226720577826
22226911786927,22227130847512
22226911786927,22227335902291
22226911786927,22227524158505
22226911786927,22227699241938
22226911786927,22227875512345
22227877144901,22227875512345
22227877144901,22228132132516
22227877144901,22228357474482
22227877144901,22228596912862
22228734201498,22228596912862
22228734201498,22228959153344
22228734201498,22229183061363
22228734201498,22229380985762
22228734201498,22229600361351
22229722633074,22229600361351
22229722633074,22229905639783
22229722633074,22230117216057
22229722633074,22230353157063
22229722633074,22230537378068
22230356433023,22230537378068
22230356433023,22230724893873
22230356433023,22230903177330
22230356433023,22231089878324
22231247310907,22231089878324
22231247310907,22231498065876
22231247310907,22231654503884
22231247310907,22231804304661
22231247310907,22232133550561
22231247310907,22232526341496
22232626323000,22232526341496
22232626323000,22232879804258
22232626323000,22233048560706
22232626323000,22233252510767
22232626323000,22233523148426
22233645631274,22233523148426
22233645631274,22233881987521
22233645631274,22234024031487
22233645631274,22234250577511
22234251807230,22234250577511
22234251807230,22234413315575
22234251807230,22234580529091
22234251807230,22234759375811
22234251807230,22234948978418
22235033593030,22234948978418
22235033593030,22235239612633
22235033593030,22235436182139
22235033593030,22235684262542
22235033593030,22235859455187
22235033593030,22236380783526
22236382179415,22236380783526
22236382179415,22236671429303
22236382179415,22236872291813
22236382179415,22237024824664
22236382179415,22237251827215
22237357980489,22237251827215
22237357980489,22237528441905
22237357980489,22237746823029
22237357980489,22237859383938
22237357980489,22238165678408
22238256956148,22238165678408
22238256956148,22238467563603
22238256956148,22238633714980
22238256956148,22238785057883
22238256956148,22239242242900
22239244189889,22239242242900
22239244189889,22239452261899
22239244189889,22239580835385
22239244189889,22239783884063
22239244189889,22240044249503
22240169274695,22240044249503
22240169274695,22240416490812
22240169274695,22240621349005
22240169274695,22240986225841
22241035226376,22240986225841
22241035226376,22241258364413
22241035226376,22241456787192
22241035226376,22241599403568
22241035226376,22241948288877
22241035226376,22242292161321
22242301063974,22242292161321
22242301063974,22242486300606
22242301063974,22242709711519
22242301063974,22242941856003
22242301063974,22243079272519
22243152832986,22243079272519
22243152832986,22243425646352
22243152832986,22243610033008
22243152832986,22243836566773
22243152832986,22244102239368
22244142372098,22244102239368
22244142372098,22244396373963
22244142372098,22244591918429
22244142372098,22244748402203
22244142372098,22245067832140
22245070555083,22245067832140
22245070555083,22245257569736
22245070555083,22245405166711
22245070555083,22245610980840
22245070555083,22245917319700
22245920277760,22245917319700
22245920277760,22246071836659
22245920277760,22246319417951
22245920277760,22246462615679
22245920277760,22246824339155
22246873644917,22246824339155
22246873644917,22247125293384
22246873644917,22247337928309
22246873644917,22247523565597
22247525372472,22247523565597
22247525372472,22247751550149
22247525372472,22247899240948
22247525372472,22248026805273
22247525372472,22248171457256
22247525372472,22248660930109
22248726322044,22248660930109
22248726322044,22248889176109
22248726322044,22249188639602
22248726322044,22249382507582
22249384466797,22249382507582
22249384466797,22249585086344
22249384466797,22249722571696
22249384466797,22249898553083
22249384466797,22250165660118
22249384466797,22250584940650
22250598070228,22250584940650
22250598070228,22250814141247
22250598070228,22250970750555
22250598070228,22251086947458
22251111238391,22251086947458
22251111238391,22251364968773
22251111238391,22251532188013
22251111238391,22251699505084
22251111238391,22251955339701
22251111238391,22252377313380
22252441969212,22252377313380
22252441969212,22252587629849
22252441969212,22252904531229
22252441969212,22253030435091
22252441969212,22253486926795
22253488357482,22253486926795
22253488357482,22253737394605
22253488357482,22254013440283
22253488357482,22254221509162
22253488357482,22254409284912
22254457366790,22254409284912
22254457366790,22254687952364
22254457366790,22254904095511
22254457366790,22255078418503
22254457366790,22255327285772
22255505189017,22255327285772
22255505189017,22255707321002
22255505189017,22255843218004
22255505189017,22255927070916
22255505189017,22256649823718
22255505189017,22256821395890
22256659219924,22256821395890
22256659219924,22257010271420
22256659219924,22257162728064
22257184962387,22257162728064
22257184962387,22257368250283
22257184962387,22257516946266
22257184962387,22257709635791
22257184962387,22258049415754
22258075639626,22258049415754
22258075639626,22258252779866
22258075639626,22258474245769
22258075639626,22258659233034
22258075639626,22258945355263
22258075639626,22259182663485
22258990600555,22259182663485
22258990600555,22259418346414
22258990600555,22259604782665
22258990600555,22259816304570
22258990600555,22260312565456
22260389130376,22260312565456
22260389130376,22260614229156
22260389130376,22260750015438
22260389130376,22260913094314
22260914475499,22260913094314
22260914475499,22261130701625
22260914475499,22261320254554
22260914475499,22261501393339
22260914475499,22261792742375
22260914475499,22262271364841
22260914475499,22262508701009
22262295670601,22262508701009
22262295670601,22262654012710
22262295670601,22262858922232
22262295670601,22263140345403
22263235540304,22263140345403
22263235540304,22263496455268
22263235540304,22263669169430
22263235540304,22263827130065
22263235540304,22264226295340
22264229290938,22264226295340
22264229290938,22264453673805
22264229290938,22264664934110
22264229290938,22264797992630
22264799846466,22264797992630
22264799846466,22265004581664
22264799846466,22265199867217
22264799846466,22265391638177
22264799846466,22265589756173
22265590950911,22265589756173
22265590950911,22265854120314
22265590950911,22266004911563
22265590950911,22266214582738
22265590950911,22266403669760
22265590950911,22266883091651
22265590950911,22267219431854
22267035515093,22267219431854
22267035515093,22267392024941
22267035515093,22267590235896
22267035515093,22267922087785
22268007536198,22267922087785
22268007536198,22268258593286
22268007536198,22268408422962
22268007536198,22268600445785
22268007536198,22268912157640
22268913741362,22268912157640
22268913741362,22269173257069
22268913741362,22269314493198
22268913741362,22269483300302
22268913741362,22269767886952
22269842556327,22269767886952
22269842556327,22270120823811
22269842556327,22270299022688
22269842556327,22270468597595
22269842556327,22270738141625
22270764741197,22270738141625
22270764741197,22270997397760
22270764741197,22271219632239
22270764741197,22271430513964
22270764741197,22271709127955
22271728942755,22271709127955
22271728942755,22271986396823
22271728942755,22272110071200
22271728942755,22272324433542
22272326399054,22272324433542
22272326399054,22272504409076
22272326399054,22272753365155
22272326399054,22272959712807
22272326399054,22273116426724
22272326399054,22273506520424
22273590450945,22273506520424
22273590450945,22273833214939
22273590450945,22274056132695
22273590450945,22274247327376
22274249925775,22274247327376
22274249925775,22274422147521
22274249925775,22274563884859
22274249925775,22274717685845
22274249925775,22275025878463
22275027903996,22275025878463
22275027903996,22275235547421
22275027903996,22275405267561
22275027903996,22275626038514
22275027903996,22275883295802
22275027903996,22276264137551
22276523506993,22276264137551
22276523506993,22276746967437
22276523506993,22276906341350
22276523506993,22277062825019
22276523506993,22277422196723
22277484980019,22277422196723
22277484980019,22277649427442
22277484980019,22277911352039
22277484980019,22278072947785
22278075081169,22278072947785
22278075081169,22278258376594
22278075081169,22278470041085
22278075081169,22278613397745
22278075081169,22278930980073
22278075081169,22280106478753
22280108793880,22280106478753
22280108793880,22280379258522
22280108793880,22280530045905
22280108793880,22280652082393
22280108793880,22280923276520
22280926609814,22280923276520
22280926609814,22281161449242
22280926609814,22281348570062
22280926609814,22281561234582
22281563244449,22281561234582
22281563244449,22281692720208
22281563244449,22281931295131
22281563244449,22282091488197
22281563244449,22282298338151
22282351068008,22282298338151
22282351068008,22282607303613
22282351068008,22282769724425
22282351068008,22282927364760
22282351068008,22283221096223
22282351068008,22283735806366
22283878032114,22283735806366
22283878032114,22284170475383
22283878032114,22284435341483
22283878032114,22284646472775
22284648839398,22284646472775
22284648839398,22284869691632
22284648839398,22285065837304
22284648839398,22285206317490
22284648839398,22285366622665
22284648839398,22285796140833
22285798022262,22285796140833
22285798022262,22286047590488
22285798022262,22286218295911
22285798022262,22286381046187
22285798022262,22286676436310
22286678166450,22286676436310
22286678166450,22286850928996
22286678166450,22287029291348
22287084274827,22287029291348
22287084274827,22287295641332
22287084274827,22287428707389
22287084274827,22287641431084
22287084274827,22287782777124
22287084274827,22287956282305
22287971819077,22287956282305
22287971819077,22288225179218
22287971819077,22288370352373
22287971819077,22288528161024
22287971819077,22288893644220
22287971819077,22289521613653
22289669480975,22289521613653
22289669480975,22289933234387
22289669480975,22290089559170
22289669480975,22290257633161
22289669480975,22290609957785
22290631346936,22290609957785
22290631346936,22290837590328
22290631346936,22291066824574
22290631346936,22291265368555
22290631346936,22291455130492
22291548446814,22291455130492
22291548446814,22291792193305
22291548446814,22291994867678
22291548446814,22292149563247
22291548446814,22292580507054
22292583237704,22292580507054
22292583237704,22292800475473
22292583237704,22292941935160
22292583237704,22293134575430
22292583237704,22293475904053
22293477621271,22293475904053
22293477621271,22293733053383
22293477621271,22293889543488
22293477621271,22294069643560
22293477621271,22294295460196
22294323764118,22294295460196
22294323764118,22294563432470
22294323764118,22294826015793
22294323764118,22295008422363
22295022759604,22295008422363
22295022759604,22295173605851
22295022759604,22295331411163
22295022759604,22295506648466
22295022759604,22295695336868
22295022759604,22296108759615
22296194374216,22296108759615
22296194374216,22296379976486
22296194374216,22296601280058
22296194374216,22296738739340
22296194374216,22297085396817
22297121707326,22297085396817
22297121707326,22297416045678
22297121707326,22297589403220
22297121707326,22297818022826
22297121707326,22297999242516
22298070531569,22297999242516
22298070531569,22298329152664
22298070531569,22298521671115
22298070531569,22298668328676
22298670193164,22298668328676
22298670193164,22298907765166
22298670193164,22299075279685
22298670193164,22299278666401
22298670193164,22299415646471
22298670193164,22299917421868
22299920032887,22299917421868
22299920032887,22300118372376
22299920032887,22300338737918
22299920032887,22300541511869
22299920032887,22300813444109
22300829049917,22300813444109
22300829049917,22301014139029
22300829049917,22301254176831
22300829049917,22301452879831
22301455752505,22301452879831
22301455752505,22301778377597
22301455752505,22301925708404
22301455752505,22302092858919
22301455752505,22302257951372
22301455752505,22302635075916
22301455752505,22302840339221
22302665966580,22302840339221
22302665966580,22303017690677
22302665966580,22303294323271
22302665966580,22303567312367
22302665966580,22303768868255
22303572247557,22303768868255
22303572247557,22303962115735
22303572247557,22304137291418
22304139462584,22304137291418
22304139462584,22304379244392
22304139462584,22304545349546
22304139462584,22304677720842
22304139462584,22304884197151
22304139462584,22305385161374
22305388215159,22305385161374
22305388215159,22305599977735
22305388215159,22305825712975
22305388215159,22305971765888
22305388215159,22306276920267
22306279681836,22306276920267
22306279681836,22306526386482
22306279681836,22306721866306
22306279681836,22306838387349
22306279681836,22306995242132
22306840071150,22306995242132
22306840071150,22307167645699
22306840071150,22307343121116
22306840071150,22307659370132
22307667667976,22307659370132
22307667667976,22307930698436
22307667667976,22308132143608
22307667667976,22308276140553
22307667667976,22308439588492
22307667667976,22308818995596
22307667667976,22309079321346
22308952809149,22309079321346
22308952809149,22309298316839
22308952809149,22309444062431
22308952809149,22309783383861
22310002929405,22309783383861
22310002929405,22310260384214
22310002929405,22310402270771
22310002929405,22310556553935
22310002929405,22310952989121
22311034496220,22310952989121
22311034496220,22311266272716
22311034496220,22311504052134
22311034496220,22311646440961
22311658928443,22311646440961
22311658928443,22311868989645
22311658928443,22312008056528
22311658928443,22312213264186
22311658928443,22312383100157
22311658928443,22312761595023
22312822894118,22312761595023
22312822894118,22313008082051
22312822894118,22313191613542
22312822894118,22313579869512
22313612354245,22313579869512
22313612354245,22313900592959
22313612354245,22314101391995
22313612354245,22314262400312
22313612354245,22314574655963
22313612354245,22315057312140
22315090983089,22315057312140
22315090983089,22315281326011
22315090983089,22315511684092
22315090983089,22315731355324
22315090983089,22315933345910
22315733389160,22315933345910
22315733389160,22316111372548
22315733389160,22316285448685
22315733389160,22316444765204
22315733389160,22316981317062
22316982116115,22316981317062
22316982116115,22317206276857
22316982116115,22317424936272
22317426847249,22317424936272
22317426847249,22317602400597
22317426847249,22317769898087
22317426847249,22317914994134
22317426847249,22318048265220
22317426847249,22318309708286
22317426847249,22318713665573
22318779473423,22318713665573
22318779473423,22319042287606
22318779473423,22319207200136
22318779473423,22319351901315
22318779473423,22319674072195
22319675863413,22319674072195
22319675863413,22319936695115
22319675863413,22320146655677
22319675863413,22320283248747
22319675863413,22320581125894
22320584001212,22320581125894
22320584001212,22320846233867
22320584001212,22321039111281
22320584001212,22321191042536
22320584001212,22321407020187
22321468858844,22321407020187
22321468858844,22321659294221
22321468858844,22321841568030
22321468858844,22322004345721
22321468858844,22322326724672
22322330847322,22322326724672
22322330847322,22322555694679
22322330847322,22322727845865
22322330847322,22323047861433
22322330847322,22323227373462
22323252822634,22323227373462
22323252822634,22323488859318
22323252822634,22323603229776
22323252822634,22323748317570
22323864994346,22323748317570
22323864994346,22324049406375
22323864994346,22324218849065
22323864994346,22324454655083
22323864994346,22324632134215
22323864994346,22324979228608
22324981849222,22324979228608
22324981849222,22325158123518
22324981849222,22325333015232
22324981849222,22325505737018
22325507657528,22325505737018
22325507657528,22325691407957
22325507657528,22325856697211
22325507657528,22326057171119
22325507657528,22326309488382
22325507657528,22326675061871
22326759803620,22326675061871
22326759803620,22327025343409
22326759803620,22327232361643
22326759803620,22327363670701
22326759803620,22327684838574
22327685846971,22327684838574
22327685846971,22327941347853
22327685846971,22328122057940
22327685846971,22328272458412
22327685846971,22328585972697
22328668779115,22328585972697
22328668779115,22328925284737
22328668779115,22329088523735
22328668779115,22329331689297
22328668779115,22329565509146
22329621198835,22329565509146
22329621198835,22329816373486
22329621198835,22329985294604
22329621198835,22330179363975
22330182034234,22330179363975
22330182034234,22330462410066
22330182034234,22330642804611
22330182034234,22330813327196
22330182034234,22331016174702
22331017788627,22331016174702
22331017788627,22331260895405
22331017788627,22331406736785
22331017788627,22331594261170
22331017788627,22331804359686
22331017788627,22332183314354
22332293470120,22332183314354
22332293470120,22332506687088
22332293470120,22332777384991
22332293470120,22332972469720
22332293470120,22333213599557
22333227596791,22333213599557
22333227596791,22333408471709
22333227596791,22333569368561
22333227596791,22333728588543
22333227596791,22334106413484
22334178981559,22334106413484
22334178981559,22334472587659
22334178981559,22334694651199
22334178981559,22334872532388
22334178981559,22335099496403
22335145663102,22335099496403
22335145663102,22335406089882
22335145663102,22335557687461
22335145663102,22335788321553
22335789867099,22335788321553
22335789867099,22335940072983
22335789867099,22336119621076
22335789867099,22336307790125
22335789867099,22336487120010
22335789867099,22336953425996
22336956862361,22336953425996
22336956862361,22337235397785
22336956862361,22337389849715
22336956862361,22337607978958
22336956862361,22337879370559
22337953279615,22337879370559
22337953279615,22338300796211
22337953279615,22338516300804
22337953279615,22338735279408
22337953279615,22338929126082
22338962268243,22338929126082
22338962268243,22339211845564
22338962268243,22339398082689
22338962268243,22339602060269
22338962268243,22339964354001
22339965977690,22339964354001
22339965977690,22340226124793
22339965977690,22340386697106
22339965977690,22340528134739
22339965977690,22340956327746
22341069868288,22340956327746
22341069868288,22341406208483
22341069868288,22341583199751
22341069868288,22341788525215
22341069868288,22341935032589
22341936540310,22341935032589
22341936540310,22342113778474
22341936540310,22342279966676
22341936540310,22342706399564
22341936540310,22343145192593
22343148393482,22343145192593
22343148393482,22343291103338
22343148393482,22343518178803
22343148393482,22343656645124
22343148393482,22344025255028
22344033470079,22344025255028
22344033470079,22344226180074
22344033470079,22344372929751
22344033470079,22344587186890
22344033470079,22344978822218
22345043654413,22344978822218
22345043654413,22345240335217
22345043654413,22345487671302
22345043654413,22345662375187
22345043654413,22345947326507
22345986613396,22345947326507
22345986613396,22346508367990
22345986613396,22346757653447
22345986613396,22346900253987
22345986613396,22347184785421
22347204889710,22347184785421
22347204889710,22347470141679
22347204889710,22347600403060
22347204889710,22347774668105
22347204889710,22348113561634
22348158519831,22348113561634
22348158519831,22348333929139
22348158519831,22348587592933
22348158519831,22348765160443
22348158519831,22349049955808
22349074952991,22349049955808
22349074952991,22349285288194
22349074952991,22349445794021
22349074952991,22349612594437
22349074952991,22349893197185
22349976014760,22349893197185
22349976014760,22350172443637
22349976014760,22350396342555
22349976014760,22350612919877
22350615181795,22350612919877
22350615181795,22350779506997
22350615181795,22350928017842
22350615181795,22351059572605
22350615181795,22351416709386
22351418802729,22351416709386
22351418802729,22351592087560
22351418802729,22351752305736
22351418802729,22351922439495
22351418802729,22352239898994
22351418802729,22352710302288
22352712109681,22352710302288
22352712109681,22352933344650
22352712109681,22353234301015
22352712109681,22353400437371
22353401569813,22353400437371
22353401569813,22353576565367
22353401569813,22353738824482
22353401569813,22353879410216
22353401569813,22354011283348
22354058505424,22354011283348
22354058505424,22354328677819
22354058505424,22354498514433
22354058505424,22354713705053
22354058505424,22355015066666
22354058505424,22355530530674
22355532569016,22355530530674
22355532569016,22355731758362
22355532569016,22355986264356
22355532569016,22356173665040
22356176051827,22356173665040
22356176051827,22356309439991
22356176051827,22356489615691
22356176051827,22356672356883
22356176051827,22356868364363
22356176051827,22357349430166
22357350958015,22357349430166
22357350958015,22357561435509
22357350958015,22357724857007
22357350958015,22357934370675
22357936300156,22357934370675
22357936300156,22358124627405
22357936300156,22358269058842
22357936300156,22358454685494
22357936300156,22358766660335
22357936300156,22359126805177
22359128159695,22359126805177
22359128159695,22359436459668
22359128159695,22359611177630
22359128159695,22359772764229
22359128159695,22360051277750
22359128159695,22360202360495
22360052849112,22360202360495
22360052849112,22360381353891
22360052849112,22360547167387
22360052849112,22360950246225
22360953161148,22360950246225
22360953161148,22361150752653
22360953161148,22361374409124
22360953161148,22361578969264
22360953161148,22361994483674
22361999488600,22361994483674
22361999488600,22362194269164
22361999488600,22362390710712
22361999488600,22362546263829
22362547919009,22362546263829
22362547919009,22362795514703
22362547919009,22362947285947
22362547919009,22363097267585
22362547919009,22363290314925
22362547919009,22363697077341
22363773616117,22363697077341
22363773616117,22364004073661
22363773616117,22364151545439
22363773616117,22364303298416
22363773616117,22364708628721
22364849745673,22364708628721
22364849745673,22365063332748
22364849745673,22365286555242
22364849745673,22365464570492
22364849745673,22365771226134
22365899520601,22365771226134
22365899520601,22366081261995
22365899520601,22366347201612
22365899520601,22366533125681
22365899520601,22366822345008
22366857639123,22366822345008
22366857639123,22367132712529
22366857639123,22367317738311
22366857639123,22367549265465
22366857639123,22367915203278
22366857639123,22368050327727
22366857639123,22368132449730
22367917499033,22368132449730
22367917499033,22368369575561
22368630632680,22368369575561
22368630632680,22368913119525
22368630632680,22369139219563
22368630632680,22369334266432
22368630632680,22369623396579
22368630632680,22370088282986
22370114743059,22370088282986
22370114743059,22370285161428
22370114743059,22370545151799
22370546705886,22370545151799
22370546705886,22370750087576
22370546705886,22370906849473
22370546705886,22371069114618
22370546705886,22371244330405
22370546705886,22371411487485
22370546705886,22371939380666
22371987314241,22371939380666
22371987314241,22372192377221
22371987314241,22372441863983
22371987314241,22372650022799
22371987314241,22373040211838
22373043676289,22373040211838
22373043676289,22373262232705
22373043676289,22373419233360
22373043676289,22373640050005
22373043676289,22373784408306
22373786401189,22373784408306
22373786401189,22373962710468
22373786401189,22374121273056
22373786401189,22374259203521
22373786401189,22374746150276
22374748339703,22374746150276
22374748339703,22374993737488
22374748339703,22375167061832
22374748339703,22375336258291
22375341238805,22375336258291
22375341238805,22375585470641
22375341238805,22375758124800
22375341238805,22375916184896
22375341238805,22376080713850
22375341238805,22376511409514
22376513427358,22376511409514
22376513427358,22376730219660
22376513427358,22376903535348
22376513427358,22377077434978
22376513427358,22377422749221
22377438619331,22377422749221
22377438619331,22377694199761
22377438619331,22377865778897
22377438619331,22378031381633
22377438619331,22378265328505
22378327538274,22378265328505
22378327538274,22378600232353
22378327538274,22378782637618
22378327538274,22378965947421
22378968504391,22378965947421
22378968504391,22379201069692
22378968504391,22379359924753
22378968504391,22379515315782
22378968504391,22379795398530
22378968504391,22380205076416
22380300451420,22380205076416
22380300451420,22380522124137
22380300451420,22380802611038
22380300451420,22380995376643
22380300451420,22381158389278
22381253930916,22381158389278
22381253930916,22381565500028
22381253930916,22381781201677
22381253930916,22381956323250
22381253930916,22382143955939
22381253930916,22382296546022
22382297365861,22382296546022
22382297365861,22382482826642
22382297365861,22382676170187
22382297365861,22383008790384
22383044965429,22383008790384
22383044965429,22383250304480
22383044965429,22383417264911
22383044965429,22383658288748
22383044965429,22383925322765
22383990688972,22383925322765
22383990688972,22384249405214
22383990688972,22384432201309
22383990688972,22384603064508
22383990688972,22384929345887
22383990688972,22385071825302
22384968201570,22385071825302
22384968201570,22385530263018
22384968201570,22385734622555
22385739228838,22385734622555
22385739228838,22385903081536
22385739228838,22386152284531
22385739228838,22386313477714
22385739228838,22386614759995
22386666785322,22386614759995
22386666785322,22386889737157
22386666785322,22387157294748
22386666785322,22387361797996
22386666785322,22387661036216
22386666785322,22388039799401
22388105664548,22388039799401
22388105664548,22388364473609
22388105664548,22388591508576
22388105664548,22388751616836
22388754744534,22388751616836
22388754744534,22388922303256
22388754744534,22389102053211
22388754744534,22389300189439
22388754744534,22389551804951
22388754744534,22389947644497
22390005162568,22389947644497
22390005162568,22390283537045
22390005162568,22390451950261
22390005162568,22390641508742
22390005162568,22391047919859
22391049064822,22391047919859
22391049064822,22391293354700
22391049064822,22391437122598
22391049064822,22391697635128
22391049064822,22391991855908
22392003551393,22391991855908
22392003551393,22392222170496
22392003551393,22392334246135
22392003551393,22392568988323
22392598350377,22392568988323
22392598350377,22392756047748
22392598350377,22392960573894
22392598350377,22393149311205
22392598350377,22393511408645
22393513247101,22393511408645
22393513247101,22393683771481
22393513247101,22393866293332
22393513247101,22394059825159
22393513247101,22394476849279
22393513247101,22394881405137
22394883689574,22394881405137
22394883689574,22395113331841
22394883689574,22395254377649
22394883689574,22395420518736
22395423541591,22395420518736
22395423541591,22395588596373
22395423541591,22395732579937
22395423541591,22395885047968
22395423541591,22396311984528
22395423541591,22396723191091
22396725575756,22396723191091
22396725575756,22396942250087
22396725575756,22397116701364
22396725575756,22397295740892
22397297966791,22397295740892
22397297966791,22397574310543
22397297966791,22397714045626
22397297966791,22397873116796
22397297966791,22398250383130
22397297966791,22398731270215
22398757571299,22398731270215
22398757571299,22399051317043
22398757571299,22399255696621
22398757571299,22399426357938
22398757571299,22399619020623
22399635226941,22399619020623
22399635226941,22399853464268
22399635226941,22400058681324
22399635226941,22400239175569
22399635226941,22400666425660
22400668429235,22400666425660
22400668429235,22400899230017
22400668429235,22401109820198
22400668429235,22401283025766
22401285777880,22401283025766
22401285777880,22401537881542
22401285777880,22401701400632
22401285777880,22401865391628
22401285777880,22402032220240
22402107316285,22402032220240
22402107316285,22402360602782
22402107316285,22402536850305
22402107316285,22402764215063
22402107316285,22403042670045
22403044401535,22403042670045
22403044401535,22403242520597
22403044401535,22403403812677
22403044401535,22403527519662
22403044401535,22403994408849
22403044401535,22404318639834
22404347069306,22404318639834
22404347069306,22404615768146
22404347069306,22404768022761
22404347069306,22404966568262
22404347069306,22405269549420
22405348089120,22405269549420
22405348089120,22405555639111
22405348089120,22405756643980
22405348089120,22405918381129
22405348089120,22406249041590
22406284312843,22406249041590
22406284312843,22406464777333
22406284312843,22406672386208
22406284312843,22406885306908
22406284312843,22407134065032
22407217277424,22407134065032
22407217277424,22407524507202
22407217277424,22407715804167
22407217277424,22407871882336
22407217277424,22408134085762
22408314640942,22408134085762
22408314640942,22408562022331
22408314640942,22408820453505
22408314640942,22408968498181
22408314640942,22409357215175
22409359654491,22409357215175
22409359654491,22409534223157
22409359654491,22409729632059
22409359654491,22409919155013
22409359654491,22410275207464
22410277469143,22410275207464
22410277469143,22410538778459
22410277469143,22410753203637
22410754993920,22410753203637
22410754993920,22410934396009
22410754993920,22411091453249
22410754993920,22411245934683
22410754993920,22411498020076
22410754993920,22411761971828
22410754993920,22412034044651
22412111514159,22412034044651
22412111514159,22412370188890
22412111514159,22412561897709
22412111514159,22412738024868
22412111514159,22413059210824
22413082032929,22413059210824
22413082032929,22413342249008
22413082032929,22413535631663
22413082032929,22413739337742
22413082032929,22414063412773
22414094419761,22414063412773
22414094419761,22414345643750
22414094419761,22414580343124
22414094419761,22414774067316
22414775538569,22414774067316
22414775538569,22414974999288
22414775538569,22415130891699
22414775538569,22415370375615
22414775538569,22415728192860
22414775538569,22416236979415
22416241232733,22416236979415
22416241232733,22416467417574
22416241232733,22416649170033
22416241232733,22416882435460
22416241232733,22417195314712
22416241232733,22417394701241
22417205411953,22417394701241
22417205411953,22417594221570
22417205411953,22417752370717
22417205411953,22418158157862
22418161181993,22418158157862
22418161181993,22418370263240
22418161181993,22418598434139
22418161181993,22418748803060
22418161181993,22418908693767
22418750404700,22418908693767
22418750404700,22419145148481
22418750404700,22419306040218
22418750404700,22419504546177
22419626151332,22419504546177
22419626151332,22419831283393
22419626151332,22420146516626
22419626151332,22420332401053
22419626151332,22420579131692
22419626151332,22420842519797
22420985841377,22420842519797
22420985841377,22421236550719
22420985841377,22421421102163
22420985841377,22421570539924
22420985841377,22421998370480
22422014807023,22421998370480
22422014807023,22422226801174
22422014807023,22422393526057
22422014807023,22422534121598
22422014807023,22422952029063
22422986381820,22422952029063
22422986381820,22423271455488
22422986381820,22423396339983
22422986381820,22423639209912
22422986381820,22423962078563
22423963853683,22423962078563
22423963853683,22424143805941
22423963853683,22424340558681
22423963853683,22424559586036
22423963853683,22424953087866
22424955434112,22424953087866
22424955434112,22425154225043
22424955434112,22425358730007
22424955434112,22425597932698
22424955434112,22425815428026
22425927183638,22425815428026
22425927183638,22426157328588
22425927183638,22426371376766
22425927183638,22426571335363
22425927183638,22426800579544
22426907775305,22426800579544
22426907775305,22427144785398
22426907775305,22427340009938
22426907775305,22427510556305
22426907775305,22427881895104
22427884402649,22427881895104
22427884402649,22428069485313
22427884402649,22428245095347
22427884402649,22428381832581
22427884402649,22428679306775
22428807764660,22428679306775
22428807764660,22429070031216
22428807764660,22429342277908
22428807764660,22429525398811
22428807764660,22429791300561
22429793551265,22429791300561
22429793551265,22429976709618
22429793551265,22430169348500
22429793551265,22430300627698
22430302031853,22430300627698
22430302031853,22430471979875
22430302031853,22430930050184
22430302031853,22431126089179
22430302031853,22431852158887
22430302031853,22432305630424
22432308623599,22432305630424
22432308623599,22432572491428
22432308623599,22432747807949
22432308623599,22432930893860
22432934509949,22432930893860
22432934509949,22433167050655
22432934509949,22433314187391
22432934509949,22433539910179
22432934509949,22433712971931
22432934509949,22434045560849
22434193257700,22434045560849
22434193257700,22434406805904
22434193257700,22434637072669
22434193257700,22434821387203
22434823083540,22434821387203
22434823083540,22434990898228
22434823083540,22435175486001
22434823083540,22435320189309
22434823083540,22435646530962
22434823083540,22435999830642
22436076263145,22435999830642
22436076263145,22436326563312
22436076263145,22436564964293
22436076263145,22436756509814
22436076263145,22437023513093
22437081966162,22437023513093
22437081966162,22437332920196
22437081966162,22437513647619
22437562529088,22437513647619
22437562529088,22437777720945
22437562529088,22437913377561
22437562529088,22438050693643
22437562529088,22438277466611
22437562529088,22438443506070
22437562529088,22438939156151
22438951049805,22438939156151
22438951049805,22439136970210
22438951049805,22439328404437
22438951049805,22439506388202
22438951049805,22439931014943
22439933223991,22439931014943
22439933223991,22440167086527
22439933223991,22440340595588
22439933223991,22440537451779
22439933223991,22440812673627
22440883381249,22440812673627
22440883381249,22441135683584
22440883381249,22441332307747
22440883381249,22441485863092
22440883381249,22441784156328
22441785996635,22441784156328
22441785996635,22442031470864
22441785996635,22442140604651
22441785996635,22442353926090
22441785996635,22442709262725
22442839198048,22442709262725
22442839198048,22443017192586
22442839198048,22443209828256
22442839198048,22443373076854
22442839198048,22443547247532
22443914193981,22443547247532
22443914193981,22444171193194
22443914193981,22444392866012
22444409230181,22444392866012
22444409230181,22444597568219
22444409230181,22444733840347
22444409230181,22444874284642
22444409230181,22445061918159
22444409230181,22445244457020
22445373470866,22445244457020
22445373470866,22445618132134
22445373470866,22445847329595
22445373470866,22446021232796
22445373470866,22446198040119
22446289219895,22446198040119
22446289219895,22446467507260
22446289219895,22446725115751
22446289219895,22446855305868
22446289219895,22447258326283
22446289219895,22447460825325
22447526045513,22447460825325
22447526045513,22447753285982
22447526045513,22447933963783
22447526045513,22448195229312
22447526045513,22448442201221
22448444267940,22448442201221
22448444267940,22448644628603
22448444267940,22448865451445
22448444267940,22449038973351
22448444267940,22449193738841
22449371505931,22449193738841
22449371505931,22449596977434
22449371505931,22449831976828
22449371505931,22449950545415
22449371505931,22450324981136
22450374409125,22450324981136
22450374409125,22450615754450
22450374409125,22450780276410
22450374409125,22450934728272
22450975636717,22450934728272
22450975636717,22451213965287
22450975636717,22451348301135
22450975636717,22451505662809
22450975636717,22451716848714
22450975636717,22452252964881
22452255407540,22452252964881
22452255407540,22452554606733
22452255407540,22452715527671
22452255407540,22452915227537
22452255407540,22453081786728
22453083261872,22453081786728
22453083261872,22453255458082
22453083261872,22453439542067
22453083261872,22453626247154
22453661519363,22453626247154
22453661519363,22453948934785
22453661519363,22454143250766
22453661519363,22454304546318
22453661519363,22454607249579
22454611944207,22454607249579
22454611944207,22454840143056
22454611944207,22454986485321
22454611944207,22455192243666
22454611944207,22455508330423
22454611944207,22455908878302
22456034261791,22455908878302
22456034261791,22456286285593
22456034261791,22456427186940
22456034261791,22456607510744
22456034261791,22456962363931
22457059407940,22456962363931
22457059407940,22457265328541
22457059407940,22457508622700
22457059407940,22457720146779
22457059407940,22457962819876
22457991452186,22457962819876
22457991452186,22458173099061
22457991452186,22458412288273
22457991452186,22458561055631
22457991452186,22459027554097
22459029331989,22459027554097
22459029331989,22459254241197
22459029331989,22459396263247
22459029331989,22459544939443
22459556670443,22459544939443
22459556670443,22459789356415
22459556670443,22459904505754
22459556670443,22460093360316
22459556670443,22460435287313
22459556670443,22460950483794
22459556670443,22461185819879
22461018322096,22461185819879
22461018322096,22461403676579
22461018322096,22461536225277
22461018322096,22461968155251
22461971717731,22461968155251
22461971717731,22462210334624
22461971717731,22462372508006
22461971717731,22462597716882
22462607024390,22462597716882
22462607024390,22462841437646
22462607024390,22462988702531
22462607024390,22463150590750
22462607024390,22463454404140
22462607024390,22463871743634
22463991149397,22463871743634
22463991149397,22464202402856
22463991149397,22464348865374
22463991149397,22464687488428
22464689788992,22464687488428
22464689788992,22464892536625
22464689788992,22465106444900
22464689788992,22465246762421
22464689788992,22465407253872
22464689788992,22465893073135
22465895838336,22465893073135
22465895838336,22466151098666
22465895838336,22466366621772
22465895838336,22466535223196
22465895838336,22466896721302
22467215216668,22466896721302
22467215216668,22467439862762
22467215216668,22467627949657
22467215216668,22467818104957
22467215216668,22468092838293
22468094121915,22468092838293
22468094121915,22468319665449
22468094121915,22468519840294
22468094121915,22468703344088
22468094121915,22468919230509
22469073916992,22468919230509
22469073916992,22469280378651
22469073916992,22469560094104
22469073916992,22469690188386
22469693328133,22469690188386
22469693328133,22469895456061
22469693328133,22470115074237
22469693328133,22470371806678
22469693328133,22470526310084
22470539279966,22470526310084
22470539279966,22470785434847
22470539279966,22470983561633
22470539279966,22471154204873
22470539279966,22471335810518
22470539279966,22471795074040
22471854307725,22471795074040
22471854307725,22472068160976
22471854307725,22472249332032
22471854307725,22472486145987
22471854307725,22472841445417
22472843095673,22472841445417
22472843095673,22473097258047
22472843095673,22473275223251
22472843095673,22473415286218
22472843095673,22473624384077
22473738955039,22473624384077
22473738955039,22474037940746
22473738955039,22474232333895
22473738955039,22474387040918
22473738955039,22474637208738
22474737016957,22474637208738
22474737016957,22474918947273
22474737016957,22475159705510
22474737016957,22475393047689
22474737016957,22475682137106
22475684053923,22475682137106
22475684053923,22475924599004
22475684053923,22476084246109
22475684053923,22476276245626
22476278700883,22476276245626
22476278700883,22476480600719
22476278700883,22476682172206
22476278700883,22476859263515
22476278700883,22477009343356
22476278700883,22477458908887
22477612982924,22477458908887
22477612982924,22477884899045
22477612982924,22478096274055
22477612982924,22478295124186
22478296565627,22478295124186
22478296565627,22478468895714
22478296565627,22478610759574
22478296565627,22478826275742
22478296565627,22478970572995
22478296565627,22479576606710
22479578591106,22479576606710
22479578591106,22479803351005
22479578591106,22480049970896
22479578591106,22480269392303
22479578591106,22480527719903
22480559386072,22480527719903
22480559386072,22480813029421
22480559386072,22481002968453
22480559386072,22481220220432
22480559386072,22481403264571
22481467446359,22481403264571
22481467446359,22481688406489
22481467446359,22481910325911
22481942701950,22481910325911
22481942701950,22482190429824
22481942701950,22482323297854
22481942701950,22482486891393
22481942701950,22482729491021
22481942701950,22482872233052
22481942701950,22483320771538
22483339495283,22483320771538
22483339495283,22483584512518
22483339495283,22483711438803
22483339495283,22483937698966
22483942302287,22483937698966
22483942302287,22484180024988
22483942302287,22484591280355
22483942302287,22484772230567
22483942302287,22484922995105
22485067395393,22484922995105
22485067395393,22485253636172
22485067395393,22485391522141
22485067395393,22485640553701
22485067395393,22485933721886
22485067395393,22486353314447
22486373557471,22486353314447
22486373557471,22486601182327
22486373557471,22486777427054
22486373557471,22486953720746
22486373557471,22487338802440
22487370297859,22487338802440
22487370297859,22487599438337
22487370297859,22487802772570
22487370297859,22487964561632
22487370297859,22488151344389
22488228708694,22488151344389
22488228708694,22488421325756
22488228708694,22488625276053
22488228708694,22488800430858
22488802722335,22488800430858
22488802722335,22489047804330
22488802722335,22489239818956
22488802722335,22489411574263
22488802722335,22489527547047
22489606104505,22489527547047
22489606104505,22489852422988
22489606104505,22489975680234
22489606104505,22490142985685
22489606104505,22490482983327
22490533268355,22490482983327
22490533268355,22490771185503
22490533268355,22490958456815
22490533268355,22491209375704
22490533268355,22491355013230
22490533268355,22491865268702
22491867139733,22491865268702
22491867139733,22492131417542
22491867139733,22492297049064
22491867139733,22492480055076
22491867139733,22492680356079
22492807310557,22492680356079
22492807310557,22493081501804
22492807310557,22493218696985
22492807310557,22493348916104
22492807310557,22493780786745
22493783554893,22493780786745
22493783554893,22494076233020
22493783554893,22494245677062
22493783554893,22494394310590
22493783554893,22494786821023
22494789189531,22494786821023
22494789189531,22495043069720
22494789189531,22495178158001
22494789189531,22495423442967
22494789189531,22495597721177
22495722542548,22495597721177
22495722542548,22495978545935
22495722542548,22496142820872
22495722542548,22496287137447
22495722542548,22496589845576
22496679319522,22496589845576
22496679319522,22496919612465
22496679319522,22497100202531
22496679319522,22497259026694
22496679319522,22497586965581
22497589547429,22497586965581
22497589547429,22497780200520
22497589547429,22497971786859
22497589547429,22498169233510
22498171697040,22498169233510
22498171697040,22498369209984
22498171697040,22498518545875
22498171697040,22498726257304
22498171697040,22498906137532
22498171697040,22499434764766
22499481723089,22499434764766
22499481723089,22499704417099
22499481723089,22499943757239
22499481723089,22500196408585
22499481723089,22500308627782
22500350311950,22500308627782
22500350311950,22500613197460
22500350311950,22500729402573
22500350311950,22500922067237
22500925923802,22500922067237
22500925923802,22501141780411
22500925923802,22501320516180
22500925923802,22501555322907
22500925923802,22501779098169
22500925923802,22502132280815
22502176788881,22502132280815
22502176788881,22502389554411
22502176788881,22502536314935
22502176788881,22502662824871
22502176788881,22503158329782
22503190227399,22503158329782
22503190227399,22503409292755
22503190227399,22503657458788
22503190227399,22503812340421
22503190227399,22504261164312
22504263480684,22504261164312
22504263480684,22504532733243
22504263480684,22504684047138
22504263480684,22504866147412
22504263480684,22505016487995
22505124879354,22505016487995
22505124879354,22505326352713
22505124879354,22505547257979
22505124879354,22505699885546
22505124879354,22505983345902
22505998021051,22505983345902
22505998021051,22506270149698
22505998021051,22506432886644
22505998021051,22506612558171
22505998021051,22506855371520
22506912631131,22506855371520
22506912631131,22507149456113
22506912631131,22507372407355
22506912631131,22507510031082
22506912631131,22507879944890
22507884291649,22507879944890
22507884291649,22508163480113
22507884291649,22508336547434
22507884291649,22508517412399
22507884291649,22508804539022
22508861170342,22508804539022
22508861170342,22509074475715
22508861170342,22509228168511
22508861170342,22509425170935
22508861170342,22509828829618
22509831662495,22509828829618
22509831662495,22510095298278
22509831662495,22510267438958
22509831662495,22510403716760
22509831662495,22510638512349
22510699647048,22510638512349
22510699647048,22510941712261
22510699647048,22511117034114
22510699647048,22511244424017
22511246552799,22511244424017
22511246552799,22511480627038
22511246552799,22511639849788
22511246552799,22511813238270
22511246552799,22512014336059
22511246552799,22512511430347
22512555705252,22512511430347
22512555705252,22512841475243
22512555705252,22513035374516
22513076369425,22513035374516
22513076369425,22513261422670
22513076369425,22513474362953
22513076369425,22513658639810
22513076369425,22513819153998
22513076369425,22513983363101
22513076369425,22514427784971
22514477802078,22514427784971
22514477802078,22514686418452
22514477802078,22514940285175
22514477802078,22515108711507
22514477802078,22515546647271
22515585454858,22515546647271
22515585454858,22515896251823
22515585454858,22516054701232
22515585454858,22516446044164
22515585454858,22516875314483
22516968851979,22516875314483
22516968851979,22517146773324
22516968851979,22517353467816
22516968851979,22517591237847
22517593037883,22517591237847
22517593037883,22517784074870
22517593037883,22517930847654
22517593037883,22518085540490
22517593037883,22518247267062
22517593037883,22518655682740
22518834548134,22518655682740
22518834548134,22519057316684
22518834548134,22519268937061
22518834548134,22519483740787
22518834548134,22519722717673
22519724818327,22519722717673
22519724818327,22519972377155
22519724818327,22520160473849
22519724818327,22520385181467
22520387410989,22520385181467
22520387410989,22520538716149
22520387410989,22520694084915
22520387410989,22520869401049
22520387410989,22521009448301
22520387410989,22521563321617
22521565509772,22521563321617
22521565509772,22521821362565
22521565509772,22521941575751
22521565509772,22522086588689
22522088382864,22522086588689
22522088382864,22522329876625
22522088382864,22522487754835
22522088382864,22522601470650
22522088382864,22523018698739
22522088382864,22523506334511
22523553218994,22523506334511
22523553218994,22523808440913
22523553218994,22523978438464
22523553218994,22524193370947
22523553218994,22524393587171
22524515000943,22524393587171
22524515000943,22524781748431
22524515000943,22524984104911
22524515000943,22525138420983
22524515000943,22525375932522
22525402386274,22525375932522
22525402386274,22525537295391
22525402386274,22525632331474
22525402386274,22526027947321
22526079861555,22526027947321
22526079861555,22526338197489
22526079861555,22526544162024
22526079861555,22526675385022
22526079861555,22526843859897
22526079861555,22527385347600
22527405714833,22527385347600
22527405714833,22527613837730
22527405714833,22527849047740
22527405714833,22528034622527
22527405714833,22528302704955
22528369447518,22528302704955
22528369447518,22528537843168
22528369447518,22528785952859
22528369447518,22528946473576
22528369447518,22529352618764
22529354788210,22529352618764
22529354788210,22529539636619
22529354788210,22529752110216
22529354788210,22529903407887
22529905091504,22529903407887
22529905091504,22530059152346
22529905091504,22530244807709
22529905091504,22530504848248
22529905091504,22530782054282
22530872158273,22530782054282
22530872158273,22531041314349
22530872158273,22531232827195
22530872158273,22531467820908
22530872158273,22531650293891
22530872158273,22532054086266
22532190358900,22532054086266
22532190358900,22532376661142
22532190358900,22532562301452
22532190358900,22532782920048
22532190358900,22533082018478
22533105707332,22533082018478
22533105707332,22533380322487
22533105707332,22533541418263
22533105707332,22533709539916
22533105707332,22534125523810
22534177727216,22534125523810
22534177727216,22534422524911
22534177727216,22534561790148
22534177727216,22534690721485
22534177727216,22535115883595
22535117459812,22535115883595
22535117459812,22535358023232
22535117459812,22535514276553
22535117459812,22535766373991
22535768416234,22535766373991
22535768416234,22535962418532
22535768416234,22536103900954
22535768416234,22536248617769
22535768416234,22536502413123
22535768416234,22537029134150
22537030730377,22537029134150
22537030730377,22537191673830
22537030730377,22537422348467
22537030730377,22537584894249
22537586264066,22537584894249
22537586264066,22537803367118
22537586264066,22537935561041
22537586264066,22538155435848
22537586264066,22538439248981
22537586264066,22538810251586
22538866511607,22538810251586
22538866511607,22539135374526
22538866511607,22539279919201
22538866511607,22539435089432
22538866511607,22539849238811
22539850587630,22539849238811
22539850587630,22540131456953
22539850587630,22540328148207
22539850587630,22540495222153
22539850587630,22540753111975
22540754756051,22540753111975
22540754756051,22540941570216
22540754756051,22541167065069
22540754756051,22541325490235
22540754756051,22541649615067
22541665190535,22541649615067
22541665190535,22541936617535
22541665190535,22542092155135
22541665190535,22542274191520
22541665190535,22542461178340
22542524433929,22542461178340
22542524433929,22542757516399
22542524433929,22542975567960
22542524433929,22543159782818
22542524433929,22543441199974
22543450107537,22543441199974
22543450107537,22543614399979
22543450107537,22543801226299
22543450107537,22544001757683
22543450107537,22544282453701
22544348517836,22544282453701
22544348517836,22544534308946
22544348517836,22544725384666
22544348517836,22544858997880
22544861269203,22544858997880
22544861269203,22545085859363
22544861269203,22545270384151
22544861269203,22545500155247
22544861269203,22545737466691
22544861269203,22546159675530
22546238185089,22546159675530
22546238185089,22546468426033
22546238185089,22546704645018
22546238185089,22546944000972
22546946052556,22546944000972
22546946052556,22547157783489
22546946052556,22547310265950
22546946052556,22547511782900
22546946052556,22547681181789
22547697399050,22547681181789
22547697399050,22547858341196
22547697399050,22548101029827
22547697399050,22548255356012
22547697399050,22548597892539
22547697399050,22549016415383
22549122582693,22549016415383
22549122582693,22549413468329
22549122582693,22549557214607
22549122582693,22549738293741
22549122582693,22550126306040
22550284535237,22550126306040
22550284535237,22550492835798
22550284535237,22550679725799
22550284535237,22550848978121
22550284535237,22551134654718
22551143318757,22551134654718
22551143318757,22551402492133
22551143318757,22551578519683
22551143318757,22551748908695
22551143318757,22552005430758
22552074783439,22552005430758
22552074783439,22552323224079
22552074783439,22552497427200
22552074783439,22552736750392
22552074783439,22553039489917
22553080488715,22553039489917
22553080488715,22553323080196
22553080488715,22553522115827
22553080488715,22553651756960
22553080488715,22554146317886
22554376951996,22554146317886
22554376951996,22554644264999
22554376951996,22554818236784
22554376951996,22555057828081
22554376951996,22555333141300
22555416586388,22555333141300
22555416586388,22555604231317
22555416586388,22555776925368
22555416586388,22555929118542
22555931534518,22555929118542
22555931534518,22556193093717
22555931534518,22556375321116
22555931534518,22556555700849
22555931534518,22556780350156
22555931534518,22557282878951
22557311649617,22557282878951
22557311649617,22557585768509
22557311649617,22557739334767
22557311649617,22557902454357
22557311649617,22558122424752
22557905988648,22558122424752
22557905988648,22558286369644
22557905988648,22558506358041
22557905988648,22558901322428
22557905988648,22559394242593
22559397080796,22559394242593
22559397080796,22559642285400
22559397080796,22559794798376
22559397080796,22559970957325
22559972283728,22559970957325
22559972283728,22560236983001
22559972283728,22560437099940
22559972283728,22560594458609
22559972283728,22560781364862
22559972283728,22561237467539
22561239981377,22561237467539
22561239981377,22561481818568
22561239981377,22561657196598
22561239981377,22561831357100
22561239981377,22562241439587
22562243073451,22562241439587
22562243073451,22562439260633
22562243073451,22562563594369
22562243073451,22562716399883
22562718141656,22562716399883
22562718141656,22563022195295
22562718141656,22563254707988
22562718141656,22563448529521
22562718141656,22563658372569
22562718141656,22563975693266
22563977232485,22563975693266
22563977232485,22564120280213
22563977232485,22564278230554
22563977232485,22564396711863
22563977232485,22564554231654
22563977232485,22564621975607
