26167832148779,26168241905134
26167832148779,26168747197317
26168749213989,26168747197317
26168749213989,26169020323901
26168749213989,26169270730470
26168749213989,26169431978928
26168749213989,26169683169252
26169780706692,26169683169252
26169780706692,26170041372572
26169780706692,26170165362094
26169780706692,26170404463745
26169780706692,26170601018674
26170676417784,26170601018674
26170676417784,26170890369275
26170676417784,26171085472703
26170676417784,26171258784903
26170676417784,26171578992985
26170676417784,26171978713049
26171835506207,26171978713049
26171835506207,26172389344585
26171835506207,26172524676273
26171835506207,26172824300114
26172860164998,26172824300114
26172860164998,26173110945798
26172860164998,26173321324937
26172860164998,26173526681958
26173528191526,26173526681958
26173528191526,26173672494504
26173528191526,26173831627036
26173528191526,26173996987248
26173528191526,26174199371640
26174202238919,26174199371640
26174202238919,26174441355254
26174202238919,26174624059673
26174202238919,26174750200881
26174202238919,26175000319721
26174202238919,26175526517129
26175606287620,26175526517129
26175606287620,26175846559480
26175606287620,26176113196194
26175606287620,26176277645165
26175606287620,26176579301554
26176585493352,26176579301554
26176585493352,26176852476375
26176585493352,26177028232981
26176585493352,26177162346907
26177164543962,26177162346907
26177164543962,26177415224019
26177164543962,26177561683290
26177164543962,26177696082837
26177164543962,26177853294747
26177164543962,26178227319095
26178315464968,26178227319095
26178315464968,26178555247098
26178315464968,26178735689697
26178315464968,26178968609836
26178973214556,26178968609836
26178973214556,26179229889489
26178973214556,26179391053680
26178973214556,26179569300551
26178973214556,26179714397957
26178973214556,26180167196941
26180184310931,26180167196941
26180184310931,26180432295200
26180184310931,26180629954457
26180184310931,26180877843399
26180880420652,26180877843399
26180880420652,26181157354236
26180880420652,26181338303406
26180880420652,26181499334883
26180880420652,26181682138730
26181683728764,26181682138730
26181683728764,26181983545938
26181683728764,26182204842980
26181683728764,26182328173449
26181683728764,26182474905012
26182477498297,26182474905012
26182477498297,26182695371919
26182477498297,26182865178352
26182477498297,26183042157698
26182477498297,26183253126190
26183313240284,26183253126190
26183313240284,26183520870375
26183313240284,26183774626129
26183313240284,26183929361330
26183313240284,26184127524256
26183313240284,26184614377158
26184618398066,26184614377158
26184618398066,26184853364973
26184618398066,26185008806884
26184618398066,26185175265815
26184618398066,26185645426081
26185648636729,26185645426081
26185648636729,26185881128559
26185648636729,26186073317459
26185648636729,26186211217753
26185648636729,26186456292457
26186457554048,26186456292457
26186457554048,26186677617403
26186457554048,26186846771430
26186457554048,26186980509513
26186457554048,26187369458373
26187371324547,26187369458373
26187371324547,26187565239536
26187371324547,26187752142969
26187371324547,26187893018612
26187371324547,26188200306289
26188204289589,26188200306289
26188204289589,26188399970103
26188204289589,26188658971761
26188204289589,26188816581692
26188204289589,26188977474503
26189045632995,26188977474503
26189045632995,26189303298052
26189045632995,26189445216954
26189045632995,26189606279915
26189607868983,26189606279915
26189607868983,26189795697236
26189607868983,26189984563590
26189607868983,26190137270723
26189607868983,26190496700622
26189607868983,26190820519001
26190906056775,26190820519001
26190906056775,26191203324015
26190906056775,26191472070738
26190906056775,26191662309951
26190906056775,26191864053415
26191866790796,26191864053415
26191866790796,26192097444600
26191866790796,26192362051845
26191866790796,26192562335428
26191866790796,26192697523477
26192699701160,26192697523477
26192699701160,26192996395010
26192699701160,26193168478649
26193173593440,26193168478649
26193173593440,26193364281785
26193173593440,26193567157751
26193173593440,26193719247829
26193173593440,26193879441152
26193173593440,26194078831439
26193173593440,26194469913148
26194556558718,26194469913148
26194556558718,26194774808773
26194556558718,26194999235478
26194556558718,26195171662298
26194556558718,26195437760070
26195541932933,26195437760070
26195541932933,26195824200497
26195541932933,26195987229167
26195541932933,26196241261968
26195541932933,26196476688398
26196511842609,26196476688398
26196511842609,26197056267089
26196511842609,26197250849475
26196511842609,26197375685346
26196511842609,26197734695910
26196511842609,26197984134489
26197794479431,26197984134489
26197794479431,26198169663211
26197794479431,26198313116520
26197794479431,26198518017442
26198314744663,26198518017442
26198314744663,26198648066985
26198314744663,26198890187893
26198314744663,26199129275594
26198314744663,26199547873925
26199589756875,26199547873925
26199589756875,26199818529534
26199589756875,26199986354980
26199589756875,26200139180319
26199589756875,26200516755819
26200521209224,26200516755819
26200521209224,26200743920606
26200521209224,26200954226525
26200521209224,26201129366514
26200521209224,26201577732607
26201581285203,26201577732607
26201581285203,26201762085674
26201581285203,26202009939432
26201581285203,26202205275332
26202207242201,26202205275332
26202207242201,26202391253507
26202207242201,26202523166469
26202207242201,26202675131211
26202207242201,26202938872182
26202207242201,26203231501673
26203272417536,26203231501673
26203272417536,26203502960411
26203272417536,26203743321905
26203755218758,26203743321905
26203755218758,26203950694941
26203755218758,26204118069532
26203755218758,26204242849136
26203755218758,26204377685936
26203755218758,26204600092465
26203755218758,26205351116723
26205456264826,26205351116723
26205456264826,26205624046826
26205456264826,26205843195716
26205456264826,26206063399306
26205456264826,26206318374629
26206390619628,26206318374629
26206390619628,26206684993555
26206390619628,26206851080349
26206390619628,26207061306831
26206390619628,26207203065478
26207265747445,26207203065478
26207265747445,26207450658350
26207265747445,26207713182595
26207265747445,26207852219760
26207265747445,26208044968327
26208047360622,26208044968327
26208047360622,26208235346402
26208047360622,26208437804571
26208047360622,26208575250554
26208047360622,26209010412944
26209012419685,26209010412944
26209012419685,26209258425337
26209012419685,26209409099919
26209012419685,26209577184090
26209579278962,26209577184090
26209579278962,26209760453779
26209579278962,26209879537353
26209579278962,26210060433513
26209579278962,26210272189538
26209579278962,26210691038117
26210700669517,26210691038117
26210700669517,26210971840690
26210700669517,26211111483220
26210700669517,26211283558938
26210700669517,26211573596791
26211662890273,26211573596791
26211662890273,26211920170053
26211662890273,26212074239799
26211662890273,26212266728794
26211662890273,26212566887549
26212782754291,26212566887549
26212782754291,26213065870207
26212782754291,26213239169871
26212782754291,26213404264440
26212782754291,26213541797824
26213543463499,26213541797824
26213543463499,26213688474172
26213543463499,26214016360270
26213543463499,26214217734999
26213543463499,26214384009731
26214385481590,26214384009731
26214385481590,26214644060096
26214385481590,26214803092226
26214385481590,26215018504629
26214385481590,26215311288844
26215391274616,26215311288844
26215391274616,26215615065782
26215391274616,26215772136291
26215391274616,26216012765935
26215391274616,26216259722557
26216357793671,26216259722557
26216357793671,26216544207859
26216357793671,26216758317288
26216357793671,26216960540285
26216357793671,26217254446683
26217255974759,26217254446683
26217255974759,26217470380553
26217255974759,26217640246853
26217255974759,26217826195335
26217255974759,26218071146983
26218151342127,26218071146983
26218151342127,26218433198950
26218151342127,26218574203335
26218151342127,26218721664382
26218723975239,26218721664382
26218723975239,26218970724316
26218723975239,26219154887730
26218723975239,26219351282758
26218723975239,26219523656440
26218723975239,26219880627562
26219960418714,26219880627562
26219960418714,26220228480660
26219960418714,26220346170269
26219960418714,26220495229058
26220496918025,26220495229058
26220496918025,26220670974458
26220496918025,26220831484469
26220496918025,26220995104886
26220496918025,26221374792586
26220496918025,26221800320889
26221807243497,26221800320889
26221807243497,26222029104006
26221807243497,26222183314582
26221807243497,26222380100623
26221807243497,26222812395438
26222814488962,26222812395438
26222814488962,26223017345273
26222814488962,26223217787345
26222814488962,26223459204270
26222814488962,26223744690263
26223746163734,26223744690263
26223746163734,26223925182540
26223746163734,26224087669674
26223746163734,26224218805324
26223746163734,26224616094126
26224702383995,26224616094126
26224702383995,26224914322560
26224702383995,26225111371269
26224702383995,26225343525112
26224702383995,26225638106708
26225640830417,26225638106708
26225640830417,26225793570380
26225640830417,26225993424995
26225640830417,26226133364746
26225640830417,26226508059223
26226510018948,26226508059223
26226510018948,26226776414365
26226510018948,26226922084872
26226510018948,26227120400889
26226510018948,26227535212522
26227537809834,26227535212522
26227537809834,26227780835610
26227537809834,26227926302014
26227537809834,26228047893649
26227537809834,26228463955684
26228551735199,26228463955684
26228551735199,26228751202696
26228551735199,26228943560300
26228551735199,26229149898631
26228551735199,26229577584136
26229677967718,26229577584136
26229677967718,26229923202075
26229677967718,26230107888074
26229677967718,26230279001360
26229677967718,26230455870191
26230458127620,26230455870191
26230458127620,26230725157566
26230458127620,26230921741444
26230458127620,26231107132234
26230458127620,26231240317100
26231110240140,26231240317100
26231110240140,26231389140918
26231110240140,26231548213249
26231110240140,26231748103734
26231110240140,26232302983019
26232335030906,26232302983019
26232335030906,26232598279945
26232335030906,26232795234878
26232335030906,26232967376001
26232335030906,26233304150655
26233305981152,26233304150655
26233305981152,26233502955311
26233305981152,26233671372800
26233305981152,26233930070981
26233305981152,26234160097388
26234162130557,26234160097388
26234162130557,26234436238935
26234162130557,26234614212533
26234162130557,26234806990367
26234809483996,26234806990367
26234809483996,26234994453444
26234809483996,26235135088653
26234809483996,26235352923225
26234809483996,26235502216839
26234809483996,26236104081849
26236106893778,26236104081849
26236106893778,26236331045705
26236106893778,26236505767271
26236106893778,26236637457847
26236643864873,26236637457847
26236643864873,26236836673110
26236643864873,26236972807985
26236643864873,26237228450124
26236643864873,26237374782217
26236643864873,26237933234930
26237935033092,26237933234930
26237935033092,26238194668888
26237935033092,26238332542522
26237935033092,26238521523604
26237935033092,26238826552456
26238907230779,26238826552456
26238907230779,26239136052163
26238907230779,26239332357429
26238907230779,26239523085867
26238907230779,26239813926456
26239849888566,26239813926456
26239849888566,26240064636092
26239849888566,26240308462519
26239849888566,26240492313464
26239849888566,26240834933517
26240841904339,26240834933517
26240841904339,26241017504584
26240841904339,26241195931066
26240841904339,26241396948989
26240841904339,26241626819095
26241771735397,26241626819095
26241771735397,26242035094613
26241771735397,26242219383306
26241771735397,26242390168229
26241771735397,26242757145720
26242759043404,26242757145720
26242759043404,26242969359744
26242759043404,26243126104595
26242759043404,26243310719969
26242759043404,26243795168376
26243797385313,26243795168376
26243797385313,26244024128686
26243797385313,26244243183168
26243797385313,26244464099537
26243797385313,26244740387780
26244742913198,26244740387780
26244742913198,26245033608071
26244742913198,26245185442524
26244742913198,26245359869983
26245362967690,26245359869983
26245362967690,26245561386782
26245362967690,26245757532787
26245362967690,26245978595861
26245362967690,26246127180371
26245362967690,26246635322683
26246658543808,26246635322683
26246658543808,26246868422218
26246658543808,26247061466212
26246658543808,26247216257297
26247218446511,26247216257297
26247218446511,26247395775953
26247218446511,26247592983848
26247218446511,26247831574326
26247218446511,26248047553845
26247218446511,26248453411054
26248539332422,26248453411054
26248539332422,26249113290879
26248539332422,26249305643492
26248539332422,26249474298901
26248539332422,26249938202434
26249940327293,26249938202434
26249940327293,26250192129688
26249940327293,26250345199762
26249940327293,26250484493041
26249940327293,26250817965755
26250819273431,26250817965755
26250819273431,26250980056238
26250819273431,26251149998506
26250819273431,26251332362777
26250819273431,26251601254206
26251627489744,26251601254206
26251627489744,26251843540578
26251627489744,26252116244775
26251627489744,26252295434520
26251627489744,26252469358251
26251627489744,26252612434875
26252614232889,26252612434875
26252614232889,26252777335792
26252614232889,26252891506136
26252614232889,26253395229940
26253471128138,26253395229940
26253471128138,26253697570201
26253471128138,26253883182861
26253471128138,26254098107819
26253471128138,26254424176464
26254425991061,26254424176464
26254425991061,26254750498671
26254425991061,26254925018052
26254425991061,26255092584070
26254425991061,26255296097095
26255316696082,26255296097095
26255316696082,26255607366803
26255316696082,26255758435125
26255316696082,26255918437861
26255316696082,26256209610682
26256296520423,26256209610682
26256296520423,26256499487391
26256296520423,26256673915363
26256296520423,26256815280633
26256296520423,26257113381863
26257267708367,26257113381863
26257267708367,26257579265511
26257267708367,26257726569954
26257267708367,26257890507402
26257267708367,26258236696672
26257267708367,26258415359277
26258243154034,26258415359277
26258243154034,26258609524911
26258243154034,26258803206039
26258243154034,26259115506011
26259118550925,26259115506011
26259118550925,26259347546161
26259118550925,26259534525469
26259118550925,26259755720989
26259118550925,26260024849380
26260127627581,26260024849380
26260127627581,26260403109072
26260127627581,26260599170104
26260127627581,26260812072678
26260127627581,26260960957618
26260127627581,26261250549716
26261000771281,26261250549716
26261000771281,26261392342410
26261000771281,26261594284212
26261595874144,26261594284212
26261595874144,26261776322726
26261595874144,26261927724214
26261595874144,26262082460348
26261595874144,26262399292289
26261595874144,26262788330879
26262791052960,26262788330879
26262791052960,26263028430156
26262791052960,26263165311326
26262791052960,26263314549781
26263317757876,26263314549781
26263317757876,26263573193910
26263317757876,26263729364948
26263317757876,26263906083918
26263317757876,26264131517345
26263317757876,26264493419817
26264593466546,26264493419817
26264593466546,26264940837449
26264593466546,26265123738150
26264593466546,26265273501959
26264593466546,26265660023128
26264593466546,26265868733512
26265671774081,26265868733512
26265671774081,26266104454850
26265671774081,26266273137175
26265671774081,26266529958346
26266616016016,26266529958346
26266616016016,26266872134236
26266616016016,26267041653800
26266616016016,26267191702299
26266616016016,26267526443151
26267528233294,26267526443151
26267528233294,26267795234284
26267528233294,26267952170359
26267528233294,26268088249375
26268090105800,26268088249375
26268090105800,26268286771130
26268090105800,26268506886707
26268090105800,26268727155211
26268090105800,26268905000581
26268090105800,26269349109812
26269351752479,26269349109812
26269351752479,26269605884114
26269351752479,26269747331821
26269351752479,26269897361921
26269916778408,26269897361921
26269916778408,26270136325433
26269916778408,26270274239919
26269916778408,26270385598905
26269916778408,26270704609514
26270793680943,26270704609514
26270793680943,26271093257509
26270793680943,26271247735683
26270793680943,26271427045293
26270793680943,26271611774635
26270793680943,26272056227896
26272121642701,26272056227896
26272121642701,26272353419100
26272121642701,26272518525363
26272121642701,26272643933322
26272646416033,26272643933322
26272646416033,26272853931809
26272646416033,26273004636823
26272646416033,26273130656598
26272646416033,26273585770739
26272646416033,26273951627038
26274041829122,26273951627038
26274041829122,26274259651898
26274041829122,26274420067338
26274041829122,26274567755120
26274041829122,26274991925102
26274993731308,26274991925102
26274993731308,26275236211880
26274993731308,26275398265304
26274993731308,26275550351207
26275551816851,26275550351207
26275551816851,26275741068546
26275551816851,26275874390320
26275551816851,26276125514651
26275551816851,26276362426588
26276449077657,26276362426588
26276449077657,26276728373571
26276449077657,26276945825237
26276449077657,26277122305935
26276449077657,26277257754371
26276449077657,26277744437896
26277847140565,26277744437896
26277847140565,26278098749634
26277847140565,26278284101235
26277847140565,26278483591885
26278485165012,26278483591885
26278485165012,26278624612638
26278485165012,26278780180630
26278485165012,26278996294523
26278485165012,26279127288819
26278485165012,26279582174398
26279593805838,26279582174398
26279593805838,26279840055459
26279593805838,26280069219300
26280071341554,26280069219300
26280071341554,26280269696816
26280071341554,26280432389222
26280071341554,26280575694526
26280071341554,26280742172879
26280071341554,26280940793694
26281063174212,26280940793694
26281063174212,26281282453156
26281063174212,26281438397709
26281063174212,26281713470523
26281063174212,26281975761087
26282007673094,26281975761087
26282007673094,26282234115104
26282007673094,26282400183579
26282007673094,26282542089209
26282007673094,26282831295136
26282007673094,26283141267773
26282921535635,26283141267773
26282921535635,26283378223030
26282921535635,26283529423902
26282921535635,26283753214123
26282921535635,26284390489353
26284392612879,26284390489353
26284392612879,26284611163911
26284392612879,26284743318670
26284392612879,26284920537970
26284392612879,26285114002096
26285121247852,26285114002096
26285121247852,26285264036070
26285121247852,26285427473751
26285121247852,26285571269660
26285121247852,26285993453823
26286055499324,26285993453823
26286055499324,26286233467583
26286055499324,26286472356125
26286055499324,26286608623165
26286610410927,26286608623165
26286610410927,26286902483175
26286610410927,26287045369471
26286610410927,26287214368815
26286610410927,26287393063060
26286610410927,26287928337271
26287931838190,26287928337271
26287931838190,26288106244477
26287931838190,26288241618000
26287931838190,26288409365077
26287931838190,26288787312960
26288804638862,26288787312960
26288804638862,26289060641808
26288804638862,26289276250725
26288804638862,26289450325786
26288804638862,26289623114751
26289650957324,26289623114751
26289650957324,26289849240624
26289650957324,26290018448507
26289650957324,26290176242334
26290177377483,26290176242334
26290177377483,26290408278125
26290177377483,26290599865473
26290177377483,26290806935376
26290177377483,26290951531011
26291035274060,26290951531011
26291035274060,26291320312948
26291035274060,26291484832697
26291035274060,26291669645583
26291035274060,26291821896935
26291035274060,26292328832268
26292330460459,26292328832268
26292330460459,26292591860601
26292330460459,26292739388334
26292330460459,26292913517784
26292330460459,26293221970225
26293236389944,26293221970225
26293236389944,26293482295024
26293236389944,26293713674214
26293236389944,26293847775136
26293236389944,26293993533503
26294103075461,26293993533503
26294103075461,26294354132059
26294103075461,26294600470181
26294103075461,26294770890941
26294103075461,26295091746435
26295115136360,26295091746435
26295115136360,26295358391904
26295115136360,26295508310918
26295115136360,26295720781502
26295115136360,26296030290483
26296043160923,26296030290483
26296043160923,26296281878681
26296043160923,26296508110359
26296043160923,26296742204928
26296746117255,26296742204928
26296746117255,26297017262550
26296746117255,26297233235459
26296746117255,26297378155403
26296746117255,26297499750488
26296746117255,26297922266468
26296746117255,26298069823249
26297923849408,26298069823249
26297923849408,26298268053965
26297923849408,26298418108735
26297923849408,26298861233326
26298864121682,26298861233326
26298864121682,26299065980184
26298864121682,26299250108984
26298864121682,26299412938331
26298864121682,26299692269995
26299699940709,26299692269995
26299699940709,26299924676217
26299699940709,26300115673831
26299699940709,26300273515358
26299699940709,26300593939533
26300598537219,26300593939533
26300598537219,26300814502142
26300598537219,26300980564556
26300598537219,26301161650064
26301165503821,26301161650064
26301165503821,26301429217983
26301165503821,26301570354296
26301165503821,26301721870527
26301165503821,26301878888741
26301165503821,26302315316419
26302361097933,26302315316419
26302361097933,26302642699749
26302361097933,26302819555022
26302361097933,26302970387497
26302973496503,26302970387497
26302973496503,26303219305155
26302973496503,26303322751429
26302973496503,26303491325838
26302973496503,26303693260115
26303742364107,26303693260115
26303742364107,26303969128391
26303742364107,26304188891367
26303742364107,26304330733677
26303742364107,26304567451019
26303742364107,26305059606774
26305135441409,26305059606774
26305135441409,26305356334151
26305135441409,26305562262584
26305135441409,26305754668377
26305757646944,26305754668377
26305757646944,26305935051023
26305757646944,26306084524326
26305757646944,26306268444888
26305757646944,26306578170575
26305757646944,26307001293706
26307049939591,26307001293706
26307049939591,26307228683537
26307049939591,26307477258541
26307049939591,26307631988319
26307633587077,26307631988319
26307633587077,26307873394243
26307633587077,26308012414163
26307633587077,26308166085289
26307633587077,26308476432625
26308506485784,26308476432625
26308506485784,26308785314113
26308506485784,26308970979365
26308506485784,26309135164674
26308506485784,26309417592870
26308506485784,26309922428803
26309925038737,26309922428803
26309925038737,26310183949008
26309925038737,26310336785428
26309925038737,26310522234659
26310523854511,26310522234659
26310523854511,26310743613720
26310523854511,26310938609300
26310523854511,26311069629482
26310523854511,26311248316165
26310523854511,26311635177377
26311654314873,26311635177377
26311654314873,26311907391317
26311654314873,26312134343436
26312140466211,26312134343436
26312140466211,26312440888352
26312140466211,26312675870734
26312140466211,26312856765674
26312140466211,26312988466029
26312140466211,26313173911472
26312140466211,26313411096323
26313455649910,26313411096323
26313455649910,26313723434386
26313455649910,26313958435166
26313455649910,26314099221172
26313455649910,26314438802451
26314441572927,26314438802451
26314441572927,26314653373101
26314441572927,26314848367281
26314441572927,26315019561974
26315021410167,26315019561974
26315021410167,26315235290969
26315021410167,26315378050404
26315021410167,26315569209731
26315021410167,26315762103229
26315021410167,26316387162334
26316388510532,26316387162334
26316388510532,26316616636363
26316388510532,26316825374720
26316388510532,26317014324197
26316388510532,26317168703410
26317286550170,26317168703410
26317286550170,26317565776501
26317286550170,26317831475440
26317286550170,26317997645780
26317286550170,26318256382955
26318258998803,26318256382955
26318258998803,26318505521430
26318258998803,26318633332566
26318258998803,26318869860990
26318258998803,26319137659821
26319189250844,26319137659821
26319189250844,26319467321330
26319189250844,26319648138327
26319189250844,26319884283526
26319886873201,26319884283526
26319886873201,26320170254269
26319886873201,26320385398365
26319886873201,26320495375613
26319886873201,26320871712215
26320906353076,26320871712215
26320906353076,26321189141266
26320906353076,26321346290198
26320906353076,26321593464233
26320906353076,26321753453267
26320906353076,26322319998987
26322354706648,26322319998987
26322354706648,26322587383643
26322354706648,26322738167115
26322354706648,26322989059047
26322354706648,26323229178948
26323304578141,26323229178948
26323304578141,26323527431404
26323304578141,26323667781704
26323304578141,26323840100003
26323304578141,26324159132780
26324246997348,26324159132780
26324246997348,26324471216434
26324246997348,26324662816997
26324246997348,26324838404701
26324840533655,26324838404701
26324840533655,26325071712510
26324840533655,26325259485021
26324840533655,26325416766241
26324840533655,26325586675131
26324840533655,26325973120835
26325995747234,26325973120835
26325995747234,26326215282684
26325995747234,26326379383878
26325995747234,26326601269000
26325995747234,26326890648870
26325995747234,26327115577843
26326926480886,26327115577843
26326926480886,26327347219160
26327421784666,26327347219160
26327421784666,26327634942866
26327421784666,26327796608518
26327421784666,26327932126060
26327421784666,26328122473542
26327421784666,26328264271974
26327421784666,26328749001813
26328821196031,26328749001813
26328821196031,26329019016211
26328821196031,26329172596663
26328821196031,26329403251317
26328821196031,26329823900627
26329825574820,26329823900627
26329825574820,26330029973915
26329825574820,26330174700962
26329825574820,26330291054316
26330292436702,26330291054316
26330292436702,26330463762199
26330292436702,26330609884557
26330292436702,26330800730076
26330292436702,26331218605274
26331220421907,26331218605274
26331220421907,26331444978388
26331220421907,26331581283651
26331220421907,26331742023293
26331220421907,26332153268975
26331220421907,26332510978037
26332538984315,26332510978037
26332538984315,26332761313793
26332538984315,26332918158845
26332538984315,26333063432006
26333065544249,26333063432006
26333065544249,26333304530994
26333065544249,26333477141635
26333065544249,26333607216385
26333065544249,26333934190185
26333065544249,26334344073029
26334371519400,26334344073029
26334371519400,26334576270867
26334371519400,26334730984522
26334371519400,26334945223181
26334947616320,26334945223181
26334947616320,26335196137003
26334947616320,26335323455677
26334947616320,26335494648811
26334947616320,26335645391844
26335696494211,26335645391844
26335696494211,26335897308005
26335696494211,26336214319163
26335696494211,26336381036961
26335696494211,26336518591058
26336550393682,26336518591058
26336550393682,26336803594430
26336550393682,26336985653259
26336550393682,26337210308955
26336550393682,26337481711248
26336550393682,26337845250401
26337904690401,26337845250401
26337904690401,26338115919231
26337904690401,26338300056028
26337904690401,26338477101128
26337904690401,26338855362779
26338906502522,26338855362779
26338906502522,26339093117509
26338906502522,26339280637085
26338906502522,26339452168972
26338906502522,26339866340635
26339868936198,26339866340635
26339868936198,26340088311581
26339868936198,26340274394853
26339868936198,26340442283224
26340444991904,26340442283224
26340444991904,26340676676879
26340444991904,26340800653973
26340444991904,26340982323632
26340444991904,26341302358858
26340444991904,26341683599840
26341887093023,26341683599840
26341887093023,26342127640796
26341887093023,26342263200049
26341887093023,26342433223687
26341887093023,26342812488892
26342830585463,26342812488892
26342830585463,26343062973752
26342830585463,26343235048687
26342830585463,26343450341644
26342830585463,26343670940335
26343755876892,26343670940335
26343755876892,26344005461866
26343755876892,26344157193457
26343755876892,26344326643818
26343755876892,26344625026441
26344706404343,26344625026441
26344706404343,26344940962777
26344706404343,26345130276190
26344706404343,26345253807681
26345255450026,26345253807681
26345255450026,26345466233419
26345255450026,26345667206481
26345255450026,26345831110821
26345255450026,26345987521356
26345255450026,26346503722367
26346753376488,26346503722367
26346753376488,26346979562159
26346753376488,26347125787270
26346753376488,26347286755922
26346753376488,26347458180366
26347524431571,26347458180366
26347524431571,26347732205407
26347524431571,26347948539405
26347524431571,26348077931360
26348079332018,26348077931360
26348079332018,26348356389321
26348079332018,26348552924865
26348079332018,26348682128760
26348079332018,26348912560922
26348079332018,26349316500999
26349428444785,26349316500999
26349428444785,26349681225506
26349428444785,26349862544855
26349428444785,26350269403460
26349428444785,26350623562704
26350650412598,26350623562704
26350650412598,26350870733911
26350650412598,26351011950981
26350650412598,26351184835924
26350650412598,26351345987663
26351186483406,26351345987663
26351186483406,26351503935613
26351186483406,26351649674206
26351186483406,26351980273303
26351186483406,26352253409731
26352084536152,26352253409731
26352084536152,26352448788139
26352084536152,26352675463587
26352084536152,26352930161123
26353036578599,26352930161123
26353036578599,26353280871871
26353036578599,26353416291617
26353036578599,26353545151773
26353036578599,26353949144937
26353036578599,26354239202093
26354388374231,26354239202093
26354388374231,26354575541577
26354388374231,26354881914099
26354388374231,26355019355744
26355026242174,26355019355744
26355026242174,26355312849544
26355026242174,26355484051721
26355026242174,26355646226652
26355026242174,26355773549624
26355781853880,26355773549624
26355781853880,26355960212544
26355781853880,26356163553465
26355781853880,26356323029494
26355781853880,26356585388237
26356636315076,26356585388237
26356636315076,26356810114561
26356636315076,26357028428095
26356636315076,26357204732204
26356636315076,26357521740988
26356636315076,26357944300724
26357973483691,26357944300724
26357973483691,26358171472628
26357973483691,26358438983454
26357973483691,26358621453094
26357973483691,26358824912850
26358894705217,26358824912850
26358894705217,26359138022161
26358894705217,26359378135396
26358894705217,26359524246565
26358894705217,26359847583085
26359851541582,26359847583085
26359851541582,26360014485265
26359851541582,26360300501286
26359851541582,26360443639700
26360445586058,26360443639700
26360445586058,26360606130737
26360445586058,26360762275674
26360445586058,26360909528982
26360445586058,26361162374590
26360445586058,26361692761994
26361694148711,26361692761994
26361694148711,26361962946428
26361694148711,26362141815542
26361694148711,26362345016725
26361694148711,26362526163763
26362625849924,26362526163763
26362625849924,26362812078319
26362625849924,26363047710917
26362625849924,26363227342622
26362625849924,26363597694736
26363601592139,26363597694736
26363601592139,26363866328133
26363601592139,26364008166824
26363601592139,26364173354075
26364179074726,26364173354075
26364179074726,26364375254109
26364179074726,26364545583024
26364179074726,26364741722397
26364179074726,26364945270029
26364179074726,26365484651815
26366089947561,26365484651815
26366089947561,26366282209003
26366089947561,26366519503280
26366089947561,26366652234195
26366089947561,26366985939670
26367036511258,26366985939670
26367036511258,26367272927770
26367036511258,26367474843347
26367036511258,26367659487714
26367661768440,26367659487714
26367661768440,26367853449070
26367661768440,26368009165202
26367661768440,26368171582619
26367661768440,26368478863592
26368480417569,26368478863592
26368480417569,26368669625196
26368480417569,26368849535832
26368480417569,26369000597794
26368480417569,26369418081083
26368480417569,26369764819715
26369804298567,26369764819715
26369804298567,26370038457361
26369804298567,26370186850973
26369804298567,26370360447652
26370362342176,26370360447652
26370362342176,26370599597387
26370362342176,26370827943099
26370362342176,26371007047719
26370362342176,26371152389160
26371186822897,26371152389160
26371186822897,26371466430261
26371186822897,26371601506700
26371186822897,26371866329444
26371186822897,26372114930035
26371186822897,26372480482308
26372571684613,26372480482308
26372571684613,26372777573636
26372571684613,26373009506919
26372571684613,26373166119981
26372571684613,26373524556834
26373527223949,26373524556834
26373527223949,26373750247742
26373527223949,26374038462348
26373527223949,26374245960654
26373527223949,26374381377722
26374458847259,26374381377722
26374458847259,26374764477190
26374458847259,26374905065033
26374458847259,26375069170864
26374458847259,26375315458998
26375652549884,26375315458998
26375652549884,26375832473603
26375652549884,26375960360438
26375652549884,26376143372634
26375652549884,26376434626705
26376446273528,26376434626705
26376446273528,26376633252675
26376446273528,26376848034279
26376446273528,26377004056645
26376446273528,26377351894559
26377353242950,26377351894559
26377353242950,26377517777696
26377353242950,26377753044376
26377353242950,26377915670277
26377353242950,26378279084473
26378281505833,26378279084473
26378281505833,26378522810982
26378281505833,26378658257825
26378281505833,26378808026668
26378281505833,26379316796311
26379321165651,26379316796311
26379321165651,26379607314415
26379321165651,26379744433030
26379321165651,26379917814509
26379919857235,26379917814509
26379919857235,26380206444065
26379919857235,26380371911155
26379919857235,26380514250708
26379919857235,26380656262061
26379919857235,26381075521463
26381082760557,26381075521463
26381082760557,26381310087896
26381082760557,26381434328917
26381082760557,26381664106620
26381082760557,26381857376618
26381962681056,26381857376618
26381962681056,26382162100349
26381962681056,26382356783842
26381962681056,26382529801637
26381962681056,26382888362059
26382944066345,26382888362059
26382944066345,26383222054613
26382944066345,26383359265905
26382944066345,26383586828680
26382944066345,26383807869079
26383846208971,26383807869079
26383846208971,26384024376460
26383846208971,26384316360817
26383846208971,26384492406379
26384494779400,26384492406379
26384494779400,26384709383340
26384494779400,26384846942748
26384494779400,26385019551840
26384494779400,26385278195734
26384494779400,26385845538529
26385847577596,26385845538529
26385847577596,26385996510169
26385847577596,26386211918063
26385847577596,26386348964842
26385847577596,26386789898316
26386881080874,26386789898316
26386881080874,26387148476132
26386881080874,26387330431149
26386881080874,26387507843306
26386881080874,26387686940229
26386881080874,26387857257171
26387858935343,26387857257171
26387858935343,26387995739544
26387858935343,26388121073488
26388149586534,26388121073488
26388149586534,26388409926370
26388149586534,26388641311451
26388149586534,26388826543800
26388149586534,26389021626184
26388149586534,26389565685753
26389566611860,26389565685753
26389566611860,26389753705446
26389566611860,26389950892001
26389566611860,26390208912250
26389566611860,26390373115969
26390525742006,26390373115969
26390525742006,26390753975578
26390525742006,26390907661677
26390525742006,26391050161177
26390525742006,26391432506474
26391524648662,26391432506474
26391524648662,26391741864975
26391524648662,26391955421532
26391524648662,26392196775516
26391524648662,26392449953283
26392451603645,26392449953283
26392451603645,26392667469149
26392451603645,26392914216656
26392451603645,26393092273038
26392451603645,26393265424942
26393341309027,26393265424942
26393341309027,26393541512487
26393341309027,26393748265317
26393341309027,26393966958597
26393341309027,26394207116535
26394280982158,26394207116535
26394280982158,26394444808074
26394280982158,26394697700446
26394280982158,26394827919291
26394280982158,26395185145615
26395187343955,26395185145615
26395187343955,26395404413746
26395187343955,26395543942199
26395187343955,26395841307776
26395187343955,26395994180068
26395187343955,26396527650827
26396388322210,26396527650827
26396388322210,26396785765345
26396388322210,26396950412642
26396388322210,26397318726285
26397321700604,26397318726285
26397321700604,26397585165932
26397321700604,26397815562454
26397321700604,26398002681410
26397321700604,26398158171698
26398160072439,26398158171698
26398160072439,26398359239277
26398160072439,26398599547151
26398160072439,26398735268318
26398737589964,26398735268318
26398737589964,26398944996998
26398737589964,26399108225550
26398737589964,26399283409355
26398737589964,26399498485579
26399528152665,26399498485579
26399528152665,26399697338442
26399528152665,26399891606607
26399528152665,26400077396732
26399528152665,26400401981839
26399528152665,26400796000668
26400829554387,26400796000668
26400829554387,26401004712920
26400829554387,26401179396171
26400829554387,26401454358714
26401457296044,26401454358714
26401457296044,26401730089756
26401457296044,26401920782675
26401457296044,26402076113774
26401457296044,26402229032478
26402230815161,26402229032478
26402230815161,26402447222072
26402230815161,26402755526164
26402230815161,26402908680287
26402230815161,26403150587193
26402230815161,26403624668548
26403627384813,26403624668548
26403627384813,26403851260867
26403627384813,26404050097704
26403627384813,26404215041196
26403627384813,26404373880993
26404459433666,26404373880993
26404459433666,26404683376306
26404459433666,26404831162736
26404459433666,26404975822312
26404459433666,26405433264711
26405435448456,26405433264711
26405435448456,26405655082674
26405435448456,26405784534114
26405435448456,26405984082277
26405985827612,26405984082277
26405985827612,26406178030558
26405985827612,26406325175049
26405985827612,26406468199609
26405985827612,26406690832240
26405985827612,26407231329146
26407313460033,26407231329146
26407313460033,26407513595395
26407313460033,26407689361291
26407313460033,26407821721290
26407313460033,26408288040457
26408293315259,26408288040457
26408293315259,26408501218487
26408293315259,26408743269530
26408293315259,26408957264196
26408959439520,26408957264196
26408959439520,26409170448670
26408959439520,26409354300560
26408959439520,26409501642440
26408959439520,26409724940167
26409728325451,26409724940167
26409728325451,26409914788699
26409728325451,26410153723131
26409728325451,26410344341989
26409728325451,26410542221438
26409728325451,26410922728066
26411023521701,26410922728066
26411023521701,26411265326102
26411023521701,26411425216140
26411023521701,26411553830564
26411023521701,26411956934549
26412028709008,26411956934549
26412028709008,26412317708268
26412028709008,26412463145332
26412028709008,26412683181230
26412028709008,26412975541723
26412028709008,26413368547032
26413196606404,26413368547032
26413196606404,26413537316089
26413196606404,26413682187465
26413196606404,26413936341948
26413941265128,26413936341948
26413941265128,26414159378015
26413941265128,26414353397530
26413941265128,26414621363842
26413941265128,26414765339264
26414887259859,26414765339264
26414887259859,26415230078291
26414887259859,26415383304230
26414887259859,26415588420346
26415592108958,26415588420346
26415592108958,26415801887263
26415592108958,26415940487984
26415592108958,26416104683409
26415592108958,26416301093248
26415592108958,26416724168510
26415592108958,26416968493938
26416793687375,26416968493938
26416793687375,26417228895307
26416793687375,26417392289716
26417394108722,26417392289716
26417394108722,26417521000674
26417394108722,26417786629495
26417394108722,26417941144944
26417394108722,26418112114248
26417394108722,26418501340286
26418574012553,26418501340286
26418574012553,26418820306742
26418574012553,26419021349680
26419023677456,26419021349680
26419023677456,26419183891143
26419023677456,26419351725751
26419023677456,26419518266828
26419023677456,26419709419983
26419023677456,26419968215715
26419023677456,26420311830444
26419023677456,26420671753297
26420415222855,26420671753297
26420415222855,26420877084562
26420415222855,26421026256704
26420415222855,26421324530608
26421326027022,26421324530608
26421326027022,26421536678962
26421326027022,26421713138233
26421326027022,26421838959020
26421326027022,26422152977899
26422210381809,26422152977899
26422210381809,26422478437556
26422210381809,26422621107927
26422210381809,26422779796104
26422210381809,26423175199046
26423220865590,26423175199046
26423220865590,26423496260001
26423220865590,26423627336188
26423220865590,26423805817268
26423220865590,26423970027900
26423807732504,26423970027900
26423807732504,26424157910422
26423807732504,26424360665365
26423807732504,26424577730993
26424656042540,26424577730993
26424656042540,26424906195153
26424656042540,26425101556703
26424656042540,26425313382438
26424656042540,26425525875791
26424656042540,26426358587926
26426391664462,26426358587926
26426391664462,26426595192384
26426391664462,26426797077331
26426391664462,26427015798060
26426391664462,26427258167044
26427340584963,26427258167044
26427340584963,26427584327453
26427340584963,26427766718544
26427340584963,26428010411449
26427340584963,26428285246361
26428427462167,26428285246361
26428427462167,26428611690769
26428427462167,26428821823630
26428427462167,26428983677180
26428986876684,26428983677180
26428986876684,26429233086068
26428986876684,26429396488281
26428986876684,26429556871494
26428986876684,26429719388785
26428986876684,26430215286522
26430217130528,26430215286522
26430217130528,26430457950144
26430217130528,26430650023399
26430217130528,26430816244991
26430818963020,26430816244991
26430818963020,26431011474022
26430818963020,26431196406847
26430818963020,26431353549378
26430818963020,26431464683181
26430818963020,26432128789888
26432129935715,26432128789888
26432129935715,26432296264520
26432129935715,26432437534423
26432129935715,26432604587999
26432129935715,26432803223945
26433058418793,26432803223945
26433058418793,26433218743579
26433058418793,26433376122190
26433058418793,26433556097593
26433058418793,26433687948586
26433752928339,26433687948586
26433752928339,26434037939221
26433752928339,26434171571805
26433752928339,26434386134509
26433752928339,26434843726767
26434846422378,26434843726767
26434846422378,26435039745861
26434846422378,26435231590523
26434846422378,26435559569346
26435619725012,26435559569346
26435619725012,26435868317481
26435619725012,26436042777639
26435619725012,26436271160489
26435619725012,26436397623089
26435619725012,26436935391027
26436938691213,26436935391027
26436938691213,26437166157776
26436938691213,26437323223232
26436938691213,26437494257679
26436938691213,26437739894774
26437800703829,26437739894774
26437800703829,26438044193622
26437800703829,26438182950488
26437800703829,26438328363428
26437800703829,26438624336803
26438705335682,26438624336803
26438705335682,26438971622506
26438705335682,26439134502418
26438705335682,26439322512828
26439324379405,26439322512828
26439324379405,26439472275778
26439324379405,26439640789936
26439324379405,26439779592041
26439324379405,26439936837908
26439324379405,26440467055880
26440469315470,26440467055880
26440469315470,26440695871788
26440469315470,26440945596932
26440469315470,26441112243347
26440469315470,26441371407016
26441450721049,26441371407016
26441450721049,26441686430949
26441450721049,26441848212762
26441450721049,26442072040106
26441450721049,26442269425279
26442424298118,26442269425279
26442424298118,26442601718103
26442424298118,26442872135252
26442424298118,26443111729169
26443113604234,26443111729169
26443113604234,26443254666998
26443113604234,26443405372505
26443113604234,26443607810727
26443113604234,26443893811670
26443938231398,26443893811670
26443938231398,26444163335004
26443938231398,26444382164623
26443938231398,26444596478315
26443938231398,26444904184243
26443938231398,26445275850786
26445312418472,26445275850786
26445312418472,26445537936240
26445312418472,26445791758506
26445312418472,26445965825245
26445968382305,26445965825245
26445968382305,26446185149551
26445968382305,26446351457445
26445968382305,26446516961558
26445968382305,26446660651308
26446661938513,26446660651308
26446661938513,26446937457904
26446661938513,26447087824610
26446661938513,26447224293209
26446661938513,26447583318220
26447694924380,26447583318220
26447694924380,26448002970581
26447694924380,26448263242671
26447694924380,26448420399984
26447694924380,26448615579024
26447694924380,26448996079738
26449035461617,26448996079738
26449035461617,26449257502938
26449035461617,26449421592862
26449035461617,26449678072123
26449035461617,26450338273262
26450406960800,26450338273262
26450406960800,26450681503737
26450406960800,26450824104950
26450406960800,26451032807230
26450406960800,26451348247863
26451398324733,26451348247863
26451398324733,26451662126850
26451398324733,26451872024133
26451398324733,26452078647983
26451398324733,26452359566848
26452361017052,26452359566848
26452361017052,26452576442045
26452361017052,26452760341465
26452361017052,26452899308029
26452361017052,26453301200588
26453303101109,26453301200588
26453303101109,26453556042541
26453303101109,26453769434325
26453303101109,26453926109226
26453303101109,26454265780276
26454342475277,26454265780276
26454342475277,26454587702321
26454342475277,26454752712053
26454342475277,26454995263802
26454342475277,26455153732751
26455164111202,26455153732751
26455164111202,26455426219525
26455164111202,26455697422565
26455164111202,26455885742641
26455887389549,26455885742641
26455887389549,26456124829650
26455887389549,26456321650342
26455887389549,26456444670919
26455887389549,26456633792241
26455887389549,26457083553154
26457086725742,26457083553154
26457086725742,26457325806755
26457086725742,26457610167381
26457086725742,26457781422001
26457783590157,26457781422001
26457783590157,26458018162065
26457783590157,26458162509330
26457783590157,26458365086245
26457783590157,26458500192576
26457783590157,26458781232064
26458894674760,26458781232064
26458894674760,26459095401361
26458894674760,26459310968350
26458894674760,26459587236686
26459588738747,26459587236686
26459588738747,26459767952937
26459588738747,26459918369722
26459588738747,26460065308631
26459588738747,26460315275839
26459588738747,26460780230466
26460786351351,26460780230466
26460786351351,26460983224794
26460786351351,26461164829727
26460786351351,26461356377637
26460786351351,26461618506353
26461679585489,26461618506353
26461679585489,26461934255848
26461679585489,26462166057155
26461679585489,26462337242790
26461679585489,26462527187575
26462341249560,26462527187575
26462341249560,26462652486719
26462341249560,26462816359763
26462341249560,26463161975618
26462341249560,26463456565902
26463458740977,26463456565902
26463458740977,26463667039654
26463458740977,26463823976090
26463458740977,26464054262406
26463458740977,26464462318838
26463458740977,26464639220694
26464463363782,26464639220694
26464463363782,26464887214812
26464463363782,26465075396480
26464463363782,26465213123094
26465324990415,26465213123094
26465324990415,26465586400728
26465324990415,26465731576796
26465324990415,26465987596206
26465324990415,26466279239609
26466280530449,26466279239609
26466280530449,26466487527842
26466280530449,26466671709497
26466280530449,26466897758314
26466280530449,26467167397177
26467211109032,26467167397177
26467211109032,26467417224911
26467211109032,26467546062174
26467211109032,26467728389634
26467730969260,26467728389634
26467730969260,26467925282989
26467730969260,26468078406773
26467730969260,26468322414249
26467730969260,26468591948904
26468595483142,26468591948904
26468595483142,26468795077229
26468595483142,26468992039141
26468595483142,26469197251610
26468595483142,26469368418143
26468595483142,26469870867491
26470129056583,26469870867491
26470129056583,26470329774325
26470129056583,26470523740648
26470129056583,26470717349531
26470129056583,26470860443402
26470129056583,26471020056251
26470864817052,26471020056251
26470864817052,26471268592841
26470864817052,26471539093865
26470864817052,26471711381155
26471769621325,26471711381155
26471769621325,26471966193743
26471769621325,26472191475772
26471769621325,26472375346974
26471769621325,26472581988773
26472690559375,26472581988773
26472690559375,26472944225819
26472690559375,26473181953259
26472690559375,26473298862074
26472690559375,26473595321365
26473646133770,26473595321365
26473646133770,26473847232131
26473646133770,26473980333979
26473646133770,26474230280534
26473646133770,26474632571959
26474635229798,26474632571959
26474635229798,26474875436253
26474635229798,26475084240796
26474635229798,26475238891367
26474635229798,26475405549702
26475549409207,26475405549702
26475549409207,26475721847078
26475549409207,26475964910517
26475549409207,26476161209393
26476163148644,26476161209393
26476163148644,26476323329889
26476163148644,26476497170636
26476163148644,26476668911129
26476163148644,26476826357739
26476163148644,26477312334404
26477401144995,26477312334404
26477401144995,26477612436853
26477401144995,26477837862189
26477401144995,26478043462686
26477401144995,26478326949845
26478330148731,26478326949845
26478330148731,26478560920249
26478330148731,26478826315423
26478330148731,26479087290738
26478330148731,26479275743357
26479278016499,26479275743357
26479278016499,26479547393869
26479278016499,26479690185713
26479278016499,26479833943937
26479278016499,26480277753279
26480279083822,26480277753279
26480279083822,26480589346933
26480279083822,26480765280026
26480279083822,26480953871925
26480279083822,26481106596516
26481202659746,26481106596516
26481202659746,26481498338032
26481202659746,26481672467941
26481202659746,26481851139449
26481853260314,26481851139449
26481853260314,26482043637581
26481853260314,26482271418275
26481853260314,26482449878450
26481853260314,26482597463994
26481853260314,26483195643644
26483198409542,26483195643644
26483198409542,26483445649021
26483198409542,26483592106262
26483198409542,26483732722159
26483198409542,26484078154563
26484079615775,26484078154563
26484079615775,26484367816573
26484079615775,26484527018798
26484079615775,26484702770654
26484704698111,26484702770654
26484704698111,26484943368046
26484704698111,26485133270185
26484704698111,26485340137995
26484704698111,26485487018492
26484704698111,26485914123182
26485915837727,26485914123182
26485915837727,26486112103854
26485915837727,26486377638512
26485915837727,26486539383576
26486540905273,26486539383576
26486540905273,26487274309243
26486540905273,26487523722258
26486540905273,26487682622391
26486540905273,26487819317212
26486540905273,26488162908863
26488164735898,26488162908863
26488164735898,26488370359937
26488164735898,26488578372938
26488164735898,26488695018834
26488164735898,26489055056362
26489108245986,26489055056362
26489108245986,26489319091849
26489108245986,26489486233647
26489108245986,26489700780855
26489108245986,26490084982472
26490087483999,26490084982472
26490087483999,26490359668081
26490087483999,26490550279775
26490087483999,26490717073991
26490087483999,26490929358010
26490999825815,26490929358010
26490999825815,26491245969135
26490999825815,26491470048049
26490999825815,26491627945469
26491631602045,26491627945469
26491631602045,26491860986154
26491631602045,26492020482513
26491631602045,26492193371759
26491631602045,26492361847270
26491631602045,26492772051397
26492865326064,26492772051397
26492865326064,26493049295720
26492865326064,26493240852025
26492865326064,26493438379349
26493442460099,26493438379349
26493442460099,26493665148164
26493442460099,26493825073364
26493442460099,26494021306681
26493442460099,26494248867527
26493442460099,26494663025425
26494759098396,26494663025425
26494759098396,26494992474105
26494759098396,26495201675442
26494759098396,26495385241692
26494759098396,26495730212730
26495750218681,26495730212730
26495750218681,26495971585632
26495750218681,26496175586036
26495750218681,26496374951579
26495750218681,26496583171220
26496682895262,26496583171220
26496682895262,26496944549322
26496682895262,26497141552470
26496682895262,26497286131814
26496682895262,26497476541011
26497565671134,26497476541011
26497565671134,26497818425876
26497565671134,26498010309133
26497565671134,26498176443316
26497565671134,26498444041334
26498524732438,26498444041334
26498524732438,26498707301514
26498524732438,26498904335657
26498524732438,26499042649528
26499044204474,26499042649528
26499044204474,26499315224298
26499044204474,26499449045371
26499044204474,26499594987439
26499044204474,26499825268918
26499044204474,26500218989810
26500234531529,26500218989810
26500234531529,26500423768232
26500234531529,26500582042445
26500234531529,26500687363383
26500234531529,26501134148883
26501159508469,26501134148883
26501159508469,26501437798752
26501159508469,26501658747239
26501159508469,26501864729713
26501159508469,26502127998151
26502131599148,26502127998151
26502131599148,26502336887638
26502131599148,26502521619936
26502131599148,26502740652626
26502131599148,26503027541972
26503075514055,26503027541972
26503075514055,26503331234775
26503075514055,26503487470517
26503075514055,26503651534391
26503654392502,26503651534391
26503654392502,26503815267618
26503654392502,26503979184429
26503654392502,26504181011568
26503654392502,26504355428948
26503654392502,26504861758626
26504863827515,26504861758626
26504863827515,26505045152617
26504863827515,26505307795239
26504863827515,26505543943118
26504863827515,26505738927851
26505741062236,26505738927851
26505741062236,26505909047477
26505741062236,26506053980877
26505741062236,26506186158204
26505741062236,26506538727046
26506648018990,26506538727046
26506648018990,26506861449078
26506648018990,26507070747790
26506648018990,26507215089430
26506648018990,26507625775579
26507629823958,26507625775579
26507629823958,26507903969295
26507629823958,26508077254086
26507629823958,26508253581682
26507629823958,26508591953730
26508664788671,26508591953730
26508664788671,26508873340145
26508664788671,26509155584775
26508664788671,26509338739179
26509341655265,26509338739179
26509341655265,26509604806087
26509341655265,26509769169745
26509341655265,26509926836042
26509341655265,26510094473761
26510096782490,26510094473761
26510096782490,26510251358668
26510096782490,26510441651322
26510096782490,26510629632846
26510096782490,26510898112468
26510913641886,26510898112468
26510913641886,26511157900720
26510913641886,26511422861150
26510913641886,26511577286135
26510913641886,26511834218572
26510913641886,26512228018050
26512266378308,26512228018050
26512266378308,26512520268990
26512266378308,26512724873101
26512731619149,26512724873101
26512731619149,26512952497939
26512731619149,26513132000403
26512731619149,26513292788585
26512731619149,26513427268728
26512731619149,26513616914459
26513629531397,26513616914459
26513629531397,26513851820750
26513629531397,26514042461022
26513629531397,26514312553331
26513629531397,26514565234315
26514566454617,26514565234315
26514566454617,26514791124456
26514566454617,26514948873532
26514566454617,26515134253531
26514566454617,26515439202224
26515441050888,26515439202224
26515441050888,26515672546004
26515441050888,26515827189934
26515441050888,26516021657368
26515441050888,26516244780835
26515441050888,26516761721947
26516763654650,26516761721947
26516763654650,26516950655266
26516763654650,26517142675661
26516763654650,26517365344741
26516763654650,26517650784288
26517652369325,26517650784288
26517652369325,26517906080590
26517652369325,26518067626872
26517652369325,26518246591339
26518249683851,26518246591339
26518249683851,26518424386019
26518249683851,26518600451195
26518249683851,26518805425870
26518249683851,26518991189942
26518249683851,26519505866203
26519541162602,26519505866203
26519541162602,26519787287102
26519541162602,26520008474450
26519541162602,26520227822423
26520228782633,26520227822423
26520228782633,26520509792842
26520228782633,26520692282928
26520228782633,26520835573114
26520228782633,26520996889099
26520228782633,26521480819624
26521481877721,26521480819624
26521481877721,26521631149988
26521481877721,26521897510030
26521481877721,26522055948521
26521481877721,26522398828594
26522471718493,26522398828594
26522471718493,26522698826173
26522471718493,26522938748914
26522471718493,26523246469302
26522471718493,26523449188040
26523510813938,26523449188040
26523510813938,26523776357241
26523510813938,26523945162010
26523510813938,26524134924626
26523510813938,26524311750105
26524135878191,26524311750105
26524135878191,26524487150631
26524135878191,26524645445642
26524135878191,26524903578945
26524959238749,26524903578945
26524959238749,26525193232431
26524959238749,26525452383369
26524959238749,26525622400581
26524959238749,26525832268062
26524959238749,26526391988025
26526550112057,26526391988025
26526550112057,26526735732045
26526550112057,26526878413068
26526550112057,26527064352679
26526550112057,26527217951232
26527065724176,26527217951232
26527065724176,26527347672794
26527065724176,26527546543720
26527065724176,26527769352306
26527065724176,26528136935342
26527065724176,26528273419449
26528138748393,26528273419449
26528138748393,26528574664943
26528138748393,26528771383912
26528138748393,26529097056487
26529099207319,26529097056487
26529099207319,26529296458582
26529099207319,26529461264263
26529099207319,26529672374730
26529099207319,26529858786845
26529099207319,26530113113108
26529941208138,26530113113108
26529941208138,26530343716079
26529941208138,26530470303406
26529941208138,26530786209342
26530816942746,26530786209342
26530816942746,26531053189567
26530816942746,26531273834221
26530816942746,26531520557747
26530816942746,26531665502976
26531759041647,26531665502976
26531759041647,26532003208366
26531759041647,26532150735303
26531759041647,26532346373547
26531759041647,26532504164404
26532634440629,26532504164404
26532634440629,26532812294475
26532634440629,26533071385263
26532634440629,26533262508712
26533264575485,26533262508712
26533264575485,26533425054179
26533264575485,26533645032994
26533264575485,26533737327943
26533264575485,26534139284871
26533264575485,26534668804720
26534682752967,26534668804720
26534682752967,26534947971058
26534682752967,26535120783317
26534682752967,26535259329250
26534682752967,26535589481653
26535592225018,26535589481653
26535592225018,26535808793145
26535592225018,26536034181179
26535592225018,26536207516693
26536209688081,26536207516693
26536209688081,26536449686026
26536209688081,26536626985343
26536209688081,26536778302029
26536209688081,26537009339434
26536209688081,26537498100068
26537500029602,26537498100068
26537500029602,26537807846348
26537500029602,26537962921846
26537500029602,26538108358892
26537500029602,26538351376021
26538367220317,26538351376021
26538367220317,26538550309303
26538367220317,26538822857616
26538367220317,26539059669161
26538367220317,26539214894382
26539288712943,26539214894382
26539288712943,26539428569360
26539288712943,26539771729668
26539288712943,26539918597402
26539288712943,26540264014804
26540266807102,26540264014804
26540266807102,26540467366688
26540266807102,26540655052911
26540266807102,26540840280274
26540841564591,26540840280274
26540841564591,26541019584301
26540841564591,26541172818468
26540841564591,26541359886009
26540841564591,26541510846909
26540841564591,26541851922122
26541899897127,26541851922122
26541899897127,26542070174608
26541899897127,26542311783784
26541899897127,26542467208678
26542469651058,26542467208678
26542469651058,26542663349566
26542469651058,26542832307184
26542469651058,26543035239786
26542469651058,26543301061816
26542469651058,26543617583557
26543737974306,26543617583557
26543737974306,26543989021599
26543737974306,26544135221147
26543737974306,26544276340641
26543737974306,26544717578567
26544719235764,26544717578567
26544719235764,26544959494916
26544719235764,26545157249679
26544719235764,26545354365063
26544719235764,26545617330568
26545618804291,26545617330568
26545618804291,26545720825615
26545618804291,26546028809046
26545618804291,26546229285258
26545618804291,26546813000376
26546816647634,26546813000376
26546816647634,26547049136263
26546816647634,26547210468388
26546816647634,26547423161922
26546816647634,26547709110585
26547758490884,26547709110585
26547758490884,26547941403056
26547758490884,26548268790421
26547758490884,26548437925655
26548269493010,26548437925655
26548269493010,26548580653562
26548269493010,26548749380932
26548269493010,26548917316710
26548269493010,26549268493403
26549271039029,26549268493403
26549271039029,26549470774198
26549271039029,26549626676750
26549271039029,26549771811679
26549271039029,26549956380382
26549271039029,26550547309881
26550726689138,26550547309881
26550726689138,26550910919797
26550726689138,26551019051201
26550726689138,26551185689065
26550726689138,26551472203399
26551513866595,26551472203399
26551513866595,26551769905923
26551513866595,26551970138887
26551513866595,26552138013791
26551513866595,26552320439894
26552349926569,26552320439894
26552349926569,26552589620762
26552349926569,26552778568265
26552349926569,26552975437918
26552349926569,26553182616779
26553274614652,26553182616779
26553274614652,26553544868848
26553274614652,26553889714410
26553274614652,26554074724681
26553274614652,26554315761259
26554325512661,26554315761259
26554325512661,26554524154464
26554325512661,26554709824725
26554325512661,26554888552076
26554325512661,26555186309557
26555293313486,26555186309557
26555293313486,26555531220761
26555293313486,26555724795873
26555293313486,26555945481819
26555948913482,26555945481819
26555948913482,26556217650852
26555948913482,26556368120725
26555948913482,26556524717757
26555948913482,26556687996100
26555948913482,26557219266458
26555948913482,26557405566107
26557220573679,26557405566107
26557220573679,26557618270322
26557220573679,26557771415787
26557773569775,26557771415787
26557773569775,26558024224464
26557773569775,26558203066873
26557773569775,26558379897003
26557773569775,26558667689786
26557773569775,26559122168821
26559127591853,26559122168821
26559127591853,26559312045557
26559127591853,26559449246139
26559127591853,26559612391805
26559616429825,26559612391805
26559616429825,26559838561423
26559616429825,26560036618985
26559616429825,26560221442419
26559616429825,26560526081757
26559616429825,26560881959325
26560885559954,26560881959325
26560885559954,26561153968113
26560885559954,26561307328672
26560885559954,26561458586015
26560885559954,26561810682084
26561813135057,26561810682084
26561813135057,26562069980025
26561813135057,26562233510044
26561813135057,26562396430100
26562398196597,26562396430100
26562398196597,26562617339890
26562398196597,26562793859974
26562398196597,26562963299449
26562398196597,26563288556052
26562398196597,26563521320723
26563671571166,26563521320723
26563671571166,26563860235392
26563671571166,26564159270231
26563671571166,26564325921014
26564327637850,26564325921014
26564327637850,26564616367416
26564327637850,26564775231467
26564327637850,26564925161821
26564327637850,26565273822494
26564327637850,26565566361075
26565656032371,26565566361075
26565656032371,26565855833111
26565656032371,26566054399853
26565656032371,26566205324135
26565656032371,26566630473479
26566632211814,26566630473479
26566632211814,26566811695696
26566632211814,26567176230052
26566632211814,26567318254843
26566632211814,26567463030826
26567475051248,26567463030826
26567475051248,26567742677169
26567475051248,26567925550491
26567475051248,26568083701732
26567475051248,26568363906914
26568411192217,26568363906914
26568411192217,26568658985455
26568411192217,26568834043025
26568411192217,26568996383979
26569002812044,26568996383979
26569002812044,26569230547180
26569002812044,26569396784807
26569002812044,26569544184780
26569002812044,26569883096786
26569002812044,26570243180594
26570308098004,26570243180594
26570308098004,26570600259304
26570308098004,26570745212596
26570308098004,26570911748131
26570308098004,26571257265412
26571310363390,26571257265412
26571310363390,26571523510618
26571310363390,26571666257481
26571310363390,26571882060585
26571886371284,26571882060585
26571886371284,26572082469452
26571886371284,26572237195559
26571886371284,26572423327858
26571886371284,26572685282305
26571886371284,26573090417446
26573174089888,26573090417446
26573174089888,26573419956479
26573174089888,26573595029802
26573174089888,26573834577088
26573174089888,26574050822146
26574170343059,26574050822146
26574170343059,26574369378491
26574170343059,26574602836512
26574170343059,26574811304611
26574170343059,26575107991037
26575110611521,26575107991037
26575110611521,26575401404278
26575110611521,26575530384860
26575110611521,26575686205301
26575110611521,26576107324472
26576110488400,26576107324472
26576110488400,26576296177383
26576110488400,26576478354226
26576110488400,26576646296927
26576648749899,26576646296927
26576648749899,26577042405817
26576648749899,26577219181044
26576648749899,26577377261240
26576648749899,26577497872214
26576648749899,26577684950233
26577823973198,26577684950233
26577823973198,26578055383285
26577823973198,26578243721705
26577823973198,26578409292204
26577823973198,26578742737992
26578745667284,26578742737992
26578745667284,26578994192008
26578745667284,26579149474588
26578745667284,26579314566777
26578745667284,26579501238832
26579626225051,26579501238832
26579626225051,26579795545220
26579626225051,26580028095430
26579626225051,26580168712782
26579626225051,26580551285819
26580554987633,26580551285819
26580554987633,26580848448084
26580554987633,26581007456008
26580554987633,26581175606214
26580554987633,26581388962136
26581394445425,26581388962136
26581394445425,26581585693367
26581394445425,26581813683074
26581394445425,26581978424131
26581980768965,26581978424131
26581980768965,26582201491181
26581980768965,26582338589065
26581980768965,26582572472969
26581980768965,26582715714069
26581980768965,26583241275791
26583278331052,26583241275791
26583278331052,26583538440072
26583278331052,26583682800426
26583278331052,26583857742697
26583278331052,26584115208336
26584193384630,26584115208336
26584193384630,26584476256013
26584193384630,26584774328019
26584193384630,26584967517403
26584193384630,26585280773179
26585282405327,26585280773179
26585282405327,26585540192709
26585282405327,26585717690110
26585282405327,26585890088573
26585282405327,26586024414797
26586193722810,26586024414797
26586193722810,26586467310833
26586193722810,26586663310302
26586193722810,26586843364301
26586193722810,26587223336651
26587231987733,26587223336651
26587231987733,26587533460527
26587231987733,26587695113236
26587231987733,26587876757560
26587231987733,26588149594367
26588186098612,26588149594367
26588186098612,26588386281359
26588186098612,26588571082383
26588186098612,26588740886248
26588742553933,26588740886248
26588742553933,26588904739375
26588742553933,26589093420901
26588742553933,26589301624541
26588742553933,26589551353390
26588742553933,26590259350107
26590354264222,26590259350107
26590354264222,26590652140830
26590354264222,26590863304017
26590354264222,26591054766930
26591057285877,26591054766930
26591057285877,26591303507273
26591057285877,26591475134159
26591057285877,26591618292915
26591057285877,26591769838615
26591057285877,26592305910422
26592308373874,26592305910422
26592308373874,26592516733517
26592308373874,26592695157338
26592308373874,26592885354063
26592308373874,26593318874198
26593321182524,26593318874198
26593321182524,26593505846894
26593321182524,26593681433029
26593321182524,26593890071629
26593891598750,26593890071629
26593891598750,26594058236010
26593891598750,26594198164010
26593891598750,26594369420946
26593891598750,26594616156719
26593891598750,26595115032656
26595116874765,26595115032656
26595116874765,26595347968639
26595116874765,26595499975613
26595116874765,26595712318248
26595116874765,26595898304686
26595966501971,26595898304686
26595966501971,26596229884916
26595966501971,26596390985590
26595966501971,26596564428349
26595966501971,26596848860566
26596865807305,26596848860566
26596865807305,26597109238730
26596865807305,26597308525070
26596865807305,26597453131425
26596865807305,26597718553671
26597720848461,26597718553671
26597720848461,26597957413445
26597720848461,26598135294617
26597720848461,26598297906439
26597720848461,26598519165486
26598570773046,26598519165486
26598570773046,26598780624222
26598570773046,26599059120521
26598570773046,26599229589517
26598570773046,26599465384760
26599467637004,26599465384760
26599467637004,26599625238945
26599467637004,26599833930087
26599467637004,26599996066253
26599467637004,26600378617398
26600413214169,26600378617398
26600413214169,26600646626237
26600413214169,26600863358946
26600413214169,26601007317190
26601008405400,26601007317190
26601008405400,26601230933431
26601008405400,26601386325164
26601008405400,26601553927887
26601008405400,26601739778900
26601008405400,26602346070040
26602347954273,26602346070040
26602347954273,26602610871422
26602347954273,26602861716005
26602347954273,26603046461759
26602347954273,26603366697371
26603370276904,26603366697371
26603370276904,26603552563694
26603370276904,26603720335214
26603370276904,26603885972300
26603370276904,26604272807140
26604274572584,26604272807140
26604274572584,26604477777179
26604274572584,26604707295310
26604274572584,26604898998105
26604274572584,26605196300961
26605198066623,26605196300961
26605198066623,26605379364495
26605198066623,26605549832348
26605198066623,26605676131175
26605198066623,26605972078141
26606417745434,26605972078141
26606417745434,26606621039161
26606417745434,26606745241098
26606417745434,26607067401691
26606417745434,26607212759302
26607068634883,26607212759302
26607068634883,26607439282527
26607068634883,26607576432206
26607068634883,26607931161643
26607933683483,26607931161643
26607933683483,26608205209147
26607933683483,26608393090400
26607933683483,26608509865268
26607933683483,26608669825707
26608685997285,26608669825707
26608685997285,26608935538542
26608685997285,26609079403595
26608685997285,26609336517615
26608685997285,26609575450049
26608685997285,26610084113662
26608685997285,26610273448359
26610086070880,26610273448359
26610086070880,26610454863892
26610086070880,26610589789824
26610591411884,26610589789824
26610591411884,26610724173407
26610591411884,26610908245983
26610591411884,26611071610171
26610591411884,26611292053578
26610591411884,26611832571788
26611836312421,26611832571788
26611836312421,26612045251510
26611836312421,26612246223847
26611836312421,26612414559985
26611836312421,26612660759120
26612711042290,26612660759120
26612711042290,26612960468197
26612711042290,26613098155002
26612711042290,26613278877253
26613282677530,26613278877253
26613282677530,26613530884998
26613282677530,26613646068636
26613282677530,26613833803589
26613282677530,26613967983596
26613282677530,26614530374532
26614596398765,26614530374532
26614596398765,26614855275942
26614596398765,26615057996377
26614596398765,26615274425499
26614596398765,26615436986018
26615524845477,26615436986018
26615524845477,26615749441875
26615524845477,26615976179301
26615524845477,26616168184080
26615524845477,26616488024863
26616489071945,26616488024863
26616489071945,26616720619470
26616489071945,26616865529774
26616489071945,26617024767355
26617026262621,26617024767355
26617026262621,26617247894658
26617026262621,26617419803763
26617026262621,26617668803954
26617026262621,26617884064153
26617886138493,26617884064153
26617886138493,26618070223933
26617886138493,26618248396568
26617886138493,26618404969258
26617886138493,26618719159810
26618745669083,26618719159810
26618745669083,26618979353149
26618745669083,26619181394429
26618745669083,26619355482914
26618745669083,26619662688045
26618745669083,26620085079317
26620163229824,26620085079317
26620163229824,26620396685268
26620163229824,26620544048572
26620163229824,26620709273431
26620163229824,26620993038249
26621084755360,26620993038249
26621084755360,26621300994496
26621084755360,26621511271440
26621084755360,26621701412488
26621706700450,26621701412488
26621706700450,26621914587225
26621706700450,26622050253669
26621706700450,26622246204660
26621706700450,26622407159032
26621706700450,26622990020744
26622991359834,26622990020744
26622991359834,26623209934835
26622991359834,26623357205895
26622991359834,26623501030737
26622991359834,26623822261545
26623823846025,26623822261545
26623823846025,26623996024721
26623823846025,26624206413254
26623823846025,26624340092405
26623823846025,26624709199608
26624744442807,26624709199608
26624744442807,26624911043973
26624744442807,26625146205522
26624744442807,26625363254892
26624744442807,26625761700540
26625763387189,26625761700540
26625763387189,26625975370132
26625763387189,26626279965064
26625763387189,26626492995540
26625763387189,26626633259011
26626634844135,26626633259011
26626634844135,26626847128683
26626634844135,26627085564979
26626634844135,26627226356153
26627228061998,26627226356153
26627228061998,26627444426290
26627228061998,26627614386821
26627228061998,26627727053840
26627228061998,26627910411235
26627947523519,26627910411235
26627947523519,26628173544478
26627947523519,26628397308370
26627947523519,26628533521941
26627947523519,26628948279095
26627947523519,26629439159783
26629441764698,26629439159783
26629441764698,26629666858793
26629441764698,26629845403039
26629441764698,26629987658769
26629990347403,26629987658769
26629990347403,26630213299976
26629990347403,26630333951091
26629990347403,26630470597769
26629990347403,26630685851182
26629990347403,26631221786649
26631224902703,26631221786649
26631224902703,26631495487215
26631224902703,26631648130082
26631224902703,26631806238995
26631808878769,26631806238995
26631808878769,26631993727430
26631808878769,26632148982486
26631808878769,26632295341723
26631808878769,26632549105003
26631808878769,26633008181620
26633010412414,26633008181620
26633010412414,26633191996607
26633010412414,26633385359909
26633010412414,26633575177505
26633010412414,26633831331566
26633839137191,26633831331566
26633839137191,26634081360961
26633839137191,26634240865003
26633839137191,26634445120122
26633839137191,26634700623887
26634802500482,26634700623887
26634802500482,26635023718256
26634802500482,26635242551763
26634802500482,26635434000841
26634802500482,26635704083565
26635864308144,26635704083565
26635864308144,26636044017440
26635864308144,26636176133968
26635864308144,26636398444004
26636400795907,26636398444004
26636400795907,26636633851872
26636400795907,26636772477117
26636400795907,26636919179863
26636400795907,26637081241583
26636400795907,26637597252949
26637614644843,26637597252949
26637614644843,26637839310320
26637614644843,26638034665589
26637614644843,26638339661314
26638341477160,26638339661314
26638341477160,26638540448522
26638341477160,26638707188012
26638341477160,26638846334072
26638341477160,26639018037788
26638341477160,26639492560768
26639584345607,26639492560768
26639584345607,26639914237354
26639584345607,26640088083119
26639584345607,26640275486130
26639584345607,26640463763227
26640544507865,26640463763227
26640544507865,26640845356351
26640544507865,26641008318890
26640544507865,26641172768723
26640544507865,26641609646277
26641611216554,26641609646277
26641611216554,26641809508617
26641611216554,26642006386777
26641611216554,26642201494976
26641611216554,26642483662518
26642514683183,26642483662518
26642514683183,26642681461349
26642514683183,26642881683964
26642514683183,26643114294303
26642514683183,26643368808602
26643370759599,26643368808602
26643370759599,26643605699838
26643370759599,26643769028173
26643370759599,26643930310087
26643932298127,26643930310087
26643932298127,26644172733979
26643932298127,26644307086377
26643932298127,26644491784662
26643932298127,26644849398300
26643932298127,26645321682404
26645360351157,26645321682404
26645360351157,26645627231112
26645360351157,26645833934109
26645360351157,26646056474469
26645360351157,26646216617582
26646273051138,26646216617582
26646273051138,26646533475902
26646273051138,26646709742148
26646273051138,26646850163120
26646852673909,26646850163120
26646852673909,26647117258801
26646852673909,26647278124271
26646852673909,26647507322807
26646852673909,26647653787568
26646852673909,26648082978821
26648111278436,26648082978821
26648111278436,26648323291639
26648111278436,26648538947247
26648111278436,26648657975533
26648111278436,26649061131118
26649099309643,26649061131118
26649099309643,26649299485455
26649099309643,26649445617271
26649099309643,26649647678707
26649650871286,26649647678707
26649650871286,26649850302442
26649650871286,26649998522533
26649650871286,26650145246276
26649650871286,26650603572241
26649650871286,26650884151312
26649650871286,26651356217409
26650901790775,26651356217409
26650901790775,26651568526508
26650901790775,26651701145686
26650901790775,26652063928955
26652066450311,26652063928955
26652066450311,26652230360029
26652066450311,26652403683983
26652066450311,26652579901262
26652066450311,26653004080485
26653006105511,26653004080485
26653006105511,26653263147509
26653006105511,26653428216121
26653006105511,26653923642178
26653006105511,26654187871162
26654287898422,26654187871162
26654287898422,26654533307184
26654287898422,26654701988507
26654287898422,26654947901814
26654287898422,26655093256977
26654287898422,26655340629248
