26167508454511,26168253342944
26168324756956,26168253342944
26168324756956,26168576905598
26168324756956,26168739197663
26168324756956,26168951028769
26168324756956,26169209909758
26169211958042,26169209909758
26169211958042,26169368022162
26169211958042,26169604249420
26169211958042,26169754763014
26169211958042,26170002330503
26170148420698,26170002330503
26170148420698,26170447288934
26170148420698,26170597378046
26170148420698,26170777580757
26170780439454,26170777580757
26170780439454,26171002827945
26170780439454,26171147068613
26170780439454,26171436914034
26170780439454,26171704624690
26171706255073,26171704624690
26171706255073,26171901793241
26171706255073,26172390095530
26171706255073,26172564343101
26171706255073,26172689948183
26173149823465,26172689948183
26173149823465,26173148134657
26173149823465,26173453248806
26173149823465,26173590283785
26173149823465,26173737273283
26173149823465,26174107939408
26174110179879,26174107939408
26174110179879,26174319211579
26174110179879,26174518583668
26174110179879,26174678089484
26174110179879,26174985562328
26175097749893,26174985562328
26175097749893,26175319736202
26175097749893,26175514037886
26175097749893,26175701413467
26175702917169,26175701413467
26175702917169,26175882915203
26175702917169,26176078364245
26175702917169,26176327737836
26175702917169,26176535478257
26175702917169,26177049771769
26177051758049,26177049771769
26177051758049,26177319639838
26177051758049,26177554950384
26177051758049,26177702179718
26177051758049,26178087891510
26178090728461,26178087891510
26178090728461,26178346068240
26178090728461,26178561093945
26178090728461,26178735960594
26178090728461,26179040385698
26179056422456,26179040385698
26179056422456,26179228125599
26179056422456,26179469763247
26179056422456,26179619817778
26179056422456,26179862239761
26179879914379,26179862239761
26179879914379,26180170013515
26179879914379,26180394847858
26179879914379,26180638978015
26179879914379,26180890408987
26180893112500,26180890408987
26180893112500,26181153085414
26180893112500,26181327241693
26180893112500,26181477137617
26180893112500,26181779849187
26181782030075,26181779849187
26181782030075,26182092181761
26181782030075,26182276205334
26181782030075,26182411521480
26181782030075,26182751552060
26182753632671,26182751552060
26182753632671,26182945213343
26182753632671,26183109325403
26182753632671,26183251780646
26182753632671,26183686348817
26182753632671,26183863375094
26183688269694,26183863375094
26183688269694,26184073717023
26183688269694,26184257686416
26183688269694,26184445355602
26184558827488,26184445355602
26184558827488,26184771357487
26184558827488,26184965904124
26184558827488,26185134341241
26184558827488,26185393236184
26184558827488,26185573229665
26185396882598,26185573229665
26185396882598,26185892145201
26185396882598,26186065663080
26185396882598,26186292250626
26186295021055,26186292250626
26186295021055,26186470596477
26186295021055,26186724816920
26186295021055,26186920905755
26186295021055,26187061114280
26186922741647,26187061114280
26186922741647,26187214743695
26186922741647,26187396425370
26186922741647,26187599999746
26186922741647,26188220210381
26188225432454,26188220210381
26188225432454,26188420480831
26188225432454,26188565946165
26188225432454,26188762682238
26188225432454,26189032875205
26189210902976,26189032875205
26189210902976,26189421489578
26189210902976,26189596287756
26189210902976,26189773314309
26189210902976,26189995996419
26190057197367,26189995996419
26190057197367,26190251030763
26190057197367,26190530270122
26190057197367,26190700192999
26190702315297,26190700192999
26190702315297,26190909039302
26190702315297,26191078842495
26190702315297,26191251074353
26190702315297,26191476294470
26190702315297,26191871474970
26191873622058,26191871474970
26191873622058,26192096488792
26191873622058,26192262983980
26191873622058,26192462854610
26191873622058,26192833984526
26192841257300,26192833984526
26192841257300,26193052347857
26192841257300,26193239630746
26192841257300,26193407475994
26192841257300,26193758014841
26193860931594,26193758014841
26193860931594,26194094505831
26193860931594,26194270058254
26193860931594,26194455718639
26193860931594,26194772990481
26194780263138,26194772990481
26194780263138,26194964231497
26194780263138,26195205914613
26194780263138,26195371158351
26194780263138,26195640147598
26195656170125,26195640147598
26195656170125,26195874542372
26195656170125,26196073059674
26195656170125,26196284789365
26195656170125,26196573958274
26195656170125,26196733686061
26196612751916,26196733686061
26196612751916,26197009343785
26196612751916,26197188079043
26196612751916,26197803374419
26197809561671,26197803374419
26197809561671,26198008810787
26197809561671,26198182387924
26197809561671,26198368435096
26197809561671,26198818880080
26198820073181,26198818880080
26198820073181,26198979656873
26198820073181,26199116861129
26198820073181,26199320293109
26198820073181,26199607305740
26199612965098,26199607305740
26199612965098,26199886059542
26199612965098,26200079474691
26199612965098,26200224241147
26199612965098,26200613305694
26200676175289,26200613305694
26200676175289,26200830053288
26200676175289,26201141895694
26200676175289,26201326498546
26200676175289,26201500437212
26201584252997,26201500437212
26201584252997,26201818016467
26201584252997,26202124715699
26201584252997,26202271393523
26201584252997,26202399450936
26202509557951,26202399450936
26202509557951,26202745729246
26202509557951,26202951824891
26202509557951,26203135389900
26202509557951,26203315207013
26203137522128,26203315207013
26203137522128,26203457269141
26203137522128,26203626966632
26203137522128,26203990395456
26203137522128,26204349168069
26204382254164,26204349168069
26204382254164,26204643473845
26204382254164,26204880896384
26204382254164,26205350614593
26204382254164,26205581661796
26205643394313,26205581661796
26205643394313,26205829124015
26205643394313,26206054694985
26205643394313,26206220366150
26205643394313,26206440017410
26206459843243,26206440017410
26206459843243,26206689293954
26206459843243,26206836172697
26206459843243,26206986310654
26206459843243,26207327384932
26207416023367,26207327384932
26207416023367,26207710369070
26207416023367,26207960495110
26207416023367,26208167089359
26207416023367,26208356532426
26208381283371,26208356532426
26208381283371,26208574514347
26208381283371,26208754169163
26208381283371,26208895218321
26208381283371,26209232344752
26208381283371,26209457018390
26209294517885,26209457018390
26209294517885,26209663364088
26209294517885,26209849709448
26209294517885,26210316784465
26210319528193,26210316784465
26210319528193,26210490185912
26210319528193,26210655216555
26210319528193,26210792043249
26210794212495,26210792043249
26210794212495,26210981724026
26210794212495,26211184822674
26210794212495,26211337450992
26210794212495,26211516186304
26210794212495,26211940093543
26211984380860,26211940093543
26211984380860,26212179346887
26211984380860,26212356274099
26211984380860,26212580646797
26211984380860,26212929678831
26212934826059,26212929678831
26212934826059,26213226339301
26212934826059,26213384046972
26212934826059,26213557981384
26213561641687,26213557981384
26213561641687,26213801147209
26213561641687,26213973101381
26213561641687,26214115229896
26213561641687,26214245446097
26213561641687,26214702403363
26214752509800,26214702403363
26214752509800,26215041173163
26214752509800,26215206546851
26214752509800,26215369971979
26214752509800,26215779430973
26215781324288,26215779430973
26215781324288,26215947204846
26215781324288,26216185544800
26215781324288,26216329372797
26215781324288,26216710934792
26216718036475,26216710934792
26216718036475,26216944391719
26216718036475,26217234865792
26216718036475,26217390285359
26216718036475,26217618775816
26217646578920,26217618775816
26217646578920,26217849873320
26217646578920,26218018118254
26217646578920,26218240738302
26217646578920,26218537648571
26218539532982,26218537648571
26218539532982,26218814598284
26218539532982,26218956048611
26218539532982,26219130014029
26218539532982,26219351044113
26219449132345,26219351044113
26219449132345,26219679285111
26219449132345,26219864321517
26219449132345,26220035049368
26219449132345,26220247580561
26220398339856,26220247580561
26220398339856,26220611781066
26220398339856,26220778559797
26220398339856,26220992030359
26220398339856,26221255750479
26221351506152,26221255750479
26221351506152,26221594040313
26221351506152,26221767888246
26221351506152,26221912976369
26221913830708,26221912976369
26221913830708,26222062769835
26221913830708,26222201297474
26221913830708,26222357747956
26221913830708,26222708268078
26221913830708,26223165586742
26223259600664,26223165586742
26223259600664,26223519976552
26223259600664,26223696308344
26223259600664,26223914292401
26223259600664,26224213991748
26224215798330,26224213991748
26224215798330,26224430311252
26224215798330,26224588821615
26224215798330,26224844073690
26224215798330,26225139412524
26225141065236,26225139412524
26225141065236,26225351722434
26225141065236,26225461339100
26225141065236,26225635627473
26225141065236,26226008272673
26226061808626,26226008272673
26226061808626,26226354671453
26226061808626,26226510616256
26226061808626,26226747124249
26226749764433,26226747124249
26226749764433,26226912420020
26226749764433,26227080300813
26226749764433,26227227433543
26226749764433,26227557156117
26226749764433,26227843316390
26227998584102,26227843316390
26227998584102,26228285825607
26227998584102,26228465984615
26227998584102,26228684167917
26227998584102,26228928370531
26228956512069,26228928370531
26228956512069,26229196106830
26228956512069,26229372290624
26228956512069,26229494870286
26228956512069,26229879142371
26229920583425,26229879142371
26229920583425,26230270614761
26229920583425,26230447693690
26230449637571,26230447693690
26230449637571,26230717155407
26230449637571,26230891915365
26230449637571,26231082124439
26230449637571,26231205027886
26230449637571,26231377221303
26230449637571,26231803848947
26230449637571,26231934653630
26231805686347,26231934653630
26231805686347,26232128993322
26231805686347,26232293230054
26231805686347,26232523263513
26232578967082,26232523263513
26232578967082,26232767904125
26232578967082,26232987766801
26232578967082,26233147230391
26232578967082,26233556235150
26233580046475,26233556235150
26233580046475,26233796401913
26233580046475,26233969266429
26233580046475,26234147267534
26234148887743,26234147267534
26234148887743,26234430307038
26234148887743,26234617755940
26234148887743,26234797290036
26234148887743,26234949295598
26234148887743,26235354275427
26235356318386,26235354275427
26235356318386,26235627121698
26235356318386,26235792394762
26235356318386,26235950276678
26235356318386,26236120400005
26235356318386,26236384129700
26236159699291,26236384129700
26236159699291,26236600939470
26236159699291,26236733657202
26236159699291,26236962458616
26237034117626,26236962458616
26237034117626,26237235796851
26237034117626,26237406303309
26237034117626,26237538730192
26237034117626,26237936291926
26237937345535,26237936291926
26237937345535,26238140603073
26237937345535,26238289024601
26237937345535,26238507558812
26237937345535,26238819114649
26238869894507,26238819114649
26238869894507,26239135184075
26238869894507,26239334087631
26238869894507,26239507775533
26238869894507,26239849019836
26239853505266,26239849019836
26239853505266,26240054251872
26239853505266,26240218369195
26239853505266,26240451788825
26239853505266,26240699202333
26240757772645,26240699202333
26240757772645,26240979886264
26240757772645,26241124167576
26240757772645,26241335211114
26240757772645,26241619984278
26241736919531,26241619984278
26241736919531,26242018133159
26241736919531,26242246275878
26241736919531,26242413305593
26241736919531,26242742283411
26242840858216,26242742283411
26242840858216,26243110835955
26242840858216,26243345079745
26242840858216,26243463589454
26243790127431,26243463589454
26243790127431,26244069522080
26243790127431,26244236922373
26243790127431,26244416036975
26243790127431,26244622159537
26243790127431,26245028594826
26245045592180,26245028594826
26245045592180,26245269560051
26245045592180,26245462224140
26245045592180,26245656364646
26245045592180,26245969809772
26246048166578,26245969809772
26246048166578,26246247358564
26246048166578,26246445530904
26246048166578,26246625739891
26246048166578,26246992180857
26247006387073,26246992180857
26247006387073,26247298843594
26247006387073,26247446241881
26247006387073,26247595929611
26247006387073,26247929872334
26248026181341,26247929872334
26248026181341,26248251759031
26248026181341,26248454886321
26248026181341,26248608127922
26248026181341,26249334769751
26249337827002,26249334769751
26249337827002,26249541771279
26249337827002,26249692890757
26249337827002,26249834676309
26249835860044,26249834676309
26249835860044,26250046145019
26249835860044,26250228479664
26249835860044,26250411823882
26249835860044,26250679203554
26249835860044,26251115463018
26251316938337,26251115463018
26251316938337,26251529775588
26251316938337,26251739796911
26251316938337,26251943119859
26251945717515,26251943119859
26251945717515,26252142660826
26251945717515,26252278474636
26251945717515,26252444399097
26251945717515,26252614226757
26252615971441,26252614226757
26252615971441,26252874383935
26252615971441,26253010302464
26252615971441,26253244497886
26252615971441,26253436885381
26253438501877,26253436885381
26253438501877,26253720299950
26253438501877,26253865897983
26253438501877,26254007924557
26253438501877,26254267334172
26253438501877,26254716095516
26254758488823,26254716095516
26254758488823,26255001215227
26254758488823,26255238510668
26254758488823,26255374259003
26254758488823,26255770285588
26255773714148,26255770285588
26255773714148,26256001784330
26255773714148,26256100584764
26255773714148,26256285025948
26255773714148,26256692212547
26256695531566,26256692212547
26256695531566,26256904584421
26256695531566,26257051061836
26256695531566,26257233437499
26257237518007,26257233437499
26257237518007,26257405525351
26257237518007,26257591949406
26257237518007,26257744296028
26257237518007,26257917013156
26257237518007,26258389927840
26258530291843,26258389927840
26258530291843,26258743300801
26258530291843,26258891111824
26258530291843,26259127331797
26258530291843,26259418941108
26259520060469,26259418941108
26259520060469,26259749553991
26259520060469,26260012163065
26259520060469,26260135457228
26259520060469,26260504614223
26260613131398,26260504614223
26260613131398,26260818840523
26260613131398,26260988215396
26260613131398,26261251979060
26261254010259,26261251979060
26261254010259,26261409680191
26261254010259,26261557903085
26261254010259,26261735488003
26261254010259,26262006440996
26261254010259,26262324993038
26262428138787,26262324993038
26262428138787,26262615377529
26262428138787,26262821828258
26262428138787,26263017346826
26262428138787,26263384398281
26263385930270,26263384398281
26263385930270,26263578110974
26263385930270,26263733053587
26263385930270,26263929850886
26263385930270,26264120107648
26264193960915,26264120107648
26264193960915,26264422327061
26264193960915,26264617349701
26264193960915,26264768865268
26264193960915,26265157037315
26265168888370,26265157037315
26265168888370,26265409835607
26265168888370,26265654497201
26265168888370,26265898916267
26265168888370,26266064089293
26266141523220,26266064089293
26266141523220,26266393090775
26266141523220,26266562308729
26266141523220,26266747688892
26266141523220,26267046774592
26267061640950,26267046774592
26267061640950,26267269195682
26267061640950,26267476624845
26267061640950,26267669080922
26267061640950,26268064936007
26268067446029,26268064936007
26268067446029,26268271154792
26268067446029,26268466561211
26268067446029,26268669272683
26268067446029,26268920214395
26268954714523,26268920214395
26268954714523,26269181349805
26268954714523,26269350626304
26268954714523,26269522158027
26269524319968,26269522158027
26269524319968,26269722466407
26269524319968,26269896660545
26269524319968,26270038226322
26269524319968,26270366667543
26269524319968,26270787584997
26270838019246,26270787584997
26270838019246,26271102918036
26270838019246,26271334248332
26270838019246,26271495221179
26271498606575,26271495221179
26271498606575,26271702715933
26271498606575,26271878231344
26271498606575,26272075463338
26271498606575,26272239607135
26272241327531,26272239607135
26272241327531,26272426274440
26272241327531,26272559183265
26272241327531,26272720032678
26272241327531,26273101566427
26273127401644,26273101566427
26273127401644,26273402107122
26273127401644,26273576219858
26273127401644,26273798670617
26273127401644,26274030018190
26273127401644,26274405303018
26274480828849,26274405303018
26274480828849,26274674153101
26274480828849,26274865942149
26274925669811,26274865942149
26274925669811,26275101993980
26274925669811,26275269253520
26274925669811,26275429386714
26274925669811,26275563543716
26274925669811,26275736612927
26274925669811,26276216181439
26276339285447,26276216181439
26276339285447,26276606463046
26276339285447,26276809142333
26276339285447,26277021322634
26277024729993,26277021322634
26277024729993,26277225805493
26277024729993,26277368640060
26277024729993,26277585168197
26277024729993,26277737881440
26277024729993,26278288061917
26278295094830,26278288061917
26278295094830,26278558767587
26278295094830,26278736294454
26278295094830,26278983273711
26278295094830,26279247585567
26279262605245,26279247585567
26279262605245,26279564201788
26279262605245,26279848638354
26279262605245,26280017863642
26279262605245,26280201229102
26279262605245,26280324192322
26280330257345,26280324192322
26280330257345,26280579609165
26280330257345,26280821299190
26280330257345,26281071105027
26281074070482,26281071105027
26281074070482,26281249923364
26281074070482,26281466531161
26281074070482,26281709729981
26281074070482,26281991931200
26282004266217,26281991931200
26282004266217,26282249267781
26282004266217,26282401433575
26282004266217,26282535255215
26282004266217,26282889388701
26282914034763,26282889388701
26282914034763,26283143446822
26282914034763,26283289945661
26282914034763,26283425159048
26282914034763,26283894280745
26283896029013,26283894280745
26283896029013,26284166268231
26283896029013,26284370678551
26283896029013,26284535918316
26283896029013,26284690397259
26284794699413,26284690397259
26284794699413,26285083144365
26284794699413,26285251396879
26284794699413,26285408495567
26284794699413,26285734875113
26285736203356,26285734875113
26285736203356,26285927983069
26285736203356,26286112524572
26285736203356,26286256219257
26285736203356,26286642766592
26286695089720,26286642766592
26286695089720,26286983562609
26286695089720,26287192528544
26286695089720,26287378855974
26286695089720,26287728836184
26287732344056,26287728836184
26287732344056,26287949310911
26287732344056,26288116865367
26287732344056,26288277331334
26287732344056,26288626199854
26288627576510,26288626199854
26288627576510,26288820525760
26288627576510,26289068238763
26288627576510,26289231576807
26289233674418,26289231576807
26289233674418,26289417307582
26289233674418,26289562760044
26289233674418,26289733091847
26289233674418,26289975276860
26289233674418,26290411422220
26290413363111,26290411422220
26290413363111,26290630239524
26290413363111,26290836365686
26290413363111,26290982191127
26290413363111,26291354422651
26291356334567,26291354422651
26291356334567,26291571289838
26291356334567,26291800352256
26291356334567,26291985658206
26291356334567,26292408056355
26292410939263,26292408056355
26292410939263,26292693206869
26292410939263,26292822206888
26292410939263,26292958328333
26292410939263,26293191394741
26292959851666,26293191394741
26292959851666,26293367135247
26292959851666,26293499954784
26292959851666,26293667192581
26292959851666,26294089448027
26294112900503,26294089448027
26294112900503,26294347725054
26294112900503,26294598663009
26294112900503,26294788743287
26294112900503,26294991723171
26295107160606,26294991723171
26295107160606,26295361831158
26295107160606,26295508000623
26295107160606,26295810925381
26295107160606,26296155952079
26296161882105,26296155952079
26296161882105,26296326922662
26296161882105,26296528449022
26296161882105,26296761409034
26296762640879,26296761409034
26296762640879,26297007325328
26296762640879,26297193529792
26296762640879,26297323236297
26296762640879,26297499859657
26296762640879,26297935212481
26297937057705,26297935212481
26297937057705,26298217300198
26297937057705,26298391129706
26297937057705,26298640575699
26298642920091,26298640575699
26298642920091,26298879976748
26298642920091,26299058909534
26298642920091,26299265876736
26298642920091,26299458363460
26298642920091,26299889720200
26299920037439,26299889720200
26299920037439,26300156376851
26299920037439,26300302038139
26299920037439,26300527837053
26300535222116,26300527837053
26300535222116,26300709535663
26300535222116,26300900017950
26300535222116,26301071080983
26300535222116,26301258810747
26300535222116,26301694527121
26301805133016,26301694527121
26301805133016,26301987247204
26301805133016,26302183284850
26301805133016,26302407481577
26301805133016,26302661302545
26302757016930,26302661302545
26302757016930,26303037090046
26302757016930,26303211834216
26302757016930,26303359110017
26302757016930,26303751361192
26303753273965,26303751361192
26303753273965,26303958980932
26303753273965,26304271213415
26303753273965,26304528600515
26303753273965,26304662251948
26303753273965,26304863470435
26304664410768,26304863470435
26304664410768,26305042031543
26304664410768,26305178592966
26304664410768,26305381292779
26305180346852,26305381292779
26305180346852,26305580384139
26305180346852,26305766968171
26305180346852,26305952491068
26305976718247,26305952491068
26305976718247,26306151387163
26305976718247,26306332334821
26305976718247,26306502171686
26305976718247,26306894993044
26305976718247,26307304304986
26307307171172,26307304304986
26307307171172,26307477305609
26307307171172,26307720168232
26307307171172,26307882935660
26307307171172,26308194945919
26308199800549,26308194945919
26308199800549,26308383341469
26308199800549,26308584670131
26308199800549,26308779741500
26308199800549,26309107449977
26309109264017,26309107449977
26309109264017,26309309870764
26309109264017,26309499310976
26309109264017,26309670168972
26309672806700,26309670168972
26309672806700,26309911236310
26309672806700,26310097478078
26309672806700,26310253212177
26309672806700,26310455373882
26309672806700,26310815363045
26310964110693,26310815363045
26310964110693,26311151360164
26310964110693,26311355478685
26310964110693,26311507599138
26310964110693,26311860182302
26311862316172,26311860182302
26311862316172,26312035035647
26311862316172,26312440849804
26311862316172,26312707294552
26312709625367,26312707294552
26312709625367,26312898739477
26312709625367,26313042066855
26312709625367,26313200021115
26312709625367,26313377644900
26312709625367,26313642831667
26313645281812,26313642831667
26313645281812,26313893146361
26313645281812,26314039331675
26313645281812,26314250241278
26313645281812,26314519527977
26313645281812,26314710580315
26314534275235,26314710580315
26314534275235,26314903812704
26314534275235,26315078474901
26315081869114,26315078474901
26315081869114,26315315961178
26315081869114,26315540614298
26315081869114,26315727337708
26315081869114,26315896135566
26315081869114,26316323653120
26316375187820,26316323653120
26316375187820,26316619534859
26316375187820,26316813569093
26316375187820,26317065996254
26316375187820,26317232905433
26317253484666,26317232905433
26317253484666,26317436801126
26317253484666,26317671713987
26317253484666,26317836868071
26317253484666,26318260163804
26318262682223,26318260163804
26318262682223,26318496673176
26318262682223,26318643296237
26318262682223,26318850506399
26318262682223,26319135705351
26319199918237,26319135705351
26319199918237,26319473159731
26319199918237,26319663339494
26319199918237,26319878261348
26319199918237,26320033439382
26320137756263,26320033439382
26320137756263,26320388550990
26320137756263,26320503065966
26320137756263,26320650992705
26320856505696,26320650992705
26320856505696,26321087280455
26320856505696,26321228904218
26320856505696,26321428270594
26320856505696,26321845816257
26320856505696,26322380170904
26322382027341,26322380170904
26322382027341,26322572207197
26322382027341,26322722294368
26322382027341,26322881779249
26322382027341,26323036608023
26322884581632,26323036608023
26322884581632,26323181154063
26322884581632,26323364478762
26322884581632,26323562044975
26322884581632,26324163329029
26324165572537,26324163329029
26324165572537,26324334727831
26324165572537,26324490272388
26324165572537,26324695242206
26324697143644,26324695242206
26324697143644,26324907257004
26324697143644,26325127408607
26324697143644,26325293247366
26324697143644,26325462970058
26324697143644,26326025650674
26326083592660,26326025650674
26326083592660,26326272165554
26326083592660,26326508405935
26326083592660,26326710284682
26326712093222,26326710284682
26326712093222,26326939464552
26326712093222,26327109354181
26326712093222,26327274927824
26326712093222,26327458609372
26326712093222,26327932254022
26327951638671,26327932254022
26327951638671,26328205146753
26327951638671,26328367977841
26327951638671,26328549506602
26328552698516,26328549506602
26328552698516,26328728215909
26328552698516,26328942336495
26328552698516,26329091425031
26328552698516,26329324186502
26328552698516,26329794241685
26329796340954,26329794241685
26329796340954,26330039885705
26329796340954,26330237813010
26329796340954,26330404865280
26330407896951,26330404865280
26330407896951,26330599348111
26330407896951,26330775436491
26330407896951,26330927835275
26330407896951,26331104787886
26330407896951,26331515618454
26331582942383,26331515618454
26331582942383,26331891402014
26331582942383,26332035707440
26331582942383,26332213679566
26332216155371,26332213679566
26332216155371,26332408994912
26332216155371,26332633705245
26332216155371,26332843101539
26332216155371,26333040644525
26333119680696,26333040644525
26333119680696,26333399672512
26333119680696,26333523972911
26333119680696,26333773322172
26333119680696,26334056915203
26333119680696,26334523363329
26334525730352,26334523363329
26334525730352,26334737372341
26334525730352,26334942506862
26334525730352,26335076385699
26334525730352,26335480911254
26335494163826,26335480911254
26335494163826,26335733433927
26335494163826,26335998057506
26335494163826,26336194510193
26335494163826,26336453188680
26336527167583,26336453188680
26336527167583,26336775108958
26336527167583,26336993811912
26336527167583,26337200481579
26336527167583,26337562518339
26337564704465,26337562518339
26337564704465,26337807440531
26337564704465,26337942128250
26337564704465,26338201809874
26337564704465,26338505870073
26338667521060,26338505870073
26338667521060,26338855405439
26338667521060,26338969974696
26338667521060,26339140051749
26338667521060,26339379813594
26339455883640,26339379813594
26339455883640,26339678030554
26339455883640,26339936097478
26339455883640,26340097267878
26339455883640,26340365077283
26340367360637,26340365077283
26340367360637,26340562858885
26340367360637,26340795108993
26340367360637,26340943760152
26340947218846,26340943760152
26340947218846,26341135089686
26340947218846,26341296352523
26340947218846,26341475410395
26340947218846,26341677455180
26340947218846,26342331866455
26342356832433,26342331866455
26342356832433,26342571700294
26342356832433,26342863091088
26342356832433,26343072292966
26342356832433,26343235409425
26343259112373,26343235409425
26343259112373,26343527691535
26343259112373,26343741169320
26343259112373,26343968615821
26343259112373,26344208516470
26344241385455,26344208516470
26344241385455,26344443578205
26344241385455,26344597636505
26344241385455,26344752053884
26344754385474,26344752053884
26344754385474,26344994799040
26344754385474,26345161096600
26344754385474,26345350622950
26344754385474,26345531284682
26344754385474,26346032307052
26346034548033,26346032307052
26346034548033,26346245404931
26346034548033,26346419562135
26346034548033,26346650442988
26346034548033,26346942169956
26347003664843,26346942169956
26347003664843,26347274454823
26347003664843,26347532042592
26347003664843,26347698052533
26347003664843,26347948968175
26348032386856,26347948968175
26348032386856,26348274177951
26348032386856,26348453282300
26348032386856,26348590714275
26348032386856,26348933414662
26348967781789,26348933414662
26348967781789,26349155072689
26348967781789,26349386576750
26348967781789,26349597822023
26348967781789,26349861976461
26349864394742,26349861976461
26349864394742,26350269224926
26349864394742,26350457328570
26349864394742,26350633480604
26349864394742,26350926188268
26351016206490,26350926188268
26351016206490,26351322863408
26351016206490,26351553281996
26351016206490,26351698242154
26351016206490,26352070972770
26352089665003,26352070972770
26352089665003,26352308092592
26352089665003,26352460495398
26352089665003,26352666301275
26352668311032,26352666301275
26352668311032,26352860329608
26352668311032,26353024733676
26352668311032,26353224027139
26352668311032,26353466279544
26352668311032,26353999184083
26354001199974,26353999184083
26354001199974,26354228087235
26354001199974,26354411203751
26354001199974,26354622051635
26354624794012,26354622051635
26354624794012,26354879787541
26354624794012,26355083158820
26354624794012,26355267292518
26354624794012,26355428867849
26354624794012,26355892147152
26355893384662,26355892147152
26355893384662,26356104268344
26355893384662,26356270776878
26355893384662,26356536412138
26355893384662,26356800483300
26356815551503,26356800483300
26356815551503,26357028113147
26356815551503,26357239302788
26356815551503,26357425506444
26356815551503,26357708259065
26357715416145,26357708259065
26357715416145,26357949419558
26357715416145,26358112034222
26357715416145,26358301486661
26357715416145,26358588292727
26358725341551,26358588292727
26358725341551,26358915999326
26358725341551,26359120098557
26358725341551,26359291466156
26358725341551,26359493631200
26359588561169,26359493631200
26359588561169,26359833227425
26359588561169,26360021853815
26359588561169,26360247602416
26359588561169,26360487635099
26359588561169,26360750768859
26360553331907,26360750768859
26360553331907,26360909369733
26360553331907,26361090254991
26360553331907,26361483363574
26361486346071,26361483363574
26361486346071,26361723302429
26361486346071,26361907283426
26361486346071,26362037898197
26362039605118,26362037898197
26362039605118,26362273924160
26362039605118,26362408351724
26362039605118,26362575088635
26362039605118,26362829078349
26362832171609,26362829078349
26362832171609,26363027964920
26362832171609,26363181244904
26362832171609,26363372908468
26362832171609,26363640954386
26363651610268,26363640954386
26363651610268,26363870212352
26363651610268,26364065627390
26363651610268,26364246383023
26363651610268,26364547501555
26363651610268,26364915152040
26364975231400,26364915152040
26364975231400,26365776378102
26364975231400,26365934739492
26364975231400,26366085731149
26366086720317,26366085731149
26366086720317,26366318978191
26366086720317,26366526115338
26366086720317,26366711818471
26366086720317,26366989031978
26367028187445,26366989031978
26367028187445,26367284883204
26367028187445,26367437493444
26367028187445,26367630517012
26367028187445,26367830171176
26367028187445,26368365944971
26368368173101,26368365944971
26368368173101,26368602155539
26368368173101,26368843554462
26368368173101,26369001646117
26368368173101,26369254146794
26368368173101,26369506207447
26369308050245,26369506207447
26369308050245,26369657291710
26369308050245,26369854512833
26369855674811,26369854512833
26369855674811,26370099942675
26369855674811,26370246086993
26369855674811,26370443794441
26369855674811,26370581438140
26369855674811,26371185118095
26371186563507,26371185118095
26371186563507,26371437098504
26371186563507,26371576086625
26371186563507,26371728434184
26371186563507,26372120551686
26372149408031,26372120551686
26372149408031,26372405486977
26372149408031,26372591249854
26372149408031,26372728740534
26372730485558,26372728740534
26372730485558,26372901075358
26372730485558,26373065068364
26372730485558,26373301088652
26372730485558,26373501225663
26372730485558,26373962479537
26374055978584,26373962479537
26374055978584,26374298222500
26374055978584,26374461475043
26374055978584,26374632228237
26374634182300,26374632228237
26374634182300,26374794130177
26374634182300,26374914036413
26374634182300,26375200303861
26374634182300,26375354579504
26374634182300,26375887986619
26375890799130,26375887986619
26375890799130,26376129579739
26375890799130,26376283055875
26375890799130,26376450447578
26376459339097,26376450447578
26376459339097,26376644252704
26376459339097,26376806676887
26376459339097,26377005277920
26376459339097,26377136907977
26376459339097,26377625922315
26377675227097,26377625922315
26377675227097,26377957154258
26377675227097,26378101439632
26377675227097,26378276889871
26378280455730,26378276889871
26378280455730,26378527328364
26378280455730,26378733199925
26378280455730,26378909392159
26378280455730,26379060372121
26378280455730,26379451489770
26379489488605,26379451489770
26379489488605,26379708990182
26379489488605,26379936181594
26379489488605,26380111669413
26379489488605,26380378317834
26380449481074,26380378317834
26380449481074,26380705836302
26380449481074,26380906061549
26380449481074,26381091449700
26380449481074,26381292371131
26381342434619,26381292371131
26381342434619,26381580304641
26381342434619,26381811298726
26381342434619,26381964266556
26381342434619,26382281549867
26382486663499,26382281549867
26382486663499,26382727348817
26382486663499,26382895487262
26382486663499,26383107686275
26382486663499,26383268315820
26383367433228,26383268315820
26383367433228,26383644572996
26383367433228,26383768971863
26383367433228,26383910564248
26383367433228,26384119058978
26384130769007,26384119058978
26384130769007,26384346035115
26384130769007,26384602086355
26384130769007,26384734921605
26384130769007,26384912888522
26385014058720,26384912888522
26385014058720,26385239655179
26385014058720,26385367178247
26385014058720,26385565368951
26385014058720,26385918210958
26385922851411,26385918210958
26385922851411,26386143754535
26385922851411,26386303337255
26385922851411,26386479167809
26385922851411,26386764293448
26385922851411,26386940211235
26386766096303,26386940211235
26386766096303,26387111868515
26386766096303,26387277471013
26387281139962,26387277471013
26387281139962,26387501942830
26387281139962,26387744232305
26387281139962,26387918259705
26387281139962,26388076220081
26387281139962,26388481135555
26388491030664,26388481135555
26388491030664,26388768469582
26388491030664,26388927961702
26388491030664,26389096856578
26388491030664,26389471240670
26389533917576,26389471240670
26389533917576,26389769045834
26389533917576,26389950652065
26389533917576,26390234870181
26389533917576,26390415947174
26390477286501,26390415947174
26390477286501,26390765946377
26390477286501,26390899793753
26390477286501,26391040499941
26390477286501,26391447476086
26391463279874,26391447476086
26391463279874,26391721908955
26391463279874,26391866202837
26391463279874,26391997809541
26391999912919,26391997809541
26391999912919,26392245363873
26391999912919,26392423102211
26391999912919,26392670237436
26391999912919,26392941131774
26391999912919,26393321219217
26393440771504,26393321219217
26393440771504,26393709176634
26393440771504,26393878135909
26393440771504,26394047251235
26393440771504,26394335832525
26394390966845,26394335832525
26394390966845,26394639273206
26394390966845,26394759903293
26394390966845,26394984140967
26394390966845,26395369546792
26395422398161,26395369546792
26395422398161,26395713710151
26395422398161,26396176085036
26395422398161,26396372243457
26395422398161,26396532679076
26396615459556,26396532679076
26396615459556,26396902348331
26396615459556,26397130117931
26396615459556,26397310343124
26396615459556,26397458147924
26397470840869,26397458147924
26397470840869,26397674938965
26397470840869,26397855704783
26397904363592,26397855704783
26397904363592,26398035405302
26397904363592,26398150986597
26397904363592,26398330411377
26397904363592,26398495326990
26397904363592,26398797970590
26397904363592,26399170564343
26399222718154,26399170564343
26399222718154,26399396424364
26399222718154,26399615549429
26399222718154,26399801459250
26399222718154,26400084971216
26400125019847,26400084971216
26400125019847,26400330149781
26400125019847,26400502674676
26400125019847,26400665816237
26400125019847,26400993687100
26401091474427,26400993687100
26401091474427,26401368324026
26401091474427,26401584842057
26401091474427,26401758216105
26401091474427,26402083238086
26402152982209,26402083238086
26402152982209,26402327681937
26402152982209,26402511021908
26402152982209,26402766252320
26402152982209,26402996015745
26403065826426,26402996015745
26403065826426,26403394923760
26403065826426,26403542253271
26403065826426,26403733409974
26403065826426,26404045387365
26404046343696,26404045387365
26404046343696,26404277397417
26404046343696,26404446867938
26404046343696,26404650829828
26404046343696,26404917291870
26404919449971,26404917291870
26404919449971,26405187940346
26404919449971,26405443737001
26404919449971,26405632299132
26404919449971,26405781042398
26405783338239,26405781042398
26405783338239,26405976535415
26405783338239,26406215823771
26405783338239,26406377517487
26406379314636,26406377517487
26406379314636,26406585334943
26406379314636,26406725304020
26406379314636,26406834799023
26406379314636,26407114860290
26407236077705,26407114860290
26407236077705,26407427518661
26407236077705,26407625442675
26407236077705,26407777241606
26407236077705,26408267383206
26407236077705,26408734752611
26408736113572,26408734752611
26408736113572,26408974414493
26408736113572,26409181535433
26408736113572,26409388820055
26408736113572,26409635779651
26409815089082,26409635779651
26409815089082,26410004299274
26409815089082,26410159712343
26409815089082,26410332954983
26410335842406,26410332954983
26410335842406,26410499209795
26410335842406,26410654177200
26410335842406,26410835946061
26410335842406,26411045678721
26411081319825,26411045678721
26411081319825,26411327413312
26411081319825,26411543312091
26411081319825,26411689612362
26411081319825,26411956445154
26412032723556,26411956445154
26412032723556,26412319063583
26412032723556,26412588811038
26412032723556,26412753610289
26412032723556,26412953249657
26412970153963,26412953249657
26412970153963,26413213116102
26412970153963,26413386538559
26412970153963,26413576965221
26412970153963,26413887067437
26412970153963,26414248759194
26414328001094,26414248759194
26414328001094,26414598648734
26414328001094,26414766531621
26414328001094,26414980030956
26414982470680,26414980030956
26414982470680,26415199174415
26414982470680,26415365833133
26414982470680,26415497625644
26414982470680,26415880669026
26415918889436,26415880669026
26415918889436,26416196415154
26415918889436,26416366074226
26415918889436,26416534041694
26415918889436,26416802996497
26415918889436,26417242259077
26417272986785,26417242259077
26417272986785,26417498471763
26417272986785,26417774205699
26417272986785,26417939451263
26417272986785,26418194257527
26418267835594,26418194257527
26418267835594,26418484232067
26418267835594,26418691366890
26418267835594,26418838774205
26418839959840,26418838774205
26418839959840,26419094533917
26418839959840,26419267455274
26418839959840,26419412803995
26418839959840,26419703131005
26419799606037,26419703131005
26419799606037,26419979124283
26419799606037,26420218106992
26419799606037,26420386043161
26419799606037,26420667317529
26419799606037,26421080912018
26421106101204,26421080912018
26421106101204,26421314489070
26421106101204,26421534122516
26421106101204,26421668380209
26421670141227,26421668380209
26421670141227,26421938640274
26421670141227,26422083840292
26421670141227,26422259447793
26421670141227,26422544792530
26421670141227,26423042362257
26423116264140,26423042362257
26423116264140,26423348845395
26423116264140,26423499326519
26423116264140,26423630623013
26423116264140,26424080648686
26423116264140,26424290175217
26424152000907,26424290175217
26424152000907,26424588345655
26424152000907,26424800766150
26424152000907,26425101658373
26425103591106,26425101658373
26425103591106,26425349224611
26425103591106,26425504940883
26425103591106,26425680068988
26425682828524,26425680068988
26425682828524,26426078564854
26425682828524,26426245115987
26425682828524,26426397285715
26425682828524,26426774713361
26425682828524,26427183708293
26427260145230,26427183708293
26427260145230,26427427184428
26427260145230,26427703426327
26427260145230,26427850288307
26427860270064,26427850288307
26427860270064,26428060376316
26427860270064,26428226135350
26427860270064,26428372301469
26427860270064,26428519418936
26427860270064,26429065168376
26429067153822,26429065168376
26429067153822,26429272717377
26429067153822,26429548727578
26429067153822,26429709106680
26429067153822,26429930949464
26429932716726,26429930949464
26429932716726,26430132941691
26429932716726,26430360049365
26429932716726,26430540505192
26429932716726,26430823561541
26429932716726,26431006294704
26430889818566,26431006294704
26430889818566,26431237520420
26430889818566,26431413387859
26431483531156,26431413387859
26431483531156,26431669210865
26431483531156,26431882489371
26431483531156,26432059967726
26431483531156,26432336156016
26432365673034,26432336156016
26432365673034,26432581190806
26432365673034,26432853224182
26432365673034,26433054820566
26432365673034,26433255241445
26432365673034,26433748797096
26433750626850,26433748797096
26433750626850,26434008474544
26433750626850,26434182812365
26433750626850,26434371904480
26433750626850,26434648733260
26434681417006,26434648733260
26434681417006,26434926574500
26434681417006,26435138560184
26434681417006,26435238071915
26434681417006,26435618456385
26435884609505,26435618456385
26435884609505,26436134875304
26435884609505,26436310963675
26435884609505,26436460673033
26435884609505,26436882374213
26436884398520,26436882374213
26436884398520,26437081600108
26436884398520,26437216364890
26436884398520,26437386890829
26437389914555,26437386890829
26437389914555,26437655280975
26437389914555,26437829283782
26437389914555,26437985556312
26437389914555,26438191065280
26438200324084,26438191065280
26438200324084,26438440340189
26438200324084,26438682825546
26438200324084,26438874734473
26438200324084,26439045797375
26438200324084,26439611429902
26439630248081,26439611429902
26439630248081,26439863640924
26439630248081,26440033734630
26439630248081,26440204117774
26439630248081,26440585896614
26440589545057,26440585896614
26440589545057,26440801709724
26440589545057,26440999538062
26440589545057,26441163336167
26440589545057,26441388904530
26441446061559,26441388904530
26441446061559,26441644322898
26441446061559,26441803594117
26441446061559,26442019387273
26442023679667,26442019387273
26442023679667,26442270951502
26442023679667,26442425546271
26442023679667,26442610276215
26442023679667,26442809378523
26442023679667,26443348762594
26443352152901,26443348762594
26443352152901,26443574451871
26443352152901,26443726095123
26443352152901,26443908299910
26443910040524,26443908299910
26443910040524,26444146613102
26443910040524,26444333578344
26443910040524,26444466590893
26443910040524,26444645207555
26443910040524,26445065705546
26443910040524,26445239177062
26445070164943,26445239177062
26445070164943,26445439083880
26445070164943,26445723971613
26445727864355,26445723971613
26445727864355,26445912737511
26445727864355,26446067084160
26445727864355,26446233897303
26445727864355,26446416712044
26445727864355,26446916140672
26446918296829,26446916140672
26446918296829,26447108468149
26446918296829,26447364316839
26446918296829,26447529514770
26446918296829,26447688131383
26447690538272,26447688131383
26447690538272,26447899968037
26447690538272,26448045398833
26447690538272,26448265531049
26447690538272,26448644363393
26448711901845,26448644363393
26448711901845,26448931556032
26448711901845,26449147107053
26448711901845,26449327341874
26448711901845,26449626064745
26449628291628,26449626064745
26449628291628,26449796273606
26449628291628,26449934194985
26449628291628,26450002368851
26449628291628,26450594805812
26450597018022,26450594805812
26450597018022,26450886985886
26450597018022,26451057339101
26450597018022,26451217193567
26450597018022,26451371569978
26451385872401,26451371569978
26451385872401,26451599666893
26451385872401,26451802692029
26451385872401,26451979465662
26451385872401,26452258918556
26452364534385,26452258918556
26452364534385,26452580458308
26452364534385,26452818285754
26452364534385,26453017357720
26453020517370,26453017357720
26453020517370,26453284847284
26453020517370,26453479164822
26453020517370,26453633921857
26453020517370,26453782797834
26453020517370,26454252699035
26454267919093,26454252699035
26454267919093,26454529385909
26454267919093,26454755727486
26454267919093,26454952149902
26454267919093,26455094403276
26455131207071,26455094403276
26455131207071,26455421298231
26455131207071,26455638758962
26455131207071,26455791699817
26455793572485,26455791699817
26455793572485,26455984853051
26455793572485,26456152316465
26455793572485,26456337223913
26455793572485,26456633718844
26455793572485,26457058852435
26457097813688,26457058852435
26457097813688,26457346535585
26457097813688,26457595319765
26457097813688,26457742131634
26457097813688,26458078663116
26458079667393,26458078663116
26458079667393,26458251965688
26458079667393,26458403626351
26458079667393,26458602997660
26458079667393,26458860464983
26458981473323,26458860464983
26458981473323,26459222407409
26458981473323,26459441255505
26459481520917,26459441255505
26459481520917,26459697567829
26459481520917,26459893680950
26459481520917,26460052469219
26459481520917,26460227671207
26459481520917,26460366336961
26459481520917,26460926614653
26460927939863,26460926614653
26460927939863,26461132397306
26460927939863,26461291816858
26460927939863,26461579985213
26460927939863,26461893112771
26461942329485,26461893112771
26461942329485,26462166170297
26461942329485,26462351768292
26461942329485,26462466134775
26461942329485,26462752243250
26462901193764,26462752243250
26462901193764,26463211261228
26462901193764,26463397717037
26462901193764,26463588242106
26462901193764,26463760450413
26463769666101,26463760450413
26463769666101,26463944184941
26463769666101,26464094423319
26463769666101,26464298064475
26463769666101,26464722399248
26464840919657,26464722399248
26464840919657,26465076815284
26464840919657,26465346159806
26464840919657,26465521980334
26464840919657,26465834140177
26465836759889,26465834140177
26465836759889,26466058456174
26465836759889,26466317328728
26466319365127,26466317328728
26466319365127,26466510380192
26466319365127,26466693076612
26466319365127,26466878958247
26466319365127,26467015301782
26466319365127,26467155015071
26466319365127,26467623411252
26467625153023,26467623411252
26467625153023,26467917166349
26467625153023,26468109756512
26467625153023,26468329060521
26468330971054,26468329060521
26468330971054,26468461049284
26468330971054,26468614659235
26468330971054,26468767553385
26468330971054,26468927001769
26468980545217,26468927001769
26468980545217,26469231205388
26468980545217,26469390393818
26468980545217,26469535492684
26468980545217,26469830465223
26469881073111,26469830465223
26469881073111,26470127075020
26469881073111,26470335727525
26469881073111,26470512430995
26469881073111,26470717753186
26469881073111,26471239866320
26471245200384,26471239866320
26471245200384,26471519772153
26471245200384,26471667903313
26471245200384,26471842418113
26471245200384,26472111464719
26472254139087,26472111464719
26472254139087,26472558941393
26472254139087,26472722404687
26472254139087,26472906252838
26472908080250,26472906252838
26472908080250,26473061028137
26472908080250,26473227297184
26472908080250,26473377272172
26472908080250,26473545405818
26472908080250,26474229292596
26474230547933,26474229292596
26474230547933,26474390452801
26474230547933,26474543591051
26474230547933,26474681130390
26474230547933,26474893421185
26474962251077,26474893421185
26474962251077,26475156406387
26474962251077,26475385258467
26474962251077,26475571212975
26474962251077,26475775622898
26475884689121,26475775622898
26475884689121,26476170058533
26475884689121,26476389760691
26475884689121,26476571924821
26475884689121,26476796978238
26476799312978,26476796978238
26476799312978,26477034038542
26476799312978,26477155228385
26476799312978,26477311228196
26477312890501,26477311228196
26477312890501,26477559414084
26477312890501,26477754171823
26477312890501,26477896408683
26477312890501,26478035649777
26477312890501,26478484892075
26478527880603,26478484892075
26478527880603,26478837056596
26478527880603,26479037478278
26478527880603,26479238129728
26478527880603,26479524450020
26479526672141,26479524450020
26479526672141,26479757798166
26479526672141,26479947301013
26479526672141,26480093938671
26479526672141,26480277797659
26480279685129,26480277797659
26480279685129,26480502924168
26480279685129,26480653119407
26480279685129,26480810509503
26480279685129,26481184703684
26481186971140,26481184703684
26481186971140,26481424539153
26481186971140,26481587175289
26481186971140,26481727933214
26481186971140,26481921905281
26482046521228,26481921905281
26482046521228,26482248691838
26482046521228,26482465031984
26482046521228,26482602393832
26482046521228,26482922570999
26482973192719,26482922570999
26482973192719,26483208893109
26482973192719,26483396053697
26482973192719,26483555991874
26482973192719,26483858437965
26483870560213,26483858437965
26483870560213,26484053775285
26483870560213,26484331830437
26483870560213,26484521023053
26483870560213,26484739151855
26484740928801,26484739151855
26484740928801,26484959019984
26484740928801,26485170991639
26484740928801,26485384342763
26484740928801,26485565713812
26485636555539,26485565713812
26485636555539,26485893262924
26485636555539,26486029304469
26485636555539,26486142786453
26486145574863,26486142786453
26486145574863,26486368187819
26486145574863,26486539516477
26486145574863,26486662215344
26486145574863,26487684537465
26486145574863,26488153786293
26488156048409,26488153786293
26488156048409,26488388456300
26488156048409,26488517663045
26488156048409,26488677244327
26488156048409,26488901723280
26488985397268,26488901723280
26488985397268,26489165986971
26488985397268,26489357440362
26488985397268,26489509512469
26489515503075,26489509512469
26489515503075,26489669628192
26489515503075,26489857198990
26489515503075,26490081061728
26489515503075,26490297205459
26490424211167,26490297205459
26490424211167,26490663185887
26490424211167,26490870294151
26490424211167,26491055888505
26490424211167,26491360799483
26490424211167,26491713409054
26491812719941,26491713409054
26491812719941,26492015764176
26491812719941,26492192894619
26491812719941,26492353107910
26492372522040,26492353107910
26492372522040,26492646268552
26492372522040,26492787727891
26492372522040,26492963193336
26492372522040,26493263441259
26492372522040,26493671258029
26493823861965,26493671258029
26493823861965,26494048426729
26493823861965,26494311705908
26493823861965,26494480439715
26494482349296,26494480439715
26494482349296,26494634732274
26494482349296,26494769293484
26494482349296,26494916233545
26494482349296,26495186041113
26494482349296,26495638709761
26495658526975,26495638709761
26495658526975,26495925515484
26495658526975,26496088426665
26495658526975,26496220113945
26496221613716,26496220113945
26496221613716,26496441523406
26496221613716,26496585552799
26496221613716,26496802627437
26496221613716,26497127077498
26496221613716,26497547020072
26497548531774,26497547020072
26497548531774,26497723247762
26497548531774,26497956792458
26497548531774,26498080408631
26497548531774,26498462256188
26498610920448,26498462256188
26498610920448,26498855953185
26498610920448,26499008989062
26498610920448,26499173557679
26499175273150,26499173557679
26499175273150,26499339225544
26499175273150,26499488917495
26499175273150,26499635912658
26499175273150,26499848393368
26499849559003,26499848393368
26499849559003,26500032502950
26499849559003,26500191832863
26499849559003,26500334197225
26499849559003,26500648059373
26499849559003,26501089104958
26501110542566,26501089104958
26501110542566,26501371694038
26501110542566,26501528769326
26501110542566,26501666843627
26501667986652,26501666843627
26501667986652,26501870698245
26501667986652,26502122246149
26501667986652,26502300907216
26501667986652,26502457292614
26502491346142,26502457292614
26502491346142,26502707109217
26502491346142,26502954091763
26502491346142,26503090244804
26502491346142,26503345122601
26502491346142,26503892909995
26503951762015,26503892909995
26503951762015,26504192976056
26503951762015,26504335564552
26503951762015,26504578742739
26503951762015,26504870409491
26504886985185,26504870409491
26504886985185,26505101939896
26504886985185,26505284490540
26504886985185,26505515282191
26504886985185,26505795518077
26505806287226,26505795518077
26505806287226,26506003066153
26505806287226,26506142801432
26505806287226,26506380258333
26505806287226,26506543466971
26506386586036,26506543466971
26506386586036,26506798273343
26506386586036,26506945587481
26506386586036,26507168814369
26506386586036,26507590174180
26507630380144,26507590174180
26507630380144,26507862305051
26507630380144,26508082322118
26507630380144,26508276186461
26507630380144,26508613291516
26508618468067,26508613291516
26508618468067,26508806041311
26508618468067,26508946743863
26508618468067,26509149428166
26508618468067,26509497692988
26509500307427,26509497692988
26509500307427,26509713052099
26509500307427,26509861260330
26509500307427,26509970171987
26509500307427,26510490208768
26510492671308,26510490208768
26510492671308,26510726016367
26510492671308,26510897989247
26510492671308,26511067905450
26510492671308,26511396340492
26511399051684,26511396340492
26511399051684,26511623942042
26511399051684,26511791002172
26511399051684,26511936337721
26511399051684,26512426830181
26512428663045,26512426830181
26512428663045,26512627850251
26512428663045,26512763744391
26512428663045,26512957758028
26512428663045,26513278327722
26513296303218,26513278327722
26513296303218,26513507372565
26513296303218,26513674350139
26513296303218,26513841958280
26513844155539,26513841958280
26513844155539,26514054515591
26513844155539,26514252832084
26513844155539,26514410416066
26513844155539,26514787529602
26513844155539,26515119353469
26515222107081,26515119353469
26515222107081,26515469492629
26515222107081,26515672025620
26515222107081,26515844992529
26515846055855,26515844992529
26515846055855,26516077165922
26515846055855,26516231320572
26515846055855,26516386985482
26515846055855,26516576044489
26515846055855,26516957823702
26516959822376,26516957823702
26516959822376,26517148306026
26516959822376,26517340475832
26516959822376,26517474815215
26516959822376,26517832438365
26517835340960,26517832438365
26517835340960,26518073406309
26517835340960,26518222402720
26517835340960,26518404563895
26517835340960,26518559692499
26518615142518,26518559692499
26518615142518,26518863023677
26518615142518,26519020071308
26518615142518,26519219288803
26518615142518,26519561735419
26519562781959,26519561735419
26519562781959,26519798059099
26519562781959,26520094986923
26519562781959,26520239632230
26519562781959,26520499396751
26520503304247,26520499396751
26520503304247,26520707312618
26520503304247,26520844257253
26520503304247,26521024273212
26520503304247,26521235250477
26521245666804,26521235250477
26521245666804,26521525035661
26521245666804,26521691425304
26521245666804,26521889071389
26521245666804,26522175478287
26522185821378,26522175478287
26522185821378,26522421388528
26522185821378,26522601957511
26522185821378,26522759345690
26522185821378,26523177700897
26523179811407,26523177700897
26523179811407,26523423014677
26523179811407,26523585028752
26523179811407,26523790301301
26523179811407,26523968893800
26523792203399,26523968893800
26523792203399,26524125979954
26523792203399,26524338929612
26523792203399,26524495400221
26523792203399,26524955023484
26524956932606,26524955023484
26524956932606,26525155251538
26524956932606,26525308341175
26524956932606,26525508148126
26524956932606,26525785668976
26525893461539,26525785668976
26525893461539,26526145277316
26525893461539,26526320162959
26525893461539,26526453121631
26525893461539,26526819053317
26526821069483,26526819053317
26526821069483,26527063526624
26526821069483,26527201438636
26526821069483,26527339994377
26527341071622,26527339994377
26527341071622,26527571993785
26527341071622,26527747279716
26527341071622,26527886768052
26527341071622,26528135830841
26527341071622,26528543696631
26528571039713,26528543696631
26528571039713,26528760142078
26528571039713,26529100605428
26528571039713,26529258962008
26528571039713,26529460494350
26529461521540,26529460494350
26529461521540,26529673655103
26529461521540,26529827283341
26529461521540,26529958145209
26529960455754,26529958145209
26529960455754,26530167514673
26529960455754,26530320297799
26529960455754,26530448102356
26529960455754,26530754255673
26529960455754,26531145019658
26531298709769,26531145019658
26531298709769,26531518308104
26531298709769,26531776231401
26531298709769,26531961491620
26531298709769,26532229358459
26532281460736,26532229358459
26532281460736,26532430361154
26532281460736,26532721866891
26532281460736,26532895035193
26532281460736,26533143477554
26533215142058,26533143477554
26533215142058,26533407048312
26533215142058,26533952816334
26533215142058,26534132328125
26533215142058,26534368013315
26534370209883,26534368013315
26534370209883,26534614274836
26534370209883,26534764354626
26534370209883,26534938299775
26534370209883,26535194308439
26535198318503,26535194308439
26535198318503,26535390788593
26535198318503,26535570518597
26535198318503,26535814784891
26535816450483,26535814784891
26535816450483,26536033685283
26535816450483,26536147871589
26535816450483,26536364359756
26535816450483,26536503593786
26535816450483,26537086690730
26537087886537,26537086690730
26537087886537,26537338083346
26537087886537,26537496576398
26537087886537,26537638446118
26537087886537,26537837017148
26537644567092,26537837017148
26537644567092,26537981250245
26537644567092,26538129659529
26537644567092,26538408981145
26537644567092,26538943339823
26537644567092,26539118440707
26538945495015,26539118440707
26538945495015,26539315241901
26538945495015,26539453952403
26539456225398,26539453952403
26539456225398,26539698772078
26539456225398,26539846605152
26539456225398,26540002466229
26539456225398,26540308305161
26539456225398,26540855280393
26540856790951,26540855280393
26540856790951,26541049350045
26540856790951,26541318563803
26540856790951,26541471983402
26540856790951,26541735606400
26541846529392,26541735606400
26541846529392,26542049904844
26541846529392,26542311960194
26541846529392,26542465456320
26541846529392,26542646018994
26542814131074,26542646018994
26542814131074,26543039506021
26542814131074,26543295923644
26542814131074,26543502982369
26542814131074,26543648001104
26543650232433,26543648001104
26543650232433,26543815347357
26543650232433,26543978588420
26543650232433,26544147996794
26544265772364,26544147996794
26544265772364,26544477870849
26544265772364,26544648336201
26544265772364,26544811652305
26544265772364,26545185634808
26544265772364,26545569726239
26544265772364,26545684895132
26545578972918,26545684895132
26545578972918,26546036653089
26545578972918,26546211226428
26546337846890,26546211226428
26546337846890,26546618300730
26546337846890,26546801283360
26546337846890,26546958585733
26546337846890,26547248907438
26546337846890,26547571658751
26547694227540,26547571658751
26547694227540,26547947244772
26547694227540,26548222863598
26547694227540,26548352988551
26548355023172,26548352988551
26548355023172,26548582554586
26548355023172,26548747426013
26548355023172,26548917254347
26548355023172,26549170181139
26549172379731,26549170181139
26549172379731,26549433317608
26549172379731,26549577630634
26549172379731,26549771776827
26549172379731,26549987759059
26550037163662,26549987759059
26550037163662,26550320552802
26550037163662,26550478246816
26550037163662,26550661036978
26550037163662,26550995521742
26550998275825,26550995521742
26550998275825,26551265724294
26550998275825,26551420539460
26550998275825,26551561578200
26550998275825,26551822585736
26550998275825,26552265441547
26552323658048,26552265441547
26552323658048,26552543885067
26552323658048,26552816403632
26552842019220,26552816403632
26552842019220,26553007877169
26552842019220,26553148356383
26552842019220,26553292051516
26552842019220,26553427914845
26552842019220,26553809766524
26553811996181,26553809766524
26553811996181,26554017321017
26553811996181,26554185770072
26553811996181,26554334721910
26553811996181,26554511307286
26553811996181,26554861319733
26554910159313,26554861319733
26554910159313,26555149344702
26554910159313,26555304207991
26554910159313,26555446163574
26555448512954,26555446163574
26555448512954,26555677580828
26555448512954,26555834236589
26555448512954,26556036285554
26555448512954,26556273389524
26556533485887,26556273389524
26556533485887,26556699148294
26556533485887,26556844527231
26556533485887,26557021297842
26556533485887,26557219217196
26557222837759,26557219217196
26557222837759,26557496860579
26557222837759,26557729908338
26557222837759,26557900272814
26557222837759,26558068820625
26558195853393,26558068820625
26558195853393,26558371541676
26558195853393,26558649293913
26558195853393,26558791092539
26558195853393,26559011342240
26558195853393,26559541951469
26559546924104,26559541951469
26559546924104,26559859123605
26559546924104,26560037933569
26559546924104,26560178269604
26559546924104,26560337267125
26560364129408,26560337267125
26560364129408,26560604101574
26560364129408,26560756908404
26560364129408,26560946402512
26560949065676,26560946402512
26560949065676,26561200524673
26560949065676,26561350699192
26560949065676,26561550038839
26560949065676,26561805203709
26561808746345,26561805203709
26561808746345,26562014884156
26561808746345,26562151211852
26561808746345,26562304787052
26561808746345,26562646428701
26561808746345,26563032274294
26563137759990,26563032274294
26563137759990,26563308092287
26563137759990,26563535018634
26563137759990,26563709769217
26563137759990,26564053573366
26564055836556,26564053573366
26564055836556,26564255219261
26564055836556,26564566343300
26564055836556,26564699890495
26564055836556,26564837636020
26564906505869,26564837636020
26564906505869,26565115957271
26564906505869,26565283767157
26564906505869,26565510084308
26564906505869,26565813365088
26565816802028,26565813365088
26565816802028,26566048662086
26565816802028,26566184073810
26565816802028,26566385303563
26566389842410,26566385303563
26566389842410,26566656554440
26566389842410,26566816721822
26566389842410,26567073384891
26566389842410,26567268380410
26566389842410,26567658262502
26567660893914,26567658262502
26567660893914,26567916476293
26567660893914,26568081061996
26567660893914,26568246997886
26567660893914,26568430306514
26568523290998,26568430306514
26568523290998,26568798308494
26568523290998,26569011398762
26568523290998,26569206749774
26569207978768,26569206749774
26569207978768,26569455223826
26569207978768,26569640890086
26569207978768,26569780147352
26569207978768,26570010404328
26569207978768,26570221666632
26570353542329,26570221666632
26570353542329,26570648856911
26570353542329,26570912368804
26570353542329,26571045513604
26571047664497,26571045513604
26571047664497,26571257012600
26571047664497,26571411187874
26571047664497,26571570598182
26571047664497,26571713714173
26571047664497,26572085866320
26572087158896,26572085866320
26572087158896,26572300322622
26572087158896,26572462957428
26572087158896,26572669996414
26572087158896,26573105733167
26573107815015,26573105733167
26573107815015,26573329361811
26573107815015,26573475127900
26573107815015,26573627362421
26573107815015,26573891359043
26573893541716,26573891359043
26573893541716,26574031412145
26573893541716,26574192720751
26573893541716,26574402407909
26573893541716,26574855771822
26574858622917,26574855771822
26574858622917,26575059209123
26574858622917,26575211467717
26574858622917,26575434408587
26574858622917,26575608715859
26575659256211,26575608715859
26575659256211,26575868154546
26575659256211,26576079192800
26575659256211,26576213033372
26575659256211,26576605221264
26576607485244,26576605221264
26576607485244,26576777741351
26576607485244,26576962935099
26576607485244,26577099536798
26577101548446,26577099536798
26577101548446,26577275954298
26577101548446,26577489313495
26577101548446,26577691116894
26577101548446,26577885128418
26577101548446,26578408900880
26578411021691,26578408900880
26578411021691,26578557828501
26578411021691,26578792304544
26578411021691,26578998578411
26578411021691,26579317164949
26579319276900,26579317164949
26579319276900,26579477012052
26579319276900,26579782306416
26579319276900,26579939306531
26579319276900,26580224119793
26580240020368,26580224119793
26580240020368,26580509280626
26580240020368,26580726706650
26580240020368,26580856023264
26580240020368,26580997317590
26581118494953,26580997317590
26581118494953,26581308852951
26581118494953,26581553134537
26581118494953,26581724119844
26581118494953,26581980393066
26582000191502,26581980393066
26582000191502,26582179631270
26582000191502,26582421078366
26582000191502,26582591645614
26582593646578,26582591645614
26582593646578,26582771620535
26582593646578,26582925582065
26582593646578,26583107819803
26582593646578,26583373197681
26582593646578,26583880808566
26583884254425,26583880808566
26583884254425,26584096317295
26583884254425,26584257287129
26583884254425,26584467479369
26584470049846,26584467479369
26584470049846,26584758164494
26584470049846,26584946314189
26584470049846,26585138296468
26584470049846,26585295255093
26585297187010,26585295255093
26585297187010,26585537197921
26585297187010,26585701699387
26585297187010,26585865468478
26585297187010,26586152448217
26585297187010,26586465875084
26586585042314,26586465875084
26586585042314,26586766190564
26586585042314,26586968141984
26586585042314,26587223175178
26587517715074,26587223175178
26587517715074,26587516580224
26587517715074,26587781584121
26587517715074,26587968973828
26587517715074,26588110181281
26587517715074,26588302882386
26588311988889,26588302882386
26588311988889,26588474288391
26588311988889,26588653053540
26588311988889,26588898232202
26588311988889,26589191970234
26589203385367,26589191970234
26589203385367,26589383817118
26589203385367,26589550216144
26589203385367,26589681928701
26589683418847,26589681928701
26589683418847,26589829995230
26589683418847,26590084825094
26589683418847,26590231982051
26589683418847,26590867772657
26589683418847,26591154150316
26591323053179,26591154150316
26591323053179,26591534290265
26591323053179,26591687496623
26591323053179,26591901875439
26591323053179,26592262445918
26592266248404,26592262445918
26592266248404,26592534764375
26592266248404,26592694207206
26592266248404,26592887586990
26592266248404,26593227653409
26593228994838,26593227653409
26593228994838,26593494236582
26593228994838,26593690585707
26593228994838,26593898369678
26593228994838,26594072243648
26594096902709,26594072243648
26594096902709,26594359273983
26594096902709,26594539614666
26594096902709,26594691880520
26594096902709,26595117221867
26595119503449,26595117221867
26595119503449,26595379217618
26595119503449,26595602040779
26595119503449,26595757400978
26595119503449,26595916740679
26595999718699,26595916740679
26595999718699,26596220272137
26595999718699,26596427788944
26595999718699,26596603060810
26595999718699,26596920310054
26596925550622,26596920310054
26596925550622,26597124455744
26596925550622,26597313237612
26596925550622,26597459164216
26596925550622,26597856199972
26597858989024,26597856199972
26597858989024,26598014940498
26597858989024,26598157467333
26597858989024,26598353333095
26598355831138,26598353333095
26598355831138,26598539706975
26598355831138,26598688712405
26598355831138,26598858157412
26598355831138,26599070523540
26599149812367,26599070523540
26599149812367,26599363639343
26599149812367,26599526650953
26599149812367,26599685212599
26599149812367,26600133257079
26599149812367,26600613808054
26600617685322,26600613808054
26600617685322,26600898455084
26600617685322,26601121537212
26600617685322,26601284755735
26600617685322,26601427108625
26601428277254,26601427108625
26601428277254,26601682810458
26601428277254,26601867629021
26601428277254,26602011672435
26601428277254,26602273277954
26602369371495,26602273277954
26602369371495,26602615348744
26602369371495,26602749457380
26602369371495,26602911271690
26602369371495,26603183253492
26603211304478,26603183253492
26603211304478,26603419758023
26603211304478,26603619541508
26603211304478,26603777454335
26603211304478,26604021473818
26603211304478,26604243881535
26604075779370,26604243881535
26604075779370,26604473161275
26604075779370,26604735163043
26604737086746,26604735163043
26604737086746,26604940412122
26604737086746,26605069315170
26604737086746,26605232404044
26604737086746,26605541593718
26604737086746,26605858160676
26604737086746,26606056231591
26605925393232,26606056231591
26605925393232,26606653945329
26605925393232,26606846892594
26606848936584,26606846892594
26606848936584,26607084880636
26606848936584,26607300519783
26606848936584,26607477088751
26606848936584,26607602726405
26606848936584,26607852365964
26607689959660,26607852365964
26607689959660,26608037099653
26607689959660,26608208099711
26607689959660,26608653225186
26607689959660,26609043100747
26609050768018,26609043100747
26609050768018,26609287361092
26609050768018,26609451877603
26609050768018,26609663156817
26609676058937,26609663156817
26609676058937,26609898040813
26609676058937,26610034165100
26609676058937,26610193703371
26609676058937,26610373661640
26609676058937,26610725465064
26609676058937,26610989771268
26610792776692,26610989771268
26610792776692,26611238216592
26610792776692,26611405464157
26610792776692,26611675025602
26611687688674,26611675025602
26611687688674,26611947281934
26611687688674,26612072956390
26611687688674,26612257133649
26611687688674,26612564148132
26612566763342,26612564148132
26612566763342,26612748410410
26612566763342,26612977410668
26612566763342,26613198906433
26612566763342,26613459237289
26613623180259,26613459237289
26613623180259,26613886025699
26613623180259,26614049970595
26613623180259,26614201347787
26613623180259,26614531849737
26614537776207,26614531849737
26614537776207,26614770146010
26614537776207,26614939169448
26614537776207,26615073099357
26614537776207,26615318634558
26615405865954,26615318634558
26615405865954,26615597133659
26615405865954,26615805372833
26615405865954,26616006348722
26616025402421,26616006348722
26616025402421,26616204495089
26616025402421,26616449069821
26616025402421,26616590867248
26616025402421,26616922543120
26616025402421,26617443244386
26617445472809,26617443244386
26617445472809,26617687252925
26617445472809,26617868751390
26617445472809,26618050277391
26617445472809,26618228192920
26618293169766,26618228192920
26618293169766,26618504649473
26618293169766,26618746433736
26618293169766,26618935349711
26618293169766,26619181170428
26619214704030,26619181170428
26619214704030,26619494828466
26619214704030,26619623262867
26619214704030,26619799464385
26619801222964,26619799464385
26619801222964,26620048332452
26619801222964,26620279147019
26619801222964,26620448296244
26619801222964,26620651411087
26619801222964,26621004066084
26621079161682,26621004066084
26621079161682,26621253360197
26621079161682,26621482206004
26621079161682,26621690291497
26621692149314,26621690291497
26621692149314,26621886467929
26621692149314,26622042224461
26621692149314,26622193602487
26621692149314,26622433784215
26621692149314,26622981121734
26622983627999,26622981121734
26622983627999,26623202916183
26622983627999,26623365044664
26622983627999,26623491225618
26622983627999,26623848219851
26623952866839,26623848219851
26623952866839,26624219829463
26623952866839,26624386029888
26623952866839,26624621771965
26623952866839,26624903933393
26624905284594,26624903933393
26624905284594,26625127292380
26624905284594,26625259519872
26624905284594,26625527415245
26624905284594,26625764118173
26625765468687,26625764118173
26625765468687,26625992088694
26625765468687,26626228167872
26625765468687,26626423020183
26625765468687,26626553688865
26626425093409,26626553688865
26626425093409,26626715866556
26626425093409,26626958860796
26626425093409,26627194769010
26626425093409,26627638478190
26627643395156,26627638478190
26627643395156,26627816318811
26627643395156,26628174212611
26627643395156,26628322050364
26627643395156,26628613382847
26628615955025,26628613382847
26628615955025,26628848497246
26628615955025,26628998347704
26628615955025,26629221458989
26628615955025,26629433828443
26629454801982,26629433828443
26629454801982,26629639639052
26629454801982,26629900284301
26629454801982,26630126285211
26629454801982,26630486809617
26630488916618,26630486809617
26630488916618,26630722678062
26630488916618,26630945324144
26630488916618,26631137706404
26631140088953,26631137706404
26631140088953,26631335696523
26631140088953,26631525544693
26631140088953,26631674144127
26631140088953,26631944553645
26631140088953,26632419428571
26632421307690,26632419428571
26632421307690,26632650316503
26632421307690,26632787572939
26632421307690,26632977553858
26632421307690,26633418943978
26632421307690,26633624295178
26633421236576,26633624295178
26633421236576,26633794433170
26633421236576,26634020264553
26633421236576,26634369265843
26634399157262,26634369265843
26634399157262,26634677106983
26634399157262,26634845196487
26634399157262,26635023091592
26635024784685,26635023091592
26635024784685,26635243946265
26635024784685,26635427286183
26635024784685,26635549937660
26635024784685,26635700344974
26635709367962,26635700344974
26635709367962,26635956632800
26635709367962,26636127346661
26635709367962,26636272527992
26635709367962,26636653576944
26635709367962,26637131134879
26637133734431,26637131134879
26637133734431,26637392274408
26637133734431,26637525410238
26637133734431,26637684756639
26637133734431,26637976413295
26638041494509,26637976413295
26638041494509,26638330350266
26638041494509,26638561241339
26638041494509,26638820365126
26638041494509,26639039107750
26639051717938,26639039107750
26639051717938,26639260147218
26639051717938,26639457229072
26639051717938,26639672620069
26639675494779,26639672620069
26639675494779,26639906656245
26639675494779,26640096156643
26639675494779,26640276982125
26639675494779,26640595689564
26639675494779,26641042082669
26641049686766,26641042082669
26641049686766,26641282278268
26641049686766,26641446931014
26641049686766,26641619566737
26641049686766,26642101175737
26641049686766,26642291321770
26642103292680,26642291321770
26642103292680,26642466716376
26642103292680,26642630113468
26642103292680,26643025164654
26642103292680,26643199246529
26643027181469,26643199246529
26643027181469,26643358036034
26643027181469,26643474671204
26643027181469,26643957193949
26643959738010,26643957193949
26643959738010,26644201539122
26643959738010,26644358602474
26643959738010,26644523797125
26643959738010,26644799113977
26644848767540,26644799113977
26644848767540,26645122713470
26644848767540,26645261365552
26644848767540,26645397892568
26644848767540,26645672673630
26645787223932,26645672673630
26645787223932,26646079435949
26645787223932,26646246411970
26645787223932,26646417166776
26645787223932,26646723946114
26646797226529,26646723946114
26646797226529,26647072510030
26646797226529,26647215610984
26646797226529,26647453317704
26646797226529,26647871280952
26647873811442,26647871280952
26647873811442,26648050890402
26647873811442,26648254435007
26647873811442,26648474998489
26647873811442,26648729382667
26648745293869,26648729382667
26648745293869,26648963391303
26648745293869,26649185715195
26648745293869,26649407176796
26649409109493,26649407176796
26649409109493,26649671489080
26649409109493,26649881328200
26649409109493,26650043303201
26649409109493,26650162343333
26649409109493,26650613126011
26650614408678,26650613126011
26650614408678,26650895331192
26650614408678,26651029705427
26650614408678,26651599301395
26650614408678,26651764139654
26651766501429,26651764139654
26651766501429,26652013543489
26651766501429,26652199100392
26651766501429,26652403752452
26651766501429,26652663385548
26652740578937,26652663385548
26652740578937,26652988306293
26652740578937,26653172188649
26652740578937,26653353569324
26652740578937,26653568373389
26653970665926,26653568373389
26653970665926,26654156474550
26653970665926,26654299320046
26653970665926,26654529167762
26653970665926,26654768561858
26654774908790,26654768561858
26654774908790,26654977286913
26654774908790,26655188465745
26654774908790,26655320266462
26654774908790,26655432436640
26654774908790,26655625367378
