26167505943138,26168317310329
26167505943138,26168641328089
26168850441479,26168641328089
26168850441479,26169082727429
26168850441479,26169279392355
26168850441479,26169474013237
26168850441479,26169798561347
26169802336264,26169798561347
26169802336264,26170041092203
26169802336264,26170333641207
26169802336264,26170508036811
26169802336264,26170649289935
26170665101672,26170649289935
26170665101672,26170997429986
26170665101672,26171166869160
26170665101672,26171431458196
26170665101672,26171592352224
26171597384989,26171592352224
26171597384989,26171822230672
26171597384989,26172052762020
26171597384989,26172397998682
26172399930773,26172397998682
26172399930773,26172641684332
26172399930773,26172842340962
26172399930773,26173054831109
26172399930773,26173192396443
26173290109499,26173192396443
26173290109499,26173550920203
26173290109499,26173689159984
26173290109499,26173953337044
26173290109499,26174196562907
26174198336082,26174196562907
26174198336082,26174451368315
26174198336082,26174599851914
26174198336082,26174830751501
26174198336082,26175107759602
26174198336082,26175519545919
26175614760097,26175519545919
26175614760097,26175866802609
26175614760097,26176126926511
26175614760097,26176317461079
26175614760097,26176514937415
26176598804609,26176514937415
26176598804609,26176856195654
26176598804609,26177050395829
26176598804609,26177297872002
26176598804609,26177535457474
26177539762753,26177535457474
26177539762753,26177711959571
26177539762753,26177843135477
26177539762753,26178044137063
26178045741162,26178044137063
26178045741162,26178236460291
26178045741162,26178372808946
26178045741162,26178516019249
26178045741162,26178753814365
26178045741162,26179234083069
26179333539170,26179234083069
26179333539170,26179559293587
26179333539170,26179718129853
26179333539170,26179868900588
26179333539170,26180222187107
26180356935391,26180222187107
26180356935391,26180629984585
26180356935391,26180883391155
26180356935391,26181040524239
26180356935391,26181245276687
26181385619358,26181245276687
26181385619358,26181568545192
26181385619358,26181766030635
26181385619358,26181960449563
26181385619358,26182263475379
26182316253718,26182263475379
26182316253718,26182580229256
26182316253718,26182759229139
26182316253718,26182965051925
26182967019985,26182965051925
26182967019985,26183226515143
26182967019985,26183356338572
26182967019985,26183542608503
26182967019985,26183791507046
26183792450784,26183791507046
26183792450784,26184060308983
26183792450784,26184263911017
26183792450784,26184483063444
26183792450784,26184644357008
26183792450784,26185071409208
26185130854817,26185071409208
26185130854817,26185373529386
26185130854817,26185592831260
26185130854817,26185764403665
26185767556440,26185764403665
26185767556440,26185960207859
26185767556440,26186149550737
26185767556440,26186290370654
26185767556440,26186469528171
26185767556440,26186899497477
26186945877582,26186899497477
26186945877582,26187189217346
26186945877582,26187362642141
26186945877582,26187517303259
26186945877582,26187929610372
26187936225241,26187929610372
26187936225241,26188210892260
26187936225241,26188401542802
26187936225241,26188577094724
26187936225241,26189025309830
26189026973930,26189025309830
26189026973930,26189232472283
26189026973930,26189429865401
26189026973930,26189581471863
26189026973930,26189877674650
26189961745993,26189877674650
26189961745993,26190152330628
26189961745993,26190322695717
26189961745993,26190534653008
26189961745993,26190834578289
26190840161176,26190834578289
26190840161176,26191118293085
26190840161176,26191277978563
26190840161176,26191438628838
26190840161176,26191668896504
26191802824035,26191668896504
26191802824035,26192119650242
26191802824035,26192257745667
26191802824035,26192443304554
26191802824035,26192639261558
26192699352939,26192639261558
26192699352939,26192976717851
26192699352939,26193136984647
26192699352939,26193309417694
26192699352939,26193543657074
26193311639058,26193543657074
26193311639058,26193661301891
26193311639058,26193827718500
26193311639058,26194079497131
26193311639058,26194516679117
26194550208637,26194516679117
26194550208637,26194785449320
26194550208637,26194965620887
26194550208637,26195126591426
26194550208637,26195428922125
26195518275214,26195428922125
26195518275214,26195839446738
26195518275214,26195994475327
26195518275214,26196201904606
26195518275214,26196582246781
26196584237416,26196582246781
26196584237416,26196733691228
26196584237416,26197057310449
26196584237416,26197244318130
26196584237416,26197410392977
26197480366611,26197410392977
26197480366611,26197680849579
26197480366611,26197826628331
26197480366611,26198002192950
26197480366611,26198175489752
26198007125428,26198175489752
26198007125428,26198322296843
26198007125428,26198525413866
26198007125428,26198837247589
26198007125428,26199271705150
26199273755475,26199271705150
26199273755475,26199553885363
26199273755475,26199722228471
26199273755475,26199895282382
26199273755475,26200172888965
26200175260547,26200172888965
26200175260547,26200411623639
26200175260547,26200602252954
26200175260547,26200782722897
26200175260547,26201096605345
26201112310937,26201096605345
26201112310937,26201333452984
26201112310937,26201485569091
26201112310937,26201667555527
26201670022654,26201667555527
26201670022654,26201897339978
26201670022654,26202024422528
26201670022654,26202216744935
26201670022654,26202389793426
26201670022654,26202930567436
26202933901027,26202930567436
26202933901027,26203155142465
26202933901027,26203296519156
26202933901027,26203454237139
26202933901027,26203913278241
26203914561309,26203913278241
26203914561309,26204132142554
26203914561309,26204302206948
26203914561309,26204462149338
26203914561309,26204732131302
26204758828940,26204732131302
26204758828940,26204933496400
26204758828940,26205379401844
26204758828940,26205624800269
26204758828940,26205910130661
26204758828940,26206141371347
26205976595152,26206141371347
26205976595152,26206418172852
26205976595152,26206590704822
26205976595152,26206933275298
26206934953630,26206933275298
26206934953630,26207148169248
26206934953630,26207302933991
26206934953630,26207450244619
26206934953630,26207732863110
26207736057228,26207732863110
26207736057228,26207977617762
26207736057228,26208169035460
26207736057228,26208322063453
26207736057228,26208817102757
26207736057228,26208955351743
26208818838768,26208955351743
26208818838768,26209144909490
26208818838768,26209347487673
26208818838768,26209827161987
26209828799432,26209827161987
26209828799432,26210067827148
26209828799432,26210228361452
26209828799432,26210396910647
26209828799432,26210695760266
26210710051427,26210695760266
26210710051427,26211000967455
26210710051427,26211172288767
26210710051427,26211313536454
26210710051427,26211572040895
26211581464156,26211572040895
26211581464156,26211749511268
26211581464156,26211980362752
26211581464156,26212174260843
26212176427282,26212174260843
26212176427282,26212349777618
26212176427282,26212508312125
26212176427282,26212679001930
26212176427282,26212956945430
26212176427282,26213328767671
26213387382179,26213328767671
26213387382179,26213591587987
26213387382179,26213801870647
26213387382179,26213940916360
26213387382179,26214337732081
26214340863966,26214337732081
26214340863966,26214638280292
26214340863966,26214802581550
26214340863966,26214989475743
26214992583903,26214989475743
26214992583903,26215209240749
26214992583903,26215384886600
26214992583903,26215595262795
26214992583903,26215788670915
26215792087769,26215788670915
26215792087769,26216013400940
26215792087769,26216160870926
26215792087769,26216309261632
26215792087769,26216549048323
26215792087769,26216980319915
26217018797284,26216980319915
26217018797284,26217195204699
26217018797284,26217455212292
26217018797284,26217625469163
26217626918505,26217625469163
26217626918505,26217821787228
26217626918505,26217955489903
26217626918505,26218121096988
26217626918505,26218444474527
26217626918505,26218843517448
26218879010489,26218843517448
26218879010489,26219165087593
26218879010489,26219320400972
26218879010489,26219517987877
26219520053835,26219517987877
26219520053835,26219715233388
26219520053835,26219852185092
26219520053835,26220047827033
26219520053835,26220326920731
26219520053835,26220520240279
26220346451780,26220520240279
26220346451780,26220778482574
26220346451780,26220946694806
26220346451780,26221187695285
26220346451780,26221583447958
26221663752485,26221583447958
26221663752485,26221832488626
26221663752485,26222151633808
26221663752485,26222280470316
26221663752485,26222605069456
26222607068699,26222605069456
26222607068699,26222831299505
26222607068699,26223040307576
26222607068699,26223198872679
26222607068699,26223509149013
26223510464259,26223509149013
26223510464259,26223778270013
26223510464259,26223943112311
26223510464259,26224085965928
26223510464259,26224453713153
26224456084224,26224453713153
26224456084224,26224683565005
26224456084224,26224868486935
26224456084224,26225003139270
26224456084224,26225340738453
26225354621477,26225340738453
26225354621477,26225606814380
26225354621477,26225762451933
26225354621477,26225906144255
26225354621477,26226364385673
26226365623796,26226364385673
26226365623796,26226619944725
26226365623796,26226776478995
26226365623796,26226945603591
26226365623796,26227339932428
26227342730875,26227339932428
26227342730875,26227609202167
26227342730875,26227788397316
26227342730875,26227910725458
26227342730875,26228149681182
26228212365649,26228149681182
26228212365649,26228418668347
26228212365649,26228645908809
26228212365649,26228818576863
26228212365649,26229069657155
26229109036231,26229069657155
26229109036231,26229275172421
26229109036231,26229554321447
26229109036231,26229707670551
26229109036231,26229942443973
26229955712639,26229942443973
26229955712639,26230252191511
26229955712639,26230455538710
26229955712639,26230746985394
26229955712639,26230925575825
26230928709349,26230925575825
26230928709349,26231121398788
26230928709349,26231284450242
26230928709349,26231402158523
26230928709349,26231738256109
26230928709349,26231888370442
26231758652642,26231888370442
26231758652642,26232139265401
26231758652642,26232377034114
26231758652642,26232655813062
26232664562069,26232655813062
26232664562069,26232865089776
26232664562069,26233098307041
26232664562069,26233287820036
26232664562069,26233621382633
26233654025066,26233621382633
26233654025066,26233933800329
26233654025066,26234053257937
26233654025066,26234280335696
26233654025066,26234609338797
26234668997343,26234609338797
26234668997343,26234892448630
26234668997343,26235089306909
26234668997343,26235245456410
26234668997343,26235613524179
26235615340445,26235613524179
26235615340445,26235821309487
26235615340445,26236120172665
26235615340445,26236344697877
26235615340445,26236504519875
26236538986005,26236504519875
26236538986005,26236782452719
26236538986005,26236892851126
26236538986005,26237081876065
26236538986005,26237497177867
26237503187644,26237497177867
26237503187644,26237691149910
26237503187644,26237937075251
26237503187644,26238134637779
26238135789566,26238134637779
26238135789566,26238292081772
26238135789566,26238438905644
26238135789566,26238648184615
26238135789566,26238784890528
26238135789566,26239338169374
26239340708369,26239338169374
26239340708369,26239569560114
26239340708369,26239735223580
26239340708369,26239909529629
26239340708369,26240230239884
26240276073475,26240230239884
26240276073475,26240460256923
26240276073475,26240624252896
26240276073475,26240759330898
26240276073475,26241185920240
26241200276266,26241185920240
26241200276266,26241440799426
26241200276266,26241620795354
26241200276266,26241767121233
26241769641127,26241767121233
26241769641127,26241981348968
26241769641127,26242149322327
26241769641127,26242302292402
26241769641127,26242551219657
26242619908867,26242551219657
26242619908867,26242835248279
26242619908867,26242979843740
26242619908867,26243179636684
26242619908867,26243445197681
26242619908867,26244293711357
26244296432304,26244293711357
26244296432304,26244498236731
26244296432304,26244644326980
26244296432304,26244851036625
26244296432304,26245230685642
26245233133045,26245230685642
26245233133045,26245466846869
26245233133045,26245641775005
26245233133045,26245834435334
26245837551665,26245834435334
26245837551665,26246116707998
26245837551665,26246292103791
26245837551665,26246454884418
26245837551665,26246610251934
26245837551665,26246986572976
26247075257703,26246986572976
26247075257703,26247377929433
26247075257703,26247556364642
26247075257703,26247709191355
26247075257703,26247950329558
26248009235783,26247950329558
26248009235783,26248148358342
26248009235783,26248360243639
26248009235783,26248531707504
26248009235783,26248702171185
26249215120940,26248702171185
26249215120940,26249359681814
26249215120940,26249574821654
26249215120940,26249697033299
26249732999447,26249697033299
26249732999447,26249994202472
26249732999447,26250149406456
26249732999447,26250269640597
26249732999447,26250658029007
26249732999447,26250990341619
26251118665352,26250990341619
26251118665352,26251326532489
26251118665352,26251580940646
26251118665352,26251826141951
26251118665352,26252041106067
26252127477069,26252041106067
26252127477069,26252285579706
26252127477069,26252471035351
26252127477069,26252664625759
26252127477069,26253016360671
26252872863584,26253016360671
26252872863584,26253234062758
26252872863584,26253367734311
26252872863584,26253488623350
26252872863584,26253953955412
26254019682257,26253953955412
26254019682257,26254238610111
26254019682257,26254438478740
26254019682257,26254600142005
26254019682257,26254993503121
26254996783949,26254993503121
26254996783949,26255191340677
26254996783949,26255339692123
26254996783949,26255599245694
26254996783949,26255854977143
26255865170477,26255854977143
26255865170477,26256112238626
26255865170477,26256235830367
26255865170477,26256406161924
26255865170477,26256767793192
26256769537165,26256767793192
26256769537165,26256930228058
26256769537165,26257155232775
26256769537165,26257289278627
26257292833338,26257289278627
26257292833338,26257550380299
26257292833338,26257733976588
26257292833338,26257928486384
26257292833338,26258071267054
26257292833338,26258477613069
26258509642198,26258477613069
26258509642198,26258766340225
26258509642198,26258922928476
26258509642198,26259074702581
26259078568798,26259074702581
26259078568798,26259248830444
26259078568798,26259421923582
26259078568798,26259638405372
26259078568798,26259804086008
26259078568798,26260355429079
26260357934914,26260355429079
26260357934914,26260598549962
26260357934914,26260787043175
26260357934914,26260966748887
26260968063709,26260966748887
26260968063709,26261217441529
26260968063709,26261388325148
26260968063709,26261551312093
26260968063709,26261728137407
26260968063709,26262146831493
26262148897238,26262146831493
26262148897238,26262446473720
26262148897238,26262615225821
26262148897238,26262785222241
26262148897238,26263026200728
26263084641408,26263026200728
26263084641408,26263299358967
26263084641408,26263572447712
26263084641408,26263725104457
26263084641408,26264152310912
26264154849168,26264152310912
26264154849168,26264393086541
26264154849168,26264535993243
26264154849168,26264687217971
26264691678694,26264687217971
26264691678694,26264947270339
26264691678694,26265137494837
26264691678694,26265323771364
26264691678694,26265541656431
26265669697804,26265541656431
26265669697804,26265907069760
26265669697804,26266097813956
26265669697804,26266290742059
26265669697804,26266571094645
26265669697804,26266964351610
26267049837848,26266964351610
26267049837848,26267298795001
26267049837848,26267458896160
26267049837848,26267701693367
26267049837848,26268061645910
26268068843140,26268061645910
26268068843140,26268339380129
26268068843140,26268514970558
26268068843140,26268718741413
26268530632773,26268718741413
26268530632773,26268872457738
26268530632773,26269071179999
26268530632773,26269200040296
26268530632773,26269387632646
26268530632773,26269906224482
26268530632773,26270145599520
26269955423197,26270145599520
26269955423197,26270381479088
26269955423197,26270546846814
26269955423197,26270798563038
26270837748762,26270798563038
26270837748762,26271100211079
26270837748762,26271370284654
26270837748762,26271553450256
26270837748762,26271690469288
26271788837803,26271690469288
26271788837803,26272062159417
26271788837803,26272224407827
26271788837803,26272418065894
26271788837803,26272614652643
26272714485744,26272614652643
26272714485744,26272940335499
26272714485744,26273123014858
26272714485744,26273270946241
26273272132998,26273270946241
26273272132998,26273388428454
26273272132998,26273525703251
26273272132998,26273723116639
26273272132998,26274033553045
26273272132998,26274406809391
26274571778803,26274406809391
26274571778803,26274793115715
26274571778803,26275034313336
26274571778803,26275244120439
26274571778803,26275554943273
26275556820321,26275554943273
26275556820321,26275759475280
26275556820321,26275934888361
26275556820321,26276123224575
26275556820321,26276452381130
26276459236711,26276452381130
26276459236711,26276722155947
26276459236711,26277000569669
26276459236711,26277198221019
26276459236711,26277367173746
26277368515644,26277367173746
26277368515644,26277579175016
26277368515644,26277739349651
26277368515644,26277854825688
26277855621228,26277854825688
26277855621228,26278073316603
26277855621228,26278290473267
26277855621228,26278557444490
26277855621228,26278765640781
26277855621228,26279153372927
26279273994618,26279153372927
26279273994618,26279558344029
26279273994618,26279868064914
26279273994618,26280042591110
26279273994618,26280251830980
26280253643830,26280251830980
26280253643830,26280520981747
26280253643830,26280723264638
26280253643830,26280878870188
26280881757763,26280878870188
26280881757763,26281065445328
26280881757763,26281274714029
26280881757763,26281465669150
26280881757763,26281622829707
26280881757763,26282001722376
26282041078792,26282001722376
26282041078792,26282321414802
26282041078792,26282493065343
26282041078792,26282660842151
26282041078792,26282957883950
26283018843551,26282957883950
26283018843551,26283170532727
26283018843551,26283433719145
26283018843551,26283656317544
26283018843551,26283952437680
26283954224452,26283952437680
26283954224452,26284184412480
26283954224452,26284374587350
26283954224452,26284642034728
26283954224452,26284803034351
26285053624023,26284803034351
26285053624023,26285231979355
26285053624023,26285425742485
26285053624023,26285603338803
26285053624023,26285852142442
26285853481186,26285852142442
26285853481186,26286077795346
26285853481186,26286232190911
26285853481186,26286469305047
26285853481186,26286682933764
26286686236078,26286682933764
26286686236078,26286995310590
26286686236078,26287216019072
26286686236078,26287378811156
26286686236078,26287654289755
26287655580013,26287654289755
26287655580013,26287838338432
26287655580013,26288085475562
26287655580013,26288252819489
26288254881844,26288252819489
26288254881844,26288431949700
26288254881844,26288569350455
26288254881844,26288783153712
26288254881844,26289060599942
26288254881844,26289450256247
26289556810974,26289450256247
26289556810974,26289759067169
26289556810974,26289966286218
26289556810974,26290145435726
26289556810974,26290574983505
26290576767224,26290574983505
26290576767224,26290828745013
26290576767224,26290998555196
26290576767224,26291141869469
26290576767224,26291499637169
26291508567470,26291499637169
26291508567470,26291793386228
26291508567470,26292002816946
26291508567470,26292154354926
26292158193898,26292154354926
26292158193898,26292411033824
26292158193898,26292597704484
26292158193898,26292760740030
26292158193898,26292900440172
26292158193898,26293402363632
26292158193898,26293599264401
26293405506254,26293599264401
26293405506254,26293824760946
26293405506254,26293968374895
26293405506254,26294335198379
26293405506254,26294531048187
26294336981067,26294531048187
26294336981067,26294664045192
26294336981067,26294919090889
26294336981067,26295219706480
26295230817485,26295219706480
26295230817485,26295480914327
26295230817485,26295673807301
26295230817485,26295929579817
26295230817485,26296220787616
26296227342691,26296220787616
26296227342691,26296491994537
26296227342691,26296782907849
26296227342691,26296969138117
26296972357735,26296969138117
26296972357735,26297220412425
26296972357735,26297403444730
26296972357735,26297543161598
26296972357735,26297698714733
26296972357735,26298202379211
26298204436150,26298202379211
26298204436150,26298376246987
26298204436150,26298524189377
26298204436150,26298671950411
26298204436150,26298978427510
26299053037118,26298978427510
26299053037118,26299314380646
26299053037118,26299505356396
26299053037118,26299718824618
26299053037118,26299915537608
26299720620712,26299915537608
26299720620712,26300076089808
26299720620712,26300267761747
26299720620712,26300411414101
26299720620712,26300914908911
26300916096589,26300914908911
26300916096589,26301175940848
26300916096589,26301380967507
26300916096589,26301590779865
26300916096589,26301807685031
26301839765500,26301807685031
26301839765500,26302047840923
26301839765500,26302189898785
26301839765500,26302431437184
26302436463114,26302431437184
26302436463114,26302634803368
26302436463114,26302782595046
26302436463114,26302957424254
26302436463114,26303212122320
26302436463114,26303747623842
26303758386602,26303747623842
26303758386602,26304089450452
26303758386602,26304286957920
26303758386602,26304459984272
26303758386602,26304713852175
26304796308316,26304713852175
26304796308316,26305026011397
26304796308316,26305205379721
26304796308316,26305360873632
26305363332194,26305360873632
26305363332194,26305578483791
26305363332194,26305775758923
26305363332194,26305956632994
26305363332194,26306149067926
26305363332194,26306628893931
26306651111383,26306628893931
26306651111383,26306956273023
26306651111383,26307062032093
26306651111383,26307252484892
26306651111383,26307540464923
26307610889366,26307540464923
26307610889366,26307873728221
26307610889366,26308065672187
26307610889366,26308275589179
26307610889366,26308546773067
26308547602655,26308546773067
26308547602655,26308807792883
26308547602655,26308966494064
26308547602655,26309133968766
26308547602655,26309480210174
26309546264266,26309480210174
26309546264266,26309762194636
26309546264266,26309935428124
26310014070445,26309935428124
26310014070445,26310191677040
26310014070445,26310378849515
26310014070445,26310510637586
26310014070445,26310700458314
26310014070445,26310908221038
26310014070445,26311416394806
26311418397216,26311416394806
26311418397216,26311582397281
26311418397216,26311745178845
26311418397216,26311903912924
26311418397216,26312439209641
26312441638158,26312439209641
26312441638158,26312724935752
26312441638158,26312886414248
26312441638158,26313040657428
26312441638158,26313270132949
26313318058721,26313270132949
26313318058721,26313482162832
26313318058721,26313712311877
26313318058721,26313906840724
26313318058721,26314216515630
26314229906067,26314216515630
26314229906067,26314440202776
26314229906067,26314606237212
26314229906067,26314783013859
26314229906067,26315258828948
26315260320107,26315258828948
26315260320107,26315520814216
26315260320107,26315677649613
26315260320107,26315788885468
26315260320107,26315958143314
26316052818299,26315958143314
26316052818299,26316208340469
26316052818299,26316410133768
26316052818299,26316652394388
26316654372253,26316652394388
26316654372253,26316832195907
26316654372253,26316984202723
26316654372253,26317136370111
26316654372253,26317410057281
26317459165687,26317410057281
26317459165687,26317658291204
26317459165687,26317831471599
26317459165687,26318062137612
26317459165687,26318221238533
26317459165687,26318689146947
26318715376221,26318689146947
26318715376221,26318932318353
26318715376221,26319142540676
26318715376221,26319388108039
26319389300246,26319388108039
26319389300246,26319544700258
26319389300246,26319707301485
26319389300246,26319886567756
26319389300246,26320170311334
26319389300246,26320604712746
26320830428381,26320604712746
26320830428381,26321103785805
26320830428381,26321235128592
26320830428381,26321458734896
26320830428381,26321779383359
26321781562308,26321779383359
26321781562308,26321945215455
26321781562308,26322142562796
26321781562308,26322297479951
26322299510757,26322297479951
26322299510757,26322522398969
26322299510757,26322691776805
26322299510757,26322850024218
26322299510757,26323158476638
26322299510757,26323643284988
26323645621527,26323643284988
26323645621527,26323910779480
26323645621527,26324052831581
26323645621527,26324212392945
26323645621527,26324491480566
26324511171498,26324491480566
26324511171498,26324785650806
26324511171498,26324943240899
26324511171498,26325118572187
26324511171498,26325458675737
26325459982605,26325458675737
26325459982605,26325649375785
26325459982605,26325822552618
26325459982605,26326008314862
26326010549047,26326008314862
26326010549047,26326215900454
26326010549047,26326367606640
26326010549047,26326552443647
26326010549047,26326811069066
26326010549047,26327303685267
26327331458046,26327303685267
26327331458046,26327624373208
26327331458046,26327781547162
26327331458046,26327935590843
26327331458046,26328202353742
26328273710447,26328202353742
26328273710447,26328550329078
26328273710447,26328716026518
26328273710447,26328960318604
26328273710447,26329327326004
26329328938359,26329327326004
26329328938359,26329601774491
26329328938359,26329840520880
26329328938359,26330056747370
26329328938359,26330209319079
26330259118384,26330209319079
26330259118384,26330507053029
26330259118384,26330726775394
26330259118384,26330893185270
26330259118384,26331124813861
26331142585381,26331124813861
26331142585381,26331329233974
26331142585381,26331558800778
26331142585381,26331708313222
26331142585381,26332033929197
26332177478194,26332033929197
26332177478194,26332413144426
26332177478194,26332633734081
26332177478194,26332808637457
26332177478194,26333041998511
26333044305393,26333041998511
26333044305393,26333283990357
26333044305393,26333466892135
26333044305393,26333639859200
26333643317171,26333639859200
26333643317171,26333835292751
26333643317171,26333972495766
26333643317171,26334155507558
26333643317171,26334461140503
26333643317171,26334801678046
26334917231508,26334801678046
26334917231508,26335180381941
26334917231508,26335357936523
26334917231508,26335505244910
26334917231508,26335998624812
26336000510367,26335998624812
26336000510367,26336263719268
26336000510367,26336414209407
26336000510367,26336558391451
26336000510367,26336995287557
26337000844009,26336995287557
26337000844009,26337294169666
26337000844009,26337436419333
26337000844009,26337597333748
26337000844009,26337953141747
26337954826944,26337953141747
26337954826944,26338184223847
26337954826944,26338321443944
26337954826944,26338535095691
26337954826944,26338877492039
26338879700886,26338877492039
26338879700886,26339023768709
26338879700886,26339228475071
26338879700886,26339378752335
26339380169179,26339378752335
26339380169179,26339637189089
26339380169179,26339835019047
26339380169179,26340074121528
26339380169179,26340268151993
26339380169179,26340664366585
26340743883936,26340664366585
26340743883936,26341000639316
26340743883936,26341154982593
26340743883936,26341313902485
26340743883936,26341851252769
26341885440279,26341851252769
26341885440279,26342087198531
26341885440279,26342230125812
26341885440279,26342372938888
26341885440279,26342655748954
26342750912931,26342655748954
26342750912931,26343027286209
26342750912931,26343184639437
26342750912931,26343325460095
26342750912931,26343589775156
26343669618190,26343589775156
26343669618190,26343961737244
26343669618190,26344081948835
26343669618190,26344319868787
26343669618190,26344585578014
26344624298028,26344585578014
26344624298028,26344800476212
26344624298028,26345001586258
26344624298028,26345183454368
26344624298028,26345605435140
26345619765910,26345605435140
26345619765910,26345801126522
26345619765910,26346058861550
26345619765910,26346274494752
26345619765910,26346534562199
26346536134480,26346534562199
26346536134480,26346736591844
26346536134480,26346950537755
26346536134480,26347125760394
26346536134480,26347407996989
26347413278891,26347407996989
26347413278891,26347644406792
26347413278891,26347817235948
26347413278891,26347995461725
26347413278891,26348302275494
26348304785366,26348302275494
26348304785366,26348547339504
26348304785366,26348712868675
26348304785366,26348831059083
26348304785366,26349170216021
26349172982308,26349170216021
26349172982308,26349425686600
26349172982308,26349594373375
26349172982308,26349737741613
26349172982308,26350271205047
26350414217099,26350271205047
26350414217099,26350634854622
26350414217099,26350855576416
26350414217099,26351025122587
26351026851310,26351025122587
26351026851310,26351303222321
26351026851310,26351471045710
26351026851310,26351632441632
26351026851310,26351758260599
26351026851310,26352127243789
26352153992812,26352127243789
26352153992812,26352383890438
26352153992812,26352550279751
26352153992812,26352705619219
26352153992812,26353045150465
26353101986817,26353045150465
26353101986817,26353287801123
26353101986817,26353537906138
26353101986817,26353720882058
26353101986817,26354006758089
26354009437930,26354006758089
26354009437930,26354233052969
26354009437930,26354426957581
26354009437930,26354646791751
26354009437930,26354857729872
26354939535099,26354857729872
26354939535099,26355211301586
26354939535099,26355328676733
26354939535099,26355598145220
26354939535099,26355843912111
26355907833824,26355843912111
26355907833824,26356103902510
26355907833824,26356342123975
26355907833824,26356549575917
26355907833824,26356722269561
26355907833824,26357008445443
26356814796753,26357008445443
26356814796753,26357174233314
26356814796753,26357326042655
26356814796753,26357720803227
26357727080526,26357720803227
26357727080526,26357957119161
26357727080526,26358118483972
26357727080526,26358364279282
26358365997759,26358364279282
26358365997759,26358559525677
26358365997759,26358714659307
26358365997759,26358899740774
26358365997759,26359136818127
26358365997759,26359614292943
26359616729273,26359614292943
26359616729273,26359877374171
26359616729273,26360027669996
26359616729273,26360172752114
26359616729273,26360440000724
26360445681708,26360440000724
26360445681708,26360606171067
26360445681708,26360859793901
26360445681708,26361067898371
26360445681708,26361346594201
26361353542728,26361346594201
26361353542728,26361517599163
26361353542728,26361723251658
26361353542728,26361947300325
26361353542728,26362160847556
26361353542728,26362365592219
26362172823534,26362365592219
26362172823534,26362558700774
26362172823534,26362719050904
26362172823534,26363054232525
26362172823534,26363347360370
26363155821262,26363347360370
26363155821262,26363599044615
26363155821262,26363795272304
26363797538680,26363795272304
26363797538680,26364097492996
26363797538680,26364271601216
26363797538680,26364425223562
26363797538680,26364572162800
26363797538680,26364995907262
26364998882080,26364995907262
26364998882080,26365163722360
26364998882080,26365228639092
26364998882080,26365960270122
26364998882080,26366518524976
26366520253926,26366518524976
26366520253926,26366786819092
26366520253926,26367015149971
26366520253926,26367206263173
26366520253926,26367371271576
26367438956792,26367371271576
26367438956792,26367695990359
26367438956792,26367879220958
26367438956792,26368150884413
26368155671736,26368150884413
26368155671736,26368374512390
26368155671736,26368556325365
26368155671736,26368707276454
26368155671736,26368847660675
26368850367330,26368847660675
26368850367330,26369122447169
26368850367330,26369289054702
26368850367330,26369454949412
26368850367330,26369687521115
26368850367330,26370099901212
26370177979812,26370099901212
26370177979812,26370388162628
26370177979812,26370602183144
26370177979812,26370768589483
26370771122617,26370768589483
26370771122617,26370978270389
26370771122617,26371112922152
26370771122617,26371231277050
26370771122617,26371479582231
26370771122617,26372017180487
26372026265858,26372017180487
26372026265858,26372157851734
26372026265858,26372411362015
26372026265858,26372594771834
26372026265858,26373016466640
26373018562796,26373016466640
26373018562796,26373292246060
26373018562796,26373459251916
26373018562796,26373597479676
26373018562796,26373833780351
26373924107491,26373833780351
26373924107491,26374090558361
26373924107491,26374326386833
26373924107491,26374475262108
26373924107491,26374765844857
26373924107491,26374981725792
26374848875529,26374981725792
26374848875529,26375219413813
26374848875529,26375360337144
26374848875529,26375824770190
26376003621318,26375824770190
26376003621318,26376201697028
26376003621318,26376483087792
26376003621318,26376670686474
26376003621318,26376810955909
26376813656070,26376810955909
26376813656070,26376987209022
26376813656070,26377128758775
26376813656070,26377271693683
26376813656070,26377734574885
26377814308610,26377734574885
26377814308610,26378028981313
26377814308610,26378219914258
26377814308610,26378430436466
26377814308610,26378596659585
26378742696064,26378596659585
26378742696064,26378962454441
26378742696064,26379151769659
26378742696064,26379430254805
26379433358552,26379430254805
26379433358552,26379628649495
26379433358552,26379784835534
26379433358552,26379953390304
26379433358552,26380081774831
26379433358552,26380650526553
26380651464726,26380650526553
26380651464726,26380804392936
26380651464726,26380954417671
26380651464726,26381114388088
26381116906444,26381114388088
26381116906444,26381313147665
26381116906444,26381498325707
26381116906444,26381658309955
26381116906444,26381933294406
26381116906444,26382315256515
26382345932870,26382315256515
26382345932870,26382624434530
26382345932870,26382796240863
26382345932870,26382946331520
26382950057497,26382946331520
26382950057497,26383216062239
26382950057497,26383355910432
26382950057497,26383561684732
26382950057497,26383697682109
26382950057497,26384220542995
26384311560666,26384220542995
26384311560666,26384574214051
26384311560666,26384868311603
26384311560666,26385034978761
26385037767718,26385034978761
26385037767718,26385244999058
26385037767718,26385393270142
26385037767718,26385560181830
26385037767718,26385683168115
26385037767718,26386137209944
26386230626051,26386137209944
26386230626051,26386431286811
26386230626051,26386634895761
26386230626051,26386777068028
26386230626051,26387219672593
26387221492475,26387219672593
26387221492475,26387489355809
26387221492475,26387662585596
26387664139484,26387662585596
26387664139484,26387884338518
26387664139484,26388041545887
26387664139484,26388174551002
26387664139484,26388378936374
26387664139484,26388566475759
26387664139484,26388957209649
26389041871036,26388957209649
26389041871036,26389236334528
26389041871036,26389471378041
26389041871036,26389631812386
26389041871036,26389854976072
26389873909461,26389854976072
26389873909461,26390071590592
26389873909461,26390281212364
26389873909461,26390432457240
26389873909461,26390735054153
26390773203427,26390735054153
26390773203427,26391032120700
26390773203427,26391180115330
26390773203427,26391306252338
26390773203427,26391712376317
26391719468633,26391712376317
26391719468633,26391986306633
26391719468633,26392251236016
26391719468633,26392406085753
26391719468633,26392654657646
26392704645909,26392654657646
26392704645909,26392950852025
26392704645909,26393130918809
26392704645909,26393322299864
26392704645909,26393700308467
26393733076594,26393700308467
26393733076594,26393954971036
26393733076594,26394116178774
26393733076594,26394289686756
26393733076594,26394655339807
26394716456232,26394655339807
26394716456232,26394982363852
26394716456232,26395155801255
26394716456232,26395354255969
26394716456232,26395512097002
26395553443418,26395512097002
26395553443418,26395790924235
26395553443418,26396179138205
26395553443418,26396364290059
26396365299345,26396364290059
26396365299345,26396527749978
26396365299345,26396666719567
26396365299345,26396856227714
26396365299345,26397115541401
26396365299345,26397577624315
26397580184729,26397577624315
26397580184729,26397796779153
26397580184729,26398034186774
26398036253742,26398034186774
26398036253742,26398250644046
26398036253742,26398478739989
26398036253742,26398643317431
26398036253742,26398804086803
26398036253742,26398959144670
26398036253742,26399339137411
26399388956000,26399339137411
26399388956000,26399614252130
26399388956000,26399816830704
26399388956000,26399974313167
26399388956000,26400330206661
26400331550922,26400330206661
26400331550922,26400501169010
26400331550922,26400705572665
26400331550922,26400848289356
26400331550922,26401236932798
26400331550922,26401542366268
26401250556350,26401542366268
26401250556350,26401754701284
26401250556350,26401912819979
26401250556350,26402289135572
26402290297575,26402289135572
26402290297575,26402515396206
26402290297575,26402761970632
26402290297575,26402905145565
26402290297575,26403106144420
26403131345866,26403106144420
26403131345866,26403394080204
26403131345866,26403650673205
26403131345866,26403832905705
26403835212209,26403832905705
26403835212209,26404050150513
26403835212209,26404197225202
26403835212209,26404347230023
26403835212209,26404484056230
26404541390933,26404484056230
26404541390933,26404783183680
26404541390933,26404950435382
26404541390933,26405121059442
26404541390933,26405425763994
26404541390933,26405937397176
26405972749999,26405937397176
26405972749999,26406153653648
26405972749999,26406349063613
26405972749999,26406569361353
26405972749999,26406879946007
26406882922097,26406879946007
26406882922097,26407099815435
26406882922097,26407264672105
26406882922097,26407434766247
26407437726738,26407434766247
26407437726738,26407613567515
26407437726738,26407784750913
26407437726738,26408009717020
26407437726738,26408254762931
26408257182287,26408254762931
26408257182287,26408522615699
26408257182287,26408712035977
26408257182287,26408914916490
26408257182287,26409191736016
26409194048678,26409191736016
26409194048678,26409436865521
26409194048678,26409587753555
26409194048678,26409711954668
26409194048678,26410013110520
26409194048678,26410439342623
26410518595206,26410439342623
26410518595206,26410755261217
26410518595206,26410907074999
26410518595206,26411119460917
26410518595206,26411425260712
26411521465589,26411425260712
26411521465589,26411772789023
26411521465589,26411918203444
26411521465589,26412028659238
26411521465589,26412529160100
26412530957210,26412529160100
26412530957210,26412711682553
26412530957210,26412861809221
26412530957210,26412986791154
26412988069518,26412986791154
26412988069518,26413235803066
26412988069518,26413435183193
26412988069518,26413606215502
26412988069518,26413849131880
26412988069518,26414244953321
26414357825872,26414244953321
26414357825872,26414592110280
26414357825872,26414756047277
26414357825872,26414988014978
26414989608201,26414988014978
26414989608201,26415228877127
26414989608201,26415384305880
26414989608201,26415616660685
26414989608201,26415857847290
26415912397754,26415857847290
26415912397754,26416216890002
26415912397754,26416376891075
26415912397754,26416535866761
26415912397754,26416742721519
26415912397754,26417281563322
26417283469334,26417281563322
26417283469334,26417504146125
26417283469334,26417734354340
26417283469334,26417905451593
26417283469334,26418200964058
26418228379850,26418200964058
26418228379850,26418491065063
26418228379850,26418699228063
26418228379850,26418871739237
26418228379850,26419114564497
26419162374552,26419114564497
26419162374552,26419375420676
26419162374552,26419599668720
26419162374552,26419764031273
26419162374552,26420176205398
26420203116832,26420176205398
26420203116832,26420397130948
26420203116832,26420704773124
26420203116832,26420876529237
26420878644737,26420876529237
26420878644737,26421109086773
26420878644737,26421325434675
26420878644737,26421470865194
26420878644737,26421642180315
26421644275833,26421642180315
26421644275833,26421937725683
26421644275833,26422110054960
26421644275833,26422272654664
26421644275833,26422511805382
26421644275833,26423002002239
26423003083819,26423002002239
26423003083819,26423209243990
26423003083819,26423432894918
26423003083819,26423617109486
26423003083819,26423824343884
26423841315700,26423824343884
26423841315700,26424005914588
26423841315700,26424172981129
26423841315700,26424362390643
26424364301505,26424362390643
26424364301505,26424623333784
26424364301505,26424787028278
26424364301505,26424945413236
26424364301505,26425126375460
26424364301505,26425629500410
26425668852430,26425629500410
26425668852430,26425840350007
26425668852430,26426294226467
26425668852430,26426445056243
26425668852430,26426806955205
26426843550623,26426806955205
26426843550623,26427109697156
26426843550623,26427299856578
26426843550623,26427473701740
26426843550623,26427808633684
26427809667942,26427808633684
26427809667942,26427977982894
26427809667942,26428117185246
26427809667942,26428352330083
26428353861937,26428352330083
26428353861937,26428513610672
26428353861937,26428658036351
26428353861937,26428831346264
26428353861937,26429318527576
26428353861937,26429615662122
26429726817569,26429615662122
26429726817569,26429955097303
26429726817569,26430173205221
26429726817569,26430359910015
26430362313636,26430359910015
26430362313636,26430562791608
26430362313636,26430740879866
26430362313636,26430903205959
26430362313636,26431181466325
26430362313636,26431661121866
26431662323302,26431661121866
26431662323302,26431878287673
26431662323302,26432102495072
26431662323302,26432236517986
26432237957105,26432236517986
26432237957105,26432461200715
26432237957105,26432614163794
26432237957105,26432757890463
26432237957105,26433072187417
26432237957105,26433515495974
26433520107404,26433515495974
26433520107404,26433750242091
26433520107404,26433998362914
26433520107404,26434172979769
26434174752531,26434172979769
26434174752531,26434386067646
26434174752531,26434628200203
26434174752531,26434777337454
26434174752531,26434976355352
26434174752531,26435159854516
26435631643242,26435159854516
26435631643242,26435824222998
26435631643242,26436104344796
26435631643242,26436292749478
26435631643242,26436506636125
26436511547373,26436506636125
26436511547373,26436711570516
26436511547373,26436935549465
26436511547373,26437076193104
26436511547373,26437514038780
26437516246058,26437514038780
26437516246058,26437750134463
26437516246058,26437941645381
26437516246058,26438105654400
26438107609583,26438105654400
26438107609583,26438340446955
26438107609583,26438513540783
26438107609583,26438662559316
26438107609583,26438936532875
26438107609583,26439334063402
26439369124289,26439334063402
26439369124289,26439529601825
26439369124289,26439884548629
26439369124289,26440032362163
26439369124289,26440215047731
26440243076757,26440215047731
26440243076757,26440476913452
26440243076757,26440663296337
26440243076757,26440797243404
26440243076757,26441023061543
26441150594801,26441023061543
26441150594801,26441335012305
26441150594801,26441460212265
26441150594801,26441623800225
26441150594801,26442074614830
26442076265339,26442074614830
26442076265339,26442277388189
26442076265339,26442456104309
26442076265339,26442667493462
26442076265339,26442957404569
26442976753811,26442957404569
26442976753811,26443154409656
26442976753811,26443352339424
26442976753811,26443537244276
26442976753811,26443897592650
26443898649265,26443897592650
26443898649265,26444040395686
26443898649265,26444396433456
26443898649265,26444563864195
26443898649265,26444695298191
26444754372609,26444695298191
26444754372609,26444965699091
26444754372609,26445179369127
26444754372609,26445327142471
26445329116973,26445327142471
26445329116973,26445532137897
26445329116973,26445667412500
26445329116973,26445932275153
26445329116973,26446086573510
26445329116973,26446600906466
26446606116475,26446600906466
26446606116475,26446828766104
26446606116475,26447103197326
26446606116475,26447232126118
26446606116475,26447547302249
26447583705863,26447547302249
26447583705863,26447832207490
26447583705863,26447990838588
26447583705863,26448138927320
26448141578722,26448138927320
26448141578722,26448349158986
26448141578722,26448617114745
26448141578722,26448794423395
26448141578722,26449013949615
26449015728916,26449013949615
26449015728916,26449294213248
26449015728916,26449435738244
26449015728916,26449654631948
26449015728916,26449920733100
26449015728916,26450593490028
26450595082033,26450593490028
26450595082033,26450840724233
26450595082033,26451009063659
26450595082033,26451198079871
26450595082033,26451632504714
26451634724409,26451632504714
26451634724409,26451870676478
26451634724409,26452062115399
26451634724409,26452217519006
26451634724409,26452428160115
26452430243984,26452428160115
26452430243984,26452662961766
26452430243984,26452846510226
26452430243984,26453088555435
26452430243984,26453306927182
26453320754144,26453306927182
26453320754144,26453584428091
26453320754144,26453766785053
26453320754144,26453938171400
26453320754144,26454267517200
26454279446323,26454267517200
26454279446323,26454458590587
26454279446323,26454753019501
26454279446323,26454952202024
26454279446323,26455265470136
26455267455782,26455265470136
26455267455782,26455470738753
26455267455782,26455585625731
26455267455782,26455753270076
26455267455782,26456089216855
26456163454609,26456089216855
26456163454609,26456431595829
26456163454609,26456630228002
26456163454609,26456829073559
26456832776804,26456829073559
26456832776804,26457059015505
26456832776804,26457211246297
26456832776804,26457378117035
26456832776804,26457601866589
26456832776804,26457979518259
26458056907649,26457979518259
26458056907649,26458293446004
26458056907649,26458489811052
26458056907649,26458685224748
26458056907649,26458965418318
26459019790400,26458965418318
26459019790400,26459198274861
26459019790400,26459375102747
26459019790400,26459598258321
26459019790400,26460008972748
26460011090425,26460008972748
26460011090425,26460184030973
26460011090425,26460396527929
26460011090425,26460571255303
26460011090425,26460918764484
26460937044030,26460918764484
26460937044030,26461152216555
26460937044030,26461375930520
26460937044030,26461571684640
26461573381711,26461571684640
26461573381711,26461883604248
26461573381711,26462086197783
26461573381711,26462259214116
26461573381711,26462442767917
26461573381711,26462836476463
26462908469441,26462836476463
26462908469441,26463195428162
26462908469441,26463339301289
26462908469441,26463583807959
26462908469441,26463727435325
26463585622870,26463727435325
26463585622870,26463880258816
26463585622870,26464038366544
26463585622870,26464223351272
26464388466700,26464223351272
26464388466700,26464597303658
26464388466700,26464739192058
26464388466700,26464936939740
26464388466700,26465152683354
26464388466700,26465589096011
26465656894021,26465589096011
26465656894021,26465872623606
26465656894021,26466052285615
26465656894021,26466172264867
26466174193525,26466172264867
26466174193525,26466417205147
26466174193525,26466563434869
26466174193525,26466764331632
26466174193525,26467041633386
26466174193525,26467543461962
26467798807415,26467543461962
26467798807415,26467982649271
26467798807415,26468131460603
26467798807415,26468356378799
26467798807415,26468562676926
26468715966889,26468562676926
26468715966889,26468878510592
26468715966889,26469050628966
26468715966889,26469223696175
26469226317664,26469223696175
26469226317664,26469424652875
26469226317664,26469584110574
26469226317664,26469757947241
26469226317664,26470139339578
26469226317664,26470355205472
26470499382573,26470355205472
26470499382573,26470722239754
26470499382573,26470924953264
26470499382573,26471097525051
26470499382573,26471405580866
26471408346573,26471405580866
26471408346573,26471612589785
26471408346573,26471803583208
26471408346573,26471979938357
26471408346573,26472276804586
26472284102527,26472276804586
26472284102527,26472514890476
26472284102527,26472844946185
26472284102527,26473020461598
26472284102527,26473213097716
26473247439337,26473213097716
26473247439337,26473455357650
26473247439337,26473625334889
26473247439337,26473791988448
26473247439337,26473994074810
26473795316700,26473994074810
26473795316700,26474151358186
26473795316700,26474356014586
26473795316700,26474658608915
26473795316700,26475073483269
26475076757027,26475073483269
26475076757027,26475349336367
26475076757027,26475476365768
26475076757027,26475644099885
26475645635493,26475644099885
26475645635493,26475840172780
26475645635493,26476013290197
26475645635493,26476171119620
26475645635493,26476426481927
26475645635493,26476836558779
26476875446840,26476836558779
26476875446840,26477045705027
26476875446840,26477221157368
26476875446840,26477427485876
26476875446840,26477807874700
26476875446840,26478044255324
26477850407167,26478044255324
26477850407167,26478230343964
26477850407167,26478436822119
26477850407167,26478801356584
26479013184096,26478801356584
26479013184096,26479288196951
26479013184096,26479481327453
26479013184096,26479615326514
26479013184096,26479743391077
26479759571367,26479743391077
26479759571367,26479990575943
26479759571367,26480154264924
26479759571367,26480314377188
26479759571367,26480582298462
26480672458951,26480582298462
26480672458951,26480883177378
26480672458951,26481049263096
26480672458951,26481274295625
26480672458951,26481653406259
26481654783158,26481653406259
26481654783158,26481917052839
26481654783158,26482046133279
26481654783158,26482203338118
26481654783158,26482461347469
26482558295580,26482461347469
26482558295580,26482704583377
26482558295580,26482888682216
26482558295580,26483100844789
26483103393818,26483100844789
26483103393818,26483341094938
26483103393818,26483528139800
26483103393818,26483682399239
26483103393818,26483862506047
26483103393818,26484264902273
26484268286478,26484264902273
26484268286478,26484443642369
26484268286478,26484594282741
26484268286478,26484737335007
26484739357622,26484737335007
26484739357622,26484965097222
26484739357622,26485174622871
26484739357622,26485356122200
26484739357622,26485579427799
26484739357622,26486005915617
26486096675947,26486005915617
26486096675947,26486404362667
26486096675947,26486545335036
26486096675947,26487238448263
26486096675947,26487608015587
26487745080765,26487608015587
26487745080765,26487976622038
26487745080765,26488137190740
26487745080765,26488261137254
26487745080765,26488621434228
26488654686655,26488621434228
26488654686655,26488867064928
26488654686655,26489059156972
26488654686655,26489215734651
26488654686655,26489509311538
26489616399373,26489509311538
26489616399373,26489825551963
26489616399373,26490084161064
26489616399373,26490266461605
26490268389173,26490266461605
26490268389173,26490438758113
26490268389173,26490674484774
26490268389173,26490795075214
26490268389173,26490919399468
26490268389173,26491336943350
26491356940300,26491336943350
26491356940300,26491573212351
26491356940300,26491753886023
26491356940300,26491906502042
26491907624827,26491906502042
26491907624827,26492079287360
26491907624827,26492260104063
26491907624827,26492455139154
26491907624827,26492736385711
26491907624827,26493175193179
26493237476106,26493175193179
26493237476106,26493526027957
26493237476106,26493692292985
26493237476106,26493835206984
26493237476106,26494296350613
26494297645788,26494296350613
26494297645788,26494489390948
26494297645788,26494626998835
26494297645788,26494768333783
26494297645788,26495195877501
26495197357518,26495195877501
26495197357518,26495423438492
26495197357518,26495706948582
26495197357518,26495852399605
26495197357518,26496001472287
26496131824902,26496001472287
26496131824902,26496287709703
26496131824902,26496475431053
26496131824902,26496613020123
26496131824902,26496848684049
26496669626564,26496848684049
26496669626564,26497071191874
26496669626564,26497337565020
26496669626564,26497522707411
26496669626564,26497880368331
26497987400205,26497880368331
26497987400205,26498202264015
26497987400205,26498461797967
26497987400205,26498582690975
26498586146507,26498582690975
26498586146507,26498858017249
26498586146507,26499034140532
26498586146507,26499232357533
26498586146507,26499363230725
26498586146507,26499910511855
26499913799080,26499910511855
26499913799080,26500096497017
26499913799080,26500321083712
26499913799080,26500479402694
26499913799080,26500673741886
26500709029517,26500673741886
26500709029517,26500924707194
26500709029517,26501135342971
26500709029517,26501281258706
26500709029517,26501634407446
26501672157088,26501634407446
26501672157088,26501885615868
26501672157088,26502059069122
26501672157088,26502251195159
26501672157088,26502498751074
26502596481078,26502498751074
26502596481078,26502854377324
26502596481078,26503077182870
26502596481078,26503221835131
26503224067837,26503221835131
26503224067837,26503435711876
26503224067837,26503625219608
26503224067837,26503782149074
26503224067837,26503979106906
26503224067837,26504430239819
26504556540634,26504430239819
26504556540634,26504746810777
26504556540634,26504918490149
26504556540634,26505084751967
26505087519566,26505084751967
26505087519566,26505292445236
26505087519566,26505501169998
26505087519566,26505640070542
26505087519566,26505793696093
26505087519566,26506237908913
26506252581535,26506237908913
26506252581535,26506518625446
26506252581535,26506655998790
26506683336211,26506655998790
26506683336211,26506907775093
26506683336211,26507040952432
26506683336211,26507202560719
26506683336211,26507378275195
26506683336211,26507627399817
26507648517390,26507627399817
26507648517390,26507896772630
26507648517390,26508104296352
26507648517390,26508287144958
26507648517390,26508492723997
26508514129845,26508492723997
26508514129845,26508703389532
26508514129845,26508891620929
26508514129845,26509142549863
26508514129845,26509387002132
26508514129845,26509842175161
26509923128942,26509842175161
26509923128942,26510136528223
26509923128942,26510332485407
26509923128942,26510523353120
26509923128942,26510835384589
26510907392334,26510835384589
26510907392334,26511156393803
26510907392334,26511422364986
26510907392334,26511613359360
26510907392334,26511832395832
26511833934719,26511832395832
26511833934719,26512060244941
26511833934719,26512264795329
26511833934719,26512451215087
26511833934719,26512644187598
26512651911187,26512644187598
26512651911187,26512853119361
26512651911187,26512995546051
26512651911187,26513142482216
26512651911187,26513536396459
26512651911187,26513711140669
26513564732626,26513711140669
26513564732626,26513938393722
26513564732626,26514079091846
26513564732626,26514448155987
26514483620400,26514448155987
26514483620400,26514790843853
26514483620400,26514929512187
26514483620400,26515105329528
26514483620400,26515329305285
26515331371467,26515329305285
26515331371467,26515537310549
26515331371467,26515725991059
26515331371467,26515875566562
26515331371467,26516254922537
26516369442558,26516254922537
26516369442558,26516602036726
26516369442558,26516761615833
26516369442558,26517003373052
26516369442558,26517233855172
26517286058378,26517233855172
26517286058378,26517469850629
26517286058378,26517645824302
26517286058378,26517921519480
26517286058378,26518158343294
26518175049755,26518158343294
26518175049755,26518399092246
26518175049755,26518593032899
26518175049755,26518799347988
26518802327530,26518799347988
26518802327530,26518983284366
26518802327530,26519096854662
26518802327530,26519277790872
26518802327530,26519572193925
26519573809740,26519572193925
26519573809740,26519799435123
26519573809740,26519983278084
26519573809740,26520127933309
26519573809740,26520287339545
26519573809740,26520786593966
26520789648521,26520786593966
26520789648521,26520981583839
26520789648521,26521216602127
26520789648521,26521374452953
26520789648521,26521674540813
26521676586842,26521674540813
26521676586842,26521908228348
26521676586842,26522046137482
26521676586842,26522221314764
26521676586842,26522726626471
26522728093560,26522726626471
26522728093560,26522948677053
26522728093560,26523118224886
26522728093560,26523286589205
26523290106953,26523286589205
26523290106953,26523552880822
26523290106953,26523735399253
26523290106953,26523869248740
26523290106953,26524018926776
26524062795185,26524018926776
26524062795185,26524220771852
26524062795185,26524523464570
26524062795185,26524709939141
26524062795185,26524883991160
26524975392524,26524883991160
26524975392524,26525243485239
26524975392524,26525418608637
26524975392524,26525629780761
26524975392524,26525901130709
26524975392524,26526363568039
26526369981043,26526363568039
26526369981043,26526555049582
26526369981043,26526849540220
26526369981043,26527041035341
26526369981043,26527211500432
26527303352098,26527211500432
26527303352098,26527595071088
26527303352098,26527749618784
26527303352098,26527881672790
26527303352098,26528319200928
26528321388051,26528319200928
26528321388051,26528521721482
26528321388051,26528653853932
26528321388051,26528785257279
26528787672983,26528785257279
26528787672983,26528985701870
26528787672983,26529151484224
26528787672983,26529298342362
26528787672983,26529487209202
26528787672983,26529936144558
26530026201248,26529936144558
26530026201248,26530287863427
26530026201248,26530443281373
26530026201248,26530586422942
26530026201248,26530966740416
26530975291181,26530966740416
26530975291181,26531176782662
26530975291181,26531325097823
26530975291181,26531540387763
26531542239832,26531540387763
26531542239832,26531691454961
26531542239832,26531836544149
26531542239832,26532023276038
26531542239832,26532274398527
26531542239832,26532679473826
26532772261792,26532679473826
26532772261792,26532959160175
26532772261792,26533155246961
26532772261792,26533305571053
26532772261792,26533641114761
26533933202332,26533641114761
26533933202332,26534188220115
26533933202332,26534386312568
26533933202332,26534611260763
26533933202332,26534865792641
26534867913565,26534865792641
26534867913565,26535089122471
26534867913565,26535204781704
26534867913565,26535394777854
26534867913565,26535657387648
26535769705562,26535657387648
26535769705562,26536043102903
26535769705562,26536285331410
26535769705562,26536424710168
26535769705562,26536582060453
26536673368399,26536582060453
26536673368399,26536910681967
26536673368399,26537093863477
26536673368399,26537322400155
26536673368399,26537599456171
26537606878035,26537599456171
26537606878035,26537816383333
26537606878035,26537992177605
26537606878035,26538212151274
26537606878035,26538536012159
26538538242481,26538536012159
26538538242481,26538698179298
26538538242481,26538914064759
26538538242481,26539087501549
26539090732129,26539087501549
26539090732129,26539327888097
26539090732129,26539509843493
26539090732129,26539687499305
26539090732129,26539822151371
26539090732129,26540306805984
26540308829891,26540306805984
26540308829891,26540535312260
26540308829891,26540725245866
26540308829891,26540887772415
26540889135163,26540887772415
26540889135163,26541132246941
26540889135163,26541263976618
26540889135163,26541393337605
26540889135163,26541838717766
26540889135163,26542185958782
26542280208993,26542185958782
26542280208993,26542557296929
26542280208993,26542701810827
26542280208993,26542837140124
26542838924873,26542837140124
26542838924873,26543043183895
26542838924873,26543295626019
26542838924873,26543475129925
26542838924873,26543743494075
26543811545771,26543743494075
26543811545771,26544050432474
26543811545771,26544251226760
26543811545771,26544444978992
26543811545771,26544631287443
26544748869636,26544631287443
26544748869636,26544980407490
26544748869636,26545268050551
26544748869636,26545449056098
26544748869636,26545634291121
26545988675030,26545634291121
26545988675030,26546232233633
26545988675030,26546358244072
26545988675030,26546617427552
26545988675030,26546857126354
26545988675030,26547259920477
26547261842485,26547259920477
26547261842485,26547514048127
26547261842485,26547651332081
26547261842485,26547778149478
26547261842485,26548261774439
26548263223934,26548261774439
26548263223934,26548501905438
26548263223934,26548703398244
26548263223934,26548885712659
26548263223934,26549061318439
26548888176179,26549061318439
26548888176179,26549217362808
26548888176179,26549394102502
26548888176179,26549590628300
26548888176179,26550001541334
26548888176179,26550289412458
26550097656326,26550289412458
26550097656326,26550504770181
26550097656326,26550651934226
26550097656326,26551003626883
26551011153597,26551003626883
26551011153597,26551214606623
26551011153597,26551428406042
26551011153597,26551568334433
26551011153597,26551908404041
26551966664992,26551908404041
26551966664992,26552203865880
26551966664992,26552357279273
26551966664992,26552570113267
26551966664992,26553022984102
26553026758009,26553022984102
26553026758009,26553209473033
26553026758009,26553427230975
26553026758009,26553629517946
26553026758009,26553837305477
26553927697472,26553837305477
26553927697472,26554117151912
26553927697472,26554349846655
26553927697472,26554554680673
26554556163907,26554554680673
26554556163907,26554804237885
26554556163907,26554947568724
26554556163907,26555140174881
26554556163907,26555312091894
26554556163907,26555708469010
26555804420129,26555708469010
26555804420129,26556056995281
26555804420129,26556279153921
26555804420129,26556476673165
26555804420129,26556739266699
26556742126378,26556739266699
26556742126378,26556958587557
26556742126378,26557158216502
26556742126378,26557287575493
26557288865724,26557287575493
26557288865724,26557519033572
26557288865724,26557712749769
26557288865724,26557891413783
26557288865724,26558151633138
26558160907759,26558151633138
26558160907759,26558316702560
26558160907759,26558483223331
26558160907759,26558660307864
26558160907759,26558983336160
26558160907759,26559278628459
26559407260275,26559278628459
26559407260275,26559619201895
26559407260275,26559870596320
26559407260275,26560048958756
26559407260275,26560285474229
26560370612907,26560285474229
26560370612907,26560671328640
26560370612907,26560841894922
26560370612907,26560999536895
26561001361613,26560999536895
26561001361613,26561211215123
26561001361613,26561354126120
26561001361613,26561561810053
26561001361613,26561807211450
26561809538581,26561807211450
26561809538581,26562064084031
26561809538581,26562224421841
26561809538581,26562339651164
26561809538581,26562493279834
26561809538581,26563015077972
26563078838555,26563015077972
26563078838555,26563289869742
26563078838555,26563491696850
26563078838555,26563708626794
26563078838555,26563918713240
26563968221135,26563918713240
26563968221135,26564139270394
26563968221135,26564470916478
26563968221135,26564630297549
26563968221135,26564823920250
26564906063884,26564823920250
26564906063884,26565076269080
26564906063884,26565313849219
26564906063884,26565481738179
26564906063884,26565696237864
26565794718685,26565696237864
26565794718685,26566026583376
26565794718685,26566244287246
26565794718685,26566412987417
26566415549416,26566412987417
26566415549416,26566602069813
26566415549416,26566736728441
26566415549416,26566871160954
26566415549416,26567127638608
26566415549416,26567548178849
26567577798946,26567548178849
26567577798946,26567782225959
26567577798946,26567951293874
26567577798946,26568149197641
26568152333733,26568149197641
26568152333733,26568362352644
26568152333733,26568536295259
26568152333733,26568780014753
26568152333733,26568997542294
26568152333733,26569462191379
26569472356028,26569462191379
26569472356028,26569637299116
26569472356028,26569830331551
26569472356028,26570025545494
26569472356028,26570366302155
26570368278938,26570366302155
26570368278938,26570627829139
26570368278938,26570876852572
26570368278938,26571029104990
26570368278938,26571182385939
26571235231284,26571182385939
26571235231284,26571498835118
26571235231284,26571646222713
26571235231284,26571772632632
26571774843459,26571772632632
26571774843459,26571975452299
26571774843459,26572124083141
26571774843459,26572272083603
26571774843459,26572569812880
26571774843459,26573042347385
26573124683375,26573042347385
26573124683375,26573388790721
26573124683375,26573568463153
26573124683375,26573680167557
26573124683375,26573968233142
26573986031462,26573968233142
26573986031462,26574171582565
26573986031462,26574380147715
26573986031462,26574523464161
26573986031462,26574883428188
26574885158878,26574883428188
26574885158878,26575084384704
26574885158878,26575295313285
26574885158878,26575445401564
26574885158878,26575773358611
26575824496753,26575773358611
26575824496753,26575969156934
26575824496753,26576182931667
26575824496753,26576319491987
26575824496753,26576699250903
26576700624446,26576699250903
26576700624446,26576902067050
26576700624446,26577096192409
26576700624446,26577286841020
26577291589848,26577286841020
26577291589848,26577496480672
26577291589848,26577666589058
26577291589848,26577838249412
26577291589848,26578035473536
26577291589848,26578489217745
26578490697434,26578489217745
26578490697434,26578738770635
26578490697434,26578886840746
26578490697434,26579100560057
26578490697434,26579433244847
26579459695381,26579433244847
26579459695381,26579764465295
26579459695381,26579901373837
26579459695381,26580091423144
26579459695381,26580313380144
26580348088144,26580313380144
26580348088144,26580557269958
26580348088144,26580714117547
26580348088144,26580957486291
26580348088144,26581200048936
26581322501566,26581200048936
26581322501566,26581587088978
26581322501566,26581831597736
26581322501566,26581998600992
26582001638510,26581998600992
26582001638510,26582220482092
26582001638510,26582434677075
26582001638510,26582581287235
26582001638510,26582755652110
26582829811000,26582755652110
26582829811000,26583063141560
26582829811000,26583213222003
26582829811000,26583418286997
26582829811000,26583742935648
26582829811000,26584160300776
26584193407424,26584160300776
26584193407424,26584548402024
26584193407424,26584774403022
26584193407424,26584938131204
26584940175145,26584938131204
26584940175145,26585167226782
26584940175145,26585310142176
26584940175145,26585510868291
26584940175145,26585671203615
26584940175145,26586189295001
26586191309758,26586189295001
26586191309758,26586436069534
26586191309758,26586618634268
26586191309758,26586792826985
26586191309758,26586988466744
26586794459455,26586988466744
26586794459455,26587208615028
26586794459455,26587356720820
26586794459455,26587537176282
26586794459455,26588015902787
26588019867211,26588015902787
26588019867211,26588309617998
26588019867211,26588475382788
26588019867211,26588640585944
26588019867211,26589033909116
26589049332800,26589033909116
26589049332800,26589277858068
26589049332800,26589491828401
26589049332800,26589676304122
26589524488825,26589676304122
26589524488825,26589794416460
26589524488825,26589906978218
26589524488825,26590076958540
26589524488825,26590484314116
26589524488825,26590822934772
26590834936527,26590822934772
26590834936527,26591033231491
26590834936527,26591303530738
26590834936527,26591471295074
26591473368834,26591471295074
26591473368834,26591687267827
26591473368834,26591802331734
26591473368834,26592053851561
26591473368834,26592246383889
26592248263865,26592246383889
26592248263865,26592460258763
26592248263865,26592597439325
26592248263865,26592771112814
26592248263865,26593053856918
26592248263865,26593486718894
26593488407356,26593486718894
26593488407356,26593725461621
26593488407356,26593916751095
26593488407356,26594108579180
26593488407356,26594345413643
26594358135821,26594345413643
26594358135821,26594539172596
26594358135821,26594737806004
26594358135821,26594926792362
26594929123331,26594926792362
26594929123331,26595125334527
26594929123331,26595287666812
26594929123331,26595438142153
26594929123331,26595614262399
26595655303492,26595614262399
26595655303492,26595908927929
26595655303492,26596048298262
26595655303492,26596248262473
26595655303492,26596536595634
26595655303492,26597064365058
26597131991203,26597064365058
26597131991203,26597340365997
26597131991203,26597539754534
26597131991203,26597700347001
26597131991203,26597969052139
26598076952069,26597969052139
26598076952069,26598251268438
26598076952069,26598439470178
26598076952069,26598629270379
26598076952069,26599065639929
26599067029962,26599065639929
26599067029962,26599260357720
26599067029962,26599441271744
26599067029962,26599605304265
26599067029962,26599895857129
26599988174413,26599895857129
26599988174413,26600165154512
26599988174413,26600383405092
26599988174413,26600565245350
26599988174413,26600860792964
26600915454495,26600860792964
26600915454495,26601112303344
26600915454495,26601374122966
26600915454495,26601560368838
26600915454495,26601883760451
26601886696675,26601883760451
26601886696675,26602158703894
26601886696675,26602296495608
26601886696675,26602477967029
26601886696675,26602902940620
26602906915425,26602902940620
26602906915425,26603130544554
26602906915425,26603296252387
26602906915425,26603502416084
26602906915425,26603727259722
26603795817294,26603727259722
26603795817294,26603992181512
26603795817294,26604206462680
26603795817294,26604399277082
26603795817294,26604638882788
26604646566002,26604638882788
26604646566002,26604879309780
26604646566002,26605011937944
26604646566002,26605233736048
26604646566002,26605524169614
26605621934168,26605524169614
26605621934168,26605850254451
26605621934168,26605999058732
26605621934168,26606147689001
26605621934168,26606729205842
26606802701726,26606729205842
26606802701726,26607025668451
26606802701726,26607356230414
26607357389944,26607356230414
26607357389944,26607555158884
26607357389944,26607697979915
26607357389944,26607867153712
26607357389944,26608019273832
26607357389944,26608207487530
26607357389944,26608626835553
26608654630271,26608626835553
26608654630271,26608923312964
26608654630271,26609144658091
26608654630271,26609359211692
26608654630271,26609548276174
26609649002268,26609548276174
26609649002268,26609916269698
26609649002268,26610088415838
26609649002268,26610272064072
26609649002268,26610661910587
26610697728672,26610661910587
26610697728672,26611004884354
26610697728672,26611167061361
26610697728672,26611342892590
26610697728672,26611672790851
26611674969968,26611672790851
26611674969968,26611903304227
26611674969968,26612048619333
26611674969968,26612213962769
26612248069031,26612213962769
26612248069031,26612471332808
26612248069031,26612689379362
26612248069031,26612902954015
26612248069031,26613198925860
26612248069031,26613654342132
26613655720826,26613654342132
26613655720826,26613898617172
26613655720826,26614079799087
26613655720826,26614296665185
26613655720826,26614753908342
26614762315015,26614753908342
26614762315015,26615053247013
26614762315015,26615240245515
26614762315015,26615496477067
26614762315015,26615761410171
26615764913086,26615761410171
26615764913086,26616029837271
26615764913086,26616188433441
26615764913086,26616334156331
26615764913086,26616478960107
26616487962443,26616478960107
26616487962443,26616748523745
26616487962443,26616931532453
26616487962443,26617147140609
26616487962443,26617429365470
26617439610517,26617429365470
26617439610517,26617714305683
26617439610517,26617889343247
26617439610517,26618063319963
26617439610517,26618508274916
26618606594545,26618508274916
26618606594545,26618894092693
26618606594545,26619056720002
26618606594545,26619211861016
26618606594545,26619374268573
26618606594545,26619556101080
26619558206754,26619556101080
26619558206754,26619764572917
26619558206754,26619955387525
26619956495664,26619955387525
26619956495664,26620141385488
26619956495664,26620298349790
26619956495664,26620470030331
26619956495664,26620645715389
26619956495664,26621175108100
26621183898210,26621175108100
26621183898210,26621396158331
26621183898210,26621560972038
26621183898210,26621777409684
26621183898210,26622025310671
26622117176262,26622025310671
26622117176262,26622368186291
26622117176262,26622550678785
26622117176262,26622714380729
26622117176262,26622981088448
26622991676375,26622981088448
26622991676375,26623202973491
26622991676375,26623483302856
26622991676375,26623681321867
26622991676375,26623833084296
26623997769598,26623833084296
26623997769598,26624213378640
26623997769598,26624392121729
26623997769598,26624577056674
26623997769598,26624877478852
26624908996058,26624877478852
26624908996058,26625135799327
26624908996058,26625375670128
26624908996058,26625562478236
26625564016817,26625562478236
26625564016817,26625769337965
26625564016817,26625977709304
26625564016817,26626099991297
26625564016817,26626289314316
26625564016817,26626710498466
26626739374695,26626710498466
26626739374695,26626994789517
26626739374695,26627199630234
26626739374695,26627339343152
26626739374695,26627671978906
26627699513960,26627671978906
26627699513960,26627912036286
26627699513960,26628147237591
26627699513960,26628422540736
26627699513960,26628603878752
26628692263630,26628603878752
26628692263630,26628932250294
26628692263630,26629222947059
26628692263630,26629419939946
26628692263630,26629561250136
26629562920192,26629561250136
26629562920192,26629821030671
26629562920192,26630023112380
26630042575882,26630023112380
26630042575882,26630284063140
26630042575882,26630459826146
26630042575882,26630603035048
26630042575882,26630770371869
26630042575882,26630946544665
26630042575882,26631315735015
26631322690696,26631315735015
26631322690696,26631514837627
26631322690696,26631718733113
26631322690696,26631860607525
26631322690696,26632206984502
26632290519182,26632206984502
26632290519182,26632548856983
26632290519182,26632762993062
26632290519182,26633009551242
26632290519182,26633237072458
26633262185812,26633237072458
26633262185812,26633444928515
26633262185812,26633620115048
26633262185812,26633816544151
26633819271981,26633816544151
26633819271981,26634067095764
26633819271981,26634234438732
26633819271981,26634424359285
26633819271981,26634616472118
26633819271981,26635121561193
26635146109023,26635121561193
26635146109023,26635337746454
26635146109023,26635527512229
26635146109023,26635706521843
26635146109023,26636049163753
26636137089600,26636049163753
26636137089600,26636365364914
26636137089600,26636502638310
26636137089600,26636658654795
26636137089600,26637142101889
26637144526543,26637142101889
26637144526543,26637349413130
26637144526543,26637548101826
26637144526543,26637739211960
26637144526543,26638044080507
26638045979522,26638044080507
26638045979522,26638322349332
26638045979522,26638472424436
26638045979522,26638587777434
26638045979522,26638843730262
26638874541667,26638843730262
26638874541667,26639060126605
26638874541667,26639305310122
26639308522314,26639305310122
26639308522314,26639478998743
26639308522314,26639594945294
26639308522314,26639733518820
26639308522314,26639911359943
26639308522314,26640078923861
26640168343987,26640078923861
26640168343987,26640391847018
26640168343987,26640579680112
26640168343987,26640742239003
26640168343987,26641074893732
26640168343987,26641380243446
26641449635717,26641380243446
26641449635717,26641678331205
26641449635717,26641871635263
26641449635717,26642088463484
26641449635717,26642365513462
26642440828656,26642365513462
26642440828656,26642707108512
26642440828656,26642910842209
26642440828656,26643084095336
26642440828656,26643277265253
26643341527243,26643277265253
26643341527243,26643613186816
26643341527243,26643754353141
26643341527243,26643912038923
26643341527243,26644381306069
26644382990224,26644381306069
26644382990224,26644614066204
26644382990224,26644745646850
26644382990224,26644910093627
26644382990224,26645169046455
26645230718608,26645169046455
26645230718608,26645380282808
26645230718608,26645627090306
26645230718608,26645820225397
26645830245077,26645820225397
26645830245077,26646046194225
26645830245077,26646196590074
26645830245077,26646328914540
26645830245077,26646500297585
26645830245077,26646900971730
26646948459347,26646900971730
26646948459347,26647217329104
26646948459347,26647382375094
26646948459347,26647544281778
26646948459347,26647805973620
26647823133799,26647805973620
26647823133799,26648027755972
26647823133799,26648212443737
26647823133799,26648385295977
26647823133799,26648720777054
26648763746517,26648720777054
26648763746517,26649002202497
26648763746517,26649198043393
26648763746517,26649410443071
26648763746517,26649618772121
26649682927896,26649618772121
26649682927896,26649881866893
26649682927896,26650145884570
26649682927896,26650300819004
26649682927896,26650509409394
26650590821607,26650509409394
26650590821607,26650824761784
26650590821607,26651342329462
26650590821607,26651499390580
26650590821607,26651801181146
26651843222678,26651801181146
26651843222678,26652032956348
26651843222678,26652219470777
26651843222678,26652439172309
26651843222678,26652741482307
26652832837880,26652741482307
26652832837880,26653015367859
26652832837880,26653235326513
26652832837880,26653415420055
26652832837880,26653663179081
26654115259820,26653663179081
26654115259820,26654343245477
26654115259820,26654539281306
26654115259820,26654702954887
26654115259820,26654963097527
26654973267823,26654963097527
26654973267823,26655136264610
26654973267823,26655299428971
26654973267823,26655424318643
26654973267823,26655522051455
26654973267823,26655635634765
