26167506952498,26168339945784
26167506952498,26168821682687
26168845937848,26168821682687
26168845937848,26169055845535
26168845937848,26169201714138
26168845937848,26169458790526
26168845937848,26169788165735
26169799457059,26169788165735
26169799457059,26170055686448
26169799457059,26170212282503
26169799457059,26170440351020
26169799457059,26170695695131
26170718085161,26170695695131
26170718085161,26170971927734
26170718085161,26171147451595
26170718085161,26171428882795
26170718085161,26171699712764
26171702416221,26171699712764
26171702416221,26171903878614
26171702416221,26172048938380
26171702416221,26172615615564
26171702416221,26172815182801
26171702416221,26173012518708
26172817403424,26173012518708
26172817403424,26173176320669
26173222504057,26173176320669
26173222504057,26173407988853
26173222504057,26173573176513
26173222504057,26173722977579
26173222504057,26173913204919
26173222504057,26174070502330
26173222504057,26174532393022
26174548655576,26174532393022
26174548655576,26174817506431
26174548655576,26174977959697
26174548655576,26175097104131
26174548655576,26175495920244
26175498397837,26175495920244
26175498397837,26175667018574
26175498397837,26175874419787
26175498397837,26176021947262
26175498397837,26176359713846
26176393260163,26176359713846
26176393260163,26176611110349
26176393260163,26176800312157
26176393260163,26177015306565
26176393260163,26177422184493
26177423946904,26177422184493
26177423946904,26177614320699
26177423946904,26177774053147
26177423946904,26177889103651
26177423946904,26178272477764
26178310248170,26178272477764
26178310248170,26178557238403
26178310248170,26178747233904
26178310248170,26178968510447
26178310248170,26179235359032
26179239696133,26179235359032
26179239696133,26179466216419
26179239696133,26179621449397
26179239696133,26179731132824
26179239696133,26180151897113
26180154199975,26180151897113
26180154199975,26180351703805
26180154199975,26180631453356
26180154199975,26180806981265
26180154199975,26181159159809
26181160934526,26181159159809
26181160934526,26181362275475
26181160934526,26181550567653
26181160934526,26181692275721
26181160934526,26181839378868
26181922040564,26181839378868
26181922040564,26182196438091
26181922040564,26182313123563
26181922040564,26182482546268
26181922040564,26182919808964
26182921934353,26182919808964
26182921934353,26183196415142
26182921934353,26183315044714
26182921934353,26183464336808
26182921934353,26183843273714
26183844948515,26183843273714
26183844948515,26184075204758
26183844948515,26184238404810
26183844948515,26184452793768
26183844948515,26184751380034
26184865666940,26184751380034
26184865666940,26185110977026
26184865666940,26185287562414
26184865666940,26185411413902
26185413931065,26185411413902
26185413931065,26185667452109
26185413931065,26185856469127
26185413931065,26185995427696
26185413931065,26186146020651
26185413931065,26186584349057
26186637972640,26186584349057
26186637972640,26186867393393
26186637972640,26187061211671
26186637972640,26187248467612
26186637972640,26187485540062
26187506107601,26187485540062
26187506107601,26187715659826
26187506107601,26187882422996
26187506107601,26188199815271
26187506107601,26188467230505
26188502665330,26188467230505
26188502665330,26188742496326
26188502665330,26188881560321
26188502665330,26189033594034
26189036743865,26189033594034
26189036743865,26189277643983
26189036743865,26189435336758
26189036743865,26189607033565
26189036743865,26189900324877
26189036743865,26190409262970
26190416436123,26190409262970
26190416436123,26190679667605
26190416436123,26190891040693
26190416436123,26191085266546
26191090769649,26191085266546
26191090769649,26191318395390
26191090769649,26191456202703
26191090769649,26191614988700
26191090769649,26191844047823
26191090769649,26192341826336
26192342855236,26192341826336
26192342855236,26192567603966
26192342855236,26192707445155
26192342855236,26192859797164
26192342855236,26193199585576
26193272450963,26193199585576
26193272450963,26193490847377
26193272450963,26193627527929
26193272450963,26193879523748
26193272450963,26194118827879
26194128925292,26194118827879
26194128925292,26194352339732
26194128925292,26194543386010
26194128925292,26194726785011
26194128925292,26195053841838
26195074639895,26195053841838
26195074639895,26195292932933
26195074639895,26195448427634
26195074639895,26195559643034
26195561716425,26195559643034
26195561716425,26195804210738
26195561716425,26196022238623
26195561716425,26196236326205
26195561716425,26196397359157
26196416939970,26196397359157
26196416939970,26197046255980
26196416939970,26197244551549
26196416939970,26197396563028
26196416939970,26197584911441
26197586841055,26197584911441
26197586841055,26197719630304
26197586841055,26197849068212
26197586841055,26198066363649
26197586841055,26198366424520
26197586841055,26198796340230
26198829440668,26198796340230
26198829440668,26199121894399
26198829440668,26199362955220
26198829440668,26199551658587
26198829440668,26199900719235
26198829440668,26200064119669
26199903650901,26200064119669
26199903650901,26200288920626
26199903650901,26200434976925
26199903650901,26200816945844
26200820826383,26200816945844
26200820826383,26201085580134
26200820826383,26201235721129
26200820826383,26201368399378
26200820826383,26201742140234
26201743834813,26201742140234
26201743834813,26201908228207
26201743834813,26202114673226
26201743834813,26202268078497
26201743834813,26202476701422
26202527667354,26202476701422
26202527667354,26202740266416
26202527667354,26202933961039
26202527667354,26203082299236
26202527667354,26203409036933
26203459460916,26203409036933
26203459460916,26203739937271
26203459460916,26203932001399
26203459460916,26204136909867
26203459460916,26204299496100
26204345864413,26204299496100
26204345864413,26204552488935
26204345864413,26204721154779
26204345864413,26204897119205
26204345864413,26205508274047
26205509530042,26205508274047
26205509530042,26205679162323
26205509530042,26205844224175
26205509530042,26205994730581
26205509530042,26206296244534
26206391239300,26206296244534
26206391239300,26206689724443
26206391239300,26206958276215
26206391239300,26207144712315
26206391239300,26207315371747
26207419803738,26207315371747
26207419803738,26207730097064
26207419803738,26207985852998
26207419803738,26208176857772
26208177972574,26208176857772
26208177972574,26208333320211
26208177972574,26208490696950
26208177972574,26208630758001
26208177972574,26208824188354
26208884574500,26208824188354
26208884574500,26209110153685
26208884574500,26209332654451
26208884574500,26209489274803
26208884574500,26209765256322
26208884574500,26210128029841
26210281773114,26210128029841
26210281773114,26210519169059
26210281773114,26210663632579
26210281773114,26210929745905
26210281773114,26211197011455
26211275582311,26211197011455
26211275582311,26211499917638
26211275582311,26211674393432
26211708682683,26211674393432
26211708682683,26211986410817
26211708682683,26212177769548
26211708682683,26212309802126
26211708682683,26212505235056
26211708682683,26212660835397
26211708682683,26213107279280
26213110644484,26213107279280
26213110644484,26213344104522
26213110644484,26213513132147
26213110644484,26213695205225
26213110644484,26214013259344
26214014985997,26214013259344
26214014985997,26214240147083
26214014985997,26214372832063
26214014985997,26214584398458
26214586922463,26214584398458
26214586922463,26214797473354
26214586922463,26215015712291
26214586922463,26215176405046
26214586922463,26215356457292
26215357701915,26215356457292
26215357701915,26215622185839
26215357701915,26215783452193
26215357701915,26215977755790
26215357701915,26216196273033
26215357701915,26216574471714
26216686527889,26216574471714
26216686527889,26216915320434
26216686527889,26217091341806
26216686527889,26217249335506
26216686527889,26217706382538
26217707793573,26217706382538
26217707793573,26217944350468
26217707793573,26218104786818
26217707793573,26218299606400
26217707793573,26218617289615
26218635269342,26218617289615
26218635269342,26218855846979
26218635269342,26219108972312
26218635269342,26219278484981
26219281353827,26219278484981
26219281353827,26219453206098
26219281353827,26219620632905
26219281353827,26219761330469
26219281353827,26220056723513
26220058260403,26220056723513
26220058260403,26220291314989
26220058260403,26220478503120
26220058260403,26220661522215
26220058260403,26220808663103
26220902234883,26220808663103
26220902234883,26221097990760
26220902234883,26221340219436
26220902234883,26221522745181
26220902234883,26221669875388
26220902234883,26222160439186
26222262608260,26222160439186
26222262608260,26222456815307
26222262608260,26222659267169
26222262608260,26222836317077
26222262608260,26223162144127
26223165588933,26223162144127
26223165588933,26223375776059
26223165588933,26223526960839
26223165588933,26223732487355
26223165588933,26224077166334
26224082861851,26224077166334
26224082861851,26224266277586
26224082861851,26224469600153
26224082861851,26224690732335
26224692404448,26224690732335
26224692404448,26224881834535
26224692404448,26225011151182
26224692404448,26225160126983
26224692404448,26225397155462
26224692404448,26225792353167
26225892058423,26225792353167
26225892058423,26226065097086
26225892058423,26226306294478
26225892058423,26226499997865
26225892058423,26226815235394
26226846438070,26226815235394
26226846438070,26227111122159
26226846438070,26227294947029
26226846438070,26227473836202
26226846438070,26227801804409
26227804700416,26227801804409
26227804700416,26227997028187
26227804700416,26228169242455
26227804700416,26228307939528
26228308850806,26228307939528
26228308850806,26228510021329
26228308850806,26228657657506
26228308850806,26228804736160
26228308850806,26228994077144
26228999458063,26228994077144
26228999458063,26229215132260
26228999458063,26229451948292
26228999458063,26229647281858
26228999458063,26229923344051
26229943738019,26229923344051
26229943738019,26230222631630
26229943738019,26230442362484
26229943738019,26230653315705
26229943738019,26230782082902
26229943738019,26231311811638
26231333293705,26231311811638
26231333293705,26231599028045
26231333293705,26231834754500
26231333293705,26232002935050
26232004794808,26232002935050
26232004794808,26232253630254
26232004794808,26232397716705
26232004794808,26232583981560
26232004794808,26232718032659
26232719445782,26232718032659
26232719445782,26232971452570
26232719445782,26233130422902
26232719445782,26233292543376
26232719445782,26233668300731
26233670485690,26233668300731
26233670485690,26233950903712
26233670485690,26234140220701
26233670485690,26234360413784
26233670485690,26234548476079
26233670485690,26235047515144
26235108315907,26235047515144
26235108315907,26235353153675
26235108315907,26235505501171
26235108315907,26235671214590
26235672691994,26235671214590
26235672691994,26235880202361
26235672691994,26235994100328
26235672691994,26236138318882
26235672691994,26236435689890
26235672691994,26236856253992
26236862592984,26236856253992
26236862592984,26237093318354
26236862592984,26237251124958
26236862592984,26237426791892
26236862592984,26237890960451
26237892339150,26237890960451
26237892339150,26238149648944
26237892339150,26238310096787
26237892339150,26238459215618
26238461172517,26238459215618
26238461172517,26238690743828
26238461172517,26238852384119
26238461172517,26239020130292
26238461172517,26239169863682
26238461172517,26239435637030
26239516888485,26239435637030
26239516888485,26239688474679
26239516888485,26240010435839
26239516888485,26240200506198
26240202613710,26240200506198
26240202613710,26240374887856
26240202613710,26240567515447
26240202613710,26240736382216
26240202613710,26240884657017
26240202613710,26241278569969
26241281676101,26241278569969
26241281676101,26241465452514
26241281676101,26241606079654
26241281676101,26241788103614
26241790039814,26241788103614
26241790039814,26242048441000
26241790039814,26242220708433
26241790039814,26242403147438
26241790039814,26242676660048
26241790039814,26242991361712
26243038524262,26242991361712
26243038524262,26243293741439
26243038524262,26243440420254
26243038524262,26243807431377
26243808788988,26243807431377
26243808788988,26244059977444
26243808788988,26244218257718
26243808788988,26244387374861
26243808788988,26244579524693
26244583167462,26244579524693
26244583167462,26244781212044
26244583167462,26244974240680
26244583167462,26245124603981
26244583167462,26245297265721
26244583167462,26245778938162
26245847512085,26245778938162
26245847512085,26246125842383
26245847512085,26246354052697
26245847512085,26246473740788
26245847512085,26246728416591
26246786638475,26246728416591
26246786638475,26246953229300
26246786638475,26247100259904
26246786638475,26247315044256
26247316612333,26247315044256
26247316612333,26247479535496
26247316612333,26247606432640
26247316612333,26247835396449
26247316612333,26248032503764
26247316612333,26248431214330
26248525122668,26248431214330
26248525122668,26249022691907
26248525122668,26249160713487
26248525122668,26249318405597
26248525122668,26249837449229
26249838656289,26249837449229
26249838656289,26249992980467
26249838656289,26250167268206
26249838656289,26250338235007
26249838656289,26250659088060
26250666801101,26250659088060
26250666801101,26250904037238
26250666801101,26251029274770
26250666801101,26251238077571
26251240182091,26251238077571
26251240182091,26251435164823
26251240182091,26251579914190
26251240182091,26251785753100
26251240182091,26251968778972
26251240182091,26252471648836
26252515659504,26252471648836
26252515659504,26252749227210
26252515659504,26252905290439
26252515659504,26253055704410
26253058850595,26253055704410
26253058850595,26253250675275
26253058850595,26253379364522
26253058850595,26253553884190
26253058850595,26253837635196
26253058850595,26254438491584
26254440261444,26254438491584
26254440261444,26254718863266
26254440261444,26254835846511
26254440261444,26255010332040
26254440261444,26255226973820
26255278744557,26255226973820
26255278744557,26255513365483
26255278744557,26255681233156
26255278744557,26255864243247
26255278744557,26256283467643
26256285249019,26256283467643
26256285249019,26256546257433
26256285249019,26256703959652
26256285249019,26256872030116
26256285249019,26257208386998
26257232815999,26257208386998
26257232815999,26257530832575
26257232815999,26257677345419
26257232815999,26257838270970
26257232815999,26258090642546
26258139034753,26258090642546
26258139034753,26258311078882
26258139034753,26258488133063
26258139034753,26258741784546
26258139034753,26259008723980
26259010491158,26259008723980
26259010491158,26259218854080
26259010491158,26259407341260
26259010491158,26259639709136
26259010491158,26259891535421
26259923191899,26259891535421
26259923191899,26260118647369
26259923191899,26260355334674
26259923191899,26260581915816
26260582898892,26260581915816
26260582898892,26260813180975
26260582898892,26260973379670
26260582898892,26261109225525
26260582898892,26261316436229
26260582898892,26261809642841
26261854665642,26261809642841
26261854665642,26262027656505
26261854665642,26262224889621
26261854665642,26262414175136
26261854665642,26262728377122
26262765332457,26262728377122
26262765332457,26262937626571
26262765332457,26263128288390
26262765332457,26263372364500
26262765332457,26263594835144
26263702453572,26263594835144
26263702453572,26263959162562
26263702453572,26264154927856
26263702453572,26264304244216
26263702453572,26264594249696
26264683723337,26264594249696
26264683723337,26264933877369
26264683723337,26265182853733
26264683723337,26265381082777
26264683723337,26265540481275
26265617282444,26265540481275
26265617282444,26265915662048
26265617282444,26266089710809
26265617282444,26266310255777
26266311864383,26266310255777
26266311864383,26266541273263
26266311864383,26266700820212
26266311864383,26266878837717
26266311864383,26267040358212
26267060775994,26267040358212
26267060775994,26267305085118
26267060775994,26267523680072
26267060775994,26267725388447
26267060775994,26267948329088
26267060775994,26268337094117
26268439193828,26268337094117
26268439193828,26268706022378
26268439193828,26268880050741
26268439193828,26269071168759
26268439193828,26269346899270
26269377837909,26269346899270
26269377837909,26269567960318
26269377837909,26269753152447
26269377837909,26269936988318
26269377837909,26270231977254
26270289191580,26270231977254
26270289191580,26270453924542
26270289191580,26270667937546
26270289191580,26270853545467
26270855443043,26270853545467
26270855443043,26271131385609
26270855443043,26271340772300
26270855443043,26271526334702
26270855443043,26271673137432
26271687395062,26271673137432
26271687395062,26271894893365
26271687395062,26272090567136
26271687395062,26272249634533
26271687395062,26272609292229
26271687395062,26272967558667
26273094776665,26272967558667
26273094776665,26273299491147
26273094776665,26273490260731
26273094776665,26273607063769
26273094776665,26274019170255
26274021459376,26274019170255
26274021459376,26274228863881
26274021459376,26274409984048
26274021459376,26274559364051
26274561037787,26274559364051
26274561037787,26274822872178
26274561037787,26274976427636
26274561037787,26275147617588
26274561037787,26275424334814
26274561037787,26275934012661
26275935691365,26275934012661
26275935691365,26276145878691
26275935691365,26276264093997
26275935691365,26276394364483
26276395979067,26276394364483
26276395979067,26276605668703
26276395979067,26276742000646
26276395979067,26276943968380
26276395979067,26277242247610
26276395979067,26277727089236
26277846908513,26277727089236
26277846908513,26278080848536
26277846908513,26278271714481
26277846908513,26278510968953
26277846908513,26278767754264
26278823062940,26278767754264
26278823062940,26279042302258
26278823062940,26279259998962
26278823062940,26279438456301
26278823062940,26279758095172
26279761124394,26279758095172
26279761124394,26279987931938
26279761124394,26280118376442
26279761124394,26280270070840
26280272442116,26280270070840
26280272442116,26280520692248
26280272442116,26280718273551
26280272442116,26280903911389
26280272442116,26281055966639
26280272442116,26281464681746
26281551571441,26281464681746
26281551571441,26281811504741
26281551571441,26282000379669
26281551571441,26282215981545
26282223401065,26282215981545
26282223401065,26282404443035
26282223401065,26282594370819
26282223401065,26282741770300
26282223401065,26282876638905
26282223401065,26283420221962
26283425804887,26283420221962
26283425804887,26283659983970
26283425804887,26283939065835
26283425804887,26284139771600
26283425804887,26284285283124
26284391455332,26284285283124
26284391455332,26284628369869
26284391455332,26284795544250
26284391455332,26285053854268
26284391455332,26285320958407
26285435457197,26285320958407
26285435457197,26285613923575
26285435457197,26285821475515
26285435457197,26285967059569
26285435457197,26286237789610
26286279765730,26286237789610
26286279765730,26286513996971
26286279765730,26286703664449
26286279765730,26286964234310
26286279765730,26287222434759
26287225791989,26287222434759
26287225791989,26287428914989
26287225791989,26287641353373
26287225791989,26287867294753
26287225791989,26288135076137
26288177379645,26288135076137
26288177379645,26288356823445
26288177379645,26288550576732
26288177379645,26288762399629
26288177379645,26289170421873
26289173257176,26289170421873
26289173257176,26289354812855
26289173257176,26289564288769
26289173257176,26289828262608
26289173257176,26290070022957
26290114420696,26290070022957
26290114420696,26290415831284
26290114420696,26290588305483
26290114420696,26290812504552
26290814437353,26290812504552
26290814437353,26291059816078
26290814437353,26291224388210
26290814437353,26291379944217
26290814437353,26291615444094
26291618370697,26291615444094
26291618370697,26291793230704
26291618370697,26291989628914
26291618370697,26292206920599
26291618370697,26292335966202
26291618370697,26292767874921
26292850569651,26292767874921
26292850569651,26293161139976
26292850569651,26293265154508
26292850569651,26293427154721
26292850569651,26293895355011
26293946586663,26293895355011
26293946586663,26294144242650
26293946586663,26294337840827
26293946586663,26294594025780
26293946586663,26294697322203
26294698837093,26294697322203
26294698837093,26294915263586
26294698837093,26295091948072
26294698837093,26295248940518
26294698837093,26295593546020
26294698837093,26295799049803
26295606123469,26295799049803
26295606123469,26295964804591
26295606123469,26296185704614
26295606123469,26296482568450
26296485219662,26296482568450
26296485219662,26296791415170
26296485219662,26296971052760
26296485219662,26297123233512
26296485219662,26297382865670
26297455454107,26297382865670
26297455454107,26297695665866
26297455454107,26297923713457
26297455454107,26298080053229
26297455454107,26298404087505
26298406578035,26298404087505
26298406578035,26298632098087
26298406578035,26298794159284
26298406578035,26298909187421
26298406578035,26299303227921
26299320850519,26299303227921
26299320850519,26299489119078
26299320850519,26299692245861
26299320850519,26299896147230
26299320850519,26300095512623
26300246099025,26300095512623
26300246099025,26300529395405
26300246099025,26300719382144
26300246099025,26300886168218
26300246099025,26301131311278
26301169797878,26301131311278
26301169797878,26301445302899
26301169797878,26301642374762
26301169797878,26301801271952
26301169797878,26302171416980
26302173743048,26302171416980
26302173743048,26302406147482
26302173743048,26302579409512
26302173743048,26302736398101
26302173743048,26303082714638
26303086175419,26303082714638
26303086175419,26303304091366
26303086175419,26303473577981
26303086175419,26303617420840
26303086175419,26303950169861
26303952375072,26303950169861
26303952375072,26304228637760
26303952375072,26304373168277
26303952375072,26304552268753
26303952375072,26304713650021
26304823702110,26304713650021
26304823702110,26305047943180
26304823702110,26305208806875
26304823702110,26305445724097
26304823702110,26305761566634
26305763391906,26305761566634
26305763391906,26305992813896
26305763391906,26306128741305
26305763391906,26306327259160
26305763391906,26306533582607
26306584177852,26306533582607
26306584177852,26306775910210
26306584177852,26306963391797
26306584177852,26307144758186
26306584177852,26307461040478
26307464538837,26307461040478
26307464538837,26307654543465
26307464538837,26307847805085
26307464538837,26308072833095
26307464538837,26308338084162
26308368620880,26308338084162
26308368620880,26308566804700
26308368620880,26308778488319
26308368620880,26308929958041
26308368620880,26309273121020
26309312590238,26309273121020
26309312590238,26309506813198
26309312590238,26309680832436
26309312590238,26309845201855
26309312590238,26310176750277
26310234183762,26310176750277
26310234183762,26310492914124
26310234183762,26310674561163
26310234183762,26310890268192
26310892200368,26310890268192
26310892200368,26311084059581
26310892200368,26311248823563
26310892200368,26311398172482
26310892200368,26311583343534
26310892200368,26312082350752
26312091440347,26312082350752
26312091440347,26312438718693
26312091440347,26312683204759
26312091440347,26312848678312
26312091440347,26312999463113
26313003391353,26312999463113
26313003391353,26313208906283
26313003391353,26313405721354
26313003391353,26313631072387
26313003391353,26313838198781
26313965386768,26313838198781
26313965386768,26314200078082
26313965386768,26314391409241
26313965386768,26314540262436
26313965386768,26315025380479
26315027836484,26315025380479
26315027836484,26315268801207
26315027836484,26315421878369
26315027836484,26315584249221
26315027836484,26315761940019
26315892915180,26315761940019
26315892915180,26316125056005
26315892915180,26316309220189
26315892915180,26316509133911
26315892915180,26316916267526
26316918748091,26316916267526
26316918748091,26317154256814
26316918748091,26317303164549
26316918748091,26317457913526
26316918748091,26317841392504
26317953028206,26317841392504
26317953028206,26318116562000
26317953028206,26318288094575
26317953028206,26318493498275
26317953028206,26318822274286
26318824132935,26318822274286
26318824132935,26319029593425
26318824132935,26319213297184
26318824132935,26319414578099
26318824132935,26319730765200
26319767066898,26319730765200
26319767066898,26319973365714
26319767066898,26320148353549
26319767066898,26320420375743
26319767066898,26320861446570
26320972680957,26320861446570
26320972680957,26321191082487
26320972680957,26321387236709
26320972680957,26321573302566
26320972680957,26321845856657
26321847118955,26321845856657
26321847118955,26322101161863
26321847118955,26322301032029
26321847118955,26322483439867
26321847118955,26322725219622
26322774498897,26322725219622
26322774498897,26323027404757
26322774498897,26323283187577
26322774498897,26323501221311
26322774498897,26323639735629
26323689145175,26323639735629
26323689145175,26323911421814
26323689145175,26324036208506
26323689145175,26324210862865
26323689145175,26324559000844
26324561661138,26324559000844
26324561661138,26324823116413
26324561661138,26324985059439
26324561661138,26325155197911
26324561661138,26325598107568
26325599922986,26325598107568
26325599922986,26325818289806
26325599922986,26325992405226
26325599922986,26326165487089
26325599922986,26326502234550
26326505035387,26326502234550
26326505035387,26326735414686
26326505035387,26326853798861
26326505035387,26327015919773
26327017696444,26327015919773
26327017696444,26327229589759
26327017696444,26327422536679
26327017696444,26327624147311
26327017696444,26327791922711
26327017696444,26328312016758
26328317228935,26328312016758
26328317228935,26328522780742
26328317228935,26328714388011
26328317228935,26328969145600
26328317228935,26329319159793
26329343056422,26329319159793
26329343056422,26329587136228
26329343056422,26329833681710
26329343056422,26330060068528
26329343056422,26330229864582
26330386356563,26330229864582
26330386356563,26330605738119
26330386356563,26330768250113
26330386356563,26330946961562
26330386356563,26331243231898
26331245202118,26331243231898
26331245202118,26331433919047
26331245202118,26331685052526
26331245202118,26331850108277
26331852101626,26331850108277
26331852101626,26331979350611
26331852101626,26332121066782
26331852101626,26332259555976
26331852101626,26332641049315
26331852101626,26333065281326
26333157295135,26333065281326
26333157295135,26333366608515
26333157295135,26333521907592
26333157295135,26333732165072
26333157295135,26334055298325
26334082964863,26334055298325
26334082964863,26334244198601
26334082964863,26334514324993
26334082964863,26334686035003
26334082964863,26334934063336
26334971374513,26334934063336
26334971374513,26335181650592
26334971374513,26335474687955
26334971374513,26335611682046
26335614439908,26335611682046
26335614439908,26335872159349
26335614439908,26336022194924
26335614439908,26336205668346
26335614439908,26336397665289
26335614439908,26336676471200
26336677681066,26336676471200
26336677681066,26336879800180
26336677681066,26337037591508
26336677681066,26337336555600
26336677681066,26337556620157
26337558723510,26337556620157
26337558723510,26337815968105
26337558723510,26338093106513
26337558723510,26338289131243
26338290413759,26338289131243
26338290413759,26338482738409
26338290413759,26338672375778
26338290413759,26338836976798
26338290413759,26338986741571
26338290413759,26339273442374
26339369981168,26339273442374
26339369981168,26339652275570
26339369981168,26339823129566
26339369981168,26340026216309
26339369981168,26340175248226
26340278994954,26340175248226
26340278994954,26340551308051
26340278994954,26340675599389
26340278994954,26340821170355
26340278994954,26341166215492
26341213519741,26341166215492
26341213519741,26341414879678
26341213519741,26341574276360
26341213519741,26341883353318
26341213519741,26342330044093
26341213519741,26342513637316
26342331668100,26342513637316
26342331668100,26342669223979
26342331668100,26342891079033
26342331668100,26343178573949
26343246261150,26343178573949
26343246261150,26343444113918
26343246261150,26343602573198
26343246261150,26343839764969
26343246261150,26344232279220
26344234110131,26344232279220
26344234110131,26344444801079
26344234110131,26344607330033
26344234110131,26344739198299
26344234110131,26345169676961
26345171078893,26345169676961
26345171078893,26345415913591
26345171078893,26345576167112
26345171078893,26345723289760
26345171078893,26346032330002
26346054687471,26346032330002
26346054687471,26346258759342
26346054687471,26346417435971
26346054687471,26346612381513
26346054687471,26347034307378
26347037595222,26347034307378
26347037595222,26347228248775
26347037595222,26347421712747
26347037595222,26347612620483
26347037595222,26347962474312
26347964063491,26347962474312
26347964063491,26348159489345
26347964063491,26348340884522
26347964063491,26348548535437
26347964063491,26348830700449
26348933310206,26348830700449
26348933310206,26349170441432
26348933310206,26349365289172
26348933310206,26349597601004
26348933310206,26349863694217
26349867235206,26349863694217
26349867235206,26350263148127
26349867235206,26350446399854
26349867235206,26350576336154
26349867235206,26350932373956
26350937263373,26350932373956
26350937263373,26351180969680
26350937263373,26351368719801
26350937263373,26351550032907
26351551768642,26351550032907
26351551768642,26351715886966
26351551768642,26351874945449
26351551768642,26352049962811
26351551768642,26352343784335
26351551768642,26352658843089
26352747140117,26352658843089
26352747140117,26352969325559
26352747140117,26353194677332
26352747140117,26353356036760
26352747140117,26353719160605
26353742229088,26353719160605
26353742229088,26354004197632
26353742229088,26354233155416
26353742229088,26354388977951
26353742229088,26354642123667
26354643461606,26354642123667
26354643461606,26354796324691
26354643461606,26354953824021
26354643461606,26355208767783
26355211374172,26355208767783
26355211374172,26355387725313
26355211374172,26355587140178
26355211374172,26355743387235
26355211374172,26355907949606
26355211374172,26356273092913
26356305375353,26356273092913
26356305375353,26356541515715
26356305375353,26356664928757
26356305375353,26356903340958
26356305375353,26357239307178
26357301839238,26357239307178
26357301839238,26357517585714
26357301839238,26357686316109
26357301839238,26357859020408
26357301839238,26358196798206
26358251247987,26358196798206
26358251247987,26358510557104
26358251247987,26358638199824
26358251247987,26358797265165
26358251247987,26359142531811
26359168297923,26359142531811
26359168297923,26359397569909
26359168297923,26359611386362
26359168297923,26359853449386
26359168297923,26360112583738
26359168297923,26360313397839
26360132265118,26360313397839
26360132265118,26360550109568
26360132265118,26360766385582
26360132265118,26361044129106
26361046667161,26361044129106
26361046667161,26361236046021
26361046667161,26361461242961
26361046667161,26361673297659
26361046667161,26361962053596
26361980046408,26361962053596
26361980046408,26362295554767
26361980046408,26362455086469
26361980046408,26362628419371
26361980046408,26362967088143
26361980046408,26363155638178
26362968533050,26363155638178
26362968533050,26363374520160
26362968533050,26363605304131
26362968533050,26363834156367
26363940296078,26363834156367
26363940296078,26364129658606
26363940296078,26364366266299
26363940296078,26364554107808
26364555458642,26364554107808
26364555458642,26364749184562
26364555458642,26364893982921
26364555458642,26365014431877
26364555458642,26365458612488
26364555458642,26366473240004
26366537432691,26366473240004
26366537432691,26366783692215
26366537432691,26366952547340
26366537432691,26367191209474
26366537432691,26367432446747
26367501461752,26367432446747
26367501461752,26367700272985
26367501461752,26367885018153
26367501461752,26368094031677
26367501461752,26368409578215
26368410794021,26368409578215
26368410794021,26368690348824
26368410794021,26368840789690
26368410794021,26368966741287
26368410794021,26369411514523
26369412935820,26369411514523
26369412935820,26369607660219
26369412935820,26369744842596
26369412935820,26369903866310
26369412935820,26370285881023
26370308587644,26370285881023
26370308587644,26370545355612
26370308587644,26370707813578
26370308587644,26370914102432
26370918630304,26370914102432
26370918630304,26371057706190
26370918630304,26371184376938
26370918630304,26371455588666
26370918630304,26371689301274
26371691954707,26371689301274
26371691954707,26371884293175
26371691954707,26372122431698
26371691954707,26372312353695
26371691954707,26372444300838
26371691954707,26373002249949
26371691954707,26373310767892
26373078197945,26373310767892
26373078197945,26373497380425
26373078197945,26373736852104
26373738644547,26373736852104
26373738644547,26373900224172
26373738644547,26374088001787
26373738644547,26374222890571
26373738644547,26374358443780
26373738644547,26374915262696
26374953497128,26374915262696
26374953497128,26375106865323
26374953497128,26375313329443
26374953497128,26375451511801
26375452963131,26375451511801
26375452963131,26375683766200
26375452963131,26375831775651
26375452963131,26376012874257
26375452963131,26376189056988
26376292526030,26376189056988
26376292526030,26376608882606
26376292526030,26376835966352
26376292526030,26376986143072
26376292526030,26377176721386
26376292526030,26377618284771
26377619868346,26377618284771
26377619868346,26377832592962
26377619868346,26377997670147
26377619868346,26378231767104
26377619868346,26378464453086
26378529556174,26378464453086
26378529556174,26378756277982
26378529556174,26378956252420
26378529556174,26379144381093
26378529556174,26379406359187
26379408414815,26379406359187
26379408414815,26379700274990
26379408414815,26379877081365
26379408414815,26380010192723
26379408414815,26380271781604
26380273063994,26380271781604
26380273063994,26380480998616
26380273063994,26380714238882
26380273063994,26380907660133
26380273063994,26381106556518
26381108319865,26381106556518
26381108319865,26381300867166
26381108319865,26381462351097
26381108319865,26381612177562
26381108319865,26381973364480
26381992747288,26381973364480
26381992747288,26382184940296
26381992747288,26382380715306
26381992747288,26382505520826
26382507528278,26382505520826
26382507528278,26382737292435
26382507528278,26382895580404
26382507528278,26383076336208
26382507528278,26383292920661
26383347712616,26383292920661
26383347712616,26383644523866
26383347712616,26383809939238
26383347712616,26383982324114
26383347712616,26384216359758
26383347712616,26384607350102
26384610591615,26384607350102
26384610591615,26384844850063
26384610591615,26385003017827
26384610591615,26385123734334
26384610591615,26385530511342
26385557717670,26385530511342
26385557717670,26385795727897
26385557717670,26385995912681
26385557717670,26386144808049
26386146536469,26386144808049
26386146536469,26386303581896
26386146536469,26386559300330
26386146536469,26386746291546
26386146536469,26387020702234
26386146536469,26387470303550
26387472882978,26387470303550
26387472882978,26387753529020
26387472882978,26387926740949
26387472882978,26388106114361
26387472882978,26388399893565
26388401706294,26388399893565
26388401706294,26388623423155
26388401706294,26388824572994
26388401706294,26388952458174
26388401706294,26389085773425
26389176482438,26389085773425
26389176482438,26389325661957
26389176482438,26389562383612
26389176482438,26389769348872
26389176482438,26390234695788
26390236612837,26390234695788
26390236612837,26390443757984
26390236612837,26390591159486
26390236612837,26390771454352
26390236612837,26391045365618
26391046813047,26391045365618
26391046813047,26391277059861
26391046813047,26391428467482
26391046813047,26391650373395
26391046813047,26391957635376
26391965772898,26391957635376
26391965772898,26392158804442
26391965772898,26392419285555
26391965772898,26392618853542
26391965772898,26392941405506
26392942630593,26392941405506
26392942630593,26393133099343
26392942630593,26393282346856
26392942630593,26393435637830
26393437478050,26393435637830
26393437478050,26393702069206
26393437478050,26393878127355
26393437478050,26394028274227
26393437478050,26394165462382
26393437478050,26394687356948
26394725493371,26394687356948
26394725493371,26394980980959
26394725493371,26395179427484
26394725493371,26395383593795
26394725493371,26395588610569
26395590739225,26395588610569
26395590739225,26395789677629
26395590739225,26395937244949
26395590739225,26396381143467
26395590739225,26396640737506
26396655601047,26396640737506
26396655601047,26396950393867
26396655601047,26397103285661
26396655601047,26397311579199
26396655601047,26397573595892
26397574853576,26397573595892
26397574853576,26397844449809
26397574853576,26398070607766
26397574853576,26398191646841
26397574853576,26398613659227
26398615662215,26398613659227
26398615662215,26398804476977
26398615662215,26399005412733
26398615662215,26399145594271
26399147659687,26399145594271
26399147659687,26399385026430
26399147659687,26399541306958
26399147659687,26399719915745
26399147659687,26400012597779
26399147659687,26400422890730
26399147659687,26400633747050
26400443719684,26400633747050
26400443719684,26400904064839
26400443719684,26401071531803
26400443719684,26401375900406
26401378903280,26401375900406
26401378903280,26401632080635
26401378903280,26401777438013
26401378903280,26401954920050
26401378903280,26402215254645
26402216988034,26402215254645
26402216988034,26402459935362
26402216988034,26402606988388
26402216988034,26402845046004
26402216988034,26403096264778
26403148877575,26403096264778
26403148877575,26403402363512
26403148877575,26403615847555
26403148877575,26403775308611
26403148877575,26404045234987
26404054360238,26404045234987
26404054360238,26404235678334
26404054360238,26404479723409
26404054360238,26404668372340
26404054360238,26404895399030
26404975321238,26404895399030
26404975321238,26405190595349
26404975321238,26405434061859
26404975321238,26405597996347
26404975321238,26405943814080
26405946398811,26405943814080
26405946398811,26406194282100
26405946398811,26406371424714
26405946398811,26406543512206
26405946398811,26406826304531
26406985253067,26406826304531
26406985253067,26407186823460
26406985253067,26407308122613
26406985253067,26407480423945
26406985253067,26407776791846
26407778127692,26407776791846
26407778127692,26408007441312
26407778127692,26408238896200
26407778127692,26408409029051
26407778127692,26408586080580
26408695355527,26408586080580
26408695355527,26408954415564
26408695355527,26409187156701
26408695355527,26409388455652
26409392970068,26409388455652
26409392970068,26409584082465
26409392970068,26409735116825
26409392970068,26409891587348
26409392970068,26410041973017
26409392970068,26410648367897
26410649990221,26410648367897
26410649990221,26410866719162
26410649990221,26411052911837
26410649990221,26411295384074
26411296474671,26411295384074
26411296474671,26411497349768
26411296474671,26411588782110
26411296474671,26411784286413
26411296474671,26411971326996
26411296474671,26412572107286
26412573249789,26412572107286
26412573249789,26412733072552
26412573249789,26412869163136
26412573249789,26412986014546
26412987315381,26412986014546
26412987315381,26413204502154
26412987315381,26413348119212
26412987315381,26413453342096
26412987315381,26413663309306
26412987315381,26414081489268
26414138984495,26414081489268
26414138984495,26414361501221
26414138984495,26414611968100
26414138984495,26414770444178
26414138984495,26414891998497
26414772294447,26414891998497
26414772294447,26415091942884
26414772294447,26415237219750
26414772294447,26415477619244
26414772294447,26415905504896
26415952577533,26415905504896
26415952577533,26416229234462
26415952577533,26416389820494
26415952577533,26416630591239
26415952577533,26416927357108
26416975461744,26416927357108
26416975461744,26417151479378
26416975461744,26417285946369
26416975461744,26417504128184
26417506852088,26417504128184
26417506852088,26417783275375
26417506852088,26417999477941
26417506852088,26418183243280
26417506852088,26418428168223
26417506852088,26418948438399
26418950182856,26418948438399
26418950182856,26419136903676
26418950182856,26419288127882
26418950182856,26419568921046
26418950182856,26419922310007
26419938496683,26419922310007
26419938496683,26420212394274
26419938496683,26420429203788
26419938496683,26420600497544
26419938496683,26420877813993
26420880490024,26420877813993
26420880490024,26421103320291
26420880490024,26421295832182
26420880490024,26421455384767
26420880490024,26421745538115
26421814983996,26421745538115
26421814983996,26422040534383
26421814983996,26422304636172
26421814983996,26422492329428
26421814983996,26422628423669
26422652412153,26422628423669
26422652412153,26422863682012
26422652412153,26423027870598
26422652412153,26423240146062
26422652412153,26423567361222
26423690894927,26423567361222
26423690894927,26423907869673
26423690894927,26424084242949
26423690894927,26424264028815
26423690894927,26424610181542
26424656416073,26424610181542
26424656416073,26424916716047
26424656416073,26425084664776
26424656416073,26425284310456
26425287023517,26425284310456
26425287023517,26425484303866
26425287023517,26425652332627
26425287023517,26426042422804
26425287023517,26426204193850
26425287023517,26426671766301
26426774844860,26426671766301
26426774844860,26427050073296
26426774844860,26427220423934
26426774844860,26427384877860
26426774844860,26427700547676
26427715392177,26427700547676
26427715392177,26427876159899
26427715392177,26428086830933
26427715392177,26428288344262
26428290681998,26428288344262
26428290681998,26428499096091
26428290681998,26428639344393
26428290681998,26428821750430
26428290681998,26428974890979
26428290681998,26429540135619
26429559983192,26429540135619
26429559983192,26429795132873
26429559983192,26430000150939
26429559983192,26430159238173
26429559983192,26430471931774
26430476803761,26430471931774
26430476803761,26430731029129
26430476803761,26430965473487
26430476803761,26431122637221
26431125686593,26431122637221
26431125686593,26431335814172
26431125686593,26431473095135
26431125686593,26431637979654
26431125686593,26431886673153
26431125686593,26432243445022
26432335696499,26432243445022
26432335696499,26432576266480
26432335696499,26432774507176
26432335696499,26432973239781
26432335696499,26433248114154
26433294724644,26433248114154
26433294724644,26433542719191
26433294724644,26433760706505
26433294724644,26433983377577
26433294724644,26434165245996
26434179152542,26434165245996
26434179152542,26434393980307
26434179152542,26434654183881
26434179152542,26434823362201
26434179152542,26435077284331
26435087533396,26435077284331
26435087533396,26435611264571
26435087533396,26435731685309
26435087533396,26435964528300
26435972355064,26435964528300
26435972355064,26436143281743
26435972355064,26436319769440
26435972355064,26436506633729
26435972355064,26436777613321
26435972355064,26437195302271
26437272333288,26437195302271
26437272333288,26437499817274
26437272333288,26437709369029
26437272333288,26437854701757
26437272333288,26438193343508
26438194959908,26438193343508
26438194959908,26438395786125
26438194959908,26438555254364
26438194959908,26438736744387
26438194959908,26438882297258
26438738757751,26438882297258
26438738757751,26439085973190
26438738757751,26439230530026
26438738757751,26439572250909
26438738757751,26439973522353
26439975273944,26439973522353
26439975273944,26440202655571
26439975273944,26440467445808
26439975273944,26440658840926
26439975273944,26440889212903
26439975273944,26441200083191
26440970957051,26441200083191
26440970957051,26441411288215
26440970957051,26441550247648
26441552186693,26441550247648
26441552186693,26441792687238
26441552186693,26441943149243
26441552186693,26442096526039
26441552186693,26442413127525
26441552186693,26442717272226
26442875437864,26442717272226
26442875437864,26443140109880
26442875437864,26443311903879
26442875437864,26443458967133
26443461826996,26443458967133
26443461826996,26443711493407
26443461826996,26443888325067
26443461826996,26444056742054
26443461826996,26444213874532
26443461826996,26444626317910
26444652713661,26444626317910
26444652713661,26444913150638
26444652713661,26445137311546
26444652713661,26445295169789
26445298817525,26445295169789
26445298817525,26445550116050
26445298817525,26445705046402
26445298817525,26445889453484
26445298817525,26446150169506
26445298817525,26446652074045
26445298817525,26446825678981
26446659879708,26446825678981
26446659879708,26447129459264
26446659879708,26447381388798
26446659879708,26447565443268
26446659879708,26447737088087
26447568098018,26447737088087
26447568098018,26447976133387
26447568098018,26448143246431
26447568098018,26448457131808
26447568098018,26448615466458
26448462949578,26448615466458
26448462949578,26448807018229
26448462949578,26448964191664
26448462949578,26449365836301
26449440238003,26449365836301
26449440238003,26449688207710
26449440238003,26450147481892
26449440238003,26450332309730
26450334226367,26450332309730
26450334226367,26450527276748
26450334226367,26450695219348
26450334226367,26450866559936
26450334226367,26451029347346
26450334226367,26451384218815
26451385976220,26451384218815
26451385976220,26451668132596
26451385976220,26451877456164
26451385976220,26452062075009
26452064539407,26452062075009
26452064539407,26452240202796
26452064539407,26452365939619
26452064539407,26452537230527
26452064539407,26452798494283
26452064539407,26453153796635
26453289302549,26453153796635
26453289302549,26453547681367
26453289302549,26453667594116
26453289302549,26453890272545
26453289302549,26454264329550
26454265416721,26454264329550
26454265416721,26454458580469
26454265416721,26454594099337
26454265416721,26454745987455
26454765373488,26454745987455
26454765373488,26455024235270
26454765373488,26455215240427
26454765373488,26455444368780
26454765373488,26455608231974
26454765373488,26456152449406
26456154358546,26456152449406
26456154358546,26456379476561
26456154358546,26456523309942
26456154358546,26456638066382
26456639560514,26456638066382
26456639560514,26456910836778
26456639560514,26457078418144
26456639560514,26457330302327
26456639560514,26457572502876
26456639560514,26457845217152
26457913564372,26457845217152
26457913564372,26458086579654
26457913564372,26458266420827
26457913564372,26458479951533
26457913564372,26458761144838
26458782411118,26458761144838
26458782411118,26459056129493
26458782411118,26459265424467
26458782411118,26459422187979
26458782411118,26459720774600
26459723661477,26459720774600
26459723661477,26459901931369
26459723661477,26460081702066
26459723661477,26460277380009
26459723661477,26460480514104
26460571342063,26460480514104
26460571342063,26460862386031
26460571342063,26461143269171
26460571342063,26461355206450
26461357274102,26461355206450
26461357274102,26461579756648
26461357274102,26461751249962
26461357274102,26461901497626
26461357274102,26462085229556
26461357274102,26462423728886
26462447260641,26462423728886
26462447260641,26462692625301
26462447260641,26462866788323
26462447260641,26463029993552
26462447260641,26463291154037
26463494453811,26463291154037
26463494453811,26463702837819
26463494453811,26463851242507
26463494453811,26463999185832
26464000831527,26463999185832
26464000831527,26464188080321
26464000831527,26464324300959
26464000831527,26464515412661
26464000831527,26464688283527
26464000831527,26465115252710
26465134424935,26465115252710
26465134424935,26465366409220
26465134424935,26465529423373
26465134424935,26465703814225
26465134424935,26466028281916
26466128759099,26466028281916
26466128759099,26466428725754
26466128759099,26466624373736
26466128759099,26466764626814
26466766224579,26466764626814
26466766224579,26466971897837
26466766224579,26467117442355
26466766224579,26467277328551
26466766224579,26467476126026
26467547771060,26467476126026
26467547771060,26467795899764
26467547771060,26468007610802
26467547771060,26468159328315
26467547771060,26468549386133
26467547771060,26468911980015
26468916336040,26468911980015
26468916336040,26469155886891
26468916336040,26469331507567
26468916336040,26469476839126
26468916336040,26469731247393
26469778302779,26469731247393
26469778302779,26469940146657
26469778302779,26470151563437
26469778302779,26470340344005
26469778302779,26470717735123
26470727634952,26470717735123
26470727634952,26470924914905
26470727634952,26471142330438
26470727634952,26471294837021
26471298485818,26471294837021
26471298485818,26471539270632
26471298485818,26471725570751
26471298485818,26471875683103
26471298485818,26472136478449
26471298485818,26472559036064
26472561751460,26472559036064
26472561751460,26472861142311
26472561751460,26473034455292
26472561751460,26473208045889
26473210107436,26473208045889
26473210107436,26473449452223
26473210107436,26473631415237
26473210107436,26473805166586
26473210107436,26473967517134
26473210107436,26474356902133
26474427988311,26474356902133
26474427988311,26474618276898
26474427988311,26474854276724
26474427988311,26475077313869
26475079233061,26475077313869
26475079233061,26475341925814
26475079233061,26475480461706
26475079233061,26475642591696
26475079233061,26475867533235
26475877079874,26475867533235
26475877079874,26476175896129
26475877079874,26476372286721
26475877079874,26476548660216
26475877079874,26476879106247
26476886680712,26476879106247
26476886680712,26477125355399
26476886680712,26477303450407
26476886680712,26477423106615
26476886680712,26477709368215
26476886680712,26478195960319
26478198223351,26478195960319
26478198223351,26478466115955
26478198223351,26478627032044
26478637122915,26478627032044
26478637122915,26478842281182
26478637122915,26479087429996
26478637122915,26479288150200
26478637122915,26479522807748
26478637122915,26479682667827
26478637122915,26480022399502
26480046508665,26480022399502
26480046508665,26480280504159
26480046508665,26480441829135
26480046508665,26480601941489
26480046508665,26480944779173
26480945913674,26480944779173
26480945913674,26481198710146
26480945913674,26481367305775
26480945913674,26481533254732
26480945913674,26481851124387
26481853145250,26481851124387
26481853145250,26482044940189
26481853145250,26482266944858
26481853145250,26482448480698
26481853145250,26482729308181
26482731417789,26482729308181
26482731417789,26482921096126
26482731417789,26483112875953
26482731417789,26483228826147
26483231142207,26483228826147
26483231142207,26483424097661
26483231142207,26483654588358
26483231142207,26483801797742
26483231142207,26484129788661
26483231142207,26484578362523
26484605920129,26484578362523
26484605920129,26484878803864
26484605920129,26485029698187
26484605920129,26485174792428
26484605920129,26485543325982
26485644698611,26485543325982
26485644698611,26485859526011
26485644698611,26486043448240
26485644698611,26486143138695
26485644698611,26486545412786
26485644698611,26487260750280
26486547115929,26487260750280
26486547115929,26487482250294
26486547115929,26487609376836
26487611439144,26487609376836
26487611439144,26487746327705
26487611439144,26487949396786
26487611439144,26488067925027
26487611439144,26488395093245
26487611439144,26488805210454
26488821390794,26488805210454
26488821390794,26489057255083
26488821390794,26489191216930
26488821390794,26489359647092
26488821390794,26489801353798
26489803711658,26489801353798
26489803711658,26490090276868
26489803711658,26490301372534
26489803711658,26490447636861
26490302778753,26490447636861
26490302778753,26490660319660
26490302778753,26490803089528
26490302778753,26490955127222
26490302778753,26491088387699
26490302778753,26491517571755
26491519381111,26491517571755
26491519381111,26491750757792
26491519381111,26491872997165
26491519381111,26492051418226
26492054503651,26492051418226
26492054503651,26492272302299
26492054503651,26492477946643
26492054503651,26492670049998
26492054503651,26492913675151
26492054503651,26493297548428
26493312732615,26493297548428
26493312732615,26493590358241
26493312732615,26493749692234
26493312732615,26493868156477
26493870099533,26493868156477
26493870099533,26494056339702
26493870099533,26494216682111
26493870099533,26494385592565
26493870099533,26494590256651
26493870099533,26495111123013
26495112474322,26495111123013
26495112474322,26495433561058
26495112474322,26495627536318
26495112474322,26495771452321
26495773836909,26495771452321
26495773836909,26495956983608
26495773836909,26496120499169
26495773836909,26496392829478
26495773836909,26496521154300
26495773836909,26496968027109
26496970198357,26496968027109
26496970198357,26497184650136
26496970198357,26497335486270
26496970198357,26497549286164
26496970198357,26497817241989
26497818693970,26497817241989
26497818693970,26498007985579
26497818693970,26498223856696
26497818693970,26498441915824
26498443741381,26498441915824
26498443741381,26498655177733
26498443741381,26498856308111
26498443741381,26499034778930
26498443741381,26499219100714
26498443741381,26499556349812
26499577282096,26499556349812
26499577282096,26499825293585
26499577282096,26500055720386
26499577282096,26500218310681
26499577282096,26500537930492
26500645539574,26500537930492
26500645539574,26500844619411
26500645539574,26501051393548
26500645539574,26501220104516
26500645539574,26501455291505
26501663245384,26501455291505
26501663245384,26501890816576
26501663245384,26502050504969
26501663245384,26502189348963
26502191979780,26502189348963
26502191979780,26502338618275
26502191979780,26502498189347
26502191979780,26502736349651
26502191979780,26502959243537
26502191979780,26503346077612
26503347684377,26503346077612
26503347684377,26503555080540
26503347684377,26503780689724
26503347684377,26503988378060
26503990750269,26503988378060
26503990750269,26504200559188
26503990750269,26504376903375
26503990750269,26504567572406
26503990750269,26504759972340
26503990750269,26505176839243
26505274588432,26505176839243
26505274588432,26505513807712
26505274588432,26505649967920
26505274588432,26505820430400
26505274588432,26506190814131
26506192860000,26506190814131
26506192860000,26506477890904
26506192860000,26506684760245
26506192860000,26506897368659
26506192860000,26507049864958
26507062063490,26507049864958
26507062063490,26507280758199
26507062063490,26507455294996
26507062063490,26507699386218
26507062063490,26507969100931
26508049964660,26507969100931
26508049964660,26508329072851
26508049964660,26508472037057
26508049964660,26508643188418
26508049964660,26509006321535
26509042428291,26509006321535
26509042428291,26509356307940
26509042428291,26509624352475
26509042428291,26509798854243
26509042428291,26509946574368
26509948620137,26509946574368
26509948620137,26510234947675
26509948620137,26510355577259
26509948620137,26510516471853
26509948620137,26510800943395
26510863043047,26510800943395
26510863043047,26511161317451
26510863043047,26511300994602
26510863043047,26511427589316
26510863043047,26511789728592
26511896180066,26511789728592
26511896180066,26512173197924
26511896180066,26512306555665
26511896180066,26512530027876
26512543587980,26512530027876
26512543587980,26512736209439
26512543587980,26512934126855
26512543587980,26513106190016
26512543587980,26513330470888
26512543587980,26513685514520
26513840655978,26513685514520
26513840655978,26514061573191
26513840655978,26514277453980
26513840655978,26514454278248
26513840655978,26514789513108
26514792398594,26514789513108
26514792398594,26515054213658
26514792398594,26515187093622
26514792398594,26515319896815
26514792398594,26515727249608
26515729316735,26515727249608
26515729316735,26515948425125
26515729316735,26516129584801
26515729316735,26516289479237
26515729316735,26516574059453
26516635320807,26516574059453
26516635320807,26516828448630
26516635320807,26517072652059
26516635320807,26517227834079
26516635320807,26517653298354
26517655129692,26517653298354
26517655129692,26517913285238
26517655129692,26518168112700
26517655129692,26518368432102
26517655129692,26518525208171
26517655129692,26518691401588
26517655129692,26518862268838
26518693022755,26518862268838
26518693022755,26519010161152
26519103375500,26519010161152
26519103375500,26519316485265
26519103375500,26519536156322
26519103375500,26519675802967
26519103375500,26520007170538
26519103375500,26520542532890
26520544174832,26520542532890
26520544174832,26520791070323
26520544174832,26520950246726
26520544174832,26521077183269
26520544174832,26521376518628
26521540242437,26521376518628
26521540242437,26521779108146
26521540242437,26522016967991
26521540242437,26522196658091
26521540242437,26522489570961
26522491504785,26522489570961
26522491504785,26522729311548
26522491504785,26522940039943
26522491504785,26523166384546
26522491504785,26523332025752
26523522972625,26523332025752
26523522972625,26523781718753
26523522972625,26523962461666
26523522972625,26524108151582
26523522972625,26524260433808
26524264137176,26524260433808
26524264137176,26524530162734
26524264137176,26524740684250
26524264137176,26524888987096
26524890632852,26524888987096
26524890632852,26525158039601
26524890632852,26525321952182
26524890632852,26525504897869
26524890632852,26525658704708
26524890632852,26526016964720
26526018461547,26526016964720
26526018461547,26526208782553
26526018461547,26526397022866
26526018461547,26526569066292
26526018461547,26526715796191
26526570703728,26526715796191
26526570703728,26526866588559
26526570703728,26527028287829
26526570703728,26527342033975
26526570703728,26527710077455
26527828480030,26527710077455
26527828480030,26528022413436
26527828480030,26528326726263
26527828480030,26528492204208
26527828480030,26528743146821
26528791577279,26528743146821
26528791577279,26528966162450
26528791577279,26529178141187
26528791577279,26529336330861
26529340510349,26529336330861
26529340510349,26529571988977
26529340510349,26529749746000
26529340510349,26529920778969
26529340510349,26530105268078
26529340510349,26530435911067
26530513465165,26530435911067
26530513465165,26530758529666
26530513465165,26530850100290
26530513465165,26531081647527
26530513465165,26531431277533
26531514582919,26531431277533
26531514582919,26531776222567
26531514582919,26531977419522
26531514582919,26532127197022
26531514582919,26532315849660
26532482526768,26532315849660
26532482526768,26532640638147
26532482526768,26532886223100
26532482526768,26533058309307
26532482526768,26533254643864
26533309093909,26533254643864
26533309093909,26533562291778
26533309093909,26533688612294
26533309093909,26533759714850
26533309093909,26534264345785
26534342937750,26534264345785
26534342937750,26534620773657
26534342937750,26534761045504
26534781220347,26534761045504
26534781220347,26534971204116
26534781220347,26535145479088
26534781220347,26535317754457
26534781220347,26535475987529
26534781220347,26535631382592
26534781220347,26536013710939
26536089289959,26536013710939
26536089289959,26536316658338
26536089289959,26536468272848
26536089289959,26536677574612
26536089289959,26537085778764
26537087975870,26537085778764
26537087975870,26537322178752
26537087975870,26537611381414
26537087975870,26537783961132
26537087975870,26537989538594
26538107273533,26537989538594
26538107273533,26538341234614
26538107273533,26538529564228
26538107273533,26538670994326
26538107273533,26539031406171
26539124418947,26539031406171
26539124418947,26539282761100
26539124418947,26539542930279
26539124418947,26539738071420
26539124418947,26539916106302
26540026825633,26539916106302
26540026825633,26540215049648
26540026825633,26540383905990
26540026825633,26540529640195
26540026825633,26540776289179
26540837817416,26540776289179
26540837817416,26541029633076
26540837817416,26541192247631
26540837817416,26541387910253
26540837817416,26541712117680
26541797685292,26541712117680
26541797685292,26542082214880
26541797685292,26542249400771
26541797685292,26542422403282
26542425108650,26542422403282
26542425108650,26542643500228
26542425108650,26542793188465
26542425108650,26542910490307
26542425108650,26543274857270
26543276727753,26543274857270
26543276727753,26543437401841
26543276727753,26543625718581
26543276727753,26543773631925
26543276727753,26544050218988
26543276727753,26544550342809
26544567801969,26544550342809
26544567801969,26544752258661
26544567801969,26545005519763
26544567801969,26545197871861
26544567801969,26545378956894
26545448630757,26545378956894
26545448630757,26546029178727
26545448630757,26546238428753
26545448630757,26546359329803
26545448630757,26546791575489
26546792918083,26546791575489
26546792918083,26546988551494
26546792918083,26547146557043
26546792918083,26547379696702
26546792918083,26547677645247
26547738038014,26547677645247
26547738038014,26548065163127
26547738038014,26548262909496
26547738038014,26548549909002
26547738038014,26548700490865
26548751759854,26548700490865
26548751759854,26548985451385
26548751759854,26549184775752
26548751759854,26549408593833
26548751759854,26549704259892
26549761491098,26549704259892
26549761491098,26549994499769
26549761491098,26550207725847
26549761491098,26550394910458
26550397458445,26550394910458
26550397458445,26550573655478
26550397458445,26550750413797
26550397458445,26550884806953
26550397458445,26551147590927
26551150297363,26551147590927
26551150297363,26551336351739
26551150297363,26551525093853
26551150297363,26551763598102
26551150297363,26552021560927
26552066643430,26552021560927
26552066643430,26552348782776
26552066643430,26552537333791
26552066643430,26552688464969
26552066643430,26552905113406
26552066643430,26553310060565
26553357315929,26553310060565
26553357315929,26553590200779
26553357315929,26553812742522
26553357315929,26553954441224
26553955646353,26553954441224
26553955646353,26554198193333
26553955646353,26554343263750
26553955646353,26554511511048
26553955646353,26554796041513
26553955646353,26555302227335
26555306118480,26555302227335
26555306118480,26555475152176
26555306118480,26555726380983
26555306118480,26555952285229
26555306118480,26556310239709
26556349488154,26556310239709
26556349488154,26556604215828
26556349488154,26556721282538
26556349488154,26556907860989
26556911166569,26556907860989
26556911166569,26557065260709
26556911166569,26557227065407
26556911166569,26557424900164
26556911166569,26557615051171
26556911166569,26558109258808
26558132919613,26558109258808
26558132919613,26558302575473
26558132919613,26558504102529
26558132919613,26558649104930
26558673474274,26558649104930
26558673474274,26558988370160
26558673474274,26559163767420
26558673474274,26559345171034
26558673474274,26559542807509
26558673474274,26559902805319
26560015811836,26559902805319
26560015811836,26560249159760
26560015811836,26560443213920
26560015811836,26560603436985
26560015811836,26560981990535
26560986640139,26560981990535
26560986640139,26561248904180
26560986640139,26561396136710
26560986640139,26561562778051
26560986640139,26562032396671
26562037749613,26562032396671
26562037749613,26562291517244
26562037749613,26562441304945
26562037749613,26562594917886
26562037749613,26562851397309
26562853017974,26562851397309
26562853017974,26563025516954
26562853017974,26563285746790
26562853017974,26563462519639
26562853017974,26563680235655
26563683658927,26563680235655
26563683658927,26563872876425
26563683658927,26564053570132
26563683658927,26564206171450
26563683658927,26564654111262
26564778000092,26564654111262
26564778000092,26564944154035
26564778000092,26565137062514
26564778000092,26565359195615
26564778000092,26565813125747
26565814470893,26565813125747
26565814470893,26566043538988
26565814470893,26566193523978
26565814470893,26566375304078
26565814470893,26566801558165
26566811621713,26566801558165
26566811621713,26567195336574
26566811621713,26567337603828
26566811621713,26567480672737
26567605787164,26567480672737
26567605787164,26567870807917
26567605787164,26568029864018
26567605787164,26568162189939
26567605787164,26568506358417
26567605787164,26568781368217
26568812118063,26568781368217
26568812118063,26569046342166
26568812118063,26569243300047
26568812118063,26569385255620
26568812118063,26569683179257
26569718793222,26569683179257
26569718793222,26570017636201
26569718793222,26570200185922
26569718793222,26570357573340
26570359881043,26570357573340
26570359881043,26570631840634
26570359881043,26570760382751
26570359881043,26570926816136
26570359881043,26571090182619
26570359881043,26571628767474
26571631459200,26571628767474
26571631459200,26571861214509
26571631459200,26572057901870
26571631459200,26572243231251
26571631459200,26572561316906
26572569400460,26572561316906
26572569400460,26572761270739
26572569400460,26573000499009
26572569400460,26573132541546
26572569400460,26573530427216
26573573779493,26573530427216
26573573779493,26573814404291
26573573779493,26574004230340
26573573779493,26574212382120
26573573779493,26574555601854
26574614489072,26574555601854
26574614489072,26574876344876
26574614489072,26575049627163
26574614489072,26575183518609
26575185720991,26575183518609
26575185720991,26575346324990
26575185720991,26575570242278
26575185720991,26575697321204
26575185720991,26575973831263
26575185720991,26576465234600
26576467818875,26576465234600
26576467818875,26576684121320
26576467818875,26577296206195
26576467818875,26577434791584
26576467818875,26577613571823
26577617912569,26577613571823
26577617912569,26577826168136
26577617912569,26578011478097
26578215348701,26578011478097
26578215348701,26578212985573
26578215348701,26578409393954
26578215348701,26578602721940
26578215348701,26578742750100
26578215348701,26578909767336
26578977536923,26578909767336
26578977536923,26579200339133
26578977536923,26579380504980
26578977536923,26579569677268
26578977536923,26579846354616
26578977536923,26580376540919
26580379243300,26580376540919
26580379243300,26580637076364
26580379243300,26580847205213
26580379243300,26581030597262
26580379243300,26581321285291
26581336651225,26581321285291
26581336651225,26581558555624
26581336651225,26581724284981
26581336651225,26581886105089
26581336651225,26582406218033
26582407509973,26582406218033
26582407509973,26582552845106
26582407509973,26582688435427
26582407509973,26582808333112
26582407509973,26583354539797
26583361265447,26583354539797
26583361265447,26583656316384
26583361265447,26583823070960
26583361265447,26583941332141
26583944018002,26583941332141
26583944018002,26584116512074
26583944018002,26584272539801
26583944018002,26584520121784
26583944018002,26584702774840
26583944018002,26585138299573
26585172691930,26585138299573
26585172691930,26585490350122
26585172691930,26585670104494
26585172691930,26585849210558
26585172691930,26586008280049
26586021770703,26586008280049
26586021770703,26586235468117
26586021770703,26586488756370
26586021770703,26586641208230
26586021770703,26587009467431
26587010990655,26587009467431
26587010990655,26587259534571
26587010990655,26587408199037
26587010990655,26587565983071
26587010990655,26587757141431
26587767316160,26587757141431
26587767316160,26588013567950
26587767316160,26588183425947
26587767316160,26588349657063
26587767316160,26588675045093
26588677460530,26588675045093
26588677460530,26588886306966
26588677460530,26589078501284
26588677460530,26589264169055
26588677460530,26589673690213
26589675520558,26589673690213
26589675520558,26589828730390
26589675520558,26589981557811
26589675520558,26590127267151
26590353453496,26590127267151
26590353453496,26590654721040
26590353453496,26590876299236
26590353453496,26591090387338
26590353453496,26591266501933
26590353453496,26591776320318
26591779578291,26591776320318
26591779578291,26592066446851
26591779578291,26592290609375
26591779578291,26592440673682
26591779578291,26592792381822
26592794195014,26592792381822
26592794195014,26593037980959
26592794195014,26593214732033
26592794195014,26593364275729
26592794195014,26593715352100
26593717441698,26593715352100
26593717441698,26593954727457
26593717441698,26594111671454
26593717441698,26594359104523
26594361551370,26594359104523
26594361551370,26594616891454
26594361551370,26594756627409
26594361551370,26594916313402
26594361551370,26595101561419
26594361551370,26595506208084
26595606988747,26595506208084
26595606988747,26595838366381
26595606988747,26596096147943
26595606988747,26596287896966
26596290062915,26596287896966
26596290062915,26596480605576
26596290062915,26596650595089
26596290062915,26596800997280
26596290062915,26596988612705
26596290062915,26597492248578
26597527260349,26597492248578
26597527260349,26597761742742
26597527260349,26597989433546
26597527260349,26598143333066
26597527260349,26598552095791
26598576819284,26598552095791
26598576819284,26598778078310
26598576819284,26599065519166
26598576819284,26599239569990
26599241524815,26599239569990
26599241524815,26599411483537
26599241524815,26599544913692
26599241524815,26599684598509
26599241524815,26600159548067
26599241524815,26600407540898
26600583940937,26600407540898
26600583940937,26600776156863
26600583940937,26601010824108
26600583940937,26601192899676
26601194439248,26601192899676
26601194439248,26601380224420
26601194439248,26601512416765
26601194439248,26601692386569
26601194439248,26601872231792
26601194439248,26602329341302
26602365194451,26602329341302
26602365194451,26602633641435
26602365194451,26602831919680
26602365194451,26603005478700
26603008082359,26603005478700
26603008082359,26603212562216
26603008082359,26603362011882
26603008082359,26603520894855
26603008082359,26603744607150
26603008082359,26604167334770
26604208555432,26604167334770
26604208555432,26604487814513
26604208555432,26604655185744
26604208555432,26604833419184
26604208555432,26605172155379
26605174195283,26605172155379
26605174195283,26605339945517
26605174195283,26605550397064
26605174195283,26605767320639
26605174195283,26606408601274
26606410808457,26606408601274
26606410808457,26606659187764
26606410808457,26606820810545
26606410808457,26607004847270
26607007305132,26607004847270
26607007305132,26607311472861
26607007305132,26607455376979
26607007305132,26607605071791
26607007305132,26607740456082
26607751073989,26607740456082
26607751073989,26607959518339
26607751073989,26608204905934
26607751073989,26608343255310
26607751073989,26608681065091
26607751073989,26609093462832
26609095624850,26609093462832
26609095624850,26609323451017
26609095624850,26609465600601
26609095624850,26609627347097
26609095624850,26609924738493
26609945980853,26609924738493
26609945980853,26610194281107
26609945980853,26610378685484
26609945980853,26610518283140
26609945980853,26610774520955
26610861265074,26610774520955
26610861265074,26611106171354
26610861265074,26611243550870
26610861265074,26611398356308
26610861265074,26611709603317
26611750801525,26611709603317
26611750801525,26612016918941
26611750801525,26612245111243
26611750801525,26612412776897
26612414871865,26612412776897
26612414871865,26612579078033
26612414871865,26612719659546
26612414871865,26612950360351
26612414871865,26613118384596
26612414871865,26613460497607
26613540236225,26613460497607
26613540236225,26613806751485
26613540236225,26614058866557
26613540236225,26614266928281
26614268778980,26614266928281
26614268778980,26614497249807
26614268778980,26614647056716
26614268778980,26614813141165
26614268778980,26614952479096
26615043111785,26614952479096
26615043111785,26615250325990
26615043111785,26615472636381
26615043111785,26615646707863
26615043111785,26615966175702
26615043111785,26616470500599
26616491827331,26616470500599
26616491827331,26616763172573
26616491827331,26616950449145
26616491827331,26617190733492
26616491827331,26617488070950
26617490081037,26617488070950
26617490081037,26617769169233
26617490081037,26617934391734
26617490081037,26618085724191
26617490081037,26618477510759
26618526972959,26618477510759
26618526972959,26618738320499
26618526972959,26619007772017
26618526972959,26619175187889
26618526972959,26619573900707
26619577345922,26619573900707
26619577345922,26619781747821
26619577345922,26620012054495
26619577345922,26620189326159
26619577345922,26620509140707
26620526413898,26620509140707
26620526413898,26620771290876
26620526413898,26620992352821
26620526413898,26621174824516
26621178398407,26621174824516
26621178398407,26621408352389
26621178398407,26621542285516
26621178398407,26621724370705
26621178398407,26621908541841
26621178398407,26622308370632
26622459480240,26622308370632
26622459480240,26622739111730
26622459480240,26622973978985
26622459480240,26623096509115
26623097994865,26623096509115
26623097994865,26623254726346
26623097994865,26623463742310
26623097994865,26623604697746
26623097994865,26623823849131
26623097994865,26624353442555
26624355483366,26624353442555
26624355483366,26624614238733
26624355483366,26624846352649
26624355483366,26625017662248
26624355483366,26625245773604
26625257404158,26625245773604
26625257404158,26625561204211
26625257404158,26625710470007
26625257404158,26625904059993
26625257404158,26626204393809
26626225916023,26626204393809
26626225916023,26626426758681
26626225916023,26626717940188
26626225916023,26626922820011
26626225916023,26627196978586
26627204416352,26627196978586
26627204416352,26627429723046
26627204416352,26627632822175
26627204416352,26627816318813
26627204416352,26628004044373
26628014242452,26628004044373
26628014242452,26628322298633
26628014242452,26628492285832
26628014242452,26628695502811
26628014242452,26628949480079
26628965485846,26628949480079
26628965485846,26629170846515
26628965485846,26629416216731
26628965485846,26629661493180
26629664607748,26629661493180
26629664607748,26629865453102
26629664607748,26630035659550
26629664607748,26630274801532
26629664607748,26630424261253
26629664607748,26630953161986
26630955690146,26630953161986
26630955690146,26631219921870
26630955690146,26631419393370
26630955690146,26631584249273
26630955690146,26631719623955
26631799850833,26631719623955
26631799850833,26631996476168
26631799850833,26632188895778
26631799850833,26632309391776
26632315029668,26632309391776
26632315029668,26632528522963
26632315029668,26632771570963
26632315029668,26633047084900
26632315029668,26633201691046
26632315029668,26633745311405
26633746826416,26633745311405
26633746826416,26633970621362
26633746826416,26634167662271
26633746826416,26634363408467
26633746826416,26634529962559
26634645235061,26634529962559
26634645235061,26634858333448
26634645235061,26635028255140
26634645235061,26635239493156
26634645235061,26635539235322
26635666370377,26635539235322
26635666370377,26635894335331
26635666370377,26636062795242
26635666370377,26636269421394
26635666370377,26636569429614
26636652568732,26636569429614
26636652568732,26636895159907
26636652568732,26637053207977
26636652568732,26637226371598
26636652568732,26637589215900
26637599532364,26637589215900
26637599532364,26637836022630
26637599532364,26638074236391
26637599532364,26638302695171
26637599532364,26638513844521
26638571767346,26638513844521
26638571767346,26638806285507
26638571767346,26638977922676
26638571767346,26639129452663
26638571767346,26639574456811
26639603027296,26639574456811
26639603027296,26639829623431
26639603027296,26639986812282
26639603027296,26640149854804
26639603027296,26640606798313
26640607994212,26640606798313
26640607994212,26640840226135
26640607994212,26641014454032
26640607994212,26641194140692
26640607994212,26641584996314
26641598978667,26641584996314
26641598978667,26641809212275
26641598978667,26642006438714
26641598978667,26642216557138
26641598978667,26642495206866
26642576333694,26642495206866
26642576333694,26642789825624
26642576333694,26643027605973
26642576333694,26643208124310
26642576333694,26643505542560
26643507352737,26643505542560
26643507352737,26643739682886
26643507352737,26643896645601
26643507352737,26644052673210
26643507352737,26644377307321
26644454610252,26644377307321
26644454610252,26644655955087
26644454610252,26644848436778
26644454610252,26645057493863
26644454610252,26645339581726
26645370001254,26645339581726
26645370001254,26645660279881
26645370001254,26645855286600
26645370001254,26646114237498
26645370001254,26646325216093
26646461755506,26646325216093
26646461755506,26646654368473
26646461755506,26646850280601
26646461755506,26647037775673
26646461755506,26647194331911
26647300767062,26647194331911
26647300767062,26647564205031
26647300767062,26647699438993
26647762874558,26647699438993
26647762874558,26647976882889
26647762874558,26648139851752
26647762874558,26648315397066
26647762874558,26648473550815
26647762874558,26648639399180
26648664403712,26648639399180
26648664403712,26648916449502
26648664403712,26649036766210
26648664403712,26649276398143
26648664403712,26649558099996
26648664403712,26650073640131
26650150836678,26650073640131
26650150836678,26650345103867
26650150836678,26650611389576
26650150836678,26650803679334
26650805617171,26650803679334
26650805617171,26651025742043
26650805617171,26651092963188
26650805617171,26651347683475
26650805617171,26651745464407
26650805617171,26652156311281
26652192691204,26652156311281
26652192691204,26652444209623
26652192691204,26652598463224
26652192691204,26652791913553
26652794018211,26652791913553
26652794018211,26653008217143
26652794018211,26653157193377
26652794018211,26653353127956
26652794018211,26653506214196
26652794018211,26654155351752
26652794018211,26654547799965
