128200665394936,128201222074349
128201269838916,128201222074349
128201269838916,128201422381910
128201269838916,128201525799020
128201269838916,128201626454936
128201269838916,128201730571462
128201731619370,128201730571462
128201731619370,128201859893342
128201731619370,128201965047950
128201731619370,128202081727542
128201731619370,128202183223626
128202184336114,128202183223626
128202184336114,128202312911915
128202184336114,128202401933577
128202184336114,128202514374603
128202184336114,128202605311061
128202606238406,128202605311061
128202606238406,128202726248670
128202606238406,128202849972371
128202606238406,128202967771776
128202606238406,128203079082322
128202606238406,128203189676935
128203191887228,128203189676935
128203191887228,128203276878711
128203191887228,128203389091487
128203191887228,128203508475336
128203191887228,128203632583143
128203635101600,128203632583143
128203635101600,128203808561934
128203635101600,128203925370845
128203635101600,128204031277142
128203635101600,128204128302020
128204129900637,128204128302020
128204129900637,128204244787675
128204129900637,128204341364200
128204342443540,128204341364200
128204342443540,128204439655044
128204342443540,128204540644227
128204342443540,128204642367186
128204342443540,128204741132746
128204342443540,128204847322641
128204932929378,128204847322641
128204932929378,128205123199898
128204932929378,128205240137720
128204932929378,128205340821235
128204932929378,128205457727722
128205458901181,128205457727722
128205458901181,128205616397332
128205458901181,128205717126945
128205458901181,128205826183971
128205458901181,128205902702408
128205904621284,128205902702408
128205904621284,128206028994277
128205904621284,128206138319432
128205904621284,128206246481745
128205904621284,128206349814477
128206351586000,128206349814477
128206351586000,128206511526588
128206351586000,128206603445149
128206351586000,128206711558312
128206713199865,128206711558312
128206713199865,128206825566479
128206713199865,128206924580153
128206713199865,128207047156835
128206713199865,128207157641249
128206713199865,128207264510613
128207374422582,128207264510613
128207374422582,128207372896200
128207374422582,128207517047733
128207374422582,128207635061882
128207374422582,128207731367978
128207374422582,128207850720034
128207852815337,128207850720034
128207852815337,128208021664664
128207852815337,128208113735711
128208115353202,128208113735711
128208115353202,128208237422407
128208115353202,128208346678886
128208115353202,128208450084406
128208115353202,128208555017508
128208115353202,128208632270976
128208115353202,128208737311448
128208739570291,128208737311448
128208739570291,128208884597850
128208739570291,128208979668861
128208739570291,128209075911240
128208739570291,128209242309222
128209248419622,128209242309222
128209248419622,128209428032071
128209248419622,128209543861545
128209545686878,128209543861545
128209545686878,128209662370111
128209545686878,128209776491808
128209545686878,128209877882446
128209545686878,128209989557484
128209991009901,128209989557484
128209991009901,128210086488605
128209991009901,128210186709840
128209991009901,128210284732421
128209991009901,128210385509873
128210387206587,128210385509873
128210387206587,128210496752475
128210387206587,128210598335766
128210387206587,128210704767734
128210387206587,128210821801972
128210387206587,128210934591589
128210935854955,128210934591589
128210935854955,128211051428741
128210935854955,128211156164744
128211157319410,128211156164744
128211157319410,128211271652625
128211157319410,128211376266075
128211157319410,128211498895431
128211157319410,128211608887306
128211157319410,128211702383916
128211157319410,128211831552162
128211945323566,128211831552162
128211945323566,128211943666486
128211945323566,128212160466174
128211945323566,128212266571896
128211945323566,128212349960538
128211945323566,128212469856133
128212568361257,128212469856133
128212568361257,128212567455023
128212568361257,128212731609830
128212568361257,128212841798686
128212843624833,128212841798686
128212843624833,128212947333778
128212843624833,128213039974597
128212843624833,128213158539068
128212843624833,128213261871596
128212843624833,128213373317192
128213375150510,128213373317192
128213375150510,128213519488514
128213375150510,128213612890323
128213375150510,128213742145031
128213375150510,128213845406734
128213847052024,128213845406734
128213847052024,128213963422070
128213847052024,128214049936683
128213847052024,128214168564270
128213847052024,128214360674871
128214451827153,128214360674871
128214451827153,128214450662756
128214451827153,128214651805623
128214451827153,128214742281799
128214451827153,128214862962449
128214865011090,128214862962449
128214865011090,128215036836883
128214865011090,128215151374082
128214865011090,128215263043859
128215354671014,128215263043859
128215354671014,128215353527039
128215354671014,128215567875696
128215354671014,128215686858584
128215354671014,128215788924386
128215789857363,128215788924386
128215789857363,128215973695474
128215789857363,128216076236377
128215789857363,128216191266825
128215789857363,128216298531278
128215789857363,128216405873834
128216406796149,128216405873834
128216406796149,128216512614635
128216406796149,128216579512749
128216406796149,128216688745575
128216406796149,128216779751877
128216780964788,128216779751877
128216780964788,128216889422633
128216780964788,128216982316605
128217172292759,128216982316605
128217172292759,128217167086074
128217172292759,128217373261115
128217172292759,128217481564776
128217172292759,128217593965451
128217172292759,128217684801789
128217685837333,128217684801789
128217685837333,128217775797928
128217685837333,128217880588326
128217685837333,128217985957976
128217685837333,128218133076113
128218135148162,128218133076113
128218135148162,128218264730596
128218135148162,128218364081483
128218135148162,128218476781921
128218135148162,128218581126776
128218135148162,128218692572517
128218693627195,128218692572517
128218693627195,128218857051345
128218693627195,128218971207991
128218973243674,128218971207991
128218973243674,128219091937489
128218973243674,128219200112839
128218973243674,128219303459862
128218973243674,128219416178458
128218973243674,128219515024800
128219516014799,128219515024800
128219516014799,128219679575972
128219516014799,128219792864553
128219516014799,128219905800814
128219516014799,128219994015700
128219516014799,128220103934375
128220203953473,128220103934375
128220203953473,128220202766604
128220203953473,128220392688739
128220203953473,128220491179945
128220203953473,128220600841333
128220602634602,128220600841333
128220602634602,128220758218063
128220602634602,128220887888964
128220602634602,128221000512509
128220602634602,128221106569583
128221108111560,128221106569583
128221108111560,128221270460681
128221108111560,128221361831846
128221108111560,128221469886296
128221108111560,128221581294750
128221583223769,128221581294750
128221583223769,128221790663855
128221583223769,128221904990137
128221583223769,128221997357170
128221583223769,128222102609735
128222104486455,128222102609735
128222104486455,128222214408264
128222104486455,128222299436387
128222104486455,128222406684937
128222408127382,128222406684937
128222408127382,128222503672985
128222408127382,128222614368760
128222408127382,128222733593085
128222408127382,128222843529067
128222860917631,128222843529067
128222860917631,128222997574008
128222860917631,128223101461472
128222860917631,128223217173390
128222860917631,128223322901866
128222860917631,128223427153192
128223428465835,128223427153192
128223428465835,128223587455420
128223428465835,128223678657453
128223428465835,128223789665668
128223428465835,128223897397240
128223899117879,128223897397240
128223899117879,128224007197980
128223899117879,128224095756274
128224096971415,128224095756274
128224096971415,128224226409075
128224096971415,128224321091035
128224096971415,128224432933274
128224096971415,128224528619495
128224096971415,128224636866032
128224638257902,128224636866032
128224638257902,128224812266941
128224638257902,128224933553314
128224638257902,128225028524550
128224638257902,128225148747496
128225149665587,128225148747496
128225149665587,128225333530209
128225149665587,128225454983395
128225149665587,128225563928782
128225565541733,128225563928782
128225565541733,128225676305534
128225565541733,128225780329432
128225565541733,128225883695808
128225565541733,128225992652886
128225565541733,128226099778540
128225565541733,128226194528579
128226196132379,128226194528579
128226196132379,128226295571029
128226196132379,128226403377106
128226196132379,128226520168178
128226196132379,128226615847655
128226617665246,128226615847655
128226617665246,128226727790102
128226617665246,128226931614292
128226617665246,128227030986861
128226617665246,128227148845082
128227150768249,128227148845082
128227150768249,128227315217448
128227150768249,128227443390575
128227150768249,128227534174421
128227535582916,128227534174421
128227535582916,128227635058038
128227535582916,128227743281699
128227535582916,128227836372279
128227535582916,128227951533984
128227535582916,128228140205124
128228234878338,128228140205124
128228234878338,128228233247991
128228234878338,128228439938026
128228234878338,128228527960883
128228234878338,128228619827131
128228621838357,128228619827131
128228621838357,128228741529624
128228621838357,128228830362428
128228621838357,128228934600798
128228621838357,128229046557354
128228621838357,128229154592054
128229048010859,128229154592054
128229048010859,128229240344834
128229241679139,128229240344834
128229241679139,128229350298751
128229241679139,128229445106991
128229241679139,128229529188429
128229241679139,128229634054709
128229635305589,128229634054709
128229635305589,128229753482935
128229635305589,128229855529611
128229635305589,128229969369717
128229635305589,128230071853081
128229635305589,128230179837683
128230181565060,128230179837683
128230181565060,128230352594498
128230181565060,128230458156209
128230181565060,128230559918247
128230181565060,128230661924528
128230181565060,128230800213315
128230803068415,128230800213315
128230803068415,128230932198852
128230803068415,128231039216442
128230803068415,128231133779828
128231134887244,128231133779828
128231134887244,128231257158127
128231134887244,128231363786554
128231134887244,128231481337740
128231134887244,128231581472780
128231134887244,128231699130741
128231582253509,128231699130741
128231582253509,128231801713746
128231582253509,128231913032063
128231582253509,128232010800736
128232011887512,128232010800736
128232011887512,128232156177473
128232011887512,128232253430021
128232011887512,128232356516061
128232011887512,128232469399505
128232011887512,128232672580375
128232011887512,128232765161484
128232011887512,128232866429351
128232011887512,128232974901103
128232976457484,128232974901103
128232976457484,128233083918210
128233124095584,128233083918210
128233124095584,128233266667959
128233124095584,128233457452757
128233124095584,128233656089905
128233723829681,128233656089905
128233723829681,128233852210019
128233723829681,128233973216434
128233723829681,128234183403541
128233723829681,128234294623699
128233723829681,128234410967270
128234413183946,128234410967270
128234413183946,128234495623395
128234413183946,128234591351409
128234413183946,128234715340499
128234413183946,128234785140462
128234786207586,128234785140462
128234786207586,128234923308979
128234786207586,128235127805638
128234786207586,128235232642056
128235236620338,128235232642056
128235236620338,128235436585617
128235236620338,128235542338025
128235236620338,128235641528880
128235236620338,128235749056444
128235236620338,128235858399287
128235236620338,128235952137660
128235860103932,128235952137660
128235860103932,128236044819535
128235860103932,128236150074665
128235860103932,128236248847399
128236250224892,128236248847399
128236250224892,128236357139428
128236250224892,128236449314036
128236250224892,128236540593168
128236250224892,128236840267318
128236250224892,128236931500745
128236250224892,128237029368578
128236250224892,128237110579156
128237111287159,128237110579156
128237111287159,128237191521406
128237426343161,128237191521406
128237426343161,128237533075841
128237426343161,128237777098596
128237426343161,128237888834552
128237890372606,128237888834552
128237890372606,128238037654811
128237890372606,128238150405076
128237890372606,128238251038202
128237890372606,128238355986828
128238459872816,128238355986828
128238459872816,128238459093337
128238459872816,128238527394653
128238459872816,128238625984842
128238459872816,128238739080028
128238459872816,128238837350972
128238839456795,128238837350972
128238839456795,128239017046095
128238839456795,128239149189454
128238839456795,128239258082317
128239259879915,128239258082317
128239259879915,128239366176701
128239259879915,128239471509115
128239259879915,128239581742751
128239259879915,128239666922740
128239736459223,128239666922740
128239736459223,128239734834003
128239736459223,128239946939079
128239736459223,128240051062435
128239736459223,128240160016493
128240164909620,128240160016493
128240164909620,128240348350933
128240164909620,128240463203620
128240164909620,128240570757798
128240164909620,128240666220147
128240667239445,128240666220147
128240667239445,128240848465668
128240667239445,128240960764653
128240667239445,128241069387279
128240667239445,128241203270426
128240667239445,128241307361799
128240667239445,128241386111492
128240667239445,128241456494032
128241387551174,128241456494032
128241387551174,128241544073315
128241387551174,128241658919436
128241387551174,128241761356006
128241660226737,128241761356006
128241660226737,128241863241799
128241660226737,128242163921616
128241660226737,128242337576181
128242173729382,128242337576181
128242173729382,128242472391647
128242173729382,128242580527541
128242173729382,128242674504218
128242173729382,128242778283921
128242779900522,128242778283921
128242779900522,128242946987670
128242779900522,128243043946543
128242779900522,128243156488250
128242779900522,128243250255450
128243251545261,128243250255450
128243251545261,128243358185708
128243251545261,128243551042116
128243251545261,128243654432241
128243251545261,128243747682861
128243749526761,128243747682861
128243749526761,128243855827299
128243749526761,128243961232962
128243749526761,128244066435909
128243749526761,128244156130322
128244157238812,128244156130322
128244157238812,128244357716878
128244157238812,128244449497029
128244157238812,128244540949010
128244451415815,128244540949010
128244451415815,128244648603834
128244451415815,128244757657585
128244451415815,128244876298734
128244451415815,128244976517684
128244451415815,128245076389083
128244451415815,128245182659241
128245078046992,128245182659241
128245078046992,128245269764649
128245270950820,128245269764649
128245270950820,128245382741887
128245270950820,128245482357343
128245270950820,128245591686172
128245270950820,128245693243349
128245270950820,128245869629020
128245878387732,128245869629020
128245878387732,128246076605988
128245878387732,128246164376046
128245878387732,128246281244441
128245878387732,128246381685031
128245878387732,128246447666371
128246449523232,128246447666371
128246449523232,128246561208253
128246449523232,128246765868796
128246449523232,128246879537076
128246880827519,128246879537076
128246880827519,128247081039366
128246880827519,128247183072378
128246880827519,128247295083245
128246880827519,128247404039283
128246880827519,128247508725165
128247509736784,128247508725165
128247509736784,128247668115423
128247509736784,128247756236709
128247509736784,128247866745851
128247868582532,128247866745851
128247868582532,128247978472905
128247868582532,128248063852508
128247868582532,128248182219936
128247868582532,128248282170018
128247868582532,128248378264246
128247868582532,128248507413533
128248379764417,128248507413533
128248379764417,128248597733687
128248379764417,128248711954646
128248600086025,128248711954646
128248600086025,128248804650984
128248600086025,128248915627894
128248600086025,128249001291739
128248600086025,128249179875146
128249187815482,128249179875146
128249187815482,128249379081452
128249187815482,128249491638022
128249187815482,128249598445382
128249187815482,128249691297564
128249187815482,128249785192806
128249187815482,128249887866412
128249889196329,128249887866412
128249889196329,128249982422553
128249889196329,128250095147105
128249889196329,128250195070156
128250196062886,128250195070156
128250196062886,128250385111397
128250196062886,128250472560395
128250196062886,128250583419995
128250584930530,128250583419995
128250584930530,128250784019590
128250584930530,128250900501140
128250584930530,128250999414678
128250584930530,128251087921543
128250584930530,128251201743709
128250584930530,128251310544487
128251203699662,128251310544487
128251203699662,128251397770046
128251203699662,128251506607652
128251399602107,128251506607652
128251399602107,128251597256266
128251399602107,128251708652613
128251399602107,128251806145459
128251399602107,128251915615470
128252004654722,128251915615470
128252004654722,128252206180892
128252004654722,128252318336080
128252004654722,128252430374604
128252004654722,128252537128500
128252539203098,128252537128500
128252539203098,128252683567547
128252539203098,128252798262750
128252539203098,128252902075705
128252539203098,128252994269190
128252995333935,128252994269190
128252995333935,128253184186309
128252995333935,128253282863951
128252995333935,128253399305079
128252995333935,128253513971373
128252995333935,128253618345875
128253619286734,128253618345875
128253619286734,128253703507110
128253619286734,128253791868444
128253619286734,128253900028422
128253619286734,128254002177015
128253619286734,128254107358436
128254003864653,128254107358436
128254003864653,128254212786209
128254003864653,128254377764393
128254390114981,128254377764393
128254390114981,128254587407826
128254390114981,128254671538620
128254390114981,128254792884900
128254390114981,128254899765080
128254390114981,128255009050373
128254390114981,128255097737062
128255098714388,128255097737062
128255098714388,128255284920415
128255098714388,128255397281400
128255098714388,128255483639188
128255484661957,128255483639188
128255484661957,128255595628244
128255484661957,128255790940865
128255484661957,128255903924700
128255905171015,128255903924700
128255905171015,128256099974620
128255905171015,128256208634263
128255905171015,128256302939956
128255905171015,128256414275556
128255905171015,128256519019769
128256520079167,128256519019769
128256520079167,128256683248220
128256520079167,128256784301697
128256520079167,128256891584663
128256893254095,128256891584663
128256893254095,128256990968703
128256893254095,128257102585970
128256893254095,128257196602852
128256893254095,128257302261657
128257303646925,128257302261657
128257303646925,128257509561959
128257303646925,128257622515504
128257303646925,128257727653390
128257303646925,128257817064611
128257303646925,128257907493850
128257303646925,128258011669079
128258012877207,128258011669079
128258012877207,128258188333739
128258012877207,128258293980903
128258012877207,128258402907428
128258404825952,128258402907428
128258404825952,128258510650527
128258404825952,128258671378754
128258404825952,128258783430202
128258404825952,128258888018701
128258786137025,128258888018701
128258786137025,128259004182719
128258786137025,128259121823435
128258786137025,128259231959239
128259232962341,128259231959239
128259232962341,128259396267008
128259232962341,128259503865894
128259232962341,128259617930007
128259232962341,128259726308962
128259232962341,128259844474258
128259232962341,128259931570912
128259933161311,128259931570912
128259933161311,128260003727404
128259933161311,128260096760556
128259933161311,128260202091274
128260203355112,128260202091274
128260203355112,128260304970571
128260203355112,128260405570974
128260203355112,128260703785173
128260203355112,128260885110914
128260203355112,128260983088460
128260886637761,128260983088460
128260886637761,128261098309310
128260886637761,128261205056507
128260886637761,128261317452552
128260886637761,128261488475414
128261319151557,128261488475414
128261319151557,128261607328575
128261319151557,128261711164090
128261319151557,128261816628377
128261319151557,128261930486336
128261818436167,128261930486336
128261818436167,128262019031653
128261818436167,128262129292185
128262020725420,128262129292185
128262020725420,128262231403980
128262020725420,128262342167065
128262020725420,128262430015413
128262020725420,128262617511010
128262020725420,128262684938797
128262020725420,128262800321962
128262686039383,128262800321962
128262686039383,128262999609409
128262686039383,128263120157213
128263127914836,128263120157213
128263127914836,128263297134876
128263127914836,128263407289097
128263127914836,128263520702699
128263127914836,128263624619551
128263625888457,128263624619551
128263625888457,128263813953317
128263625888457,128263926143374
128263625888457,128264033579976
128263625888457,128264139764513
128263625888457,128264250918758
128264141118604,128264250918758
128264141118604,128264341766716
128264141118604,128264451349213
128264141118604,128264547991043
128264141118604,128264654228795
128264141118604,128264794937512
128264655708410,128264794937512
128264655708410,128264919339547
128264655708410,128265006521293
128264655708410,128265104336777
128265106543099,128265104336777
128265106543099,128265230365357
128265106543099,128265336334639
128265106543099,128265444828311
128265445860958,128265444828311
128265445860958,128265606483910
128265445860958,128265705865774
128265445860958,128265806907629
128265445860958,128265928026894
128265445860958,128266021106786
128266022409895,128266021106786
128266022409895,128266219668750
128266022409895,128266331382034
128266022409895,128266450068287
128266022409895,128266606319259
128266451715172,128266606319259
128266451715172,128266717409300
128266451715172,128266837573946
128266451715172,128266923855481
128266451715172,128267042517247
128267043927390,128267042517247
128267043927390,128267198318117
128267043927390,128267308665017
128267043927390,128267419811878
128267043927390,128267553452567
128267043927390,128267667292810
128267554629538,128267667292810
128267554629538,128267759565484
128267554629538,128267856402460
128267910041796,128267856402460
128267910041796,128268025422520
128267910041796,128268121267194
128267910041796,128268239585375
128267910041796,128268340399918
128267910041796,128268445850136
128267910041796,128268601406290
128268447639088,128268601406290
128268447639088,128268713995215
128268716369580,128268713995215
128268716369580,128268833982104
128268716369580,128268950744635
128268716369580,128269063141446
128268716369580,128269171566290
128268716369580,128269258955802
128269260471294,128269258955802
128269260471294,128269428946636
128269260471294,128269543515664
128269260471294,128269650914366
128269260471294,128269758448108
128269759979254,128269758448108
128269759979254,128269934227839
128269759979254,128270061483782
128269759979254,128270171359255
128269759979254,128270279248590
128269759979254,128270386776351
128270280611217,128270386776351
128270280611217,128270477197358
128270280611217,128270582056731
128270280611217,128270675813359
128270678331938,128270675813359
128270678331938,128270832137250
128270678331938,128270948045435
128270678331938,128271054956397
128270678331938,128271143259722
128271144695247,128271143259722
128271144695247,128271343275932
128271144695247,128271474812774
128271144695247,128271575177534
128271144695247,128271688087460
128271144695247,128271788289335
128271690171142,128271788289335
128271690171142,128271893934208
128271690171142,128272002956528
128271690171142,128272119981106
128271690171142,128272233245237
128271690171142,128272325429911
128272234344672,128272325429911
128272234344672,128272436865517
128272234344672,128272535751089
128272234344672,128272650962168
128272234344672,128272758606999
128272652819811,128272758606999
128272652819811,128272855664049
128272652819811,128272969772999
128272857108738,128272969772999
128272857108738,128273059051986
128272857108738,128273165636379
128272857108738,128273257379305
128272857108738,128273366577451
128272857108738,128273517443997
128273518846150,128273517443997
128273518846150,128273644144178
128273518846150,128273844211709
128273518846150,128273947758432
128273518846150,128274137907051
128273518846150,128274224904766
128273518846150,128274317480281
128274226611761,128274317480281
128274226611761,128274433650012
128274226611761,128274543502937
128274545104235,128274543502937
128274545104235,128274753884319
128274545104235,128274867071652
128274545104235,128274960899442
128274962011851,128274960899442
128274962011851,128275152173924
128274962011851,128275259492721
128274962011851,128275374046251
128274962011851,128275467999195
128274962011851,128275589920069
128274962011851,128275725472762
128275591780987,128275725472762
128275591780987,128275837019583
128275591780987,128275949395779
128275591780987,128276064495654
128275591780987,128276238695179
128276065780609,128276238695179
128276065780609,128276339342589
128276065780609,128276450809797
128276065780609,128276542104723
128276453194000,128276542104723
128276453194000,128276646253322
128276453194000,128276762230841
128276453194000,128276864983307
128276453194000,128276972755455
128276974527269,128276972755455
128276974527269,128277147019559
128276974527269,128277250465960
128276974527269,128277370539195
128276974527269,128277436457516
128277437401052,128277436457516
128277437401052,128277550727381
128277437401052,128277761909446
128277437401052,128277873350101
128277874446702,128277873350101
128277874446702,128278055984935
128277874446702,128278166230574
128277874446702,128278279421276
128277874446702,128278386270031
128277874446702,128278474604322
128277874446702,128278564428514
128278565249840,128278564428514
128278565249840,128278655510858
128278565249840,128278761583553
128278857484830,128278761583553
128278857484830,128278856463106
128278857484830,128279066439443
128278857484830,128279154774719
128278857484830,128279273048667
128279274723202,128279273048667
128279274723202,128279465035212
128279274723202,128279595954017
128279274723202,128279700554804
128279702140853,128279700554804
128279702140853,128279812290384
128279702140853,128279896545883
128279702140853,128280004833304
128279702140853,128280102100484
128279702140853,128280191860169
128280193162201,128280191860169
128280193162201,128280301821359
128280193162201,128280407111827
128280193162201,128280517034207
128280408493746,128280517034207
128280408493746,128280627868670
128280408493746,128280738944489
128280408493746,128280846896599
128280408493746,128280948967033
128280408493746,128281055626986
128280408493746,128281161149620
128281271520805,128281161149620
128281271520805,128281270259069
128281271520805,128281364761526
128281271520805,128281483545483
128281271520805,128281579142518
128281580167929,128281579142518
128281580167929,128281772066922
128281580167929,128281865409547
128281580167929,128281980430972
128281981727422,128281980430972
128281981727422,128282164077633
128281981727422,128282283063672
128281981727422,128282372291946
128281981727422,128282468659486
128282470094824,128282468659486
128282470094824,128282580802167
128282470094824,128282669820107
128282470094824,128282777608807
128282470094824,128282873173874
128282470094824,128282987443221
128282470094824,128283089074405
128283089947725,128283089074405
128283089947725,128283184980345
128283089947725,128283269672462
128283089947725,128283380751942
128283089947725,128283484838565
128283485657791,128283484838565
128283485657791,128283677386401
128283485657791,128283878522252
128283888136748,128283878522252
128283888136748,128284069425714
128283888136748,128284183437748
128283888136748,128284292039093
128283888136748,128284401035225
128284405504106,128284401035225
128284405504106,128284573705200
128284405504106,128284675345950
128284405504106,128284782611380
128284405504106,128284879147221
128284405504106,128284984133750
128284405504106,128285091882428
128284985349929,128285091882428
128284985349929,128285185100340
128284985349929,128285294389140
128284985349929,128285392288518
128285393189391,128285392288518
128285393189391,128285584491675
128285393189391,128285669131574
128285393189391,128285767922906
128285393189391,128285861370507
128285862751544,128285861370507
128285862751544,128285974545478
128285862751544,128286083935846
128285862751544,128286189047361
128285862751544,128286278080865
128286279795307,128286278080865
128286279795307,128286480437084
128286279795307,128286595931285
128286279795307,128286698954000
128286700064234,128286698954000
128286700064234,128286873843554
128286700064234,128286985341344
128286700064234,128287097927193
128286700064234,128287208050534
128286700064234,128287320942265
128287322540673,128287320942265
128287322540673,128287493722156
128287322540673,128287597345926
128287322540673,128287737269523
128287322540673,128287856778359
128287741632173,128287856778359
128287741632173,128287969566040
128287741632173,128288087936045
128287741632173,128288208783270
128287741632173,128288308332363
128287741632173,128288402748421
128288404486512,128288402748421
128288404486512,128288492430060
128288404486512,128288586731529
128288404486512,128288693029508
128288404486512,128288876968803
128288694662469,128288876968803
128288694662469,128288982291549
128288694662469,128289091470710
128288694662469,128289210502419
128288694662469,128289312110951
128289312876683,128289312110951
128289312876683,128289404243766
128289312876683,128289513328286
128289579851549,128289513328286
128289579851549,128289686303644
128289579851549,128289804793570
128289579851549,128289922890410
128289579851549,128290022862364
128290024069898,128290022862364
128290024069898,128290203841146
128290024069898,128290312880861
128290024069898,128290428098413
128290024069898,128290538393348
128290024069898,128290654672137
128290539678450,128290654672137
128290539678450,128290747849473
128290539678450,128290853377807
128290539678450,128290958926898
128290539678450,128291059205127
128290539678450,128291183804692
128291061316267,128291183804692
128291061316267,128291284033036
128291061316267,128291401759071
128291061316267,128291493127963
128291494657746,128291493127963
128291494657746,128291711742918
128291494657746,128291822606173
128291494657746,128291912549180
128291494657746,128292025201953
128291494657746,128292119462313
128291494657746,128292216378782
128292120596348,128292216378782
128292120596348,128292299567427
128292120596348,128292420792830
128292422485747,128292420792830
128292422485747,128292602931823
128292422485747,128292712124952
128292717341232,128292712124952
128292717341232,128292908678518
128292717341232,128293020459733
128292717341232,128293121767855
128292717341232,128293231072764
128292717341232,128293326667819
128293327622438,128293326667819
128293327622438,128293515845683
128293327622438,128293623094289
128293327622438,128293727430896
128293327622438,128293844406705
128293728553963,128293844406705
128293728553963,128293940908989
128293728553963,128294050946687
128293942606343,128294050946687
128293942606343,128294141544564
128293942606343,128294244860636
128293942606343,128294347361369
128293942606343,128294445602398
128293942606343,128294547940708
128293942606343,128294655876954
128293942606343,128294754685953
128293942606343,128294847192160
128294755887789,128294847192160
128294755887789,128294942022406
128294755887789,128295043875630
128294755887789,128295124084478
128295125829478,128295124084478
128295125829478,128295318140121
128295125829478,128295428789451
128295125829478,128295533241219
128295534332594,128295533241219
128295534332594,128295712263071
128295534332594,128295835447719
128295534332594,128295944438180
128295534332594,128296075402131
128295534332594,128296187398595
128295534332594,128296283978421
128296189452566,128296283978421
128296189452566,128296390338432
128296189452566,128296502419262
128296189452566,128296587522537
128296588840835,128296587522537
128296588840835,128296718634480
128296588840835,128296896871703
128296588840835,128297014814143
128296588840835,128297128422556
128297129422926,128297128422556
128297129422926,128297305949144
128297129422926,128297422713769
128297129422926,128297526166918
128297526898098,128297526166918
128297526898098,128297618062493
128297526898098,128297723585528
128297526898098,128297829404919
128297526898098,128297936517930
128297526898098,128298027191302
128298028238807,128298027191302
128298028238807,128298234384640
128298028238807,128298313952603
128298028238807,128298432978496
128298434823510,128298432978496
128298434823510,128298628710074
128298434823510,128298746939576
128298434823510,128298862249934
128298434823510,128298981111890
128298863792060,128298981111890
128298863792060,128299092504367
128298863792060,128299204932808
128298863792060,128299313781354
128298863792060,128299420868977
128298863792060,128299519757184
128299521227565,128299519757184
128299521227565,128299613946189
128299521227565,128299717531987
128299521227565,128299822340458
128299521227565,128299886851699
128299888537605,128299886851699
128299888537605,128300022884640
128299888537605,128300214386041
128299888537605,128300344108586
128299888537605,128300534048280
128299888537605,128300596955544
128300598232674,128300596955544
128300598232674,128300717744928
128300598232674,128300814553849
128300598232674,128300927531905
128300948812559,128300927531905
128300948812559,128301130508532
128300948812559,128301335288510
128300948812559,128301441049623
128300948812559,128301547751198
128300948812559,128301650419433
128301549493011,128301650419433
128301549493011,128301744451879
128301549493011,128301848016680
128301849330366,128301848016680
128301849330366,128302045601470
128301849330366,128302152217766
128301849330366,128302272021432
128301849330366,128302372953582
128301849330366,128302458107800
128301849330366,128302550823545
128302458934775,128302550823545
128302458934775,128302651093875
128302458934775,128302759749170
128302458934775,128302859888059
128302458934775,128302955591272
128302861243848,128302955591272
128302861243848,128303071991648
128302861243848,128303166581219
128303167827292,128303166581219
128303167827292,128303341269813
128303167827292,128303461544918
128303167827292,128303569083135
128303167827292,128303658426354
128303167827292,128303768788324
128303167827292,128303866085694
128303167827292,128303967687867
128303866856730,128303967687867
128303866856730,128304068980967
128303866856730,128304165981656
128303866856730,128304319054726
128304167620627,128304319054726
128304167620627,128304446616100
128304451370640,128304446616100
128304451370640,128304630451676
128304451370640,128304746353700
128304451370640,128304834991255
128304451370640,128304953967668
128304451370640,128305060748175
128304451370640,128305172364164
128304451370640,128305260930661
128305261747459,128305260930661
128305261747459,128305332030485
128305261747459,128305435561672
128305261747459,128305543831510
128305551182881,128305543831510
128305551182881,128305744764855
128305551182881,128305859788216
128305551182881,128306031784202
128306033491159,128306031784202
128306033491159,128306152836125
128306033491159,128306262588493
128306033491159,128306371079521
128306033491159,128306479338568
128306033491159,128306586963919
128306480595432,128306586963919
128306480595432,128306675563385
128306480595432,128306766941514
128306480595432,128306873250455
128306480595432,128306978879735
128306480595432,128307087368035
128306480595432,128307181959250
128307088778381,128307181959250
128307088778381,128307277828730
128307088778381,128307380860642
128307088778381,128307483757657
128307381797232,128307483757657
128307381797232,128307585975706
128307381797232,128307754338226
128307381797232,128307921899852
128307922775386,128307921899852
128307922775386,128308058630724
128307922775386,128308167733521
128308170857298,128308167733521
128308170857298,128308348722184
128308170857298,128308452167233
128308170857298,128308575192184
128308170857298,128308661797165
128308170857298,128308784237477
128308786345804,128308784237477
128308786345804,128308941733204
128308786345804,128309062108149
128308786345804,128309169862370
128308786345804,128309280192790
128308786345804,128309383744371
128308786345804,128309472314744
128309384517775,128309472314744
128309384517775,128309577038115
128309384517775,128309680520267
128309384517775,128309782852786
128309384517775,128309891700778
128309784328235,128309891700778
128309784328235,128309985189482
128309784328235,128310178624515
128309784328235,128310268667608
128309784328235,128310372307003
128309784328235,128310455773741
128310456687814,128310455773741
128310456687814,128310556932561
128310456687814,128310655566160
128310765186671,128310655566160
128310765186671,128310967668011
128310765186671,128311071806609
128310765186671,128311267123422
128310765186671,128311363823983
128311364947577,128311363823983
128311364947577,128311458086023
128311364947577,128311567718305
128311364947577,128311673582192
128311364947577,128311786946437
128311364947577,128311897673576
128311788520234,128311897673576
128311788520234,128311982225476
128311788520234,128312093778809
128311788520234,128312187509678
128311788520234,128312302694908
128312188572486,128312302694908
128312188572486,128312406660191
128312188572486,128312583624263
128312587622630,128312583624263
128312587622630,128312768026629
128312587622630,128312891662158
128312587622630,128313010503975
128312587622630,128313108291177
128312587622630,128313216894147
128313218764609,128313216894147
128313218764609,128313353804047
128313218764609,128313463522333
128313218764609,128313561604007
128313218764609,128313677074409
128313218764609,128313787872549
128313678738465,128313787872549
128313678738465,128313901095524
128313678738465,128314004147898
128314005235275,128314004147898
128314005235275,128314169581270
128314005235275,128314273585409
128314005235275,128314379185413
128314005235275,128314482523003
128314005235275,128314588299237
128314590430240,128314588299237
128314590430240,128314784175521
128314590430240,128314899117163
128314590430240,128314997287931
128314590430240,128315109160572
128314590430240,128315202472413
128314590430240,128315295612635
128315296815919,128315295612635
128315296815919,128315374023238
128315296815919,128315489131300
128315584923549,128315489131300
128315584923549,128315784286776
128315584923549,128315888406380
128315584923549,128315998358351
128316093982841,128315998358351
128316093982841,128316288555502
128316093982841,128316394797537
128316093982841,128316500150450
128316093982841,128316599609710
128316093982841,128316709702998
128316093982841,128316804909264
128316093982841,128316890196824
128316891305118,128316890196824
128316891305118,128316966276680
128316891305118,128317075663659
128317188332222,128317075663659
128317188332222,128317386185972
128317483314316,128317386185972
128317483314316,128317482330279
128317483314316,128317597176555
128317483314316,128317696422612
128317483314316,128317798598454
128317483314316,128317893007543
128317483314316,128317996935936
128317483314316,128318096796716
128318097825769,128318096796716
128318097825769,128318295661447
128318097825769,128318387747948
128318097825769,128318494109164
128318097825769,128318695156005
128318789930181,128318695156005
128318789930181,128318789031079
128318789930181,128318861201001
128318789930181,128318975547103
128319092814419,128318975547103
128319092814419,128319089591316
128319092814419,128319290194681
128319092814419,128319396236248
128319400664665,128319396236248
128319400664665,128319605780405
128319400664665,128319719570827
128319400664665,128319826320295
128319400664665,128319938552963
128319400664665,128320040168725
128320041159260,128320040168725
128320041159260,128320197335035
128320041159260,128320309379480
128320041159260,128320423669795
128320041159260,128320531025250
128320532907016,128320531025250
128320532907016,128320698021380
128320532907016,128320789238671
128320532907016,128320906407142
128320532907016,128321025972640
128320532907016,128321108981387
128321109762731,128321108981387
128321109762731,128321206852465
128321109762731,128321310701430
128321109762731,128321416173957
128321109762731,128321498325442
128321499752489,128321498325442
128321499752489,128321687840145
128321499752489,128321786286879
128321792878954,128321786286879
128321792878954,128321905446453
128321792878954,128322007968983
128321792878954,128322117634270
128321792878954,128322224443053
128321792878954,128322314624905
128321792878954,128322422298328
128322423841697,128322422298328
128322423841697,128322583224144
128322423841697,128322697265315
128322423841697,128322808801494
128322809858065,128322808801494
128322809858065,128322920424977
128322809858065,128323012596617
128322809858065,128323128709604
128322809858065,128323228604095
128323229824880,128323228604095
128323229824880,128323420743285
128323229824880,128323519028415
128323229824880,128323638613927
128323229824880,128323730998287
128323229824880,128323831791481
128323833692423,128323831791481
128323833692423,128324000964145
128323833692423,128324091953226
128323833692423,128324198385151
128323833692423,128324313111239
128324316567069,128324313111239
128324316567069,128324521762973
128324316567069,128324618361561
128324316567069,128324688388588
128324316567069,128324791254685
128324904850441,128324791254685
128324904850441,128324903533039
128324904850441,128324996672396
128324904850441,128325105427262
128325205203738,128325105427262
128325205203738,128325292153750
128325205203738,128325415600400
128325205203738,128325527617905
128325205203738,128325668674137
128325704529031,128325668674137
128325704529031,128325806248246
128325704529031,128325925926674
128325704529031,128326014628325
128325704529031,128326122656377
128326124404927,128326122656377
128326124404927,128326320849839
128326124404927,128326435112272
128326124404927,128326544157356
128326124404927,128326647548219
128326124404927,128326731768959
128326124404927,128326819724098
128326124404927,128326905922982
128326906703931,128326905922982
128326906703931,128327005974931
128326906703931,128327107152500
128327199670762,128327107152500
128327199670762,128327321347938
128327199670762,128327526602187
128327199670762,128327617600929
128327199670762,128327706356688
128327707831157,128327706356688
128327707831157,128327816296366
128327707831157,128328019173848
128327707831157,128328144307039
128328146842359,128328144307039
128328146842359,128328318564383
128328146842359,128328433131010
128328146842359,128328537106157
128328146842359,128328639168334
128328146842359,128328755259120
128328756545298,128328755259120
128328756545298,128328914792076
128328756545298,128329030664029
128328756545298,128329128635867
128329247819732,128329128635867
128329247819732,128329246760959
128329247819732,128329439935985
128329247819732,128329551219211
128329247819732,128329639805658
128329247819732,128329746269315
128329247819732,128329845102292
128329747873315,128329845102292
128329747873315,128329946340802
128329747873315,128330051299727
128329747873315,128330218925170
128330220225228,128330218925170
128330220225228,128330436132577
128330220225228,128330531479070
128330220225228,128330621882324
128330220225228,128330731178211
128330220225228,128330916204482
128330733195455,128330916204482
128330918095956,128330916204482
128330918095956,128331029906244
128330918095956,128331138220068
128330918095956,128331245900146
128330918095956,128331350500741
128330918095956,128331457384086
128330918095956,128331544594292
128330918095956,128331650165004
128330918095956,128331799434654
128331652278550,128331799434654
128331810573195,128331799434654
128331810573195,128331933183017
128331810573195,128332038189841
128331810573195,128332144424127
128331810573195,128332247727579
128331810573195,128332353790883
128331810573195,128332457905494
128332458991585,128332457905494
128332458991585,128332641077783
128332458991585,128332752702055
128332458991585,128332862292597
128332458991585,128332963778957
128332458991585,128333121691920
128332965491765,128333121691920
128332965491765,128333236218076
128332965491765,128333351316568
128332965491765,128333418739688
128332965491765,128333516393723
128333518523417,128333516393723
128333518523417,128333638237325
128333518523417,128333749225481
128333518523417,128333862508278
128333863557223,128333862508278
128333863557223,128334048480863
128333863557223,128334155372130
128333863557223,128334272327419
128333863557223,128334383287916
128334273696953,128334383287916
128334273696953,128334493256675
128334273696953,128334604349813
128334273696953,128334712074729
128334273696953,128334796199136
128334273696953,128334908020345
128334273696953,128335012270012
128334909664547,128335012270012
128334909664547,128335115795857
128334909664547,128335220502315
128334909664547,128335314908576
128335317385214,128335314908576
128335317385214,128335440257900
128335317385214,128335648522021
128335317385214,128335735070213
128335736104406,128335735070213
128335736104406,128335845139956
128335736104406,128335948996490
128335736104406,128336067726083
128335736104406,128336168567561
128335736104406,128336279652248
128335736104406,128336377991463
128336379041565,128336377991463
128336379041565,128336538515220
128336379041565,128336650413438
128336379041565,128336734521910
128336736297280,128336734521910
128336736297280,128336838880912
128336736297280,128337053032324
128336736297280,128337145741608
128337146749249,128337145741608
128337146749249,128337332648244
128337146749249,128337448532387
128337146749249,128337534154533
128337146749249,128337653897586
128337146749249,128337764291735
128337146749249,128337933038057
128337765939184,128337933038057
128337934309110,128337933038057
128337934309110,128338041670116
128337934309110,128338162080949
128337934309110,128338249009324
128337934309110,128338358562882
128337934309110,128338478366022
128338360300458,128338478366022
128338360300458,128338581855308
128338360300458,128338682966344
128338360300458,128338782959183
128338360300458,128338883796369
128338360300458,128338989816108
128338360300458,128339091444835
128338360300458,128339242944394
128339093824780,128339242944394
128339093824780,128339359934013
128339093824780,128339474793396
128339093824780,128339544781836
128339546649775,128339544781836
128339546649775,128339753607947
128339546649775,128339858147565
128339546649775,128339969369504
128339970882064,128339969369504
128339970882064,128340077278282
128339970882064,128340192770467
128339970882064,128340295625120
128339970882064,128340410676514
128340421310290,128340410676514
128340421310290,128340554996091
128340421310290,128340662973127
128340421310290,128340752887002
128340421310290,128340860363891
128340421310290,128340970423400
128340421310290,128341147650439
128340972263630,128341147650439
128340972263630,128341253482549
128340972263630,128341376062669
128341377331723,128341376062669
128341377331723,128341468232086
128341377331723,128341580083562
128341377331723,128341690337875
128341377331723,128341797188913
128341377331723,128341881400014
128341882534885,128341881400014
128341882534885,128342064970071
128341882534885,128342145852938
128341882534885,128342256024759
128342257912860,128342256024759
128342257912860,128342470446862
128342257912860,128342583753988
128342257912860,128342676816629
128342257912860,128342792489552
128342257912860,128342894453265
128342895853319,128342894453265
128342895853319,128342968764265
128342895853319,128343059784373
128342895853319,128343167658838
128342895853319,128343278794336
128343280713359,128343278794336
128343280713359,128343397355932
128343280713359,128343484340380
128343280713359,128343599368593
128343280713359,128343695419279
128343697180186,128343695419279
128343697180186,128343807229859
128343697180186,128343906221248
128343697180186,128344012849672
128343697180186,128344117762083
128344014229680,128344117762083
128344014229680,128344221237744
128344014229680,128344321738493
128344014229680,128344451032054
128344322867605,128344451032054
128344322867605,128344559248839
128344322867605,128344663359191
128344322867605,128344774941179
128344322867605,128344886781635
128344322867605,128344979435372
128344980869203,128344979435372
128344980869203,128345164982315
128344980869203,128345267332272
128344980869203,128345378695260
128344980869203,128345475804119
128345381588642,128345475804119
128345381588642,128345570190925
128345381588642,128345694950455
128345381588642,128345785504087
128345381588642,128345900917477
128345902172778,128345900917477
128345902172778,128345997162562
128345902172778,128346084730548
128345902172778,128346189708403
128345902172778,128346300468512
128345902172778,128346415919401
128346302120346,128346415919401
128346302120346,128346512241927
128346302120346,128346617425142
128346687494942,128346617425142
128346687494942,128346787834572
128346687494942,128346896242361
128346687494942,128347008166491
128346687494942,128347209495228
128346687494942,128347291997119
128347293201946,128347291997119
128347293201946,128347459603919
128347293201946,128347557340733
128347293201946,128347664980069
128347293201946,128347758576218
128347293201946,128347884562410
128347760128905,128347884562410
128347760128905,128347985712987
128347760128905,128348099348638
128348101615818,128348099348638
128348101615818,128348285231330
128348101615818,128348400908990
128348101615818,128348515157156
128348101615818,128348620810465
128348101615818,128348686651123
128348687639193,128348686651123
128348687639193,128348888847188
128348687639193,128348991893440
128348687639193,128349100891548
128348687639193,128349219022427
128349102126250,128349219022427
128349102126250,128349329074114
128349102126250,128349441070569
128349102126250,128349539153704
128349102126250,128349653760680
128349540562870,128349653760680
128349540562870,128349752569099
128349540562870,128349844765901
128349540562870,128349947426439
128349540562870,128350058177987
128349949354958,128350058177987
128349949354958,128350146497071
128349949354958,128350252122516
128349949354958,128350356206033
128349949354958,128350442468802
128349949354958,128350568062273
128350445472374,128350568062273
128350445472374,128350685644633
128350445472374,128350805210914
128350815939577,128350805210914
128350815939577,128350976122475
128350815939577,128351104972195
128350815939577,128351214768033
128350815939577,128351311722038
128350815939577,128351408113207
128351409377215,128351408113207
128351409377215,128351594564987
128351409377215,128351717314651
128351409377215,128351831082873
128351409377215,128351949955500
128351832507155,128351949955500
128351832507155,128352062874040
128351832507155,128352166777078
128351832507155,128352274032652
128351832507155,128352387453241
128352388431492,128352387453241
128352388431492,128352507897636
128352388431492,128352605879141
128352388431492,128352713907455
128352388431492,128352818887144
128352388431492,128352988450300
128352820780847,128352988450300
128352820780847,128353093318772
128352820780847,128353202338452
128352820780847,128353309712350
128353311152298,128353309712350
128353311152298,128353493965229
128353311152298,128353591459885
128353311152298,128353689424607
128353311152298,128353799526018
128353311152298,128353898810829
128353801730737,128353898810829
128353801730737,128354016479582
128353801730737,128354123722018
128353801730737,128354220763940
128353801730737,128354344957366
128354221956599,128354344957366
128354221956599,128354492219208
128354221956599,128354616686553
128354619623261,128354616686553
128354619623261,128354810534608
128354619623261,128354921584264
128354619623261,128355034820740
128354619623261,128355151197915
128354619623261,128355265684988
128354619623261,128355378855122
128355267039630,128355378855122
128355267039630,128355490668305
128355267039630,128355605048720
128355267039630,128355715366302
128355717265014,128355715366302
128355717265014,128355896478053
128355717265014,128356003533091
128355717265014,128356102579831
128356104283043,128356102579831
128356104283043,128356217783184
128356104283043,128356331021397
128356104283043,128356440138429
128356104283043,128356525400389
128356104283043,128356637274174
128356638911972,128356637274174
128356638911972,128356785212419
128356638911972,128356921336481
128356638911972,128357028339804
128357029751493,128357028339804
128357029751493,128357147440097
128357029751493,128357236814678
128357029751493,128357350038361
128357029751493,128357444247885
128357445052544,128357444247885
128357445052544,128357615187189
128357445052544,128357734508749
128357445052544,128357839704130
128357445052544,128357949893674
128357445052544,128358039146931
128358131555067,128358039146931
128358131555067,128358129911292
128358131555067,128358224048367
128358131555067,128358333632049
128358435726820,128358333632049
128358435726820,128358434284645
128358435726820,128358609696946
128358435726820,128358820946208
128358435726820,128358922970544
128359020279419,128358922970544
128359020279419,128359018342105
128359020279419,128359130630837
128359020279419,128359326956063
128359020279419,128359423736228
128359020279419,128359531726785
128359533374963,128359531726785
128359533374963,128359701427333
128359533374963,128359816472243
128359533374963,128359922134162
128359533374963,128360036976610
128360038861050,128360036976610
128360038861050,128360203769395
128360038861050,128360315186267
128360038861050,128360400510758
128360038861050,128360509373241
128360511256939,128360509373241
128360511256939,128360645176327
128360511256939,128360761810125
128360511256939,128360862210162
128360511256939,128360946755315
128360947899563,128360946755315
128360947899563,128361130035092
128360947899563,128361222153815
128360947899563,128361341831553
128360947899563,128361517435375
128361346024666,128361517435375
128361346024666,128361621949206
128361346024666,128361732393561
128361346024666,128361819033544
128361821142832,128361819033544
128361821142832,128361927518766
128361821142832,128362037336519
128361821142832,128362142739211
128361821142832,128362249830038
128361821142832,128362355310024
128362251681885,128362355310024
128362251681885,128362443252593
128362251681885,128362550572614
128362251681885,128362654690957
128362251681885,128362763240392
128362764684493,128362763240392
128362764684493,128362913187257
128362764684493,128363017161902
128362764684493,128363134690966
128362764684493,128363210586594
128363211669480,128363210586594
128363211669480,128363431044593
128363211669480,128363557034748
128363211669480,128363660560062
128363661886406,128363660560062
128363661886406,128363817522195
128363661886406,128363934145469
128363661886406,128364039683743
128363661886406,128364133835424
128363661886406,128364244786561
128364246665609,128364244786561
128364246665609,128364417547445
128364246665609,128364506875642
128364246665609,128364621850515
128364246665609,128364718473749
128364719609519,128364718473749
128364719609519,128364838360889
128364719609519,128364941335529
128365058810371,128364941335529
128365058810371,128365056888636
128365058810371,128365227849604
128365058810371,128365335790989
128365058810371,128365432833824
128365554677535,128365432833824
128365554677535,128365553670479
128365554677535,128365723018124
128365554677535,128365813904742
128365554677535,128365942858578
128365554677535,128366060130412
128365554677535,128366163735817
128366165442589,128366163735817
128366165442589,128366307830052
128366165442589,128366423064708
128366165442589,128366523993103
128366165442589,128366636072582
128366755658009,128366636072582
128366755658009,128366753687591
128366755658009,128366916850478
128366755658009,128367014651244
128366755658009,128367108376316
128367111096053,128367108376316
128367111096053,128367237669859
128367111096053,128367355055694
128367111096053,128367463765264
128367111096053,128367560729648
128367561930304,128367560729648
128367561930304,128367690705858
128367561930304,128367787697890
128367789309030,128367787697890
128367789309030,128367941359417
128367789309030,128368053679305
128367789309030,128368162727293
128367789309030,128368267456198
128367789309030,128368367849924
128367789309030,128368472990819
128368474732538,128368472990819
128368474732538,128368630935572
128368474732538,128368753043479
128368474732538,128368841567402
128368474732538,128368933104438
128368935274019,128368933104438
128368935274019,128369054035960
128368935274019,128369162536590
128368935274019,128369267620455
128368935274019,128369350209963
128369351803899,128369350209963
128369351803899,128369471255633
128369351803899,128369648526864
128369351803899,128369767636188
128369774155812,128369767636188
128369774155812,128369949331443
128369774155812,128370060843187
128369774155812,128370169331659
128369774155812,128370279856332
128370281380924,128370279856332
128370281380924,128370396814547
128370281380924,128370503529839
128370281380924,128370613697525
128370281380924,128370702286791
128370281380924,128370778403542
128370779953444,128370778403542
128370779953444,128370941467941
128370779953444,128371047075477
128371174755371,128371047075477
128371174755371,128371173726342
128371174755371,128371354134012
128371174755371,128371463726331
128371174755371,128371574375024
128371174755371,128371673854115
128371676984660,128371673854115
128371676984660,128371842440348
128371676984660,128371963998857
128371676984660,128372058533772
128371676984660,128372147603425
128372149402143,128372147603425
128372149402143,128372265315745
128372149402143,128372367154816
128372149402143,128372481592155
128372149402143,128372582380486
128372149402143,128372675796633
128372677175610,128372675796633
128372677175610,128372835971716
128372677175610,128372949872705
128372677175610,128373064362860
128372677175610,128373175403194
128373177329150,128373175403194
128373177329150,128373285795172
128373177329150,128373376888090
128373177329150,128373487690735
128373488971137,128373487690735
128373488971137,128373664686442
128373488971137,128373759565902
128373488971137,128373863299634
128373488971137,128373982747899
128373488971137,128374094797251
128373488971137,128374203979848
128374204803238,128374203979848
128374204803238,128374294353782
128374204803238,128374383357653
128374204803238,128374565816979
128374658101572,128374565816979
128374658101572,128374773543541
128374658101572,128374861297419
128374658101572,128374964423559
128374658101572,128375082022990
128375084017150,128375082022990
128375084017150,128375248966146
128375084017150,128375351328613
128375084017150,128375448214694
128375449609900,128375448214694
128375449609900,128375556306688
128375449609900,128375665756961
128375449609900,128375761227575
128375883685151,128375761227575
128375883685151,128375878612858
128375883685151,128376068158543
128375883685151,128376177681505
128375883685151,128376284893398
128376374198394,128376284893398
128376374198394,128376372466929
128376374198394,128376568504139
128376374198394,128376671702121
128376374198394,128376770346908
128376374198394,128376881176006
128376882350372,128376881176006
128376882350372,128376992419154
128376882350372,128377088341717
128377089387733,128377088341717
128377089387733,128377197038934
128377089387733,128377294609362
128377089387733,128377403938255
128377089387733,128377500178756
128377089387733,128377599151478
128377089387733,128377715723172
128377721280293,128377715723172
128377721280293,128377868400024
128377721280293,128377975513423
128377721280293,128378085024630
128377721280293,128378200833832
128377721280293,128378293182883
128378294786941,128378293182883
128378294786941,128378483774697
128378294786941,128378594600022
128378294786941,128378703187815
128378294786941,128378814316719
128378816226281,128378814316719
128378816226281,128378927795842
128378816226281,128379031253067
128378816226281,128379154414146
128378816226281,128379269429287
128379281839676,128379269429287
128379281839676,128379496173611
128379281839676,128379588015332
128379281839676,128379697310958
128379699235457,128379697310958
128379699235457,128379811091595
128379699235457,128379907901426
128379909170585,128379907901426
128379909170585,128380022445619
128379909170585,128380105381353
128379909170585,128380210889171
128379909170585,128380309379738
128379909170585,128380397593624
128379909170585,128380505790696
128380507445863,128380505790696
128380507445863,128380679941818
128380507445863,128380788665227
128380507445863,128380898805913
128380507445863,128381009260233
128380507445863,128381119083717
128380507445863,128381223600266
128381120962743,128381223600266
128381120962743,128381316719562
128381120962743,128381417720261
128381418820221,128381417720261
128381418820221,128381591699144
128381418820221,128381705410872
128381418820221,128381830127855
128381418820221,128381922201942
128381923282686,128381922201942
128381923282686,128382086480541
128381923282686,128382196781737
128381923282686,128382298782194
128381923282686,128382408330508
128381923282686,128382509640015
128382409409103,128382509640015
128382409409103,128382615924892
128382409409103,128382717614903
128382409409103,128382821244060
128382822609290,128382821244060
128382822609290,128382993694169
128382822609290,128383108749702
128382822609290,128383208648075
128382822609290,128383312424232
128382822609290,128383414729603
128382822609290,128383515188677
128383415749792,128383515188677
128383415749792,128383621313902
128383415749792,128383724953721
128383415749792,128383812257348
128383415749792,128383924878288
128383813234128,128383924878288
128383813234128,128384094928875
128383813234128,128384217336394
128384225884314,128384217336394
128384225884314,128384389024512
128384225884314,128384509156575
128384225884314,128384601259283
128384225884314,128384708049042
128384225884314,128384906741663
128384225884314,128385005830002
128385007208052,128385005830002
128385007208052,128385202982888
128385007208052,128385308069699
128385007208052,128385397728341
128385398780728,128385397728341
128385398780728,128385600949415
128385398780728,128385687685842
128385689693972,128385687685842
128385689693972,128385806102643
128385689693972,128385914979166
128385689693972,128386021937290
128385689693972,128386133431883
128385689693972,128386243043440
128385689693972,128386352956946
128385689693972,128386483505048
128386355365345,128386483505048
128386355365345,128386594625012
128386355365345,128386709230272
128386355365345,128386820546394
128386355365345,128386930132417
128386355365345,128387023154482
128386931397392,128387023154482
128386931397392,128387129514706
128386931397392,128387229777727
128387231298388,128387229777727
128387231298388,128387413486844
128387231298388,128387594452320
128387231298388,128387705194457
128387231298388,128387795014724
128387796531204,128387795014724
128387796531204,128387914896576
128387796531204,128388109487471
128388210925682,128388109487471
128388210925682,128388209810058
128388210925682,128388418906860
128388210925682,128388501269765
128388210925682,128388614824051
128388210925682,128388722960543
128388210925682,128388847769583
128388938831223,128388847769583
128388938831223,128388937846806
128388938831223,128389010208670
128388938831223,128389118572472
128388938831223,128389223854739
128389225167773,128389223854739
128389225167773,128389424426711
128389225167773,128389608354375
128389225167773,128389735367747
128389741681739,128389735367747
128389741681739,128389909360826
128389741681739,128390023927003
128389741681739,128390149947283
128389741681739,128390258136125
128390259725274,128390258136125
128390259725274,128390379708419
128390259725274,128390484136612
128390259725274,128390594428894
128390259725274,128390685443149
128390259725274,128390773279621
128390775048871,128390773279621
128390775048871,128390887543573
128390775048871,128391006024976
128390775048871,128391114187926
128390775048871,128391226536996
128391228206530,128391226536996
128391228206530,128391434334029
128391228206530,128391528989170
128391228206530,128391618595384
128391228206530,128391729388161
128391730790639,128391729388161
128391730790639,128391901248993
128391730790639,128392005530173
128391730790639,128392118799028
128391730790639,128392223709200
128392225657809,128392223709200
128392225657809,128392343137105
128392225657809,128392439856112
128392441488126,128392439856112
128392441488126,128392546681728
128392441488126,128392661341683
128392441488126,128392764401020
128392441488126,128392867081073
128392441488126,128393055328737
128393061428090,128393055328737
128393061428090,128393228824950
128393061428090,128393336039875
128393061428090,128393433564690
128393061428090,128393540123468
128393552259195,128393540123468
128393552259195,128393745865409
128393552259195,128393863387254
128393552259195,128393960214724
128393552259195,128394072221759
128393552259195,128394173793188
128394175157235,128394173793188
128394175157235,128394270972394
128394175157235,128394357814777
128394175157235,128394470264167
128394175157235,128394560931512
128394561882851,128394560931512
128394561882851,128394740869863
128394561882851,128394855825156
128394561882851,128394966180979
128394967633380,128394966180979
128394967633380,128395135916497
