25665469581550,25665810642345
25665469581550,25666031664252
25665469581550,25666312506264
25665469581550,25666958974140
25665469581550,25667100314511
25665469581550,25667270187610
25665469581550,25667427909855
25667271357523,25667427909855
25667271357523,25667705909075
25667271357523,25667939240143
25668023732933,25667939240143
25668023732933,25668267359523
25668023732933,25668507621977
25668523226967,25668507621977
25668523226967,25668738781646
25668523226967,25668933242926
25668523226967,25669078557736
25668523226967,25669251821989
25668523226967,25669533670638
25668523226967,25669788022979
25669868649937,25669788022979
25669868649937,25670101385404
25669868649937,25670424974786
25669868649937,25670592933595
25669868649937,25670910789429
25670925453033,25670910789429
25670925453033,25671208422868
25670925453033,25671493344449
25670925453033,25671666827910
25670925453033,25671867424731
25671933938772,25671867424731
25671933938772,25672120416440
25671933938772,25672311548639
25671933938772,25672542961204
25672545853516,25672542961204
25672545853516,25672777792308
25672545853516,25672916198480
25672545853516,25673066095261
25672545853516,25673325113227
25672545853516,25673758553418
25673819756963,25673758553418
25673819756963,25674081956229
25673819756963,25674348629280
25673819756963,25674488895793
25673819756963,25674836158462
25674904358002,25674836158462
25674904358002,25675189089346
25674904358002,25675363959088
25674904358002,25675506487366
25675509363661,25675506487366
25675509363661,25675737742058
25675509363661,25675913952290
25675509363661,25676208509374
25675509363661,25676413515019
25675509363661,25676560561425
25676705892742,25676560561425
25676705892742,25676964781992
25676705892742,25677141402455
25676705892742,25677301776072
25676705892742,25677487663630
25677571885802,25677487663630
25677571885802,25677835386553
25677571885802,25678116301697
25677571885802,25678304932149
25677571885802,25678520468678
25678655958531,25678520468678
25678655958531,25678833587829
25678655958531,25679098840730
25678655958531,25679278110714
25679281646481,25679278110714
25679281646481,25679558232246
25679281646481,25679719213650
25679281646481,25679920560010
25679281646481,25680134948539
25679281646481,25680532315221
25680534191604,25680532315221
25680534191604,25680739655002
25680534191604,25680953243792
25680534191604,25681143015925
25680534191604,25681422394034
25681493377568,25681422394034
25681493377568,25681743270933
25681493377568,25681961100006
25681493377568,25682169355757
25681493377568,25682413226191
25682425920610,25682413226191
25682425920610,25682715862063
25682425920610,25682893682080
25682425920610,25683048068455
25682425920610,25683341977565
25683343974734,25683341977565
25683343974734,25683520646804
25683343974734,25683763269102
25683343974734,25683942894892
25683343974734,25684245398342
25684247436041,25684245398342
25684247436041,25684420117631
25684247436041,25684697806074
25684247436041,25684896366205
25684247436041,25685082628272
25685170392876,25685082628272
25685170392876,25685353041745
25685170392876,25685838402243
25685170392876,25685999535459
25685170392876,25686232535881
25686337508297,25686232535881
25686337508297,25686561988113
25686337508297,25686719412944
25686337508297,25686944737996
25686337508297,25687277222095
25687278833455,25687277222095
25687278833455,25687527435131
25687278833455,25687664075463
25687278833455,25687884373301
25687278833455,25688167052843
25688215038946,25688167052843
25688215038946,25688390734371
25688215038946,25688580610085
25688215038946,25688752620783
25688215038946,25689055233547
25689161684914,25689055233547
25689161684914,25689375061574
25689161684914,25689585117229
25689161684914,25689832013854
25689833719443,25689832013854
25689833719443,25690078361690
25689833719443,25690252803463
25689833719443,25690473306791
25689833719443,25690755281738
25689833719443,25691060131326
25691062740978,25691060131326
25691062740978,25691330243825
25691062740978,25691466331421
25691062740978,25691649122164
25691062740978,25692043394720
25691062740978,25692217701411
25692045886530,25692217701411
25692045886530,25692416413885
25692452447714,25692416413885
25692452447714,25692720672299
25692452447714,25692935488388
25692452447714,25693103976409
25692452447714,25693239551017
25692452447714,25693410548201
25692452447714,25693824811022
25693928071642,25693824811022
25693928071642,25694142228210
25693928071642,25694339692890
25693928071642,25694577206476
25693928071642,25694943002389
25694946047933,25694943002389
25694946047933,25695138582503
25694946047933,25695342550353
25694946047933,25695534425833
25694946047933,25695814581313
25695893689558,25695814581313
25695893689558,25696130900189
25695893689558,25696331094241
25695893689558,25696527649933
25696530473103,25696527649933
25696530473103,25696725933659
25696530473103,25696842292146
25696530473103,25696987397111
25696530473103,25697246709593
25696530473103,25697833609552
25697835742449,25697833609552
25697835742449,25698028523199
25697835742449,25698231632007
25697835742449,25698418474166
25698420945365,25698418474166
25698420945365,25698666221944
25698420945365,25698785143745
25698420945365,25698975366607
25698420945365,25699189721535
25698420945365,25699681017956
25699683817056,25699681017956
25699683817056,25699863382843
25699683817056,25700038830359
25699683817056,25700225446782
25699683817056,25700482650295
25700514868869,25700482650295
25700514868869,25700768629598
25700514868869,25700930338615
25700514868869,25701073508205
25700514868869,25701445853769
25701448891113,25701445853769
25701448891113,25701732042311
25701448891113,25701910094747
25701448891113,25702088676173
25701448891113,25702359108556
25702360868879,25702359108556
25702360868879,25702575230449
25702360868879,25702728198960
25702360868879,25702912659334
25702360868879,25703225678922
25703251415878,25703225678922
25703251415878,25703553898327
25703251415878,25703703612365
25703251415878,25703889705766
25703890946214,25703889705766
25703890946214,25704145920406
25703890946214,25704283551288
25703890946214,25704441128775
25703890946214,25704641111623
25704735892236,25704641111623
25704735892236,25704916363009
25704735892236,25705129043719
25704735892236,25705358306877
25704735892236,25705633678284
25704735892236,25706033689908
25706075913871,25706033689908
25706075913871,25706341502429
25706075913871,25706567220357
25706075913871,25706705993489
25706075913871,25707027471600
25707029850281,25707027471600
25707029850281,25707271311703
25707029850281,25707405239368
25707029850281,25707627537291
25707029850281,25707834603415
25707915408028,25707834603415
25707915408028,25708171288671
25707915408028,25708367331261
25707915408028,25708522654605
25708523864673,25708522654605
25708523864673,25708694160233
25708523864673,25708921146201
25708523864673,25709063528876
25708523864673,25709376901262
25708523864673,25709845923448
25709863679703,25709845923448
25709863679703,25710098295748
25709863679703,25710292171542
25709863679703,25710465729897
25710468637781,25710465729897
25710468637781,25710634600429
25710468637781,25710819382141
25710468637781,25710983140056
25710468637781,25711185885670
25710468637781,25711583048340
25711584466392,25711583048340
25711584466392,25712055651463
25711584466392,25712271907794
25711584466392,25712493519908
25711584466392,25712817047102
25712890253476,25712817047102
25712890253476,25713089110806
25712890253476,25713379311469
25712890253476,25713543748614
25712890253476,25713796433502
25713817803009,25713796433502
25713817803009,25714055706192
25713817803009,25714219386286
25713817803009,25714388567404
25714390666886,25714388567404
25714390666886,25714587829377
25714390666886,25714754335572
25714390666886,25714939500867
25714390666886,25715208747132
25715210288827,25715208747132
25715210288827,25715468590464
25715210288827,25715647429259
25715210288827,25715787670383
25715210288827,25716092393590
25715210288827,25716585874166
25716623094155,25716585874166
25716623094155,25716812929527
25716623094155,25716982962640
25716623094155,25717257782333
25716623094155,25717517946202
25717520201184,25717517946202
25717520201184,25717763757416
25717520201184,25717917525312
25717520201184,25718066170762
25717520201184,25718540651742
25718543076402,25718540651742
25718543076402,25718747374192
25718543076402,25718912105000
25718543076402,25719093445704
25718543076402,25719313682119
25719371862050,25719313682119
25719371862050,25719655485146
25719371862050,25719829562439
25719833609027,25719829562439
25719833609027,25720022791566
25719833609027,25720169797363
25719833609027,25720321016956
25719833609027,25720508271752
25719833609027,25720706492726
25719833609027,25721124067751
25721153846387,25721124067751
25721153846387,25721437415657
25721153846387,25721593406229
25721153846387,25721755085246
25721153846387,25722029374830
25722147578798,25722029374830
25722147578798,25722388712873
25722147578798,25722543326676
25722147578798,25722724934177
25722147578798,25723112254082
25723113966809,25723112254082
25723113966809,25723350350247
25723113966809,25723505695465
25723113966809,25723749543729
25723754074629,25723749543729
25723754074629,25723930505880
25723754074629,25724094536540
25723754074629,25724254416396
25723754074629,25724614500175
25723754074629,25724952398379
25725027375112,25724952398379
25725027375112,25725258934190
25725027375112,25725451646593
25725027375112,25725622411093
25725027375112,25725955433861
25725992050512,25725955433861
25725992050512,25726217149796
25725992050512,25726367978551
25725992050512,25726590554860
25725992050512,25726936304003
25726938572768,25726936304003
25726938572768,25727167886453
25726938572768,25727352643785
25726938572768,25727542662520
25727545146445,25727542662520
25727545146445,25727759184087
25727545146445,25727913552528
25727545146445,25728089263871
25727545146445,25728336310121
25728420454936,25728336310121
25728420454936,25728743332800
25728420454936,25728906338170
25728420454936,25729057203352
25728420454936,25729375185951
25728420454936,25729746581569
25729773449648,25729746581569
25729773449648,25730004393981
25729773449648,25730162425266
25729773449648,25730376156562
25729773449648,25730713920415
25730752512510,25730713920415
25730752512510,25730980616775
25730752512510,25731106535170
25730752512510,25731275725691
25730752512510,25731709178080
25731712446292,25731709178080
25731712446292,25731893897106
25731712446292,25732055633590
25731712446292,25732303281532
25731712446292,25732681949001
25732684124646,25732681949001
25732684124646,25732920524928
25732684124646,25733094448859
25732684124646,25733295796149
25732684124646,25733590639609
25733596440597,25733590639609
25733596440597,25733807447539
25733596440597,25734075546684
25733596440597,25734260445641
25734262521385,25734260445641
25734262521385,25734476434519
25734262521385,25734666605249
25734262521385,25734824375123
25734262521385,25735057955355
25734262521385,25735527364328
25735529328305,25735527364328
25735529328305,25735735296367
25735529328305,25735875403984
25735529328305,25736013672283
25735529328305,25736255546313
25736296098133,25736255546313
25736296098133,25736507413857
25736296098133,25736695028378
25736296098133,25736855084865
25736296098133,25737332921005
25737346621851,25737332921005
25737346621851,25737554252612
25737346621851,25737744972141
25737346621851,25737928887363
25737931672898,25737928887363
25737931672898,25738145460666
25737931672898,25738324302768
25737931672898,25738517338687
25737931672898,25738769800766
25737931672898,25739185789614
25739187781153,25739185789614
25739187781153,25739397727841
25739187781153,25739595324304
25739187781153,25739746585443
25739187781153,25740028397417
25740179818784,25740028397417
25740179818784,25740481203704
25740179818784,25740670796177
25740179818784,25740875893247
25740179818784,25741026881002
25741092364273,25741026881002
25741092364273,25741309327699
25741092364273,25741478212343
25741092364273,25741679919398
25741092364273,25741967358980
25742019783577,25741967358980
25742019783577,25742273990401
25742019783577,25742418348029
25742019783577,25742573346480
25742019783577,25742895583827
25742924755588,25742895583827
25742924755588,25743839080163
25742924755588,25743982647336
25742924755588,25744131475931
25742924755588,25744422536055
25744503112830,25744422536055
25744503112830,25744668195017
25744503112830,25744908211488
25744503112830,25745047351155
25744503112830,25745345551202
25745454241350,25745345551202
25745454241350,25745685867436
25745454241350,25745859285709
25745454241350,25745987797017
25745454241350,25746226332989
25746228771307,25746226332989
25746228771307,25746424291053
25746228771307,25746646518656
25746228771307,25746835350385
25746228771307,25747005053594
25747147148452,25747005053594
25747147148452,25747372481593
25747147148452,25747567152868
25747147148452,25747756041900
25747759358624,25747756041900
25747759358624,25747953938404
25747759358624,25748126799884
25747759358624,25748292025405
25747759358624,25748474051165
25747759358624,25748849464134
25748936296934,25748849464134
25748936296934,25749169995192
25748936296934,25749341121706
25748936296934,25749540748155
25748936296934,25749854171114
25749961165055,25749854171114
25749961165055,25750220724772
25749961165055,25750433691184
25749961165055,25750593650001
25750595710899,25750593650001
25750595710899,25750763037821
25750595710899,25750978758657
25750595710899,25751133132583
25750595710899,25751310983218
25750595710899,25751814213697
25751816100835,25751814213697
25751816100835,25752104973518
25751816100835,25752235066176
25751816100835,25752437255875
25751816100835,25752600136920
25752601668170,25752600136920
25752601668170,25752806222239
25752601668170,25752949436005
25752601668170,25753107913859
25752601668170,25753516048670
25753517525453,25753516048670
25753517525453,25753744105722
25753517525453,25753890465617
25753517525453,25754094115476
25753517525453,25754486346621
25754488154297,25754486346621
25754488154297,25754747486931
25754488154297,25754868190614
25754488154297,25755111137611
25754488154297,25755301161884
25754488154297,25755468273343
25755469604282,25755468273343
25755469604282,25755671609140
25755469604282,25755820647561
25755469604282,25756119146861
25756156058327,25756119146861
25756156058327,25756416416137
25756156058327,25756592299229
25756156058327,25756757165935
25756759133323,25756757165935
25756759133323,25756997866209
25756759133323,25757150427961
25756759133323,25757309954895
25756759133323,25757528841196
25756759133323,25757986860743
25757991065775,25757986860743
25757991065775,25758206480762
25757991065775,25758345827405
25757991065775,25758592259227
25758593713234,25758592259227
25758593713234,25758758925041
25758593713234,25758942954124
25758593713234,25759130655594
25758593713234,25759293283210
25758593713234,25759781665357
25759816297005,25759781665357
25759816297005,25760020815967
25759816297005,25760328198666
25759816297005,25760504956511
25759816297005,25760757434576
25760842847349,25760757434576
25760842847349,25761135562039
25760842847349,25761272436685
25760842847349,25761542207970
25760842847349,25761698391975
25761703411518,25761698391975
25761703411518,25761886807360
25761703411518,25762062116681
25761703411518,25762220061543
25761703411518,25762590541866
25762694466603,25762590541866
25762694466603,25762964849498
25762694466603,25763174967457
25762694466603,25763333929141
25763336344742,25763333929141
25763336344742,25763588714614
25763336344742,25763776523075
25763336344742,25763938115265
25763336344742,25764070391977
25763336344742,25764497106999
25764519084542,25764497106999
25764519084542,25764756890032
25764519084542,25764999457850
25764519084542,25765176177947
25764519084542,25765478340489
25765480716231,25765478340489
25765480716231,25765748521602
25765480716231,25765969320444
25765480716231,25766156392191
25765480716231,25766325015705
25766388135249,25766325015705
25766388135249,25766631370185
25766388135249,25767135767869
25766388135249,25767292211333
25766388135249,25767455404521
25766388135249,25767641549346
25767644341298,25767641549346
25767644341298,25767790371195
25767644341298,25767948401193
25767644341298,25768323280650
25768427709503,25768323280650
25768427709503,25768645633826
25768427709503,25768892441649
25768427709503,25769096288402
25768427709503,25769363283583
25769365506130,25769363283583
25769365506130,25769552078321
25769365506130,25769764341987
25769365506130,25769937414083
25769942203449,25769937414083
25769942203449,25770172207972
25769942203449,25770362468677
25769942203449,25770577684393
25769942203449,25770722248616
25770730368142,25770722248616
25770730368142,25771010577586
25770730368142,25771144340909
25770730368142,25771436123693
25770730368142,25771644874021
25770730368142,25772026335114
25772104428123,25772026335114
25772104428123,25772281689858
25772104428123,25772540294983
25772104428123,25772726758234
25772728594978,25772726758234
25772728594978,25772913514654
25772728594978,25773119810012
25772728594978,25773278315544
25772728594978,25773430220598
25772728594978,25773940641472
25773941810569,25773940641472
25773941810569,25774114322077
25773941810569,25774341532417
25773941810569,25774543476738
25773941810569,25774826579125
25774934606810,25774826579125
25774934606810,25775137712612
25774934606810,25775324452121
25774934606810,25775478529142
25774934606810,25775830804570
25775884946858,25775830804570
25775884946858,25776152841258
25775884946858,25776407689195
25775884946858,25776559437167
25775884946858,25776885027210
25776886329481,25776885027210
25776886329481,25777179087495
25776886329481,25777384138732
25776886329481,25777582168821
25776886329481,25777888918079
25777890161933,25777888918079
25777890161933,25778070955278
25777890161933,25778360858411
25777890161933,25778538105201
25777890161933,25778754075290
25778793368040,25778754075290
25778793368040,25779101734192
25778793368040,25779279684128
25778793368040,25779446610553
25778793368040,25779649299717
25779787331424,25779649299717
25779787331424,25780085072322
25779787331424,25780305654948
25779787331424,25780460052948
25779787331424,25780618588817
25780650245105,25780618588817
25780650245105,25780945303278
25780650245105,25781235244267
25780650245105,25781387500457
25780650245105,25781592039484
25781603395341,25781592039484
25781603395341,25781890400399
25781603395341,25782123403391
25782125138347,25782123403391
25782125138347,25782352769012
25782125138347,25782572969484
25782125138347,25782764530197
25782125138347,25782907351053
25782125138347,25783079219122
25783082376737,25783079219122
25783082376737,25783345696354
25783082376737,25783521122997
25783082376737,25783702760944
25783082376737,25783904568876
25783082376737,25784435316340
25784438150683,25784435316340
25784438150683,25784650318493
25784438150683,25784850467239
25784438150683,25785030494134
25784438150683,25785334862898
25785403036318,25785334862898
25785403036318,25785663230225
25785403036318,25785871912930
25785403036318,25786059550196
25785403036318,25786349292130
25786351032542,25786349292130
25786351032542,25786540777258
25786351032542,25786728873034
25786731030046,25786728873034
25786731030046,25787007565627
25786731030046,25787177384899
25786731030046,25787348911386
25786731030046,25787499758384
25786731030046,25787694283155
25786731030046,25788045384340
25788099788198,25788045384340
25788099788198,25788307018909
25788099788198,25788463552725
25788099788198,25788640860407
25788099788198,25788969502683
25789056740970,25788969502683
25789056740970,25789288553777
25789056740970,25789489592271
25789056740970,25789680398515
25789682375149,25789680398515
25789682375149,25789911033805
25789682375149,25790059955379
25789682375149,25790255121968
25789682375149,25790471723940
25790536469448,25790471723940
25790536469448,25790792430781
25790536469448,25790974249774
25790536469448,25791195940519
25790536469448,25791376485164
25791467207240,25791376485164
25791467207240,25791743156741
25791467207240,25791881094910
25791467207240,25792082127611
25791467207240,25792327177063
25791467207240,25792794537208
25792796247145,25792794537208
25792796247145,25793011932401
25792796247145,25793221152261
25792796247145,25793464067448
25792796247145,25793769954918
25793779159492,25793769954918
25793779159492,25794097784023
25793779159492,25794259996575
25793779159492,25794430384485
25793779159492,25794591696998
25793779159492,25794773025066
25794774366347,25794773025066
25794774366347,25795055449030
25794774366347,25795220978080
25794774366347,25795422131756
25795439386255,25795422131756
25795439386255,25795635589834
25795439386255,25795801078636
25795439386255,25796049031426
25796050606445,25796049031426
25796050606445,25796161191285
25796050606445,25796319644781
25796050606445,25796480763137
25796050606445,25797143544734
25796050606445,25797424146729
25797504556748,25797424146729
25797504556748,25797797874013
25797504556748,25797928228873
25797504556748,25798154503732
25798158147566,25798154503732
25798158147566,25798360391238
25798158147566,25798508368678
25798158147566,25798691410142
25798158147566,25798908437498
25798158147566,25799490506756
25799494597129,25799490506756
25799494597129,25799676053653
25799494597129,25799951223101
25799494597129,25800084232206
25799494597129,25800340644620
25800355080045,25800340644620
25800355080045,25800532601741
25800355080045,25800743841539
25800355080045,25800963820964
25800969491223,25800963820964
25800969491223,25801188225007
25800969491223,25801362054585
25800969491223,25801573925164
25800969491223,25801778640522
25800969491223,25802135811841
25802178404579,25802135811841
25802178404579,25802340135058
25802178404579,25802572786220
25802178404579,25802708852611
25802178404579,25803070247692
25803077281516,25803070247692
25803077281516,25803272711636
25803077281516,25803448330246
25803077281516,25803720986258
25803724908360,25803720986258
25803724908360,25803984491919
25803724908360,25804140522110
25803724908360,25804272792866
25803724908360,25804489802429
25804492580970,25804489802429
25804492580970,25804713306983
25804492580970,25804905136316
25804492580970,25805116315296
25804492580970,25805370790420
25804492580970,25805809417337
25805853538501,25805809417337
25805853538501,25806145075010
25805853538501,25806370882075
25805853538501,25806545785967
25805853538501,25806783746797
25806815950769,25806783746797
25806815950769,25807037077420
25806815950769,25807203664815
25806815950769,25807407532994
25806815950769,25807703815589
25806815950769,25807929130396
25807707371041,25807929130396
25807707371041,25808055257842
25807707371041,25808308682854
25807707371041,25808625075655
25808694716437,25808625075655
25808694716437,25808879864888
25808694716437,25809071685444
25808694716437,25809317417237
25808694716437,25809505432962
25809594246782,25809505432962
25809594246782,25809819332896
25809594246782,25810021458630
25809594246782,25810256372373
25809594246782,25810577204879
25810579708119,25810577204879
25810579708119,25810811998437
25810579708119,25810978229270
25810579708119,25811135441778
25810579708119,25811326441873
25811137836823,25811326441873
25811137836823,25811492642661
25811137836823,25811648016874
25811137836823,25811775778263
25811137836823,25812692553558
25812696302908,25812692553558
25812696302908,25812966991492
25812696302908,25813158863192
25812696302908,25813321423873
25812696302908,25813655486741
25813679978086,25813655486741
25813679978086,25813912468526
25813679978086,25814053088905
25813679978086,25814203811105
25813679978086,25814524461363
25814604705078,25814524461363
25814604705078,25814823307756
25814604705078,25815076978999
25814604705078,25815264564686
25815266327675,25815264564686
25815266327675,25815432169840
25815266327675,25815578683793
25815266327675,25815762259651
25815266327675,25815948250458
25815266327675,25816364316445
25816476448407,25816364316445
25816476448407,25816704938534
25816476448407,25816865282860
25816476448407,25817049132302
25817052288212,25817049132302
25817052288212,25817260537912
25817052288212,25817415542675
25817052288212,25817589321714
25817052288212,25817705824323
25817052288212,25818313554666
25818318713976,25818313554666
25818318713976,25818526903836
25818318713976,25818746128631
25818318713976,25818971744301
25818318713976,25819151014756
25819209472022,25819151014756
25819209472022,25819443224310
25819209472022,25819656154360
25819209472022,25819851438663
25819209472022,25820041145746
25820043928525,25820041145746
25820043928525,25820203586779
25820043928525,25820382191490
25820043928525,25820556439064
25820043928525,25820990317334
25820992915998,25820990317334
25820992915998,25821287165396
25820992915998,25821447313578
25820992915998,25821629266908
25821631390027,25821629266908
25821631390027,25821905291706
25821631390027,25822046927778
25821631390027,25822225323597
25821631390027,25822398260175
25821631390027,25822731684673
25822820054494,25822731684673
25822820054494,25823024668343
25822820054494,25823294228313
25822820054494,25823476715083
25822820054494,25823717415842
25823734512429,25823717415842
25823734512429,25823953336961
25823734512429,25824152028963
25823734512429,25824311291692
25824313349925,25824311291692
25824313349925,25824537744851
25824313349925,25824688952072
25824313349925,25824818832365
25824313349925,25824979948505
25825031508486,25824979948505
25825031508486,25825456953241
25825031508486,25825591899632
25825031508486,25825751866903
25825031508486,25826237156098
25825031508486,25826622662302
25826625080680,25826622662302
25826625080680,25826824286088
25826625080680,25826968076400
25826625080680,25827177712919
25827180403237,25827177712919
25827180403237,25827418255568
25827180403237,25827625804815
25827180403237,25827819352832
25827180403237,25828034527069
25827180403237,25828549066162
25828557106805,25828549066162
25828557106805,25828834863101
25828557106805,25828958222036
25828557106805,25829165791275
25828557106805,25829437117518
25829530016201,25829437117518
25829530016201,25829757874249
25829530016201,25829957298609
25829530016201,25830127349967
25829530016201,25830411755941
25829530016201,25830598525677
25830429233209,25830598525677
25830429233209,25830795324862
25830429233209,25830978460424
25830979994206,25830978460424
25830979994206,25831234935763
25830979994206,25831372095264
25830979994206,25831600566300
25830979994206,25831756473928
25830979994206,25832401040036
25832402847591,25832401040036
25832402847591,25832574898730
25832402847591,25832776032920
25832402847591,25832909508924
25832910882704,25832909508924
25832910882704,25833134802676
25832910882704,25833291442749
25832910882704,25833457520852
25832910882704,25833659541910
25832910882704,25834069653898
25834318632409,25834069653898
25834318632409,25834507494845
25834318632409,25834613030775
25834318632409,25834802166096
25834318632409,25834990737031
25834318632409,25835232323616
25835065889880,25835232323616
25835065889880,25835520273196
25835065889880,25835693697111
25835695063896,25835693697111
25835695063896,25835857590522
25835695063896,25836054676088
25835695063896,25836226114086
25835695063896,25836424301736
25836492918462,25836424301736
25836492918462,25836764492173
25836492918462,25836912843937
25836492918462,25837119837419
25836492918462,25837416422888
25836492918462,25837804747404
25837862885030,25837804747404
25837862885030,25838110833116
25837862885030,25838318272017
25837862885030,25838527317060
25837862885030,25838706043649
25838809552221,25838706043649
25838809552221,25839092932243
25838809552221,25839287440411
25838809552221,25839541604637
25838809552221,25839724075992
25839830840395,25839724075992
25839830840395,25840068933783
25839830840395,25840243455176
25839830840395,25840412636588
25839830840395,25840749358267
25840815797835,25840749358267
25840815797835,25841086636572
25840815797835,25841226183126
25840815797835,25841416655385
25840815797835,25841886916699
25841890622329,25841886916699
25841890622329,25842115218660
25841890622329,25842264345467
25841890622329,25842426911705
25841890622329,25842643990017
25842700339373,25842643990017
25842700339373,25842884229648
25842700339373,25843037351071
25842700339373,25843229651274
25843234931395,25843229651274
25843234931395,25843468935968
25843234931395,25843635002148
25843234931395,25843792616450
25843234931395,25844023859012
25844085645833,25844023859012
25844085645833,25844367521754
25844085645833,25844520861818
25844085645833,25844685095789
25844085645833,25845079303814
25845080812461,25845079303814
25845080812461,25845355263040
25845080812461,25845502171798
25845080812461,25845747506731
25845080812461,25845896371315
25845080812461,25846552976506
25846555330972,25846552976506
25846555330972,25846723721446
25846555330972,25847092270040
25846555330972,25847303649474
25847346517359,25847303649474
25847346517359,25847554132911
25847346517359,25847704627601
25847346517359,25847864263427
25847346517359,25848207351076
25848313720809,25848207351076
25848313720809,25848574997688
25848313720809,25848710615660
25848313720809,25848869771511
25848313720809,25849197795470
25848313720809,25849704502905
25849736572799,25849704502905
25849736572799,25849976219204
25849736572799,25850110932155
25849736572799,25850313547744
25850314971607,25850313547744
25850314971607,25850560906178
25850314971607,25850745414678
25850314971607,25850918263100
25850314971607,25851107276153
25850314971607,25851421209999
25851507565518,25851421209999
25851507565518,25851750409395
25851507565518,25851892349681
25851507565518,25852127378475
25851507565518,25852396187838
25852422536237,25852396187838
25852422536237,25852663188795
25852422536237,25852816438634
25852422536237,25852946036227
25852422536237,25853234158972
25853349568069,25853234158972
25853349568069,25853587588194
25853349568069,25853712370952
25853349568069,25853890993773
25853349568069,25854258187185
25854307309829,25854258187185
25854307309829,25854463994202
25854307309829,25854717478293
25854307309829,25854955392453
25854307309829,25855229152762
25855270316045,25855229152762
25855270316045,25855496549926
25855270316045,25855651902456
25855270316045,25855901352286
25855270316045,25856164503933
25856221304255,25856164503933
25856221304255,25856451233105
25856221304255,25856684319012
25856221304255,25856858368811
25856221304255,25857173850267
25857175866640,25857173850267
25857175866640,25857439175803
25857175866640,25857646208471
25857175866640,25857808966122
25857810466133,25857808966122
25857810466133,25858032196874
25857810466133,25858182326246
25857810466133,25858401064553
25857810466133,25858552414570
25857810466133,25859069484906
25859074235302,25859069484906
25859074235302,25859348872005
25859074235302,25859492957871
25859074235302,25859722075189
25859074235302,25860026592784
25860029862941,25860026592784
25860029862941,25860244399625
25860029862941,25860404292861
25860029862941,25860585152471
25860029862941,25861021292197
25861024426892,25861021292197
25861024426892,25861245253370
25861024426892,25861417157928
25861024426892,25861577666315
25861024426892,25861987648389
25861989883460,25861987648389
25861989883460,25862219389251
25861989883460,25862354803963
25861989883460,25862555165060
25861989883460,25862717895180
25862880111191,25862717895180
25862880111191,25863120713563
25862880111191,25863314035138
25862880111191,25863515213349
25862880111191,25863738573626
25863819969067,25863738573626
25863819969067,25864060708660
25863819969067,25864256426289
25863819969067,25864434670890
25863819969067,25864576708055
25864436442936,25864576708055
25864436442936,25864735891273
25864436442936,25864924890689
25864436442936,25865146058161
25864436442936,25865617309791
25865619220937,25865617309791
25865619220937,25865860880695
25865619220937,25866001532423
25865619220937,25866182756159
25865619220937,25866625799140
25865619220937,25866792804122
25866627996840,25866792804122
25866627996840,25866928310542
25866627996840,25867182451257
25866627996840,25867553585219
25867555430906,25867553585219
25867555430906,25867779281601
25867555430906,25867952095394
25867555430906,25868118071961
25868120535028,25868118071961
25868120535028,25868360314772
25868120535028,25868515505222
25868120535028,25868693196786
25868120535028,25868884976324
25868120535028,25869388949888
25869391792913,25869388949888
25869391792913,25869593332401
25869391792913,25869712273181
25869391792913,25869864676126
25869391792913,25870406381204
25870409162768,25870406381204
25870409162768,25870572840944
25870409162768,25870785771701
25870409162768,25870937460987
25870409162768,25871276612556
25871299479511,25871276612556
25871299479511,25871503030810
25871299479511,25871701094188
25871299479511,25871921246527
25871923053467,25871921246527
25871923053467,25872155867574
25871923053467,25872343512923
25871923053467,25872495439483
25871923053467,25872642633616
25871923053467,25873082638182
25873161031443,25873082638182
25873161031443,25873396732763
25873161031443,25873602160437
25873161031443,25873762852532
25873161031443,25874079817422
25874087619478,25874079817422
25874087619478,25874310089566
25874087619478,25874537699185
25874542105156,25874537699185
25874542105156,25874789682084
25874542105156,25874944258696
25874542105156,25875097171315
25874542105156,25875251867445
25874542105156,25875403458248
25874542105156,25875779129797
25875972475990,25875779129797
25875972475990,25876199876570
25875972475990,25876345996644
25875972475990,25876500705013
25875972475990,25876820255812
25876943301282,25876820255812
25876943301282,25877154386092
25876943301282,25877297530729
25876943301282,25877523249431
25876943301282,25877754533790
25877772678276,25877754533790
25877772678276,25877961017951
25877772678276,25878114828214
25877772678276,25878342471640
25877772678276,25878597337625
25878708043300,25878597337625
25878708043300,25878945762747
25878708043300,25879127739007
25878708043300,25879280076999
25878708043300,25879651337447
25879676446293,25879651337447
25879676446293,25879876282592
25879676446293,25880122012138
25879676446293,25880324114710
25880325772049,25880324114710
25880325772049,25880541727725
25880325772049,25880680837301
25880325772049,25880845349370
25880325772049,25881038699843
25880325772049,25881408234533
25881533160621,25881408234533
25881533160621,25881841859680
25881533160621,25882034432121
25881533160621,25882220776097
25881533160621,25882436978446
25882552728481,25882436978446
25882552728481,25882817852297
25882552728481,25882957126555
25882552728481,25883113865031
25882552728481,25883411989790
25883416910045,25883411989790
25883416910045,25883591741648
25883416910045,25883812145556
25883416910045,25884010382758
25883416910045,25884359587474
25884362037511,25884359587474
25884362037511,25884606934724
25884362037511,25884778111799
25884362037511,25884906509756
25884362037511,25885285437100
25885305459968,25885285437100
25885305459968,25885511975398
25885305459968,25885716489144
25885305459968,25885895104083
25885305459968,25886444367149
25886447296936,25886444367149
25886447296936,25886625393711
25886447296936,25886800398411
25886447296936,25887038255651
25886447296936,25887269898704
25887284471936,25887269898704
25887284471936,25887757265262
25887284471936,25888023262387
25887284471936,25888245530455
25887284471936,25888507172796
25888520643741,25888507172796
25888520643741,25888691302965
25888520643741,25889002612467
25888520643741,25889170180205
25888520643741,25889321664731
25889406228755,25889321664731
25889406228755,25889660049778
25889406228755,25889848039564
25889406228755,25890043749414
25889406228755,25890408222720
25890409882840,25890408222720
25890409882840,25890573226907
25890409882840,25890712261942
25890409882840,25890894350196
25890896635301,25890894350196
25890896635301,25891135419160
25890896635301,25891304411469
25890896635301,25891454966423
25890896635301,25891618149245
25890896635301,25892173098296
25892176088073,25892173098296
25892176088073,25892379318553
25892176088073,25892551031826
25892176088073,25892712809607
25892176088073,25892931883221
25892994852701,25892931883221
25892994852701,25893205507807
25892994852701,25893372253290
25892994852701,25893627614132
25892994852701,25893877332816
25893934424503,25893877332816
25893934424503,25894247484663
25893934424503,25894395503431
25893934424503,25894607281824
25893934424503,25894876943529
25894879029783,25894876943529
25894879029783,25895141085384
25894879029783,25895268851437
25894879029783,25895429856743
25895432944845,25895429856743
25895432944845,25895669415296
25895432944845,25895886329734
25895432944845,25896048267640
25895432944845,25896167399258
25895432944845,25896655146361
25896656444310,25896655146361
25896656444310,25896896049496
25896656444310,25897082670936
25896656444310,25897273152522
25897276642545,25897273152522
25897276642545,25897493265561
25897276642545,25897668848221
25897276642545,25897815927705
25897276642545,25898012821068
25897276642545,25898446028143
25898447940652,25898446028143
25898447940652,25898667874249
25898447940652,25898803287460
25898447940652,25898967149505
25898447940652,25899295790535
25899315419057,25899295790535
25899315419057,25899544097072
25899315419057,25899725682586
25899315419057,25899938526671
25899315419057,25900332135334
25900335142800,25900332135334
25900335142800,25900584166805
25900335142800,25900789217642
25900335142800,25900908341996
25900335142800,25901348562310
25901350775126,25901348562310
25901350775126,25901642279726
25901350775126,25901811093122
25901350775126,25901970015903
25901350775126,25902240963646
25902271653104,25902240963646
25902271653104,25902582274518
25902271653104,25902733226831
25902271653104,25902874699076
25902271653104,25903174031098
25903299552776,25903174031098
25903299552776,25903863328515
25903299552776,25904031610662
25903299552776,25904192380612
25903299552776,25904380436592
25904382275731,25904380436592
25904382275731,25904548341858
25904382275731,25904689128084
25904382275731,25904854921981
25904857553171,25904854921981
25904857553171,25905091123639
25904857553171,25905254338719
25904857553171,25905455829626
25904857553171,25905644715705
25905648405282,25905644715705
25905648405282,25905948759923
25905648405282,25906066197410
25905648405282,25906202330783
25905648405282,25906467563381
25905648405282,25906841244172
25906911132880,25906841244172
25906911132880,25907090053633
25906911132880,25907337234398
25906911132880,25907536771301
25907538855717,25907536771301
25907538855717,25907712506318
25907538855717,25907874225464
25907538855717,25908078339240
25907538855717,25908290857669
25907538855717,25908656295515
25908731439897,25908656295515
25908731439897,25908944732664
25908731439897,25909183224698
25908731439897,25909371610165
25908731439897,25909658095064
25909692199188,25909658095064
25909692199188,25909987254132
25909692199188,25910171497724
25909692199188,25910308936725
25909692199188,25910560045616
25910600116405,25910560045616
25910600116405,25910882180041
25910600116405,25911154338045
25910600116405,25911408457163
25910600116405,25911556553907
25911558638836,25911556553907
25911558638836,25911730644067
25911558638836,25911878216536
25911558638836,25912085970147
25911558638836,25912437957787
25912482123986,25912437957787
25912482123986,25912707335554
25912482123986,25912864360120
25912482123986,25913075108117
25912482123986,25913372137586
25913398168464,25913372137586
25913398168464,25913616049685
25913398168464,25913821229607
25913398168464,25914018169482
25913398168464,25914267928845
25914353541510,25914267928845
25914353541510,25914604932986
25914353541510,25914775316236
25914353541510,25914941501690
25914942475042,25914941501690
25914942475042,25915115388247
25914942475042,25915293781308
25914942475042,25915471183051
25914942475042,25915795057922
25914942475042,25916195711994
25916197306476,25916195711994
25916197306476,25916414583431
25916197306476,25916576155397
25916197306476,25916729240888
25916197306476,25917176467922
25917217710849,25917176467922
25917217710849,25917409132373
25917217710849,25917602339065
25917217710849,25917797327976
25917217710849,25918086089683
25918087314818,25918086089683
25918087314818,25918287629544
25918087314818,25918424733086
25918087314818,25918570545328
25918571697709,25918570545328
25918571697709,25918799812814
25918571697709,25918975541623
25918571697709,25919116129868
25918571697709,25919424626990
25918571697709,25919843873134
25919846260935,25919843873134
25919846260935,25920092267562
25919846260935,25920292789106
25919846260935,25920461219027
25919846260935,25920624809064
25920641098013,25920624809064
25920641098013,25920853578508
25920641098013,25921009847605
25920641098013,25921270836512
25920641098013,25921501729841
25921594056201,25921501729841
25921594056201,25921838342130
25921594056201,25922067892985
25921594056201,25922232641898
25921594056201,25922415907600
25922524445451,25922415907600
25922524445451,25922820148743
25922524445451,25922971548759
25922524445451,25923239503474
25922524445451,25923724570923
25923726161486,25923724570923
25923726161486,25923923325505
25923726161486,25924047243366
25923726161486,25924202948565
25924204729078,25924202948565
25924204729078,25924432335229
25924204729078,25924613625287
25924204729078,25924786311439
25924204729078,25924971426113
25925126764110,25924971426113
25925126764110,25925367179278
25925126764110,25925553268420
25925126764110,25925745274601
25925126764110,25925959945218
25926036593240,25925959945218
25926036593240,25926343070393
25926036593240,25926629826600
25926036593240,25926786238562
25926036593240,25927183899290
25927208106265,25927183899290
25927208106265,25927393213907
25927208106265,25927575099611
25927208106265,25927757551963
25927208106265,25928069378539
25928071489999,25928069378539
25928071489999,25928271908425
25928071489999,25928426813040
25928071489999,25928645807946
25928071489999,25928927113556
25928071489999,25929274239570
25929331171118,25929274239570
25929331171118,25929556679978
25929331171118,25929719902096
25929331171118,25929928309518
25929331171118,25930356963572
25929331171118,25930497397904
25930358251793,25930497397904
25930358251793,25930661140666
25930358251793,25930909423734
25930358251793,25931166275609
25931170229568,25931166275609
25931170229568,25931348429756
25931170229568,25931610541052
25931170229568,25931774309549
25931776276666,25931774309549
25931776276666,25931961164825
25931776276666,25932118375741
25931776276666,25932328816643
25931776276666,25932467575051
25931776276666,25932987157785
25933067242773,25932987157785
25933067242773,25933302065708
25933067242773,25933483991024
25933067242773,25933691100808
25933692512736,25933691100808
25933692512736,25933872640041
25933692512736,25934020477988
25933692512736,25934210552882
25933692512736,25934387748241
25933692512736,25934895209202
25934897647824,25934895209202
25934897647824,25935099289893
25934897647824,25935285238095
25934897647824,25935489580145
25934897647824,25935761453718
25935907658991,25935761453718
25935907658991,25936248078889
25935907658991,25936476119630
25935907658991,25936666521576
25935907658991,25936860079734
25936861809542,25936860079734
25936861809542,25937100158393
25936861809542,25937334769619
25936861809542,25937518622731
25936861809542,25937708015670
25937710601650,25937708015670
25937710601650,25937906926318
25937710601650,25938074394003
25937710601650,25938236444031
25938238332622,25938236444031
25938238332622,25938504701244
25938238332622,25938701243540
25938238332622,25938877981186
25938238332622,25939053326393
25938238332622,25939335237712
25939347675903,25939335237712
25939347675903,25939600553026
25939347675903,25939747062573
25939347675903,25939972613401
25939347675903,25940354516712
25940358770456,25940354516712
25940358770456,25940567183593
25940358770456,25940721214402
25940358770456,25940955125710
25940358770456,25941391113366
25941393559178,25941391113366
25941393559178,25941648532724
25941393559178,25941811813676
25941393559178,25941968187795
25941393559178,25942286495294
25942315395923,25942286495294
25942315395923,25942547827596
25942315395923,25942785590303
25942315395923,25942984122556
25942315395923,25943162449351
25942315395923,25943406961486
25943235162668,25943406961486
25943235162668,25943668296208
25943235162668,25943834220862
25943235162668,25944093392321
25944127868011,25944093392321
25944127868011,25944348281407
25944127868011,25944591169005
25944620188235,25944591169005
25944620188235,25944790992284
25944620188235,25944958615994
25944620188235,25945121287580
25944620188235,25945317278819
25944620188235,25945494136472
25944620188235,25945906280449
25945990319878,25945906280449
25945990319878,25946132964383
25945990319878,25946438799088
25945990319878,25946598125514
25945990319878,25946913318604
25946915513770,25946913318604
25946915513770,25947171329583
25946915513770,25947347268005
25946915513770,25947521430086
25947522663630,25947521430086
25947522663630,25947688401672
25947522663630,25947862206188
25947522663630,25948069060864
25947522663630,25948221025315
25947522663630,25948630139237
25948738199277,25948630139237
25948738199277,25948997375447
25948738199277,25949166125500
25949178239659,25949166125500
25949178239659,25949393076310
25949178239659,25949559205529
25949178239659,25949716867771
25949178239659,25949896148537
25949178239659,25950029507811
25950134979375,25950029507811
25950134979375,25950400233021
25950134979375,25950534257425
25950134979375,25950684378399
25950134979375,25950955093783
25951009680571,25950955093783
25951009680571,25951290316330
25951009680571,25951438707330
25951009680571,25951594022409
25951009680571,25951857825711
25951009680571,25952768934968
25951009680571,25952965977737
25952771458816,25952965977737
25952771458816,25953146166662
25952771458816,25953435149086
25953437638584,25953435149086
25953437638584,25953628454236
25953437638584,25953763134849
25953437638584,25953950865064
25953437638584,25954074074022
25953437638584,25954576544340
25954785085319,25954576544340
25954785085319,25955037752026
25954785085319,25955232810629
25954785085319,25955419021489
25954785085319,25955575778475
25955709737434,25955575778475
25955709737434,25955914015218
25955709737434,25956136601983
25955709737434,25956291146464
25955709737434,25956625642325
25956627230690,25956625642325
25956627230690,25956844212191
25956627230690,25957002345035
25956627230690,25957194707521
25956627230690,25957604053800
25957620719933,25957604053800
25957620719933,25957863956389
25957620719933,25958147658412
25957620719933,25958314356342
25957620719933,25958508235120
25958518887939,25958508235120
25958518887939,25958720917309
25958518887939,25958872491607
25958518887939,25959109278904
25958518887939,25959504404039
25959507146771,25959504404039
25959507146771,25959699789619
25959507146771,25959844506997
25959507146771,25960042873292
25959507146771,25960455611198
25960458471245,25960455611198
25960458471245,25960731707488
25960458471245,25960891083372
25960458471245,25961078377595
25961080295560,25961078377595
25961080295560,25961323126956
25961080295560,25961473339287
25961080295560,25961632701172
25961080295560,25961779256133
25961080295560,25962296019816
25961080295560,25962462862763
25962297409567,25962462862763
25962297409567,25962600234521
25962652509667,25962600234521
25962652509667,25962831147917
25962652509667,25962956337360
25962652509667,25963112300840
25962652509667,25963317625052
25962652509667,25963520257267
25962652509667,25963955396459
25963957621678,25963955396459
25963957621678,25964240919365
25963957621678,25964412349218
25963957621678,25964562767687
25964563708273,25964562767687
25964563708273,25964829472995
25964563708273,25965000875727
25964563708273,25965188259783
25964563708273,25965443610419
25964563708273,25966185519927
25966187374909,25966185519927
25966187374909,25966473519484
25966187374909,25966654489907
25966187374909,25966816261178
25966187374909,25967048021434
25967125276216,25967048021434
25967125276216,25967338132626
25967125276216,25967555196310
25967125276216,25967763246315
25967765284728,25967763246315
25967765284728,25967932818641
25967765284728,25968066760111
25967765284728,25968239620707
25967765284728,25968431052059
25968555995368,25968431052059
25968555995368,25968750194624
25968555995368,25968985252024
25968555995368,25969253346049
25968555995368,25969396340980
25968555995368,25969863495205
25969912126313,25969863495205
25969912126313,25970194915615
25969912126313,25970392088820
25969912126313,25970605845716
25970609120610,25970605845716
25970609120610,25970780053482
25970609120610,25970920219187
25970609120610,25971099636634
25970609120610,25971341038112
25970609120610,25971791114242
25971887775599,25971791114242
25971887775599,25972173885192
25971887775599,25972370044967
25971887775599,25972514139788
25972516514400,25972514139788
25972516514400,25972733293893
25972516514400,25972958273203
25972516514400,25973110494555
25972516514400,25973335295792
25972516514400,25973709658987
25973796491041,25973709658987
25973796491041,25974051321142
25973796491041,25974255548275
25973796491041,25974404566427
25974406764067,25974404566427
25974406764067,25974666866009
25974406764067,25974876693510
25974406764067,25975042389669
25974406764067,25975185773879
25974406764067,25975344607137
25975191471183,25975344607137
25975191471183,25975500903840
25975191471183,25975620793868
25975191471183,25976059863916
25975191471183,25976427503040
25976548099054,25976427503040
25976548099054,25976777027519
25976548099054,25976921036382
25976548099054,25977171680347
25976548099054,25977471098535
25977472624022,25977471098535
25977472624022,25977638488127
25977472624022,25977845304634
25977472624022,25978026969096
25977472624022,25978218165194
25978314575096,25978218165194
25978314575096,25978507784606
25978314575096,25978886299761
25978314575096,25979042803405
25978314575096,25979269638760
25979278752437,25979269638760
25979278752437,25979522224486
25979278752437,25979684966928
25979278752437,25979878031263
25979278752437,25980311400962
25980313656503,25980311400962
25980313656503,25980521906691
25980313656503,25980676416150
25980313656503,25980833903691
25980313656503,25981181017180
25981185607390,25981181017180
25981185607390,25981433662777
25981185607390,25981621157853
25981185607390,25981818363461
25981185607390,25982141248331
25982142665359,25982141248331
25982142665359,25982399923785
25982142665359,25982593722444
25982142665359,25982771364925
25982142665359,25982967914947
25983007736671,25982967914947
25983007736671,25983215601464
25983007736671,25983401214343
25983007736671,25983570830285
25983007736671,25984002959863
25984006197444,25984002959863
25984006197444,25984265274027
25984006197444,25984512243699
25984006197444,25984724244111
25984006197444,25984906496005
25984938467948,25984906496005
25984938467948,25985180537209
25984938467948,25985415289994
25984938467948,25985582364945
25984938467948,25985911647622
25985915026680,25985911647622
25985915026680,25986154228797
25985915026680,25986347883215
25986368847765,25986347883215
25986368847765,25986590108145
25986368847765,25986771965876
25986368847765,25986983125069
25986368847765,25987134209897
25986368847765,25987271899762
25986368847765,25987736797503
25987747336464,25987736797503
25987747336464,25987994929852
25987747336464,25988165267457
25987747336464,25988310902587
25988312793546,25988310902587
25988312793546,25988550159484
25988312793546,25988722167485
25988312793546,25988934332764
25988312793546,25989134983861
25988312793546,25989670365718
25989671505733,25989670365718
25989671505733,25989854355073
25989671505733,25990075585464
25989671505733,25990223956718
25990226867027,25990223956718
25990226867027,25990443131415
25990226867027,25990571153986
25990226867027,25990844979614
25990226867027,25991012393808
25990226867027,25991382559568
25991489817034,25991382559568
25991489817034,25991765396652
25991489817034,25991922525072
25991489817034,25992098992389
25991489817034,25992387248763
25992408941269,25992387248763
25992408941269,25992656463796
25992408941269,25992869680069
25992408941269,25993023182718
25992408941269,25993435162793
25993437234254,25993435162793
25993437234254,25993666001084
25993437234254,25993843114475
25993437234254,25994008181851
25993437234254,25994398769087
25994400810048,25994398769087
25994400810048,25994587125538
25994400810048,25994826218102
25994400810048,25995024890043
25995026181387,25995024890043
25995026181387,25995244374269
25995026181387,25995396309412
25995026181387,25995597698897
25995026181387,25995830613506
25995026181387,25996194767809
25996197467607,25996194767809
25996197467607,25996452052658
25996197467607,25996611899860
25996197467607,25996863449562
25996865549802,25996863449562
25996865549802,25996997296700
25996865549802,25997343181593
25996865549802,25997491465525
25996865549802,25997773288000
25996865549802,25998107651032
25998181876238,25998107651032
25998181876238,25998425202208
25998181876238,25998644561689
25998181876238,25998854231449
25998856166208,25998854231449
25998856166208,25999036376958
25998856166208,25999196967865
25998856166208,25999373484380
25998856166208,25999561873635
25998856166208,26000079852482
26000114882238,26000079852482
26000114882238,26000382376229
26000114882238,26000554948755
26000114882238,26000756849888
26000114882238,26000964900026
26001089301117,26000964900026
26001089301117,26001378904025
26001089301117,26001613435387
26001089301117,26001740184180
26001742955388,26001740184180
26001742955388,26001963676685
26001742955388,26002159373386
26001742955388,26002304969693
26001742955388,26002474504482
26002626675887,26002474504482
26002626675887,26002868145445
26002626675887,26003001975488
26002626675887,26003239706575
26002626675887,26003499489415
26002626675887,26003896072873
26003951360280,26003896072873
26003951360280,26004199287692
26003951360280,26004334127947
26003951360280,26004512519968
26004514875787,26004512519968
26004514875787,26004701699785
26004514875787,26004880722136
26004514875787,26005009482587
26004514875787,26005324771081
26004514875787,26005831399557
26005832811812,26005831399557
26005832811812,26005997931910
26005832811812,26006168690344
26005832811812,26006393534971
26005832811812,26006702386680
26006704001017,26006702386680
26006704001017,26006870866547
26006704001017,26007065164779
26006704001017,26007277012707
26006704001017,26007520923259
26007596118625,26007520923259
26007596118625,26007815560805
26007596118625,26008031250798
26007596118625,26008183344335
26007596118625,26008452538514
26008499530136,26008452538514
26008499530136,26008763945897
26008499530136,26008915851694
26008499530136,26009089233144
26009096114565,26009089233144
26009096114565,26009332106670
26009096114565,26009470220120
26009096114565,26009600193518
26009096114565,26009896626163
26009096114565,26010318942157
26010336565008,26010318942157
26010336565008,26010545645560
26010336565008,26010783463496
26010336565008,26010955876818
26010336565008,26011225001580
26011264069291,26011225001580
26011264069291,26011465760214
26011264069291,26011684746278
26011264069291,26011869608623
26011870730079,26011869608623
26011870730079,26012124690731
26011870730079,26012290221438
26011870730079,26012444144008
26011870730079,26012643615782
26011870730079,26013075636525
26013082657282,26013075636525
26013082657282,26013287010916
26013082657282,26013536911309
26013082657282,26013712336648
26013082657282,26013962904272
26013965169451,26013962904272
26013965169451,26014167585605
26013965169451,26014379372937
26013965169451,26014606172424
26014609163146,26014606172424
26014609163146,26014871740645
26014609163146,26015017243659
26014609163146,26015214257053
26014609163146,26015457425714
26014609163146,26015795035378
26015873373002,26015795035378
26015873373002,26016088496305
26015873373002,26016220001525
26015873373002,26016415194010
26015873373002,26016793800145
26016795781870,26016793800145
26016795781870,26017049382554
26016795781870,26017224513022
26016795781870,26017389050794
26016795781870,26017671217004
26017673063859,26017671217004
26017673063859,26017898290167
26017673063859,26018061031116
26017673063859,26018224842684
26017673063859,26018580647067
26018582072344,26018580647067
26018582072344,26018827478169
26018582072344,26018972795041
26018582072344,26019194454507
26018582072344,26019478146334
26019557060869,26019478146334
26019557060869,26019892626528
26019557060869,26020006959277
26019557060869,26020198307310
26020201582962,26020198307310
26020201582962,26020410174019
26020201582962,26020593801615
26020201582962,26020772635286
26020201582962,26020991668090
26021018404637,26020991668090
26021018404637,26021258226131
26021018404637,26021482042973
26021018404637,26021686292615
26021018404637,26021942562803
26021018404637,26022326356737
26022359661270,26022326356737
26022359661270,26022569923030
26022359661270,26022724388295
26022359661270,26022902382995
26022359661270,26023248082602
26023267021126,26023248082602
26023267021126,26023379565377
26023267021126,26023587960940
26023267021126,26023762860620
26023267021126,26024283706221
26024285027451,26024283706221
26024285027451,26024541368818
26024285027451,26024722315305
26024285027451,26024875231567
26024285027451,26025139138937
26025207186045,26025139138937
26025207186045,26025425411346
26025207186045,26025643184993
26025207186045,26025801470891
26025207186045,26026166849501
26026348481596,26026166849501
26026348481596,26026783561711
26026348481596,26027008355809
26026348481596,26027187131537
26027188633657,26027187131537
26027188633657,26027443281670
26027188633657,26027893075955
26027188633657,26028048273850
26027188633657,26028182217881
26027188633657,26028550485353
26028580971022,26028550485353
26028580971022,26028793305069
26028580971022,26029025847106
26028580971022,26029218437336
26028580971022,26029489276334
26028580971022,26029645852799
26029502203371,26029645852799
26029502203371,26029851110472
26029502203371,26030086732309
26029502203371,26030338465244
26030382830665,26030338465244
26030382830665,26030571599681
26030382830665,26030788284932
26030382830665,26030956778594
26030963444190,26030956778594
26030963444190,26031186748744
26030963444190,26031309845300
26030963444190,26031480614167
26030963444190,26031788619983
26030963444190,26032174027004
26032243517518,26032174027004
26032243517518,26032507872823
26032243517518,26032710017453
26032243517518,26032889601065
26032243517518,26033209961787
26032243517518,26033342176160
26033213571767,26033342176160
26033213571767,26033570793766
26033213571767,26033751607986
26033213571767,26034049317784
26034074704350,26034049317784
26034074704350,26034264456075
26034074704350,26034459369085
26034074704350,26034593646023
26034074704350,26034966086828
26034976868211,26034966086828
26034976868211,26035209364620
26034976868211,26035395995824
26034976868211,26035536342812
26034976868211,26035889502389
26035898184332,26035889502389
26035898184332,26036115282805
26035898184332,26036311910095
26035898184332,26036502765386
26035898184332,26036758740887
26036783837932,26036758740887
26036783837932,26037031028343
26036783837932,26037199400430
26036783837932,26037399958526
26036783837932,26037523320179
26037664991597,26037523320179
26037664991597,26037919781633
26037664991597,26038124320744
26037664991597,26038315879231
26037664991597,26038481978194
26038594068428,26038481978194
26038594068428,26038866261268
26038594068428,26039045098479
26038594068428,26039203853767
26038594068428,26039483545553
26039544952853,26039483545553
26039544952853,26039767449738
26039544952853,26039959381881
26039544952853,26040090253811
26039544952853,26040369247235
26040453912439,26040369247235
26040453912439,26040655133200
26040453912439,26040912606056
26040453912439,26041109165752
26040453912439,26041352527047
26041362247351,26041352527047
26041362247351,26041568778977
26041362247351,26041706339353
26041362247351,26041930804119
26041362247351,26042218890518
26042259371880,26042218890518
26042259371880,26042440349027
26042259371880,26042639434293
26042259371880,26042848854211
26042259371880,26043115736006
26043161203604,26043115736006
26043161203604,26043391745664
26043161203604,26043561012868
26043161203604,26043723667760
26043161203604,26044035190316
26044419948863,26044035190316
26044419948863,26044687088908
26044419948863,26044820275886
26044419948863,26044936897704
26044419948863,26045329236407
26045348651268,26045329236407
26045348651268,26045581639756
26045348651268,26045750771817
26045348651268,26045899886755
26045348651268,26046216717725
26046302732196,26046216717725
26046302732196,26046500377979
26046302732196,26046712782181
26046302732196,26046868277722
26046302732196,26047154329012
26047212579589,26047154329012
26047212579589,26047472236323
26047212579589,26047626938292
26047212579589,26047914325163
26047212579589,26048201894843
26048204301329,26048201894843
26048204301329,26048429295495
26048204301329,26048566151157
26048204301329,26048810166214
26048813195356,26048810166214
26048813195356,26049021966690
26048813195356,26049176773449
26048813195356,26049321944610
26048813195356,26049455404676
26048813195356,26049877801689
26049904632151,26049877801689
26049904632151,26050142342688
26049904632151,26050310317966
26049904632151,26050491488525
26050499061961,26050491488525
26050499061961,26050765391927
26050499061961,26050927820647
26050499061961,26051087510735
26050499061961,26051353575855
26050499061961,26051813957490
26051890555113,26051813957490
26051890555113,26052184492396
26051890555113,26052374305420
26051890555113,26052574529275
26051890555113,26052765844085
26052849512256,26052765844085
26052849512256,26053100654323
26052849512256,26053266540886
26052849512256,26053407882393
26052849512256,26053626277376
26053409869230,26053626277376
26053409869230,26053797470678
26053409869230,26053980759509
26053409869230,26054213728824
26053409869230,26054632878128
26054671803237,26054632878128
26054671803237,26054886180213
26054671803237,26055126048174
26054671803237,26055310420831
26054671803237,26055608038727
26055612088781,26055608038727
26055612088781,26055794453301
26055612088781,26055973643272
26055612088781,26056142664066
26055612088781,26056560880413
26056562469487,26056560880413
26056562469487,26056782934311
26056562469487,26057022252278
26056562469487,26057215526574
26056562469487,26057517340044
26056562469487,26057747218448
26057547062147,26057747218448
26057547062147,26057918062670
26057547062147,26058103278913
26057547062147,26058418258170
26058474213645,26058418258170
26058474213645,26058687399988
26058474213645,26058839131984
26058474213645,26059032359685
26059034287707,26059032359685
26059034287707,26059258202143
26059034287707,26059439645812
26059034287707,26059618945190
26059034287707,26059869320266
26059034287707,26060238248350
26060324515218,26060238248350
26060324515218,26060582961634
26060324515218,26060750541310
26060324515218,26060920108152
26060324515218,26061234296458
26061337537703,26061234296458
26061337537703,26061585690497
26061337537703,26061750422316
26061337537703,26061893491438
26061337537703,26062257299540
26062334425455,26062257299540
26062334425455,26062615118998
26062334425455,26062808109938
26062334425455,26062985548723
26062334425455,26063288847384
26063290080109,26063288847384
26063290080109,26063559272510
26063290080109,26063763410715
26063290080109,26063931440893
26063937458909,26063931440893
26063937458909,26064210230198
26063937458909,26064390284172
26063937458909,26064521238958
26063937458909,26064696139837
26063937458909,26065050672902
26065261794579,26065050672902
26065261794579,26065471043480
26065261794579,26065628871655
26065261794579,26065853193810
26065261794579,26065987302776
26065991490066,26065987302776
26065991490066,26066391741737
26065991490066,26066552661028
26065991490066,26066664712341
26066666489750,26066664712341
26066666489750,26066828797826
26066666489750,26067026851018
26066666489750,26067167367328
26066666489750,26067587551365
26066666489750,26068051479686
26068052745784,26068051479686
26068052745784,26068273982435
26068052745784,26068498163556
26068052745784,26068675371513
26068052745784,26068984108871
26069002159075,26068984108871
26069002159075,26069216203301
26069002159075,26069448779985
26069002159075,26069609076725
26069002159075,26069890998456
26069907048103,26069890998456
26069907048103,26070150370778
26069907048103,26070264404856
26069907048103,26070457994005
26069907048103,26070680318187
26070792285259,26070680318187
26070792285259,26071075310362
26070792285259,26071253070211
26070792285259,26071372508512
26070792285259,26071604184497
26071721287850,26071604184497
26071721287850,26072006958855
26071721287850,26072246592629
26071721287850,26072438817851
26071721287850,26072627681058
26072717060487,26072627681058
26072717060487,26072992250553
26072717060487,26073165054034
26072717060487,26073375329587
26072717060487,26073593392106
26073726553895,26073593392106
26073726553895,26074015151374
26073726553895,26074182960098
26073726553895,26074305629382
26073726553895,26074617754503
26074739742279,26074617754503
26074739742279,26074970961428
26074739742279,26075157276801
26075159419427,26075157276801
26075159419427,26075360847106
26075159419427,26075523162604
26075159419427,26075703714536
26075159419427,26075859798602
26075159419427,26076000411552
26075159419427,26076470336149
26076716688452,26076470336149
26076716688452,26076927598803
26076716688452,26077100845581
26076716688452,26077296360674
26076716688452,26077461963094
26077463038074,26077461963094
26077463038074,26077605394539
26077463038074,26077789269408
26077463038074,26077942495677
26077962074434,26077942495677
26077962074434,26078182826446
26077962074434,26078438241640
26077962074434,26078628160883
26077962074434,26078882199601
26077962074434,26079267709078
26079382981865,26079267709078
26079382981865,26079584914767
26079382981865,26079800823987
26079382981865,26080069882392
26079382981865,26080228888830
26080336113169,26080228888830
26080336113169,26080605454522
26080336113169,26080799354382
26080336113169,26080929902213
26080336113169,26081289219919
26081290417511,26081289219919
26081290417511,26081425774387
26081290417511,26081574327125
26081290417511,26081729161060
26081290417511,26082055297085
26082100593700,26082055297085
26082100593700,26082276050091
26082100593700,26082490753687
26082100593700,26082659807813
26082100593700,26083037872281
26083040260040,26083037872281
26083040260040,26083328347561
26083040260040,26083439338451
26083040260040,26083591168598
26083040260040,26083989254448
26084020208012,26083989254448
26084020208012,26084327393229
26084020208012,26084545413615
26084020208012,26084757424772
26084020208012,26085082308574
26085087649117,26085082308574
26085087649117,26085260714287
26085087649117,26085423990125
26085087649117,26085687692209
26085087649117,26085869395512
26085914306792,26085869395512
26085914306792,26086165922068
26085914306792,26086373427709
26085914306792,26086490441599
26085914306792,26086669805650
26086492041489,26086669805650
26086492041489,26086854905225
26086492041489,26087021216002
26086492041489,26087260253401
26087288569264,26087260253401
26087288569264,26087498341567
26087288569264,26087663146439
26087288569264,26087889348978
26087288569264,26088150885220
26087288569264,26088578599795
26088638476942,26088578599795
26088638476942,26088944381259
26088638476942,26089099372206
26088638476942,26089364808362
26088638476942,26089578232336
26089655244346,26089578232336
26089655244346,26089926315415
26089655244346,26090115157401
26089655244346,26090333200270
26089655244346,26090620231295
26090622293180,26090620231295
26090622293180,26090897882619
26090622293180,26091129996278
26090622293180,26091297432723
26090622293180,26091532728854
26091538289687,26091532728854
26091538289687,26091821932976
26091538289687,26092000895895
26091538289687,26092138956436
26091538289687,26092577254846
26092578716783,26092577254846
26092578716783,26092806960681
26092578716783,26092970048152
26092578716783,26093130831194
26092578716783,26093475352246
26093477612471,26093475352246
26093477612471,26093730486011
26093477612471,26093870203811
26093477612471,26094038064587
26093477612471,26094243148918
26094380853028,26094243148918
26094380853028,26094662753695
26094380853028,26094847352892
26094380853028,26094982839965
26094984488038,26094982839965
26094984488038,26095217675426
26094984488038,26095381701291
26094984488038,26095525319702
26094984488038,26095759336572
26094984488038,26096183864680
26096259165209,26096183864680
26096259165209,26096559250871
26096259165209,26096701481806
26096259165209,26096858042612
26096259165209,26097054583538
26097135322890,26097054583538
26097135322890,26097320415721
26097135322890,26097563526320
26097135322890,26097765017505
26097135322890,26098123142999
26098125161863,26098123142999
26098125161863,26098364905094
26098125161863,26098523124137
26098125161863,26098662475055
26098125161863,26098973487881
26098974852226,26098973487881
26098974852226,26099171563353
26098974852226,26099383777849
26098974852226,26099620217375
26098974852226,26099839915405
26099841245135,26099839915405
26099841245135,26100061082949
26099841245135,26100190337437
26099841245135,26100322026606
26099841245135,26100670934126
26100675087901,26100670934126
26100675087901,26100877488077
26100675087901,26101114618914
26100675087901,26101318205624
26100675087901,26101608306015
26101611451300,26101608306015
26101611451300,26101900169733
26101611451300,26102100906292
26101611451300,26102312739276
26101611451300,26102528712133
26102555691494,26102528712133
26102555691494,26102795663027
26102555691494,26102990249552
26102555691494,26103097216551
26103334805818,26103097216551
26103334805818,26103608417160
26103334805818,26103778236045
26103334805818,26103953260062
26103334805818,26104198072052
26103334805818,26104629148559
26104631223219,26104629148559
26104631223219,26104862996321
26104631223219,26105029523392
26104631223219,26105211169030
26104631223219,26105538408613
26105566131688,26105538408613
26105566131688,26105775844426
26105566131688,26105937170223
26105566131688,26106113857419
26105566131688,26106399654677
26106401407546,26106399654677
26106401407546,26106645343113
26106401407546,26106834828899
26106401407546,26107019622787
26106401407546,26107299140164
26107361247600,26107299140164
26107361247600,26107673098076
26107361247600,26107797620078
26107361247600,26107934099146
26107361247600,26108352973354
26108354361818,26108352973354
26108354361818,26108613397940
26108354361818,26108836031246
26108354361818,26109028405340
26108354361818,26109256348286
26109280361600,26109256348286
26109280361600,26109557662771
26109280361600,26109771446849
26109280361600,26109962855420
26109280361600,26110098481692
26110099990513,26110098481692
26110099990513,26110300829597
26110099990513,26110510795808
26110099990513,26110660480278
26110099990513,26111007339012
26111030264828,26111007339012
26111030264828,26111278873695
26111030264828,26111535818028
26111030264828,26111734694495
26111030264828,26111993935356
26111996680200,26111993935356
26111996680200,26112238783318
26111996680200,26112488738843
26111996680200,26112686636266
26111996680200,26112902150671
26112903312794,26112902150671
26112903312794,26113117629584
26112903312794,26113317113952
26112903312794,26113479552066
26112903312794,26113788284431
26113912459407,26113788284431
26113912459407,26114163300722
26113912459407,26114383470299
26113912459407,26114603381230
26113912459407,26114773500330
26114922718180,26114773500330
26114922718180,26115132459697
26114922718180,26115277195567
26114922718180,26115419929154
26114922718180,26115591698517
26115745791049,26115591698517
26115745791049,26116011624766
26115745791049,26116220120932
26115745791049,26116348373114
26116350283648,26116348373114
26116350283648,26116556376442
26116350283648,26116717585312
26116350283648,26116923054836
26116350283648,26117116814557
26116350283648,26117443496156
26117540765254,26117443496156
26117540765254,26117787192661
26117540765254,26117975169309
26117540765254,26118137626953
26117540765254,26118443950831
26118446492345,26118443950831
26118446492345,26118809081586
26118446492345,26118953668215
26118446492345,26119088877357
26118446492345,26119487491925
26119579444139,26119487491925
26119579444139,26119753431264
26119579444139,26119927888274
26119579444139,26120103147080
26120105441932,26120103147080
26120105441932,26120368060920
26120105441932,26120549658740
26120105441932,26120769074009
26120105441932,26120935516471
26120105441932,26121198493844
26121304162653,26121198493844
26121304162653,26121529277669
26121304162653,26121712149378
26121304162653,26122155534445
26122157474806,26122155534445
26122157474806,26122365663776
26122157474806,26122592115348
26122157474806,26122820022657
26122157474806,26123000275151
26122157474806,26123387188764
26123395608816,26123387188764
26123395608816,26123640248189
26123395608816,26123817269927
26123395608816,26124029198581
26123395608816,26124509043885
26124511218838,26124509043885
26124511218838,26124713408836
26124511218838,26124870521258
26124511218838,26125015973064
26124511218838,26125201309753
26125260446047,26125201309753
26125260446047,26125426001470
26125260446047,26125638055350
26125260446047,26125771836494
26125260446047,26126125339963
26126128512268,26126125339963
26126128512268,26126320565031
26126128512268,26126544020636
26126128512268,26126744355065
26126746187871,26126744355065
26126746187871,26126956388733
26126746187871,26127155696816
26126746187871,26127310342741
26126746187871,26127502799298
26126746187871,26127971320316
26127973513965,26127971320316
26127973513965,26128148897531
26127973513965,26128346563168
26127973513965,26128587232973
26128590344331,26128587232973
26128590344331,26128751057531
26128590344331,26128958943239
26128590344331,26129121149540
26128590344331,26129259460201
26128590344331,26129620584154
26129718932981,26129620584154
26129718932981,26129969205685
26129718932981,26130177847215
26129718932981,26130348270211
26129718932981,26130531572566
26130725905551,26130531572566
26130725905551,26130979929958
26130725905551,26131152613946
26130725905551,26131343302414
26130725905551,26131781668461
26132007099568,26131781668461
26132007099568,26132224395951
26132007099568,26132381447999
26132007099568,26132594592317
26132597081692,26132594592317
26132597081692,26132879445160
26132597081692,26133056299197
26132597081692,26133197970430
26132597081692,26133370713702
26132597081692,26133839502463
26133843464385,26133839502463
26133843464385,26134086093774
26133843464385,26134263419125
26133843464385,26134387643621
26133843464385,26134783377408
26134785366591,26134783377408
26134785366591,26135013513777
26134785366591,26135267285208
26134785366591,26135468550565
26134785366591,26135662146289
26135472302071,26135662146289
26135472302071,26135813950299
26135472302071,26135958719179
26135472302071,26136161201644
26136188500916,26136161201644
26136188500916,26136467857227
26136188500916,26136701195122
26136188500916,26136866209161
26136188500916,26137089372676
26136188500916,26137566356150
26137567972260,26137566356150
26137567972260,26137748480526
26137567972260,26137979260823
26137567972260,26138122552001
26137567972260,26138512044200
26138520298540,26138512044200
26138520298540,26138798935103
26138520298540,26139010158714
26138520298540,26139196899991
26138520298540,26139497139991
26139506620723,26139497139991
26139506620723,26139782258043
26139506620723,26139957305888
26139506620723,26140098852765
26139506620723,26140492115647
26140495095420,26140492115647
26140495095420,26140678266884
26140495095420,26140904378268
26140495095420,26141059489460
26140495095420,26141353013620
26141406877926,26141353013620
26141406877926,26141571267625
26141406877926,26141763735739
26141406877926,26141891749293
26141406877926,26142273768842
26142325206994,26142273768842
26142325206994,26142635360222
26142325206994,26142781649725
26142788144169,26142781649725
26142788144169,26142957465105
26142788144169,26143129484223
26142788144169,26143261023613
26142788144169,26143401393237
26142788144169,26143934381747
26143940374389,26143934381747
26143940374389,26144200553776
26143940374389,26144367885861
26143940374389,26144513277807
26143940374389,26144688238526
26143940374389,26145208222192
26145212513187,26145208222192
26145212513187,26145404856346
26145212513187,26145582364480
26145212513187,26145818369302
26145212513187,26146146639708
26146149582703,26146146639708
26146149582703,26146389752943
26146149582703,26146545092883
26146149582703,26146741560332
26146149582703,26146930001536
26146744311473,26146930001536
26146744311473,26147078144000
26146744311473,26147231200714
26146744311473,26147431576771
26146744311473,26147812123390
26147879640133,26147812123390
26147879640133,26148169704900
26147879640133,26148392252631
26147879640133,26148586800618
26147879640133,26148796227538
26148847875690,26148796227538
26148847875690,26149043243128
26148847875690,26149266113568
26148847875690,26149477697364
26149479214734,26149477697364
26149479214734,26149722304299
26149479214734,26149916533234
26149479214734,26150076724473
26149479214734,26150243831580
26149479214734,26150619952856
26150703801271,26150619952856
26150703801271,26150957296801
26150703801271,26151111182279
26150703801271,26151299171322
26150703801271,26151641337741
26151853154543,26151641337741
26151853154543,26152120122891
26151853154543,26152275024005
26151853154543,26152400140818
26151853154543,26152680556545
26152683289559,26152680556545
26152683289559,26152861368794
26152683289559,26153059794473
26152683289559,26153212458744
26152683289559,26153703088246
26152683289559,26154006460614
