25665001756182,25665719719941
25665001756182,25665908893534
25665914902256,25665908893534
25665914902256,25666195570987
25665914902256,25666414162543
25665914902256,25666577358415
25665914902256,25666960530325
25665914902256,25667261960164
25667266396900,25667261960164
25667266396900,25667566179262
25667266396900,25667817828567
25667266396900,25667994063394
25667266396900,25668113147775
25668270751123,25668113147775
25668270751123,25668533572501
25668270751123,25668785061619
25668270751123,25668967308132
25668969910901,25668967308132
25668969910901,25669174782843
25668969910901,25669415198279
25668969910901,25669557781986
25668969910901,25669712363263
25668969910901,25670140538110
25670143889866,25670140538110
25670143889866,25670340053386
25670143889866,25670560123755
25670143889866,25670698422153
25670143889866,25670896022638
25670700670996,25670896022638
25670700670996,25671201566688
25670700670996,25671371315391
25670700670996,25671610571836
25670700670996,25671978429972
25672070179955,25671978429972
25672070179955,25672347748056
25672070179955,25672550289702
25672070179955,25672776511064
25672070179955,25673192339023
25673194987103,25673192339023
25673194987103,25673441503660
25673194987103,25673620522460
25673194987103,25673775374054
25673194987103,25673923254182
25673926059299,25673923254182
25673926059299,25674173124258
25673926059299,25674343266792
25673926059299,25674537714322
25673926059299,25674847629209
25674877127116,25674847629209
25674877127116,25675024359592
25674877127116,25675357789135
25674877127116,25675499430052
25675503627501,25675499430052
25675503627501,25675748822029
25675503627501,25675902461524
25675503627501,25676176323926
25675503627501,25676384392632
25675503627501,25676606405642
25676686287448,25676606405642
25676686287448,25676956835386
25676686287448,25677152187534
25676686287448,25677306300607
25676686287448,25677704528083
25677706329894,25677704528083
25677706329894,25677969526778
25677706329894,25678216364853
25677706329894,25678372920607
25677706329894,25678710402388
25677706329894,25678936060431
25678750481394,25678936060431
25678750481394,25679140446805
25678750481394,25679317923118
25678750481394,25679613098681
25679691968029,25679613098681
25679691968029,25679977963355
25679691968029,25680233857053
25679691968029,25680420177944
25679691968029,25680730029690
25680732614145,25680730029690
25680732614145,25680987293562
25680732614145,25681159349281
25680732614145,25681326734642
25680732614145,25681643485912
25681695378331,25681643485912
25681695378331,25681949908655
25681695378331,25682155285207
25681695378331,25682407310419
25682409876187,25682407310419
25682409876187,25682546410295
25682409876187,25682733479329
25682409876187,25682924694410
25682409876187,25683181500308
25682409876187,25683574768944
25683592460033,25683574768944
25683592460033,25683799354074
25683592460033,25684064449934
25683592460033,25684227070589
25683592460033,25684393725364
25684230894469,25684393725364
25684230894469,25684577537930
25684230894469,25684841526506
25684230894469,25685066450051
25684230894469,25685446402874
25685447907493,25685446402874
25685447907493,25685916485378
25685447907493,25686102909219
25685447907493,25686256293477
25685447907493,25686555252818
25686666379234,25686555252818
25686666379234,25686943422258
25686666379234,25687125543195
25686666379234,25687275801261
25687277519021,25687275801261
25687277519021,25687529284253
25687277519021,25687731757588
25687277519021,25687909220996
25687277519021,25688068611600
25687277519021,25688508344184
25688571066994,25688508344184
25688571066994,25688872486400
25688571066994,25689037034595
25688571066994,25689213024625
25688571066994,25689620965718
25689623246637,25689620965718
25689623246637,25689825533410
25689623246637,25689996324873
25689623246637,25690150360359
25690153375094,25690150360359
25690153375094,25690459043726
25690153375094,25690617801344
25690153375094,25690777680576
25690153375094,25690922677773
25690153375094,25691340759558
25691408191958,25691340759558
25691408191958,25691659380987
25691408191958,25691829161699
25691408191958,25692021092457
25691408191958,25692303974693
25692359959881,25692303974693
25692359959881,25692459062664
25692359959881,25692939230259
25692960296138,25692939230259
25692960296138,25693206681601
25692960296138,25693341342240
25692960296138,25693494342339
25692960296138,25693687131331
25692960296138,25693849292388
25692960296138,25694338859651
25694422114041,25694338859651
25694422114041,25694657412777
25694422114041,25694870402260
25694422114041,25695101630975
25694422114041,25695374671510
25695376427205,25695374671510
25695376427205,25695596083625
25695376427205,25695755747335
25695376427205,25696016481981
25696018737979,25696016481981
25696018737979,25696205785594
25696018737979,25696341436603
25696018737979,25696509200320
25696018737979,25696720983839
25696815718967,25696720983839
25696815718967,25697054978251
25696815718967,25697253267580
25696815718967,25697429321532
25696815718967,25697747245969
25696815718967,25698176743051
25698178398892,25698176743051
25698178398892,25698379904178
25698178398892,25698626274565
25698178398892,25698767451895
25698178398892,25699070358428
25699287722847,25699070358428
25699287722847,25699463451573
25699287722847,25699590534867
25699287722847,25699727236426
25699287722847,25699990349939
25700003286066,25699990349939
25700003286066,25700187903542
25700003286066,25700395391094
25700003286066,25700613383488
25700003286066,25700907177972
25700003286066,25701179155522
25701023738974,25701179155522
25701023738974,25701435727003
25701023738974,25701643258643
25701645014239,25701643258643
25701645014239,25701855828134
25701645014239,25702005666415
25701645014239,25702198320431
25701645014239,25702602341139
25701645014239,25702901455024
25703000950780,25702901455024
25703000950780,25703219400802
25703000950780,25703493333699
25703000950780,25703692448295
25703000950780,25703894083496
25704021686305,25703894083496
25704021686305,25704255391614
25704021686305,25704432475730
25704021686305,25704635923749
25704021686305,25704921099279
25704923686000,25704921099279
25704923686000,25705129061507
25704923686000,25705346130051
25704923686000,25705527282008
25705530995855,25705527282008
25705530995855,25705755586212
25705530995855,25705919974641
25705530995855,25706065076224
25705530995855,25706210775741
25705530995855,25706718439664
25705530995855,25707031975619
25706769226154,25707031975619
25706769226154,25707215226023
25706769226154,25707373539202
25706769226154,25707718915683
25707734804459,25707718915683
25707734804459,25707984118385
25707734804459,25708182088941
25707734804459,25708321875204
25707734804459,25708660257440
25708688248848,25708660257440
25708688248848,25708916643963
25708688248848,25709060189576
25708688248848,25709283893117
25708688248848,25709591138624
25709663136054,25709591138624
25709663136054,25709892466915
25709663136054,25710089685336
25709663136054,25710316883343
25709663136054,25710567725176
25710614996485,25710567725176
25710614996485,25710814432482
25710614996485,25711059001452
25710614996485,25711217662901
25710614996485,25711430436721
25711541056237,25711430436721
25711541056237,25712096053422
25711541056237,25712268432590
25711541056237,25712486662208
25711541056237,25712845065474
25712846665134,25712845065474
25712846665134,25713118331478
25712846665134,25713286551650
25712846665134,25713425342818
25713427592239,25713425342818
25713427592239,25713670548979
25713427592239,25713821911066
25713427592239,25714031920355
25713427592239,25714167340050
25714203907773,25714167340050
25714203907773,25714509532541
25714203907773,25714631471776
25714203907773,25714813483524
25714203907773,25715197352263
25714203907773,25715674699468
25715678674497,25715674699468
25715678674497,25715906840584
25715678674497,25716024275191
25715678674497,25716178045579
25715678674497,25716479432881
25716543572545,25716479432881
25716543572545,25716813073535
25716543572545,25716988350319
25716543572545,25717232191256
25716543572545,25717508030111
25717511286177,25717508030111
25717511286177,25717744141622
25717511286177,25718018542674
25717511286177,25718159274548
25718161131566,25718159274548
25718161131566,25718321160306
25718161131566,25718569173695
25718161131566,25718784268766
25718161131566,25719020045893
25719021935808,25719020045893
25719021935808,25719248772757
25719021935808,25719387059775
25719021935808,25719527795610
25719021935808,25719798222962
25719021935808,25720177295137
25720297969426,25720177295137
25720297969426,25720565592560
25720297969426,25720707019032
25720297969426,25720873210917
25720875695992,25720873210917
25720875695992,25721140532529
25720875695992,25721341232615
25720875695992,25721541094184
25720875695992,25721723940895
25720875695992,25722130143881
25722158286137,25722130143881
25722158286137,25722339935317
25722158286137,25722525179899
25722158286137,25722704154826
25722158286137,25723004109872
25723118664991,25723004109872
25723118664991,25723366230695
25723118664991,25723512293956
25723118664991,25723675236014
25723118664991,25724020275848
25724112528239,25724020275848
25724112528239,25724385890915
25724112528239,25724536421614
25724112528239,25724678644332
25724680115329,25724678644332
25724680115329,25724885449132
25724680115329,25725040547194
25724680115329,25725253489239
25724680115329,25725532108637
25724680115329,25726021490974
25726159146948,25726021490974
25726159146948,25726358778766
25726159146948,25726516286111
25726159146948,25726674882351
25726518671745,25726674882351
25726518671745,25726852487616
25726518671745,25726980116672
25726518671745,25727166327008
25726518671745,25727347493397
25726518671745,25727853928899
25727901495672,25727853928899
25727901495672,25728116291162
25727901495672,25728334845483
25727901495672,25728468923171
25727901495672,25728757366343
25728797239051,25728757366343
25728797239051,25728996400583
25728797239051,25729146991421
25728797239051,25729380386626
25728797239051,25729580213199
25729743832799,25729580213199
25729743832799,25729935393758
25729743832799,25730177399616
25729743832799,25730385932811
25729743832799,25730691625206
25730693539252,25730691625206
25730693539252,25730914256737
25730693539252,25731082950654
25730693539252,25731278920310
25730693539252,25731679311593
25731687196780,25731679311593
25731687196780,25731930203454
25731687196780,25732081148577
25731687196780,25732206727991
25731687196780,25732688913614
25732695418753,25732688913614
25732695418753,25732958196594
25732695418753,25733102375773
25732695418753,25733324148851
25733327820631,25733324148851
25733327820631,25733546633073
25733327820631,25733678901345
25733327820631,25733817322364
25733327820631,25733963382713
25733327820631,25734501830602
25734573767235,25734501830602
25734573767235,25734812708223
25734573767235,25735041284239
25734573767235,25735244192867
25734573767235,25735513711196
25735521327962,25735513711196
25735521327962,25735748305279
25735521327962,25735912337938
25735521327962,25736086982319
25735521327962,25736373059459
25736392450255,25736373059459
25736392450255,25736587725495
25736392450255,25736757464123
25736392450255,25736928431564
25736980669225,25736928431564
25736980669225,25737168735824
25736980669225,25737356115628
25736980669225,25737571480066
25736980669225,25737739210303
25736980669225,25738350615766
25738352207827,25738350615766
25738352207827,25738566237085
25738352207827,25738767654029
25738352207827,25738978264735
25738981100992,25738978264735
25738981100992,25739184473955
25738981100992,25739336839078
25738981100992,25739518159024
25738981100992,25739658098196
25738981100992,25740039284011
25740151648682,25740039284011
25740151648682,25740543728629
25740151648682,25740704733747
25740151648682,25740880219931
25740882104296,25740880219931
25740882104296,25741067302134
25740882104296,25741250031168
25740882104296,25741419863593
25740882104296,25741582156467
25740882104296,25742079810605
25742083537808,25742079810605
25742083537808,25742254388720
25742083537808,25742488887973
25742083537808,25742646386837
25742648062561,25742646386837
25742648062561,25742824013603
25742648062561,25742959780516
25742648062561,25743846184888
25742648062561,25744076913916
25742648062561,25744538161922
25744634039881,25744538161922
25744634039881,25744882515383
25744634039881,25745072949920
25744634039881,25745217128836
25745261327759,25745217128836
25745261327759,25745446378302
25745261327759,25745688076306
25745261327759,25745844686203
25745261327759,25746188394661
25745261327759,25746536208607
25746602404149,25746536208607
25746602404149,25746823673714
25746602404149,25746991805697
25746602404149,25747160413696
25747166076206,25747160413696
25747166076206,25747387296474
25747166076206,25747598644952
25747166076206,25747786191077
25747166076206,25747947304215
25747166076206,25748495188061
25748499393346,25748495188061
25748499393346,25748676843876
25748499393346,25748846925422
25748499393346,25749055235106
25748499393346,25749333730063
25749363605228,25749333730063
25749363605228,25749529995558
25749363605228,25749742526246
25749363605228,25749943378702
25749363605228,25750219828008
25750265793278,25750219828008
25750265793278,25750450566968
25750265793278,25750655068923
25750265793278,25750878819197
25750880225675,25750878819197
25750880225675,25751047187906
25750880225675,25751192192955
25750880225675,25751370222959
25750880225675,25751646911225
25751648874504,25751646911225
25751648874504,25751924881502
25751648874504,25752101561292
25751648874504,25752348790106
25751648874504,25752601698876
25752607656022,25752601698876
25752607656022,25752809667781
25752607656022,25753027364810
25752607656022,25753158321625
25752607656022,25753511280795
25753561373151,25753511280795
25753561373151,25753823805480
25753561373151,25753993867945
25753561373151,25754216388957
25753561373151,25754521898421
25753561373151,25755002228127
25755010232405,25755002228127
25755010232405,25755217821193
25755010232405,25755396651007
25755010232405,25755605566786
25755608819673,25755605566786
25755608819673,25755778340570
25755608819673,25755936944006
25755608819673,25756141863296
25755608819673,25756548555575
25755608819673,25757040235108
25757047834913,25757040235108
25757047834913,25757243225336
25757047834913,25757386206900
25757047834913,25757566522291
25757047834913,25757986661984
25757988466636,25757986661984
25757988466636,25758206188404
25757988466636,25758360576802
25757988466636,25758562793143
25757988466636,25758947706280
25758977980520,25758947706280
25758977980520,25759191177471
25758977980520,25759358693375
25758977980520,25759544425635
25758977980520,25759874051169
25758977980520,25760085987750
25759916586468,25760085987750
25759916586468,25760414058563
25759916586468,25760582025869
25759916586468,25760872364789
25760877395684,25760872364789
25760877395684,25761107765969
25760877395684,25761285743888
25760877395684,25761492284725
25760877395684,25761762354375
25760877395684,25761999757692
25761815055194,25761999757692
25761815055194,25762169833771
25761815055194,25762305207380
25761815055194,25762518360040
25762306595947,25762518360040
25762306595947,25762673616562
25762306595947,25762941136936
25762306595947,25763189920799
25762306595947,25763697039847
25763760550149,25763697039847
25763760550149,25764028344793
25763760550149,25764232929598
25763760550149,25764402976370
25763760550149,25764561473207
25764617688932,25764561473207
25764617688932,25764857310015
25764617688932,25765093858980
25764617688932,25765231202222
25764617688932,25765482060556
25765484500987,25765482060556
25765484500987,25765730712480
25765484500987,25765962433476
25765484500987,25766160826575
25765484500987,25766411117058
25766415617184,25766411117058
25766415617184,25766653491887
25766415617184,25766862892278
25766415617184,25766937959720
25766415617184,25767725512229
25767729789305,25767725512229
25767729789305,25767952640705
25767729789305,25768103864046
25768160051412,25768103864046
25768160051412,25768310433915
25768160051412,25768447438734
25768160051412,25768635357347
25768160051412,25768872931269
25768160051412,25769043583885
25768160051412,25769468979404
25769678834484,25769468979404
25769678834484,25769872556633
25769678834484,25770038736713
25769678834484,25770180222695
25770181623094,25770180222695
25770181623094,25770378311427
25770181623094,25770525248091
25770181623094,25770694345885
25770181623094,25770876988644
25770181623094,25771192514225
25770181623094,25771628557111
25771400231887,25771628557111
25771400231887,25771752182616
25771400231887,25771933912341
25771400231887,25772209131578
25772213435151,25772209131578
25772213435151,25772426512716
25772213435151,25772601191172
25772213435151,25772868336373
25772213435151,25773034531149
25773069366032,25773034531149
25773069366032,25773351642731
25773069366032,25773652170800
25773069366032,25773804441522
25773069366032,25773973734326
25774120518642,25773973734326
25774120518642,25774341360194
25774120518642,25774482077750
25774120518642,25774745514741
25774120518642,25775042351604
25775045123901,25775042351604
25775045123901,25775245523066
25775045123901,25775414342104
25775045123901,25775634253006
25775045123901,25775898410987
25775899671321,25775898410987
25775899671321,25776163569470
25775899671321,25776281930344
25775899671321,25776435505459
25776436952185,25776435505459
25776436952185,25776680314111
25776436952185,25776871495160
25776436952185,25777146308131
25776436952185,25777373337726
25776436952185,25777760211593
25777835160474,25777760211593
25777835160474,25778070999886
25777835160474,25778230091530
25777835160474,25778380615546
25778420366836,25778380615546
25778420366836,25778661170984
25778420366836,25778862720135
25778420366836,25779067324375
25778420366836,25779339164068
25778420366836,25779754621376
25779766489422,25779754621376
25779766489422,25780076240092
25779766489422,25780253111583
25779766489422,25780401591390
25779766489422,25780580816687
25780646865047,25780580816687
25780646865047,25780959117308
25780646865047,25781159820184
25780646865047,25781346434218
25780646865047,25781478454054
25781594268979,25781478454054
25781594268979,25781894642656
25781594268979,25782116450329
25781594268979,25782284307114
25781594268979,25782574299127
25782575928945,25782574299127
25782575928945,25782816337775
25782575928945,25782975454381
25782575928945,25783174675919
25782575928945,25783413681291
25783467575614,25783413681291
25783467575614,25783730870815
25783467575614,25783882947725
25783467575614,25784031372086
25784032584114,25784031372086
25784032584114,25784224908072
25784032584114,25784380461173
25784032584114,25784574309668
25784032584114,25784861527920
25784032584114,25785230273947
25785323352454,25785230273947
25785323352454,25785556280604
25785323352454,25785741525396
25785323352454,25785943965016
25785945988764,25785943965016
25785945988764,25786156655002
25785945988764,25786406285571
25785945988764,25786593637135
25785945988764,25786874061307
25786875190902,25786874061307
25786875190902,25787102207103
25786875190902,25787394441574
25786875190902,25787545894639
25786875190902,25787727273685
25786875190902,25788221336407
25788223697867,25788221336407
25788223697867,25788487813217
25788223697867,25788621658676
25788223697867,25788786001519
25788787941706,25788786001519
25788787941706,25788977268530
25788787941706,25789095588261
25788787941706,25789255953099
25788787941706,25789491672404
25788787941706,25789914283506
25789987654348,25789914283506
25789987654348,25790158960844
25789987654348,25790404168377
25789987654348,25790582646468
25790678682175,25790582646468
25790678682175,25790939662403
25790678682175,25791118299140
25790678682175,25791309834631
25790678682175,25791654239691
25790678682175,25791905845686
25792073219020,25791905845686
25792073219020,25792329592524
25792073219020,25792510749084
25792073219020,25792654911222
25792656799059,25792654911222
25792656799059,25792894158286
25792656799059,25793030132902
25792656799059,25793234362074
25792656799059,25793467380487
25792656799059,25793968676712
25793970442481,25793968676712
25793970442481,25794141525412
25793970442481,25794301317292
25793970442481,25794515330476
25793970442481,25794889469417
25794891458011,25794889469417
25794891458011,25795104926118
25794891458011,25795245406909
25794891458011,25795469253053
25794891458011,25795894818987
25795898601651,25795894818987
25795898601651,25796129857632
25795898601651,25796358573514
25795898601651,25796873795427
25795898601651,25797018199214
25797028203134,25797018199214
25797028203134,25797276609002
25797028203134,25797428358828
25797028203134,25797599995023
25797602698774,25797599995023
25797602698774,25797829071018
25797602698774,25797997932546
25797602698774,25798161189007
25797602698774,25798447282533
25797602698774,25798859151991
25798890678156,25798859151991
25798890678156,25799186824543
25798890678156,25799356805898
25798890678156,25799511228765
25799512911396,25799511228765
25799512911396,25799735766726
25799512911396,25799863373471
25799512911396,25800053505343
25799512911396,25800286671368
25799512911396,25800725216574
25800726114594,25800725216574
25800726114594,25801007878064
25800726114594,25801193934779
25800726114594,25801348381509
25801349654350,25801348381509
25801349654350,25801606233941
25801349654350,25801771753690
25801349654350,25801927348232
25801349654350,25802108508656
25802110426893,25802108508656
25802110426893,25802386205563
25802110426893,25802541276039
25802110426893,25802708898179
25802110426893,25802997182671
25802110426893,25803397292832
25803457191829,25803397292832
25803457191829,25803666025820
25803457191829,25803880340720
25803457191829,25804127363015
25803457191829,25804396988405
25804399134769,25804396988405
25804399134769,25804634487227
25804399134769,25804823240307
25804399134769,25805038612632
25805041050832,25805038612632
25805041050832,25805261144928
25805041050832,25805424913194
25805041050832,25805591114768
25805041050832,25805715337254
25805041050832,25806388125367
25806390255248,25806388125367
25806390255248,25806623906614
25806390255248,25806861258894
25806390255248,25807043446480
25807045689182,25807043446480
25807045689182,25807265252222
25807045689182,25807424542610
25807045689182,25807581039098
25807045689182,25807862214449
25807045689182,25808272314790
25808274775607,25808272314790
25808274775607,25808505405818
25808274775607,25808687076050
25808274775607,25808843349556
25808848848581,25808843349556
25808848848581,25809021992900
25808848848581,25809167369886
25808848848581,25809344591369
25808848848581,25809572187861
25809614452006,25809572187861
25809614452006,25809845378818
25809614452006,25810055982069
25809614452006,25810256117949
25809614452006,25810378659603
25809614452006,25810873256853
25810906092974,25810873256853
25810906092974,25811160421223
25810906092974,25811330838519
25810906092974,25811477663431
25811484867430,25811477663431
25811484867430,25811740629457
25811484867430,25811885660022
25811484867430,25812245605676
25811484867430,25812574712718
25811484867430,25812991117637
25813145915476,25812991117637
25813145915476,25813348439963
25813145915476,25813552813601
25813145915476,25813702234560
25813145915476,25813933089349
25814001127479,25813933089349
25814001127479,25814227783882
25814001127479,25814385614498
25814001127479,25814623159452
25814001127479,25814785318856
25814904214230,25814785318856
25814904214230,25815129340475
25814904214230,25815318480026
25814904214230,25815466105502
25814904214230,25815804830437
25815806793648,25815804830437
25815806793648,25816031948250
25815806793648,25816230780989
25815806793648,25816409225697
25816411042890,25816409225697
25816411042890,25816586560413
25816411042890,25816716971096
25816411042890,25816901076021
25816411042890,25817116187264
25816411042890,25817674901616
25817677094500,25817674901616
25817677094500,25817915585862
25817677094500,25818077541503
25817677094500,25818269015550
25818271163420,25818269015550
25818271163420,25818520600583
25818271163420,25818672722846
25818271163420,25818895172333
25818271163420,25819110459136
25818271163420,25819505900441
25819609353205,25819505900441
25819609353205,25819903237718
25819609353205,25820082547331
25819609353205,25820216211503
25819609353205,25820541987770
25820631796133,25820541987770
25820631796133,25820843405813
25820631796133,25821065210113
25820631796133,25821263411571
25821266260274,25821263411571
25821266260274,25821432623272
25821266260274,25821606683436
25821266260274,25821774590564
25821266260274,25822000795160
25821266260274,25822466086832
25822510910957,25822466086832
25822510910957,25822803464845
25822510910957,25823010254122
25822510910957,25823221743007
25823223881069,25823221743007
25823223881069,25823494906601
25823223881069,25823669844980
25823223881069,25823797127511
25823223881069,25823947218272
25823223881069,25824403046194
25824405155432,25824403046194
25824405155432,25824581970487
25824405155432,25824801544770
25824405155432,25824956136045
25824958400962,25824956136045
25824958400962,25825474041247
25824958400962,25825634076287
25824958400962,25825800274026
25824958400962,25826014204322
25826038933728,25826014204322
25826038933728,25826286405711
25826038933728,25826467924398
25826038933728,25826610030463
25826038933728,25826897957176
25826963285239,25826897957176
25826963285239,25827185175212
25826963285239,25827425895009
25826963285239,25827574885414
25826963285239,25827837413738
25827839727440,25827837413738
25827839727440,25827989355822
25827839727440,25828233952543
25827839727440,25828420512224
25827839727440,25828595341816
25827839727440,25829096884023
25829120522138,25829096884023
25829120522138,25829305196552
25829120522138,25829479994423
25829120522138,25829622268018
25829120522138,25830006246990
25830120671336,25830006246990
25830120671336,25830304262188
25830120671336,25830590123279
25830120671336,25830765010449
25830120671336,25831006339684
25831099040749,25831006339684
25831099040749,25831329085467
25831099040749,25831535891475
25831099040749,25831717649238
25831099040749,25832026474163
25832072831118,25832026474163
25832072831118,25832339147920
25832072831118,25832543432203
25832072831118,25832712277625
25832072831118,25832912191357
25833046876756,25832912191357
25833046876756,25833266305043
25833046876756,25833447343040
25833046876756,25833643372908
25833645848161,25833643372908
25833645848161,25833826927522
25833645848161,25834062254762
25833645848161,25834235428919
25833645848161,25834420412573
25834558595862,25834420412573
25834558595862,25834767943250
25834558595862,25834979566698
25834558595862,25835090021358
25834558595862,25835509875718
25834558595862,25835951246657
25836058483012,25835951246657
25836058483012,25836255084395
25836058483012,25836451303174
25836058483012,25836650473373
25836058483012,25836963699643
25836966472318,25836963699643
25836966472318,25837154557799
25836966472318,25837372397251
25836966472318,25837654693518
25836966472318,25837840876431
25837884968812,25837840876431
25837884968812,25838070140200
25837884968812,25838304432208
25837884968812,25838454872465
25838456774728,25838454872465
25838456774728,25838596531203
25838456774728,25838817286874
25838456774728,25839032327513
25838456774728,25839309843101
25839315660567,25839309843101
25839315660567,25839553745405
25839315660567,25839774740911
25839315660567,25839901483569
25839315660567,25840148584185
25840153486615,25840148584185
25840153486615,25840413718249
25840153486615,25840641412255
25840153486615,25840792530462
25840153486615,25840990354589
25840153486615,25841354081130
25841423881108,25841354081130
25841423881108,25841646281162
25841423881108,25841910354327
25841423881108,25842077350570
25842079121562,25842077350570
25842079121562,25842334241172
25842079121562,25842533892097
25842079121562,25842668535604
25842079121562,25842825945247
25842079121562,25843083393813
25843173927368,25843083393813
25843173927368,25843396913125
25843173927368,25843596976846
25843173927368,25843713307564
25843715673610,25843713307564
25843715673610,25843996936693
25843715673610,25844150176343
25843715673610,25844350771075
25843715673610,25844604118884
25843715673610,25844982174093
25845137237520,25844982174093
25845137237520,25845347346802
25845137237520,25845535737607
25845137237520,25845769524352
25845137237520,25846037114350
25846091373489,25846037114350
25846091373489,25846319313536
25846091373489,25846509867398
25846091373489,25846741213458
25846091373489,25846947868358
25847378768348,25846947868358
25847378768348,25847643185979
25847378768348,25847783282444
25847378768348,25847932217232
25847378768348,25848219500958
25848452137415,25848219500958
25848452137415,25848651466189
25848452137415,25848800957852
25848452137415,25848997416300
25848452137415,25849143135650
25849144594724,25849143135650
25849144594724,25849318930890
25849144594724,25849474835350
25849144594724,25849670640992
25849673184506,25849670640992
25849673184506,25849927487396
25849673184506,25850088395098
25849673184506,25850272424238
25849673184506,25850597664355
25849673184506,25850928548430
25850972465400,25850928548430
25850972465400,25851201752863
25850972465400,25851331900341
25850972465400,25851577832273
25850972465400,25851887184495
25851888485128,25851887184495
25851888485128,25852084604808
25851888485128,25852262012625
25851888485128,25852464352553
25851888485128,25852780529629
25852787025343,25852780529629
25852787025343,25852991454710
25852787025343,25853245620561
25852787025343,25853372306481
25852787025343,25853561292523
25853669511846,25853561292523
25853669511846,25853892036954
25853669511846,25854121290334
25853669511846,25854299039365
25853669511846,25854578354556
25854624458756,25854578354556
25854624458756,25854775363372
25854624458756,25855007073838
25854624458756,25855207793480
25854624458756,25855652420982
25855654778855,25855652420982
25855654778855,25855950467745
25855654778855,25856104665829
25855654778855,25856232803915
25855654778855,25856691101097
25856700188233,25856691101097
25856700188233,25856934243323
25856700188233,25857121822735
25856700188233,25857275794366
25856700188233,25857494421496
25857608453342,25857494421496
25857608453342,25857855275656
25857608453342,25858128848362
25857608453342,25858348330412
25857608453342,25858620172213
25858621702662,25858620172213
25858621702662,25858805422433
25858621702662,25859008430311
25858621702662,25859153873019
25858621702662,25859395099135
25859486966201,25859395099135
25859486966201,25859805088167
25859486966201,25860034355414
25859486966201,25860271095613
25859486966201,25860417241868
25860438370166,25860417241868
25860438370166,25860612001112
25860438370166,25860812319280
25860438370166,25861021317626
25860438370166,25861320908370
25861323403142,25861320908370
25861323403142,25861526307521
25861323403142,25861765404687
25861323403142,25861989391441
25861323403142,25862152797036
25861991371200,25862152797036
25861991371200,25862305932996
25861991371200,25862472426822
25861991371200,25862721094722
25861991371200,25863371285417
25861991371200,25863589791569
25863377369886,25863589791569
25863377369886,25863771909186
25863377369886,25863916868997
25863919751934,25863916868997
25863919751934,25864133980012
25863919751934,25864259868305
25863919751934,25864433221404
25863919751934,25864698140388
25863919751934,25865038396118
25865149965242,25865038396118
25865149965242,25865376269385
25865149965242,25865596402127
25865149965242,25865736560848
25865149965242,25865963198915
25866044829026,25865963198915
25866044829026,25866275131997
25866044829026,25866447183110
25866044829026,25866642401553
25866044829026,25866983298218
25867110462367,25866983298218
25867110462367,25867346261946
25867110462367,25867506701578
25867110462367,25867724966739
25867110462367,25867837241830
25867991627832,25867837241830
25867991627832,25868240106382
25867991627832,25868500492146
25867991627832,25868698942971
25868701368138,25868698942971
25868701368138,25868827052187
25868701368138,25869001429891
25868701368138,25869210950978
25868701368138,25869441427258
25868701368138,25869817518949
25869850115510,25869817518949
25869850115510,25870053097771
25869850115510,25870226180607
25869850115510,25870416664572
25869850115510,25870713148473
25870741628104,25870713148473
25870741628104,25871008776304
25870741628104,25871164242509
25870741628104,25871294069971
25870741628104,25871641667414
25871892406493,25871641667414
25871892406493,25872141631658
25871892406493,25872293123858
25871892406493,25872481380698
25871892406493,25872615424115
25872618254103,25872615424115
25872618254103,25872786612272
25872618254103,25873006426702
25872618254103,25873163907211
25872618254103,25873421128498
25873493186105,25873421128498
25873493186105,25873724220482
25873493186105,25873929498069
25873493186105,25874059874418
25873493186105,25874413286588
25874483734113,25874413286588
25874483734113,25874726753639
25874483734113,25874844315164
25874483734113,25875046670336
25874483734113,25875321872849
25875428851314,25875321872849
25875428851314,25875610363615
25875428851314,25875811739921
25875428851314,25876048557356
25875428851314,25876339191054
25876523442182,25876339191054
25876523442182,25876765893862
25876523442182,25876950506798
25876523442182,25877169265372
25876523442182,25877480414342
25877485443695,25877480414342
25877485443695,25877761969985
25877485443695,25877962525780
25877485443695,25878130287979
25878191383337,25878130287979
25878191383337,25878393158861
25878191383337,25878532610228
25878191383337,25878729739929
25878191383337,25878903169490
25878191383337,25879262485861
25879346859620,25879262485861
25879346859620,25879590267170
25879346859620,25879739654803
25879346859620,25879888280772
25879346859620,25880212082572
25880213720962,25880212082572
25880213720962,25880452473020
25880213720962,25880649905208
25880213720962,25880898169388
25880213720962,25881161860149
25881356233730,25881161860149
25881356233730,25881605170660
25881356233730,25881825728839
25881356233730,25882003723117
25881356233730,25882186464766
25881356233730,25882326766598
25881356233730,25882487686577
25882488979282,25882487686577
25882488979282,25882597188700
25882756301400,25882597188700
25882756301400,25882947289829
25882756301400,25883136015484
25882756301400,25883326100118
25882756301400,25883505690428
25882756301400,25883983408604
25884126995894,25883983408604
25884126995894,25884336614338
25884126995894,25884605170096
25884126995894,25884836845664
25884126995894,25885022752829
25885026278685,25885022752829
25885026278685,25885269324421
25885026278685,25885467097232
25885026278685,25885638281681
25885641304513,25885638281681
25885641304513,25885849331616
25885641304513,25886009804154
25885641304513,25886417754898
25885641304513,25886680623531
25885641304513,25887242945694
25887245046575,25887242945694
25887245046575,25887756312443
25887245046575,25887907927906
25887245046575,25888093949663
25887245046575,25888274491468
25888276187090,25888274491468
25888276187090,25888513074702
25888276187090,25888696996560
25888276187090,25888991385575
25888276187090,25889218753120
25889223697522,25889218753120
25889223697522,25889452622748
25889223697522,25889634584664
25889223697522,25889800567647
25889223697522,25890014201195
25890016022890,25890014201195
25890016022890,25890181799479
25890016022890,25890425122858
25890016022890,25890653770227
25890451270257,25890653770227
25890451270257,25890855448788
25890451270257,25891029177438
25890451270257,25891171791512
25890451270257,25891362043023
25890451270257,25891754201042
25891758768887,25891754201042
25891758768887,25891956569125
25891758768887,25892143493116
25891758768887,25892355971794
25891758768887,25892779858588
25892790135486,25892779858588
25892790135486,25892958019716
25892790135486,25893236769243
25892790135486,25893469963401
25893473106607,25893469963401
25893473106607,25893664245026
25893473106607,25893835183215
25893473106607,25893944199343
25893473106607,25894121588224
25893473106607,25894432554147
25894569378986,25894432554147
25894569378986,25894714690832
25894569378986,25894960801822
25894569378986,25895143106165
25894569378986,25895333040256
25895429953229,25895333040256
25895429953229,25895677020791
25895429953229,25895863590285
25895429953229,25896037317571
25895429953229,25896236689754
25896316394247,25896236689754
25896316394247,25896574174125
25896316394247,25896755129713
25896316394247,25896891911205
25896316394247,25897195335352
25897234385832,25897195335352
25897234385832,25897446913063
25897234385832,25897720040302
25897234385832,25897868605360
25897234385832,25898189646128
25898267812106,25898189646128
25898267812106,25898504874137
25898267812106,25898695350638
25898267812106,25898883428603
25898884827607,25898883428603
25898884827607,25899078829189
25898884827607,25899242861164
25898884827607,25899414128817
25898884827607,25899667983861
25899714700650,25899667983861
25899714700650,25899938485196
25899714700650,25900175102874
25899714700650,25900324027976
25899714700650,25900583199929
25900593359286,25900583199929
25900593359286,25900777859508
25900593359286,25901035354606
25900593359286,25901290921676
25900593359286,25901453390730
25900593359286,25901882558396
25901967062695,25901882558396
25901967062695,25902232792171
25901967062695,25902341202387
25901967062695,25902596808862
25902599537355,25902596808862
25902599537355,25902812626283
25902599537355,25902984580503
25902599537355,25903166933823
25902599537355,25903312665186
25902599537355,25904170131176
25902599537355,25904318336836
25904319667672,25904318336836
25904319667672,25904486997115
25904319667672,25904657542941
25904319667672,25904800951871
25904878300654,25904800951871
25904878300654,25905117089039
25904878300654,25905292377213
25904878300654,25905497565279
25905500910400,25905497565279
25905500910400,25905712257310
25905500910400,25905872534744
25905500910400,25906012736330
25905500910400,25906235993838
25905500910400,25906770319498
25906771799706,25906770319498
25906771799706,25906983526845
25906771799706,25907155159341
25906771799706,25907313445282
25906771799706,25907665027276
25907706826569,25907665027276
25907706826569,25907905156356
25907706826569,25908059104933
25907706826569,25908308272942
25907706826569,25908624867688
25908657455671,25908624867688
25908657455671,25908862992997
25908657455671,25909076290100
25908657455671,25909308378195
25908657455671,25909572637724
25909623069537,25909572637724
25909623069537,25909866982720
25909623069537,25910079960221
25909623069537,25910274653284
25909623069537,25910475418483
25909623069537,25910717397370
25910550074984,25910717397370
25910550074984,25910969936774
25910550074984,25911139370351
25911141623188,25911139370351
25911141623188,25911393015461
25911141623188,25911529149957
25911141623188,25911713894102
25911141623188,25911991747854
25912028901710,25911991747854
25912028901710,25912310330983
25912028901710,25912503077719
25912028901710,25912645671500
25912028901710,25912887842883
25912028901710,25913297835558
25913331905597,25913297835558
25913331905597,25913574855601
25913331905597,25913721771581
25913331905597,25913886413290
25913331905597,25914224344072
25914263249382,25914224344072
25914263249382,25914505478048
25914263249382,25914648921350
25914263249382,25914798890648
25914803428560,25914798890648
25914803428560,25915042947928
25914803428560,25915197238686
25914803428560,25915374541390
25914803428560,25915546629499
25914803428560,25916117548292
25916156334947,25916117548292
25916156334947,25916412584541
25916156334947,25916599420953
25916156334947,25916751871085
25916156334947,25916945359723
25916988932944,25916945359723
25916988932944,25917243103455
25916988932944,25917439489245
25916988932944,25917597250348
25917442523697,25917597250348
25917442523697,25917753386923
25917442523697,25917921856315
25917442523697,25918081880605
25917442523697,25918229460329
25917442523697,25918783583203
25918786176663,25918783583203
25918786176663,25918992773788
25918786176663,25919137000705
25918786176663,25919339720654
25918786176663,25919631074166
25919690870349,25919631074166
25919690870349,25919957154124
25919690870349,25920109958974
25919690870349,25920329020347
25919690870349,25920544805832
25920622592112,25920544805832
25920622592112,25920852503000
25920622592112,25921024365618
25920622592112,25921189744297
25920622592112,25921408419277
25921192653072,25921408419277
25921192653072,25921603324761
25921192653072,25921763912565
25921192653072,25921952129339
25921192653072,25922397263262
25922515293990,25922397263262
25922515293990,25922832343577
25922515293990,25923011130633
25922515293990,25923162516392
25922515293990,25923428372997
25923514083631,25923428372997
25923514083631,25923770929704
25923514083631,25923944923956
25923514083631,25924116376624
25923514083631,25924375213043
25924434438401,25924375213043
25924434438401,25924624274596
25924434438401,25924851920160
25924434438401,25925019710723
25924434438401,25925321821342
25925326065594,25925321821342
25925326065594,25925571159724
25925326065594,25925773358867
25925326065594,25925955208687
25925326065594,25926096670396
25926158542260,25926096670396
25926158542260,25926624422447
25926158542260,25926780987000
25926158542260,25926955344320
25926158542260,25927325360494
25927327791221,25927325360494
25927327791221,25927480541052
25927327791221,25927734123317
25927327791221,25927931999806
25927327791221,25928228228964
25928329889415,25928228228964
25928329889415,25928506177725
25928329889415,25928721311907
25928329889415,25928947618243
25928951315660,25928947618243
25928951315660,25929105293921
25928951315660,25929279574667
25928951315660,25929448029985
25928951315660,25929623900535
25928951315660,25930166439260
25930168314229,25930166439260
25930168314229,25930497473238
25930168314229,25930786251128
25930168314229,25930945284697
25930168314229,25931117692135
25931121401110,25931117692135
25931121401110,25931399894346
25931121401110,25931581322957
25931121401110,25931775749833
25931121401110,25932086241124
25932088222669,25932086241124
25932088222669,25932351110541
25932088222669,25932492139697
25932088222669,25932655764336
25932088222669,25932946215381
25932997832174,25932946215381
25932997832174,25933214482104
25932997832174,25933362892594
25932997832174,25933563448479
25932997832174,25933866416115
25932997832174,25934097402953
25933917462304,25934097402953
25933917462304,25934294226840
25933917462304,25934478338643
25934480039008,25934478338643
25934480039008,25934719407669
25934480039008,25934838234320
25934480039008,25935039417737
25934480039008,25935224202718
25934480039008,25935696034578
25935719826381,25935696034578
25935719826381,25935908741317
25935719826381,25936244986305
25935719826381,25936408116750
25935719826381,25936704030453
25936707090675,25936704030453
25936707090675,25936954723036
25936707090675,25937122561067
25937124482927,25937122561067
25937124482927,25937324346621
25937124482927,25937529682106
25937124482927,25937706360369
25937124482927,25937844416680
25937124482927,25937983355967
25938038481467,25937983355967
25938038481467,25938287946774
25938038481467,25938429109920
25938038481467,25938596538208
25938038481467,25938899168738
25938038481467,25939333451003
25939335233345,25939333451003
25939335233345,25939587380994
25939335233345,25939773904460
25939335233345,25939950715451
25939335233345,25940202764892
25940266541628,25940202764892
25940266541628,25940440378567
25940266541628,25940687161350
25940266541628,25940943125941
25940266541628,25941243121501
25941245278968,25941243121501
25941245278968,25941499306301
25941245278968,25941642641135
25941245278968,25941796374959
25941245278968,25942038662779
25942040353448,25942038662779
25942040353448,25942280664286
25942040353448,25942395063469
25942040353448,25942545159736
25942547593699,25942545159736
25942547593699,25942815999518
25942547593699,25942984049005
25942547593699,25943102265481
25942547593699,25943336745348
25942547593699,25943863596455
25943866148659,25943863596455
25943866148659,25944097728656
25943866148659,25944217532668
25943866148659,25944493118999
25943866148659,25944632245969
25944864952559,25944632245969
25944864952559,25945031552409
25944864952559,25945205602342
25944864952559,25945330794190
25944864952559,25945642671231
25945753593440,25945642671231
25945753593440,25946022514122
25945753593440,25946164254746
25945753593440,25946307816049
25946309744724,25946307816049
25946309744724,25946461852107
25946309744724,25946679424159
25946309744724,25946899509697
25946309744724,25947173043939
25946309744724,25947502038292
25947515400977,25947502038292
25947515400977,25947767688646
25947515400977,25947941371433
25947515400977,25948095341108
25948098010670,25948095341108
25948098010670,25948322253387
25948098010670,25948489288086
25948098010670,25948646774281
25948098010670,25948883436656
25948893019255,25948883436656
25948893019255,25949161927722
25948893019255,25949387519081
25948893019255,25949566872453
25948893019255,25949801199340
25948893019255,25950192740674
25950199358076,25950192740674
25950199358076,25950446494142
25950199358076,25950559947278
25950199358076,25950695748480
25950199358076,25951088025056
25951089510415,25951088025056
25951089510415,25951333907734
25951089510415,25951523183457
25951089510415,25951719523866
25951089510415,25951892329209
25951979555641,25951892329209
25951979555641,25952263735154
25951979555641,25952760088160
25951979555641,25952964934747
25951979555641,25953212513614
25953214355938,25953212513614
25953214355938,25953428353897
25953214355938,25953627152609
25953214355938,25953824530130
25953214355938,25954204665266
25954222191347,25954204665266
25954222191347,25954453577799
25954222191347,25954617893981
25954222191347,25954811900607
25954222191347,25954992612028
25954222191347,25955250498988
25955114854541,25955250498988
25955114854541,25955529596082
25955114854541,25955701092681
25955705516377,25955701092681
25955705516377,25955931624432
25955705516377,25956219199969
25955705516377,25956354184420
25955705516377,25956527018280
25955705516377,25957013255058
25957014955033,25957013255058
25957014955033,25957237696913
25957014955033,25957424513745
25957014955033,25957619459161
25957014955033,25957781221428
25957621626054,25957781221428
25957621626054,25957942170873
25957621626054,25958146576638
25957621626054,25958373465472
25958428652279,25958373465472
25958428652279,25958655808550
25958428652279,25958837857817
25958428652279,25959022897792
25958428652279,25959373662619
25958428652279,25959767960575
25959849283699,25959767960575
25959849283699,25960045650237
25959849283699,25960285567420
25959849283699,25960533051042
25959849283699,25960790457545
25960836129114,25960790457545
25960836129114,25961038245379
25960836129114,25961210338337
25960836129114,25961360531625
25960836129114,25961830302877
25961838322109,25961830302877
25961838322109,25962079295903
25961838322109,25962266207070
25961838322109,25962449671768
25961838322109,25962706341007
25962737704684,25962706341007
25962737704684,25962981287470
25962737704684,25963184073199
25962737704684,25963385539177
25962737704684,25963652552319
25963655424953,25963652552319
25963655424953,25963878272062
25963655424953,25964018677149
25963655424953,25964179409533
25963655424953,25964478067432
25964543892880,25964478067432
25964543892880,25964748797619
25964543892880,25964944078002
25964543892880,25965062409876
25965065276088,25965062409876
25965065276088,25965279139193
25965065276088,25965759621057
25965065276088,25966000267375
25965065276088,25966155413743
25965065276088,25966656150900
25966772966949,25966656150900
25966772966949,25966958251988
25966772966949,25967135790615
25966772966949,25967322402407
25967429598433,25967322402407
25967429598433,25967625652858
25967429598433,25967838632073
25967429598433,25967983256155
25967429598433,25968104350656
25967429598433,25968706303369
25968708123957,25968706303369
25968708123957,25968946032767
25968708123957,25969131097311
25968708123957,25969254247683
25968708123957,25969454043868
25969537987120,25969454043868
25969537987120,25969795148765
25969537987120,25969930390400
25969537987120,25970184420362
25969537987120,25970418192764
25970502691521,25970418192764
25970502691521,25970708076969
25970502691521,25970878163037
25970502691521,25971062836888
25970502691521,25971265123392
25971406576023,25971265123392
25971406576023,25971605095530
25971406576023,25971784706264
25971406576023,25971953975272
25971955240198,25971953975272
25971955240198,25972136321518
25971955240198,25972285333694
25971955240198,25972451555876
25971955240198,25972628024165
25972745784532,25972628024165
25972745784532,25972975094075
25972745784532,25973217582512
25972745784532,25973360464388
25972745784532,25973709320097
25973710805373,25973709320097
25973710805373,25973950055072
25973710805373,25974145766917
25973710805373,25974281043611
25973710805373,25974594312170
25973710805373,25974994351770
25975028937596,25974994351770
25975028937596,25975230466662
25975028937596,25975452161637
25975028937596,25975584370132
25975028937596,25975939367334
25976070436109,25975939367334
25976070436109,25976254299974
25976070436109,25976411229429
25976070436109,25976616085041
25976070436109,25976817400499
25976961495877,25976817400499
25976961495877,25977127247469
25976961495877,25977355820839
25976961495877,25977530458350
25976961495877,25977949040841
25978025804635,25977949040841
25978025804635,25978238470774
25978025804635,25978371474316
25978025804635,25978553143910
25978025804635,25978859158028
25978920711296,25978859158028
25978920711296,25979142965737
25978920711296,25979300144324
25978920711296,25979551708856
25979553804220,25979551708856
25979553804220,25979709745352
25979553804220,25979902121550
25979553804220,25980030297919
25979553804220,25980239482431
25979553804220,25980572674554
25980646664049,25980572674554
25980646664049,25980859380096
25980646664049,25981001063391
25980646664049,25981179031715
25980646664049,25981465882020
25981626526095,25981465882020
25981626526095,25981902226483
25981626526095,25982141181049
25981626526095,25982378154911
25981626526095,25982576294561
25982578375256,25982576294561
25982578375256,25982807940685
25982578375256,25982968101793
25982578375256,25983093413370
25983096427695,25983093413370
25983096427695,25983358557371
25983096427695,25983547131547
25983096427695,25983723115401
25983096427695,25983892480015
25983096427695,25984539197736
25983096427695,25984726451727
25984540643274,25984726451727
25984540643274,25984928405065
25984540643274,25985158666535
25984540643274,25985409576591
25985523948572,25985409576591
25985523948572,25985781225465
25985523948572,25985930352337
25985523948572,25986127017054
25986129471954,25986127017054
25986129471954,25986353462723
25986129471954,25986564111545
25986129471954,25986733430962
25986129471954,25986864807439
25986129471954,25987331024510
25987334307564,25987331024510
25987334307564,25987541370273
25987334307564,25987723026624
25987334307564,25987854144783
25987855260767,25987854144783
25987855260767,25988047993525
25987855260767,25988244577788
25987855260767,25988410605127
25987855260767,25988772683625
25987855260767,25989062479393
25989075437926,25989062479393
25989075437926,25989354273332
25989075437926,25989496332942
25989075437926,25989698243844
25989700550367,25989698243844
25989700550367,25989934831507
25989700550367,25990076317854
25989700550367,25990241918301
25989700550367,25990556351837
25990558443812,25990556351837
25990558443812,25990867305256
25990558443812,25991019323150
25990558443812,25991204200708
25990558443812,25991363835670
25990558443812,25991804053896
25991921177561,25991804053896
25991921177561,25992155883681
25991921177561,25992288665439
25991921177561,25992491959540
25991921177561,25992774856725
25992841635102,25992774856725
25992841635102,25993071431095
25992841635102,25993224134744
25992841635102,25993421657884
25992841635102,25993685387387
25993755442451,25993685387387
25993755442451,25993967210066
25993755442451,25994106205247
25993755442451,25994270127769
25994271924550,25994270127769
25994271924550,25994479301411
25994271924550,25994650645611
25994271924550,25994819877981
25994271924550,25995005552148
25994271924550,25995386518384
25995510788172,25995386518384
25995510788172,25995684777465
25995510788172,25995917217413
25995510788172,25996069195384
25996071119882,25996069195384
25996071119882,25996310950615
25996071119882,25996476647377
25996071119882,25996684907764
25996071119882,25997345180255
25996071119882,25997524072898
25997659035593,25997524072898
25997659035593,25997908732726
25997659035593,25998061292076
25997659035593,25998285396893
25997659035593,25998542207384
25998543728757,25998542207384
25998543728757,25998761965439
25998543728757,25999001414803
25998543728757,25999123371173
25998543728757,25999401562111
25999404048937,25999401562111
25999404048937,25999591210792
25999404048937,25999851894133
25999404048937,26000008487977
25999404048937,26000237536834
26000238843103,26000237536834
26000238843103,26000434353929
26000238843103,26000632322596
26000238843103,26000833677211
26000238843103,26001144446054
26001146575315,26001144446054
26001146575315,26001377397212
26001146575315,26001540086195
26001146575315,26001773402026
26001776867773,26001773402026
26001776867773,26001928939381
26001776867773,26002102163273
26001776867773,26002264261590
26001776867773,26002468279467
26001776867773,26002965046101
26001776867773,26003109658738
26002967064753,26003109658738
26002967064753,26003286172193
26002967064753,26003439279998
26002967064753,26003761080662
26003867910640,26003761080662
26003867910640,26004060520634
26003867910640,26004279747955
26003867910640,26004485594553
26004487407333,26004485594553
26004487407333,26004706910831
26004487407333,26004835153623
26004487407333,26005013285195
26004487407333,26005310917777
26004487407333,26005587105312
26005721951066,26005587105312
26005721951066,26005889942165
26005721951066,26006128301605
26005721951066,26006297286175
26005721951066,26006593342108
26006657727951,26006593342108
26006657727951,26006891137715
26006657727951,26007103723810
26006657727951,26007287398408
26006657727951,26007581919587
26007643588090,26007581919587
26007643588090,26007895722599
26007643588090,26008135124928
26007643588090,26008347739617
26007643588090,26008506441585
26008556502701,26008506441585
26008556502701,26008718000642
26008556502701,26009005927624
26008556502701,26009165641608
26009167946501,26009165641608
26009167946501,26009409000664
26009167946501,26009539940320
26009167946501,26009706131530
26009167946501,26009949160932
26009167946501,26010439351542
26010533150913,26010439351542
26010533150913,26010753561218
26010533150913,26011040024790
26010533150913,26011243030425
26010533150913,26011391876236
26011393843656,26011391876236
26011393843656,26011684514386
26011393843656,26011832196262
26011393843656,26012000911631
26012002476624,26012000911631
26012002476624,26012266905821
26012002476624,26012413755288
26012002476624,26012623309958
26012002476624,26012794975309
26012002476624,26013117577407
26013356954552,26013117577407
26013356954552,26013561545791
26013356954552,26013726942872
26013356954552,26013928979782
26013356954552,26014131110596
26014135636947,26014131110596
26014135636947,26014399505631
26014135636947,26014565369224
26014135636947,26014712115572
26014135636947,26014955968750
26015010310646,26014955968750
26015010310646,26015222528829
26015010310646,26015334157987
26015010310646,26015590882318
26015593884081,26015590882318
26015593884081,26015758730241
26015593884081,26015920830184
26015593884081,26016146141519
26015593884081,26016331160057
26015593884081,26016804999170
26016808792848,26016804999170
26016808792848,26017038803834
26016808792848,26017313162303
26016808792848,26017512177399
26016808792848,26017826121759
26017832452522,26017826121759
26017832452522,26018079722158
26017832452522,26018242052805
26017832452522,26018390392181
26017832452522,26018848539130
26018851632060,26018848539130
26018851632060,26019055903121
26018851632060,26019218384512
26018851632060,26019377177769
26018851632060,26019550995537
26019566361464,26019550995537
26019566361464,26019860702056
26019566361464,26019974215778
26019566361464,26020143192983
26020145116143,26020143192983
26020145116143,26020364633867
26020145116143,26020505037197
26020145116143,26020684126666
26020145116143,26020875300615
26020957629285,26020875300615
26020957629285,26021285121264
26020957629285,26021474978885
26020957629285,26021659405086
26020957629285,26021781351550
26020957629285,26022203191665
26022257947981,26022203191665
26022257947981,26022539180843
26022257947981,26022689620418
26022257947981,26022868382681
26022257947981,26023096262571
26023269977298,26023096262571
26023269977298,26023545238033
26023269977298,26023698139468
26023269977298,26023885045134
26023269977298,26024128888868
26024131998576,26024128888868
26024131998576,26024313757430
26024131998576,26024620657031
26024131998576,26024759441394
26024761149156,26024759441394
26024761149156,26024942989935
26024761149156,26025137325808
26024761149156,26025318347773
26024761149156,26025464348459
26025539154663,26025464348459
26025539154663,26025746933602
26025539154663,26025943476031
26025539154663,26026191721874
26025539154663,26026772281748
26025539154663,26027165417751
26027184897483,26027165417751
26027184897483,26027420277854
26027184897483,26027517699690
26027184897483,26027700041204
26027184897483,26028411621747
26028495434169,26028411621747
26028495434169,26028697996693
26028495434169,26028872837106
26028495434169,26029056648588
26029058207617,26029056648588
26029058207617,26029247001402
26029058207617,26029492282629
26029058207617,26029625409268
26029058207617,26029901361450
26029058207617,26030196134934
26029976364689,26030196134934
26029976364689,26030415151217
26029976364689,26030575425555
26029976364689,26030841168611
26029976364689,26031315233167
26031394083359,26031315233167
26031394083359,26031635926983
26031394083359,26031839500032
26031394083359,26031968402522
26031394083359,26032306177453
26032368438329,26032306177453
26032368438329,26032604251950
26032368438329,26032734087143
26032368438329,26032972759391
26032368438329,26033323371766
26033325575200,26033323371766
26033325575200,26033562236261
26033325575200,26033752720728
26033325575200,26033934326832
26033325575200,26034223771526
26034261813347,26034223771526
26034261813347,26034535047183
26034261813347,26034672858648
26034261813347,26034838074300
26034840444784,26034838074300
26034840444784,26035062287061
26034840444784,26035200682780
26034840444784,26035408034008
26034840444784,26035574735140
26034840444784,26036058179842
26036174403004,26036058179842
26036174403004,26036366571651
26036174403004,26036528087746
26036174403004,26036655640978
26036174403004,26037045343332
26037124488812,26037045343332
26037124488812,26037378555855
26037124488812,26037577290218
26037124488812,26037734525693
26037124488812,26038029359782
26038107612340,26038029359782
26038107612340,26038387868534
26038107612340,26038555604589
26038107612340,26038737375806
26038107612340,26039055318711
26039057630588,26039055318711
26039057630588,26039274412359
26039057630588,26039478316465
26039057630588,26039629769407
26039630963680,26039629769407
26039630963680,26039802771666
26039630963680,26040021641805
26039630963680,26040202538342
26039630963680,26040357591060
26039630963680,26040883145561
26040921215920,26040883145561
26040921215920,26041197129028
26040921215920,26041360072457
26040921215920,26041576952253
26040921215920,26041695516300
26041868803259,26041695516300
26041868803259,26042056203783
26041868803259,26042252148611
26041868803259,26042364515641
26041868803259,26042705119729
26042745420256,26042705119729
26042745420256,26042992803673
26042745420256,26043125785832
26042745420256,26043257280026
26042745420256,26043633957526
26043673218415,26043633957526
26043673218415,26043875197351
26043673218415,26044038181241
26043673218415,26044154505119
26043673218415,26044857459973
26044859392603,26044857459973
26044859392603,26045029474322
26044859392603,26045236596720
26044859392603,26045376966521
26044859392603,26045740060870
26045754612480,26045740060870
26045754612480,26045960063865
26045754612480,26046124966150
26045754612480,26046286180429
26045754612480,26046640679025
26046650663845,26046640679025
26046650663845,26046875997204
26046650663845,26047067228039
26046650663845,26047251574294
26046650663845,26047581302319
26047583337355,26047581302319
26047583337355,26047800025499
26047583337355,26047995297143
26047583337355,26048141172649
26047583337355,26048450664368
26048525441014,26048450664368
26048525441014,26048771428834
26048525441014,26048969720841
26048525441014,26049162370530
26049164188248,26049162370530
26049164188248,26049360378448
26049164188248,26049503239496
26049164188248,26049686768295
26049164188248,26049968870070
26049164188248,26050374517944
26050471987942,26050374517944
26050471987942,26050744093755
26050471987942,26050890297889
26050471987942,26051100150934
26050471987942,26051406124220
26051408379318,26051406124220
26051408379318,26051598221463
26051408379318,26051794118978
26051408379318,26051953355126
26051955501958,26051953355126
26051955501958,26052184528170
26051955501958,26052380623661
26051955501958,26052578252424
26051955501958,26052731833221
26052809167589,26052731833221
26052809167589,26052965274325
26052809167589,26053203697932
26052809167589,26053375740343
26052809167589,26053745991170
26052809167589,26054108715049
26054159605479,26054108715049
26054159605479,26054433662265
26054159605479,26054645731794
26054159605479,26054844357839
26054159605479,26055122361572
26055129848078,26055122361572
26055129848078,26055383167212
26055129848078,26055613262347
26055129848078,26055789286960
26055129848078,26056065155246
26056116670222,26056065155246
26056116670222,26056326350761
26056116670222,26056535263043
26056116670222,26056775582862
26056778110322,26056775582862
26056778110322,26057034307095
26056778110322,26057177640404
26056778110322,26057318660406
26056778110322,26057463519562
26056778110322,26058005163303
26058026224060,26058005163303
26058026224060,26058230575544
26058026224060,26058417183431
26058026224060,26058678702243
26058026224060,26059055925744
26059056982285,26059055925744
26059056982285,26059245343770
26059056982285,26059439959190
26059056982285,26059624907267
26059626635440,26059624907267
26059626635440,26059860877468
26059626635440,26060065511602
26059626635440,26060230872287
26059626635440,26060379125636
26059626635440,26060810201390
26060928638932,26060810201390
26060928638932,26061113806690
26060928638932,26061353073399
26060928638932,26061517343584
26060928638932,26061873544310
26061875193494,26061873544310
26061875193494,26062045867558
26061875193494,26062298085500
26061875193494,26062494318741
26062496762042,26062494318741
26062496762042,26062642900524
26062496762042,26062819117094
26062496762042,26062984274309
26062496762042,26063288710644
26062496762042,26063763685061
26063766136979,26063763685061
26063766136979,26064011073275
26063766136979,26064210734956
26063766136979,26064340958902
26063766136979,26064545156255
26064681467275,26064545156255
26064681467275,26064926596359
26064681467275,26065110397646
26064681467275,26065256164833
26065258454231,26065256164833
26065258454231,26065442042322
26065258454231,26065609773446
26065258454231,26065853132093
26065258454231,26066057857771
26065258454231,26066792584125
26066794858286,26066792584125
26066794858286,26067014196238
26066794858286,26067171591538
26066794858286,26067448109864
26066794858286,26067704326205
26067789544524,26067704326205
26067789544524,26068042496229
26067789544524,26068260812458
26067789544524,26068436711080
26067789544524,26068739343683
26068741308094,26068739343683
26068741308094,26068933274389
26068741308094,26069098305146
26068741308094,26069278349327
26068741308094,26069728632142
26069731129411,26069728632142
26069731129411,26069939461546
26069731129411,26070103442599
26069731129411,26070225599325
26070227600653,26070225599325
26070227600653,26070451029025
26070227600653,26070606782777
26070227600653,26070775297965
26070227600653,26070951198386
26070227600653,26071280910972
26071375592012,26071280910972
26071375592012,26071607686398
26071375592012,26071745027715
26071375592012,26071898731130
26071375592012,26072456781818
26072458999545,26072456781818
26072458999545,26072617907501
26072458999545,26072735400647
26072458999545,26072879893844
26072458999545,26073238885539
26073240075367,26073238885539
26073240075367,26073463703955
26073240075367,26073613557386
26073240075367,26073755085929
26073756700576,26073755085929
26073756700576,26073963355470
26073756700576,26074096981479
26073756700576,26074361538951
26073756700576,26074514914003
26074631114050,26074514914003
26074631114050,26074861367814
26074631114050,26075011489554
26074631114050,26075161194400
26074631114050,26075453493643
26074631114050,26075923365778
26075964798681,26075923365778
26075964798681,26076219930892
26075964798681,26076369179741
26075964798681,26076551043851
26075964798681,26076764398007
26076858458717,26076764398007
26076858458717,26077089408869
26076858458717,26077444919325
26076858458717,26077616212990
26076858458717,26077785655047
26077787530421,26077785655047
26077787530421,26077957219892
26077787530421,26078150179164
26077787530421,26078388262881
26077787530421,26078746917836
26078875033877,26078746917836
26078875033877,26079107083266
26078875033877,26079279000525
26078875033877,26079477559689
26079479117977,26079477559689
26079479117977,26079664289343
26079479117977,26079799633580
26079479117977,26080039647769
26079479117977,26080215910476
26079479117977,26080680448162
26080684170671,26080680448162
26080684170671,26080884750138
26080684170671,26081009233552
26080684170671,26081172148820
26080684170671,26081497390551
26081584949071,26081497390551
26081584949071,26081811242509
26081584949071,26082026773682
26081584949071,26082214113199
26081584949071,26082371253812
26082488883251,26082371253812
26082488883251,26082784424380
26082488883251,26082904210789
26082488883251,26083124816434
26082488883251,26083362445443
26083390683012,26083362445443
26083390683012,26083633573212
26083390683012,26083783893152
26083390683012,26084030531383
26084031854226,26084030531383
26084031854226,26084312468668
26084031854226,26084509073817
26084031854226,26084666167834
26084031854226,26084830103254
26084031854226,26085278085371
26085279964728,26085278085371
26085279964728,26085461422795
26085279964728,26085655769702
26085279964728,26085834504092
26085279964728,26086071280788
26086165001927,26086071280788
26086165001927,26086390623423
26086165001927,26086548327764
26086165001927,26086742219621
26086165001927,26087091528925
26087145213049,26087091528925
26087145213049,26087389651635
26087145213049,26087587055271
26087145213049,26087774052824
26087145213049,26088040223967
26088182874467,26088040223967
26088182874467,26088431336866
26088182874467,26088558092601
26088182874467,26088796417523
26088182874467,26089172943965
26089175079982,26089172943965
26089175079982,26089392896401
26089175079982,26089523100348
26089175079982,26089686731549
26089175079982,26089901370548
26089912360016,26089901370548
26089912360016,26090130769917
26089912360016,26090326317165
26089912360016,26090482637941
26089912360016,26090912251548
26090920102995,26090912251548
26090920102995,26091155539825
26090920102995,26091340220377
26090920102995,26091508020118
26090920102995,26091813829779
26091814780765,26091813829779
26091814780765,26092057894828
26091814780765,26092215228985
26091814780765,26092352213882
26092355151156,26092352213882
26092355151156,26092597085227
26092355151156,26092782313937
26092355151156,26092971149645
26092355151156,26093187212738
26093189733308,26093187212738
26093189733308,26093425338064
26093189733308,26093604237074
26093189733308,26093740740584
26093189733308,26094088497431
26093189733308,26094521336810
26094525454482,26094521336810
26094525454482,26094703274359
26094525454482,26094915623887
26094525454482,26095096217175
26094525454482,26095440906289
26095654981118,26095440906289
26095654981118,26095866424585
26095654981118,26096036565517
26095654981118,26096184309555
26095654981118,26096358944805
26096369567106,26096358944805
26096369567106,26096576689086
26096369567106,26096715688307
26096369567106,26096902888328
26096905219941,26096902888328
26096905219941,26097142001995
26096905219941,26097332440885
26096905219941,26097474363792
26096905219941,26097760084759
26096905219941,26098124179320
26098125893097,26098124179320
26098125893097,26098349878398
26098125893097,26098523257602
26098125893097,26098746730072
26098125893097,26099014418631
26099115114878,26099014418631
26099115114878,26099396277314
26099115114878,26099581405566
26099115114878,26099727835068
26099115114878,26099933710911
26100016460484,26099933710911
26100016460484,26100262477217
26100016460484,26100439772497
26100016460484,26100624516359
26100016460484,26101075350215
26101080405430,26101075350215
26101080405430,26101303344241
26101080405430,26101462426252
26101080405430,26101609150420
26101080405430,26101870274873
26101880371963,26101870274873
26101880371963,26102108750720
26101880371963,26102264906343
26101880371963,26102504315934
26101880371963,26102792107265
26101880371963,26102990148157
26102809465622,26102990148157
26102809465622,26103096522666
26102809465622,26103367364202
26103445097684,26103367364202
26103445097684,26103687937167
26103445097684,26103936327963
26103445097684,26104129148225
26103445097684,26104265341712
26103445097684,26104771087173
26104773519452,26104771087173
26104773519452,26104963251485
26104773519452,26105172486361
26104773519452,26105344583943
26104773519452,26105726498662
26105729034517,26105726498662
26105729034517,26105934808845
26105729034517,26106121674514
26105729034517,26106296104665
26106364148099,26106296104665
26106364148099,26106640987022
26106364148099,26106821347734
26106364148099,26107081059385
26106364148099,26107240316136
26106364148099,26107881772262
26107883902261,26107881772262
26107883902261,26108145157944
26107883902261,26108330967261
26107883902261,26108497912764
26108499705534,26108497912764
26108499705534,26108731181875
26108499705534,26108916764057
26108499705534,26109080093123
26108499705534,26109254152092
26109255938960,26109254152092
26109255938960,26109482443562
26109255938960,26109760562651
26109255938960,26109912487244
26109255938960,26110095821131
26109255938960,26110542187060
26110544053760,26110542187060
26110544053760,26110776297306
26110544053760,26111044262912
26110544053760,26111231683335
26111232788827,26111231683335
26111232788827,26111481159825
26111232788827,26111660202623
26111232788827,26111837366766
26111232788827,26111993453019
26111995221311,26111993453019
26111995221311,26112194334951
26111995221311,26112403049133
26111995221311,26112686929150
26111995221311,26112967815670
26111995221311,26113339352805
26113406672950,26113339352805
26113406672950,26113575912853
26113406672950,26113773251620
26113406672950,26113911409823
26113945537516,26113911409823
26113945537516,26114205368757
26113945537516,26114341352256
26113945537516,26114626577554
26113945537516,26114765229428
26113945537516,26115248132878
26115318456028,26115248132878
26115318456028,26115515783486
26115318456028,26115744507174
26115754589411,26115744507174
26115754589411,26115978459519
26115754589411,26116099349562
26115754589411,26116254101136
26115754589411,26116442358376
26115754589411,26116715756491
26115754589411,26117234380894
26117235855070,26117234380894
26117235855070,26117466028987
26117235855070,26117670510887
26117235855070,26117835262987
26117235855070,26118058715049
26118156858249,26118058715049
26118156858249,26118522954230
26118156858249,26118757828497
26118156858249,26118938469199
26118156858249,26119100042681
26119102384689,26119100042681
26119102384689,26119340288060
26119102384689,26119510256327
26119102384689,26119708479893
26119102384689,26119927976730
26119711393254,26119927976730
26119711393254,26120129366244
26119711393254,26120322170411
26119711393254,26120532097111
26119711393254,26120920551889
26120928215734,26120920551889
26120928215734,26121105671896
26120928215734,26121379629453
26120928215734,26121556287151
26120928215734,26121719823071
26121558479723,26121719823071
26121558479723,26121798963674
26121558479723,26122402001128
26121558479723,26122600227038
26121558479723,26122818271161
26122655246472,26122818271161
26122655246472,26123052402375
26122655246472,26123252329686
26122655246472,26123522129987
26122655246472,26123909809775
26124010583370,26123909809775
26124010583370,26124311198822
26124010583370,26124475125096
26124010583370,26124704876098
26124707103188,26124704876098
26124707103188,26124910588857
26124707103188,26125065940516
26124707103188,26125182649147
26124707103188,26125447208790
26124707103188,26125874128224
26125910023410,26125874128224
26125910023410,26126160681595
26125910023410,26126337101595
26125910023410,26126503560151
26126506320783,26126503560151
26126506320783,26126788873779
26126506320783,26126988125622
26126506320783,26127150285699
26126506320783,26127282384613
26126506320783,26127742541949
26127790171201,26127742541949
26127790171201,26127985392800
26127790171201,26128172408520
26127790171201,26128356835793
26128360466676,26128356835793
26128360466676,26128598101411
26128360466676,26128765720896
26128360466676,26128998856629
26128360466676,26129192869715
26129222315340,26129192869715
26129222315340,26129436327033
26129222315340,26129602524140
26129222315340,26129818022157
26129222315340,26130060638550
26129222315340,26130476838282
26130492324257,26130476838282
26130492324257,26130692405462
26130492324257,26130909962931
26130492324257,26131124422144
26131128321682,26131124422144
26131128321682,26131343281117
26131128321682,26131466099735
26131128321682,26131782121049
26131128321682,26132243292348
26131128321682,26132625627977
26132652940601,26132625627977
26132652940601,26132908767471
26132652940601,26133124064493
26132652940601,26133370745371
26133372577755,26133370745371
26133372577755,26133595863568
26133372577755,26133838360947
26133372577755,26133963695871
26133372577755,26134095113428
26133372577755,26134502227834
26134524254868,26134502227834
26134524254868,26134750018833
26134524254868,26134901181941
26134524254868,26135039924729
26134524254868,26135459281895
26135496031695,26135459281895
26135496031695,26135767906752
26135496031695,26135929501399
26135496031695,26136184023518
26136186347092,26136184023518
26136186347092,26136476904705
26136186347092,26136667950749
26136186347092,26136824168404
26136186347092,26136952336946
26136186347092,26137354786712
26137393672090,26137354786712
26137393672090,26137632489753
26137393672090,26137851255624
26137393672090,26138020128028
26137393672090,26138298368450
26138300867667,26138298368450
26138300867667,26138547589666
26138300867667,26138785995067
26138300867667,26138941256811
26138300867667,26139078181253
26139114942195,26139078181253
26139114942195,26139382304858
26139114942195,26139528656732
26139114942195,26139695420222
26139114942195,26139979263219
26140158347006,26139979263219
26140158347006,26140361488415
26140158347006,26140498796125
26140158347006,26140717689065
26140158347006,26141034834107
26141073400895,26141034834107
26141073400895,26141276321251
26141073400895,26141450281297
26141073400895,26141611451251
26141073400895,26142012105721
26142064294513,26142012105721
26142064294513,26142276222625
26142064294513,26142521230316
26142064294513,26142682781571
26142064294513,26143049356031
26143050309920,26143049356031
26143050309920,26143215547893
26143050309920,26143398711435
26143409868460,26143398711435
26143409868460,26143582449947
26143409868460,26143932841215
26143409868460,26144203428497
26143409868460,26144370195679
26143409868460,26144519378014
26144522238286,26144519378014
26144522238286,26144739961414
26144522238286,26144900639456
26144522238286,26145082254964
26144522238286,26145307845352
26144522238286,26145720931396
26145742548786,26145720931396
26145742548786,26145982930557
26145742548786,26146203226499
26145742548786,26146406433448
26145742548786,26146598915912
26146617716779,26146598915912
26146617716779,26146792102136
26146617716779,26146990856344
26146617716779,26147143543033
26146617716779,26147482164527
26147483556408,26147482164527
26147483556408,26147718419863
26147483556408,26147896254705
26147483556408,26148045932567
26147483556408,26148411339347
26148413199816,26148411339347
26148413199816,26148619510445
26148413199816,26148795844747
26148413199816,26148933241589
26148413199816,26149308880413
26148413199816,26149522425404
26149310777323,26149522425404
26149310777323,26149708204837
26149310777323,26149889141017
26149891057095,26149889141017
26149891057095,26150130231487
26149891057095,26150268106533
26149891057095,26150411388452
26149891057095,26150631240213
26149891057095,26151119197418
26151134909546,26151119197418
26151134909546,26151364785184
26151134909546,26151538001015
26151134909546,26151685251291
26151134909546,26152127509309
26152131667918,26152127509309
26152131667918,26152354714390
26152131667918,26152516024671
26152131667918,26152703189212
26152705477793,26152703189212
26152705477793,26153010742151
26152705477793,26153193443602
26152705477793,26153369413177
26152705477793,26153585930697
26152705477793,26153714885230
26153781514284,26153714885230
26153781514284,26153974715992
26153781514284,26154141259101
26153781514284,26154325934237
26153781514284,26154671943777
26154674515122,26154671943777
26154674515122,26154906490473
26154674515122,26155028651500
26154674515122,26155186637964
26154674515122,26155334614792
26154674515122,26155594258261
