25664464355271,25665714449290
25664464355271,25666036164505
25664464355271,25666571116107
25666302025234,25666571116107
25666302025234,25666984096746
25666302025234,25667118723170
25666302025234,25667312373898
25667316154539,25667312373898
25667316154539,25667589341273
25667316154539,25667924821770
25667316154539,25668071191398
25667316154539,25668263422363
25667316154539,25668535214397
25668265651712,25668535214397
25668265651712,25668801778124
25668265651712,25668978642564
25668265651712,25669165309179
25669167848251,25669165309179
25669167848251,25669476898465
25669167848251,25669614979901
25669167848251,25669754616450
25669756661081,25669754616450
25669756661081,25669923930671
25669756661081,25670110875589
25669756661081,25670299909389
25669756661081,25670488673378
25669756661081,25670918429517
25669756661081,25671099326718
25670920704557,25671099326718
25670920704557,25671352119708
25670920704557,25671482280528
25670920704557,25671863757494
25671930182506,25671863757494
25671930182506,25672123683770
25671930182506,25672370533139
25671930182506,25672569456501
25671930182506,25672902686369
25672905845400,25672902686369
25672905845400,25673173479600
25672905845400,25673435736168
25672905845400,25673576121517
25672905845400,25673923193005
25673931345650,25673923193005
25673931345650,25674221633445
25673931345650,25674362123880
25673931345650,25674586379652
25673931345650,25674906837775
25674925425001,25674906837775
25674925425001,25675201411790
25674925425001,25675468721670
25674925425001,25675679611259
25674925425001,25675832147134
25675909897942,25675832147134
25675909897942,25676202497329
25675909897942,25676411663644
25675909897942,25676600466629
25676602367213,25676600466629
25676602367213,25676833909639
25676602367213,25677021388022
25676602367213,25677182981284
25676602367213,25677436849421
25676602367213,25677916149607
25677918073023,25677916149607
25677918073023,25678143755868
25677918073023,25678295433200
25677918073023,25678493392021
25677918073023,25678742327016
25678815487380,25678742327016
25678815487380,25679027055629
25678815487380,25679294569089
25678815487380,25679481413753
25678815487380,25679710434633
25679732203068,25679710434633
25679732203068,25680032245743
25679732203068,25680218504781
25679732203068,25680405271149
25679732203068,25680551716443
25680707838768,25680551716443
25680707838768,25680958617484
25680707838768,25681126898106
25680707838768,25681311405704
25680707838768,25681591139410
25681620676817,25681591139410
25681620676817,25681848685116
25681620676817,25682003539421
25681620676817,25682237899733
25681620676817,25682589293104
25682592807818,25682589293104
25682592807818,25682810271969
25682592807818,25682966317482
25682592807818,25683208477719
25682592807818,25683518071481
25683519454799,25683518071481
25683519454799,25683759207396
25683519454799,25684037879957
25683519454799,25684191437647
25683519454799,25684548871335
25684553122053,25684548871335
25684553122053,25684793227837
25684553122053,25684928315599
25684553122053,25685081480495
25684553122053,25685422291800
25685812830164,25685422291800
25685812830164,25686094106983
25685812830164,25686236251819
25686288697906,25686236251819
25686288697906,25686460965285
25686288697906,25686600654048
25686288697906,25686728051157
25686288697906,25686919971589
25686288697906,25687078050548
25686288697906,25687804691281
25686288697906,25687994155534
25687808380957,25687994155534
25687808380957,25688176459193
25687808380957,25688352892887
25687808380957,25688567109420
25687808380957,25688797387021
25688595576879,25688797387021
25688595576879,25689014515104
25688595576879,25689179438506
25688595576879,25689456241302
25689537957264,25689456241302
25689537957264,25689793241624
25689537957264,25689991590244
25689537957264,25690221834433
25689537957264,25690476288440
25690593678329,25690476288440
25690593678329,25690861329247
25690593678329,25691073282501
25690593678329,25691225531220
25691227649551,25691225531220
25691227649551,25691397997804
25691227649551,25691549399435
25691227649551,25691737800017
25691227649551,25691946298121
25691227649551,25692417463238
25692437321383,25692417463238
25692437321383,25692729521477
25692437321383,25692939682162
25692437321383,25693112317182
25692437321383,25693289712885
25693408983198,25693289712885
25693408983198,25693656697154
25693408983198,25693841244397
25693408983198,25693985124031
25693986632327,25693985124031
25693986632327,25694200256502
25693986632327,25694373127479
25693986632327,25694583128792
25693986632327,25694824035652
25693986632327,25695313788650
25695315553117,25695313788650
25695315553117,25695588997829
25695315553117,25695759053419
25695315553117,25695980187278
25695982432081,25695980187278
25695982432081,25696200780900
25695982432081,25696341402758
25695982432081,25696545411687
25695982432081,25696714097399
25696834621600,25696714097399
25696834621600,25697049225909
25696834621600,25697209691238
25696834621600,25697322563332
25696834621600,25697737591498
25696834621600,25698135644199
25698187558098,25698135644199
25698187558098,25698450607405
25698187558098,25698681014264
25698187558098,25698876497297
25698187558098,25699145030876
25699183745747,25699145030876
25699183745747,25699412115870
25699183745747,25699568241944
25699183745747,25699732368978
25699183745747,25700046112604
25700114279019,25700046112604
25700114279019,25700309442294
25700114279019,25700595461874
25700114279019,25700790145285
25700114279019,25700958536418
25701060056732,25700958536418
25701060056732,25701331109077
25701060056732,25701487676506
25701060056732,25701684485047
25701689064346,25701684485047
25701689064346,25701909326144
25701689064346,25702083200068
25701689064346,25702205596706
25701689064346,25702564144555
25701689064346,25702909848161
25703082756518,25702909848161
25703082756518,25703314450718
25703082756518,25703482164622
25703082756518,25703666435153
25703082756518,25703890226430
25703892804835,25703890226430
25703892804835,25704150289995
25703892804835,25704275431574
25703892804835,25704556361051
25703892804835,25704784917040
25704820769415,25704784917040
25704820769415,25705037606931
25704820769415,25705319484694
25704820769415,25705489159053
25704820769415,25705754023310
25705756035556,25705754023310
25705756035556,25705947974426
25705756035556,25706126271781
25705756035556,25706348583415
25705756035556,25706612747200
25706673915098,25706612747200
25706673915098,25706875538352
25706673915098,25707251227766
25706673915098,25707390387039
25706673915098,25707535563732
25707537591819,25707535563732
25707537591819,25707783335373
25707537591819,25707933157604
25707537591819,25708046581505
25707537591819,25708465337209
25708518933384,25708465337209
25708518933384,25708716537849
25708518933384,25708929131029
25708518933384,25709090503209
25709092345978,25709090503209
25709092345978,25709273571656
25709092345978,25709404352292
25709092345978,25709580846035
25709092345978,25709849175333
25709092345978,25710315656961
25710329306842,25710315656961
25710329306842,25710574262823
25710329306842,25710768229713
25710329306842,25710906519384
25710329306842,25711277358377
25711318344578,25711277358377
25711318344578,25711582440162
25711318344578,25712092329361
25711318344578,25712350911640
25711318344578,25712518324535
25711318344578,25712687562874
25712688809298,25712687562874
25712688809298,25712879231389
25712688809298,25713054447666
25713055870975,25713054447666
25713055870975,25713287061389
25713055870975,25713443384858
25713055870975,25713626303224
25713055870975,25713805847900
25713055870975,25714221911616
25714255669429,25714221911616
25714255669429,25714509301485
25714255669429,25714670578258
25714255669429,25714872717792
25714876860353,25714872717792
25714876860353,25715061505204
25714876860353,25715233358768
25714876860353,25715461244113
25714876860353,25715634663596
25714876860353,25716016765440
25716029503307,25716016765440
25716029503307,25716221070619
25716029503307,25716391174774
25716029503307,25716515862329
25716029503307,25716927432875
25716972404542,25716927432875
25716972404542,25717254185138
25716972404542,25717402104076
25716972404542,25717593022525
25716972404542,25717924676565
25718023648174,25717924676565
25718023648174,25718311057091
25718023648174,25718580058534
25718023648174,25718777570172
25718023648174,25719071214376
25719086410216,25719071214376
25719086410216,25719315097976
25719086410216,25719486653234
25719086410216,25719673432635
25719086410216,25719938582247
25719940642764,25719938582247
25719940642764,25720138363360
25719940642764,25720320917551
25719940642764,25720526022714
25719940642764,25720854362593
25720855804841,25720854362593
25720855804841,25721124890642
25720855804841,25721401199866
25720855804841,25721597832168
25720855804841,25721756216577
25721760817740,25721756216577
25721760817740,25721912039295
25721760817740,25722145864927
25721760817740,25722368356693
25722369830282,25722368356693
25722369830282,25722532112865
25722369830282,25722691782462
25722369830282,25722852808125
25722369830282,25723157213037
25722369830282,25723586377308
25723593186804,25723586377308
25723593186804,25723862444687
25723593186804,25724021831620
25723593186804,25724166887302
25723593186804,25724680336986
25724682495332,25724680336986
25724682495332,25724921324758
25724682495332,25725053277624
25724682495332,25725299950456
25724682495332,25725577206913
25725611239049,25725577206913
25725611239049,25725850697274
25725611239049,25726040202919
25725611239049,25726205402869
25726207546797,25726205402869
25726207546797,25726465183764
25726207546797,25726701082231
25726207546797,25726908044214
25726207546797,25727091948422
25726207546797,25727593626739
25727600803397,25727593626739
25727600803397,25727814073793
25727600803397,25727972301784
25727600803397,25728122526700
25727600803397,25728303672317
25728386996805,25728303672317
25728386996805,25728604449941
25728386996805,25728805813961
25728386996805,25728964481553
25728386996805,25729229626977
25729287774140,25729229626977
25729287774140,25729512223054
25729287774140,25729736332565
25729287774140,25729909464550
25729912242253,25729909464550
25729912242253,25730124652312
25729912242253,25730259195758
25729912242253,25730426015243
25729912242253,25730691734773
25729912242253,25731104815405
25731107255278,25731104815405
25731107255278,25731336991854
25731107255278,25731505431084
25731107255278,25731670131618
25731107255278,25731972975415
25732038490109,25731972975415
25732038490109,25732294599915
25732038490109,25732539949438
25732038490109,25732701202159
25732038490109,25733069165212
25733090822435,25733069165212
25733090822435,25733374763837
25733090822435,25733524188488
25733090822435,25733728430867
25733090822435,25734044358039
25734045714845,25734044358039
25734045714845,25734292850822
25734045714845,25734438308443
25734045714845,25734671572689
25734045714845,25734933016551
25734949727150,25734933016551
25734949727150,25735162483716
25734949727150,25735326254864
25734949727150,25735482508383
25734949727150,25735944233953
25735945401804,25735944233953
25735945401804,25736188897416
25735945401804,25736374149014
25735945401804,25736598658867
25736600265473,25736598658867
25736600265473,25736803090152
25736600265473,25736935665239
25736600265473,25737128592820
25736600265473,25737367391735
25736600265473,25737840410179
25737841527154,25737840410179
25737841527154,25738107593520
25737841527154,25738226304218
25737841527154,25738351854517
25737841527154,25738757022949
25738769405343,25738757022949
25738769405343,25739009243861
25738769405343,25739194834001
25738769405343,25739377746334
25739379599687,25739377746334
25739379599687,25739603992247
25739379599687,25739777888598
25739379599687,25739980381006
25739379599687,25740180398432
25740188878738,25740180398432
25740188878738,25740481203878
25740188878738,25740702874466
25740188878738,25740850342044
25740188878738,25741026611664
25740188878738,25741472214450
25741587491381,25741472214450
25741587491381,25741767491017
25741587491381,25741943846956
25741587491381,25742093143101
25741587491381,25742497437430
25742507751022,25742497437430
25742507751022,25742774209145
25742507751022,25742959839383
25742507751022,25743782326621
25742507751022,25743920181988
25742507751022,25744089482911
25744092204872,25744089482911
25744092204872,25744250140774
25744092204872,25744620169830
25744092204872,25744999263331
25745070734658,25744999263331
25745070734658,25745254700758
25745070734658,25745530885253
25745070734658,25745677293392
25745070734658,25745975788442
25745977425616,25745975788442
25745977425616,25746216326925
25745977425616,25746400525279
25745977425616,25746629947705
25745977425616,25746998134714
25747000404778,25746998134714
25747000404778,25747203506706
25747000404778,25747368458196
25747000404778,25747546792703
25747000404778,25747812116226
25747910167278,25747812116226
25747910167278,25748071612303
25747910167278,25748354547410
25747910167278,25748585371626
25747910167278,25748747281239
25748817539113,25748747281239
25748817539113,25748990702558
25748817539113,25749341121707
25748817539113,25749533239030
25748817539113,25749689230536
25749753329595,25749689230536
25749753329595,25749983396410
25749753329595,25750239288312
25749753329595,25750433069183
25749753329595,25750674486062
25750688774876,25750674486062
25750688774876,25750955512640
25750688774876,25751126131546
25750688774876,25751256183795
25750688774876,25751661868998
25751706838402,25751661868998
25751706838402,25751947418814
25751706838402,25752184458417
25751706838402,25752345493995
25752347647988,25752345493995
25752347647988,25752533432985
25752347647988,25752645598551
25752347647988,25752834408558
25752347647988,25753013968626
25752347647988,25753519614576
25753566706574,25753519614576
25753566706574,25753842956074
25753566706574,25754014237611
25753566706574,25754151118185
25753566706574,25754527433928
25754529931387,25754527433928
25754529931387,25754785355681
25754529931387,25755007149577
25754529931387,25755180358784
25755182397095,25755180358784
25755182397095,25755386354443
25755182397095,25755514561758
25755182397095,25755710297054
25755182397095,25755934063737
25755182397095,25756414534877
25756426149127,25756414534877
25756426149127,25756645658775
25756426149127,25756834091492
25756426149127,25757017611606
25756426149127,25757392771284
25757395566021,25757392771284
25757395566021,25757682468147
25757395566021,25757850690734
25757395566021,25758102677170
25757395566021,25758271355599
25758452658265,25758271355599
25758452658265,25758694316777
25758452658265,25758866211972
25758452658265,25759033327754
25759035674087,25759033327754
25759035674087,25759258841559
25759035674087,25759395758464
25759035674087,25759597425375
25759035674087,25759770879322
25759798877309,25759770879322
25759798877309,25760060828947
25759798877309,25760229289731
25759798877309,25760409112144
25759798877309,25760586939909
25759798877309,25761137109668
25761146322842,25761137109668
25761146322842,25761422065744
25761146322842,25761590225388
25761146322842,25761719103484
25761146322842,25762088196192
25762183508354,25762088196192
25762183508354,25762496013256
25762183508354,25762648308821
25762183508354,25762817088570
25762183508354,25763169579775
25763187884207,25763169579775
25763187884207,25763452647418
25763187884207,25763610225548
25763187884207,25763790056433
25763187884207,25764107266535
25764119585441,25764107266535
25764119585441,25764331241737
25764119585441,25764498650675
25764119585441,25764687436416
25764695526561,25764687436416
25764695526561,25764968993326
25764695526561,25765140857353
25764695526561,25765276621608
25764695526561,25765497776701
25764695526561,25765975959523
25765978594643,25765975959523
25765978594643,25766178067673
25765978594643,25766410680501
25765978594643,25766562257497
25765978594643,25767159821796
25767256634416,25767159821796
25767256634416,25767451461289
25767256634416,25767639419435
25767256634416,25767809557959
25767256634416,25768205530554
25768207363431,25768205530554
25768207363431,25768347691412
25768207363431,25768655874104
25768207363431,25768887521061
25768207363431,25769153455819
25769237655221,25769153455819
25769237655221,25769470142486
25769237655221,25769658790153
25769237655221,25769876173832
25769237655221,25770170953381
25770274924281,25770170953381
25770274924281,25770549828498
25770274924281,25770714742503
25770274924281,25770867211972
25770869356384,25770867211972
25770869356384,25771063860011
25770869356384,25771202028831
25770869356384,25771398347735
25770869356384,25771644901567
25770869356384,25772037324426
25772091985707,25772037324426
25772091985707,25772300758321
25772091985707,25772590211156
25772091985707,25772762748013
25772091985707,25773023221099
25773041651348,25773023221099
25773041651348,25773278152147
25773041651348,25773411963126
25773041651348,25773671339830
25773673742176,25773671339830
25773673742176,25773930343125
25773673742176,25774104906463
25773673742176,25774319996147
25773673742176,25774462171615
25774463833832,25774462171615
25774463833832,25774626379284
25774463833832,25774834055493
25774463833832,25775029427562
25774463833832,25775317073292
25774463833832,25775848346559
25775849844419,25775848346559
25775849844419,25776069976943
25775849844419,25776244690412
25775849844419,25776435371946
25775849844419,25776883175036
25776884199005,25776883175036
25776884199005,25777163838750
25776884199005,25777358606704
25776884199005,25777576395236
25776884199005,25777766440200
25777781247943,25777766440200
25777781247943,25777904703221
25777781247943,25778150714171
25778181069044,25778150714171
25778181069044,25778337574916
25778181069044,25778488967774
25778181069044,25778654022977
25778181069044,25778804180992
25778181069044,25779043161859
25778181069044,25779568062199
25779570090817,25779568062199
25779570090817,25779755789281
25779570090817,25780044922758
25779570090817,25780224731835
25779570090817,25780459087611
25780577136883,25780459087611
25780577136883,25780796432005
25780577136883,25780982969624
25780577136883,25781176496305
25781179316259,25781176496305
25781179316259,25781421777120
25781179316259,25781585867232
25781179316259,25781809539038
25781179316259,25782126000124
25781179316259,25782572984597
25782576756430,25782572984597
25782576756430,25782837777700
25782576756430,25782995366819
25782576756430,25783228451020
25783230290031,25783228451020
25783230290031,25783408297191
25783230290031,25783544459962
25783230290031,25783744599804
25783230290031,25783906271713
25783230290031,25784230775521
25784293783040,25784230775521
25784293783040,25784572172955
25784293783040,25784863088924
25784293783040,25785055115412
25785057847610,25785055115412
25785057847610,25785253191112
25785057847610,25785405079619
25785057847610,25785597344227
25785057847610,25785727271241
25785740049536,25785727271241
25785740049536,25785947813842
25785740049536,25786149345528
25785740049536,25786315344592
25785740049536,25786679382678
25785740049536,25787115829264
25787117665035,25787115829264
25787117665035,25787360690161
25787117665035,25787499849285
25787117665035,25787725420368
25787117665035,25788007208557
25788040800538,25788007208557
25788040800538,25788296298718
25788040800538,25788535447774
25788040800538,25788662437542
25788040800538,25788962653152
25789082968023,25788962653152
25789082968023,25789287634544
25789082968023,25789483975053
25789082968023,25789680433191
25789082968023,25790206219140
25790208108277,25790206219140
25790208108277,25790460091579
25790208108277,25790641295537
25790208108277,25790824224930
25790208108277,25791179101788
25791181147468,25791179101788
25791181147468,25791369048088
25791181147468,25791507332673
25791181147468,25791684381836
25791181147468,25791984452214
25791993564838,25791984452214
25791993564838,25792170675210
25791993564838,25792362184636
25791993564838,25792589542294
25791993564838,25792880238600
25792959355094,25792880238600
25792959355094,25793225317139
25792959355094,25793421631932
25792959355094,25793612259715
25792959355094,25794050250233
25794052771832,25794050250233
25794052771832,25794271275255
25794052771832,25794451142455
25794052771832,25794597094995
25794052771832,25794817797990
25794841378479,25794817797990
25794841378479,25795114049182
25794841378479,25795270978153
25794841378479,25795468963684
25794841378479,25795676729695
25795744180620,25795676729695
25795744180620,25796036260079
25795744180620,25796159348582
25795744180620,25796325745118
25796594258090,25796325745118
25796594258090,25796893710374
25796594258090,25797124834382
25796594258090,25797285313312
25796594258090,25797525312441
25796594258090,25797906400511
25796594258090,25798155948320
25797962208733,25798155948320
25797962208733,25798324866301
25797962208733,25798575126714
25797962208733,25798843275036
25798916308997,25798843275036
25798916308997,25799171168919
25798916308997,25799356295108
25798916308997,25799526294528
25798916308997,25799735643385
25799818921071,25799735643385
25799818921071,25800061578526
25799818921071,25800230228527
25799818921071,25800467618782
25799818921071,25800679143911
25800737640772,25800679143911
25800737640772,25801012447840
25800737640772,25801236547715
25800737640772,25801461842968
25800737640772,25801668375605
25801728910450,25801668375605
25801728910450,25801968615092
25801728910450,25802134304603
25801728910450,25802391327631
25801728910450,25802655909313
25802738764576,25802655909313
25802738764576,25802989962806
25802738764576,25803173843774
25802738764576,25803418937076
25802738764576,25803571105257
25803591340843,25803571105257
25803591340843,25803793255287
25803591340843,25803933375298
25803591340843,25804059742476
25803591340843,25804345632577
25804444557536,25804345632577
25804444557536,25804721782361
25804444557536,25805018376897
25804444557536,25805160315155
25804444557536,25805374093072
25805375744472,25805374093072
25805375744472,25805646635440
25805375744472,25805812428124
25805375744472,25805952347584
25805954094353,25805952347584
25805954094353,25806164338712
25805954094353,25806337076007
25805954094353,25806544330913
25805954094353,25806777328615
25805954094353,25807080270105
25807191106432,25807080270105
25807191106432,25807433209807
25807191106432,25807582349366
25807191106432,25807842893852
25807191106432,25808060311822
25808086104054,25808060311822
25808086104054,25808320366829
25808086104054,25808490128155
25808086104054,25808636540897
25808086104054,25809002386173
25809037612719,25809002386173
25809037612719,25809264203827
25809037612719,25809498431091
25809037612719,25809658173582
25809037612719,25810029347345
25810068854404,25810029347345
25810068854404,25810309665570
25810068854404,25810471243617
25810068854404,25810745978706
25810068854404,25810987387784
25810989353573,25810987387784
25810989353573,25811243893027
25810989353573,25811419514361
25810989353573,25811637669393
25810989353573,25811879111952
25812239266522,25811879111952
25812239266522,25812457261078
25812239266522,25812677223184
25812239266522,25812861505275
25812239266522,25813078303526
25813169493352,25813078303526
25813169493352,25813341342579
25813169493352,25813574213308
25813169493352,25813714126312
25813715683456,25813714126312
25813715683456,25813918064722
25813715683456,25814089136645
25813715683456,25814249345084
25813715683456,25814482211796
25813715683456,25815026371320
25815029059956,25815026371320
25815029059956,25815267045071
25815029059956,25815560525102
25815029059956,25815713806515
25815029059956,25815885324211
25815959108399,25815885324211
25815959108399,25816228614331
25815959108399,25816394878170
25815959108399,25816623993970
25815959108399,25816874579052
25816881013588,25816874579052
25816881013588,25817116247415
25816881013588,25817272899150
25816881013588,25817424323098
25816881013588,25817719345071
25817779100053,25817719345071
25817779100053,25818030809095
25817779100053,25818173172009
25817779100053,25818357154938
25817779100053,25818537022271
25818635546854,25818537022271
25818635546854,25818862893770
25818635546854,25819024097084
25818635546854,25819195710734
25818635546854,25819657275327
25819658375969,25819657275327
25819658375969,25819853359688
25819658375969,25820172234337
25819658375969,25820346345918
25820348557894,25820346345918
25820348557894,25820543284543
25820348557894,25820669904608
25820348557894,25820844637119
25820348557894,25821065341151
25820348557894,25821587556402
25821594660543,25821587556402
25821594660543,25821975676885
25821594660543,25822240585764
25821594660543,25822388815564
25821594660543,25822540650606
25822542200031,25822540650606
25822542200031,25822812169829
25822542200031,25823000141194
25822542200031,25823215117066
25822542200031,25823348250813
25823349739999,25823348250813
25823349739999,25823557990016
25823349739999,25823718798129
25823349739999,25823878290775
25823965922145,25823878290775
25823965922145,25824194109659
25823965922145,25824357397465
25823965922145,25824572239822
25823965922145,25824772395543
25824934615518,25824772395543
25824934615518,25825482982794
25824934615518,25825697296738
25824934615518,25825826128895
25824934615518,25826061089828
25824934615518,25826749820094
25826752125267,25826749820094
25826752125267,25827006079326
25826752125267,25827158679924
25826752125267,25827334739159
25826752125267,25827757146067
25827758700012,25827757146067
25827758700012,25827932920949
25827758700012,25828108794840
25827758700012,25828278038118
25828281221273,25828278038118
25828281221273,25828484460247
25828281221273,25828629667079
25828281221273,25828792763081
25828281221273,25829010227826
25828281221273,25829526709974
25829531368619,25829526709974
25829531368619,25829786313271
25829531368619,25829932307483
25829531368619,25830128720980
25829531368619,25830588427248
25830590242264,25830588427248
25830590242264,25830826803610
25830590242264,25831026082561
25830590242264,25831198783326
25830590242264,25831517535107
25831520186008,25831517535107
25831520186008,25831731737370
25831520186008,25831910588529
25831520186008,25832089490358
25832090673824,25832089490358
25832090673824,25832326983746
25832090673824,25832468603580
25832090673824,25832611487363
25832090673824,25832943164144
25832090673824,25833337049303
25833374569592,25833337049303
25833374569592,25833605140491
25833374569592,25833849523051
25833374569592,25834029283208
25833374569592,25834252535318
25834300547422,25834252535318
25834300547422,25834584813619
25834300547422,25834801685744
25834300547422,25834962494418
25834300547422,25835275072143
25834300547422,25835520270571
25835290418809,25835520270571
25835290418809,25835706343488
25835290418809,25835879329883
25835884752686,25835879329883
25835884752686,25836155864597
25835884752686,25836354284915
25835884752686,25836486457329
25835884752686,25836643816369
25835884752686,25837022746044
25837200831873,25837022746044
25837200831873,25837387901088
25837200831873,25837566977679
25837200831873,25837747335317
25837750444327,25837747335317
25837750444327,25837926038050
25837750444327,25838150270435
25837750444327,25838345407145
25837750444327,25838507586169
25837750444327,25838833252439
25838848325339,25838833252439
25838848325339,25839094940268
25838848325339,25839282264476
25838848325339,25839445852075
25838848325339,25839716147678
25839836747019,25839716147678
25839836747019,25840086870109
25839836747019,25840247679343
25839836747019,25840395581572
25840397152600,25840395581572
25840397152600,25840622109926
25840397152600,25840778903129
25840397152600,25840920512096
25840397152600,25841341391156
25840397152600,25841919832561
25841923412963,25841919832561
25841923412963,25842110660590
25841923412963,25842288242284
25841923412963,25842471413709
25841923412963,25842633409578
25841923412963,25842811820938
25842813140357,25842811820938
25842813140357,25842965585193
25842813140357,25843172335790
25842813140357,25843521546245
25843664156343,25843521546245
25843664156343,25843999351621
25843664156343,25844335237639
25843664156343,25844501687231
25843664156343,25844632137806
25843664156343,25844794325484
25844796375522,25844794325484
25844796375522,25844955665227
25844796375522,25845133108736
25844796375522,25845541488185
25845543169443,25845541488185
25845543169443,25845705762727
25845543169443,25845867353064
25845543169443,25846045743369
25845543169443,25846365321057
25846413684716,25846365321057
25846413684716,25846632637506
25846413684716,25847099240250
25846413684716,25847297225646
25846413684716,25847604401717
25847653271844,25847604401717
25847653271844,25847829798830
25847653271844,25848100609358
25847653271844,25848288444798
25847653271844,25848474687279
25848514780812,25848474687279
25848514780812,25848763283759
25848514780812,25848949931468
25848514780812,25849114899890
25848514780812,25849363394337
25849387494217,25849363394337
25849387494217,25849544421320
25849387494217,25849781627741
25849387494217,25849956014390
25849387494217,25850281288200
25850404357349,25850281288200
25850404357349,25850673255311
25850404357349,25850834062953
25850404357349,25850957018126
25850404357349,25851293358780
25851384271351,25851293358780
25851384271351,25851567265619
25851384271351,25851807171956
25851384271351,25851997728571
25851384271351,25852278337123
25852372480550,25852278337123
25852372480550,25852585872480
25852372480550,25852800088221
25852372480550,25853016170621
25852372480550,25853371790056
25853468226256,25853371790056
25853468226256,25853660411595
25853468226256,25853916954357
25853468226256,25854146711776
25853468226256,25854413315411
25854415179663,25854413315411
25854415179663,25854612490341
25854415179663,25854823428632
25854415179663,25855021456435
25854415179663,25855232369474
25855248342395,25855232369474
25855248342395,25855496907858
25855248342395,25855630596391
25855248342395,25855816837593
25855248342395,25856097982046
25856170110621,25856097982046
25856170110621,25856437959941
25856170110621,25856568216605
25856170110621,25856701356765
25856170110621,25856992749791
25857156809014,25856992749791
25857156809014,25857440303786
25857156809014,25857606393820
25857156809014,25857784197118
25857787218049,25857784197118
25857787218049,25858026309400
25857787218049,25858181105775
25857787218049,25858369249116
25857787218049,25858629774559
25857787218049,25859010802995
25859091322187,25859010802995
25859091322187,25859356385153
25859091322187,25859529730059
25859563781417,25859529730059
25859563781417,25859799486899
25859563781417,25859980039680
25859563781417,25860144261142
25859563781417,25860277909763
25859563781417,25860444976517
25860562455438,25860444976517
25860562455438,25860773620809
25860562455438,25860910241810
25860562455438,25861131174645
25860562455438,25861437807098
25860562455438,25861843737987
25861852292039,25861843737987
25861852292039,25862073169401
25861852292039,25862225196772
25861852292039,25862480734612
25861852292039,25862720811804
25862854400630,25862720811804
25862854400630,25863135375086
25862854400630,25863353472408
25862854400630,25863562188773
25863564347521,25863562188773
25863564347521,25863770795213
25863564347521,25863928353279
25863564347521,25864058419081
25863564347521,25864251125622
25863564347521,25864698331936
25864700891697,25864698331936
25864700891697,25864942773005
25864700891697,25865096660700
25864700891697,25865253106585
25864700891697,25865579674382
25865581427404,25865579674382
25865581427404,25865774194135
25865581427404,25865964716723
25865581427404,25866154125749
25865581427404,25866400140784
25866627845347,25866400140784
25866627845347,25866883897750
25866627845347,25867026217364
25866627845347,25867193273530
25866627845347,25867349705878
25867351720000,25867349705878
25867351720000,25867579230605
25867351720000,25867771312048
25867351720000,25867957546359
25867959748084,25867957546359
25867959748084,25868250211106
25867959748084,25868418586704
25867959748084,25868563782572
25867959748084,25868732386991
25868775465477,25868732386991
25868775465477,25869004255745
25868775465477,25869204230059
25868775465477,25869433153397
25868775465477,25869712273186
25868775465477,25870124902038
25870131357818,25870124902038
25870131357818,25870344379204
25870131357818,25870633360020
25870131357818,25870809844327
25870131357818,25871002959545
25871018898331,25871002959545
25871018898331,25871199262785
25871018898331,25871431717408
25871018898331,25871590270879
25871593627396,25871590270879
25871593627396,25871867405404
25871593627396,25872047510303
25871593627396,25872188361765
25871593627396,25872353044750
25871593627396,25872715117884
25872720718044,25872715117884
25872720718044,25872948131207
25872720718044,25873173909877
25872720718044,25873387000670
25872720718044,25873528356356
25872720718044,25873689958590
25873690922210,25873689958590
25873690922210,25873918969183
25873690922210,25874071182552
25874072547952,25874071182552
25874072547952,25874294156912
25874072547952,25874476338267
25874072547952,25874667270837
25874072547952,25874828472401
25874072547952,25875318185497
25875538304701,25875318185497
25875538304701,25875745439521
25875538304701,25875863052787
25875538304701,25875989386439
25875991419752,25875989386439
25875991419752,25876231433333
25875991419752,25876399123581
25875991419752,25876617555322
25875991419752,25876797772543
25875991419752,25877045879997
25877148437400,25877045879997
25877148437400,25877355203874
25877148437400,25877538491554
25877148437400,25877802356639
25877148437400,25878013779555
25878071526413,25878013779555
25878071526413,25878298510531
25878071526413,25878493878290
25878071526413,25878718424024
25878071526413,25878979486393
25879198831983,25878979486393
25879198831983,25879388364084
25879198831983,25879586204299
25879198831983,25879722334285
25879198831983,25879906622563
25879932091592,25879906622563
25879932091592,25880178838211
25879932091592,25880336137873
25879932091592,25880568099858
25880572428555,25880568099858
25880572428555,25880760031502
25880572428555,25880921032034
25880572428555,25881085276757
25880572428555,25881347517271
25881364866563,25881347517271
25881364866563,25881615332939
25881364866563,25881855121264
25881364866563,25882002329089
25881364866563,25882166791629
25881364866563,25882623737798
25882665587251,25882623737798
25882665587251,25882930220644
25882665587251,25883113664770
25882665587251,25883273859097
25882665587251,25883506042065
25883578358345,25883506042065
25883578358345,25883813299218
25883578358345,25883971408280
25883578358345,25884125526180
25883578358345,25884374308999
25884425269164,25884374308999
25884425269164,25884607059196
25884425269164,25884825394368
25884425269164,25885053302956
25885055459602,25885053302956
25885055459602,25885305623682
25885055459602,25885494225151
25885055459602,25885694897329
25885055459602,25885849223280
25885055459602,25886134646602
25886631760249,25886134646602
25886631760249,25886813076651
25886631760249,25887035606327
25886631760249,25887236300322
25887238339793,25887236300322
25887238339793,25887772205881
25887238339793,25887975447336
25887238339793,25888132102704
25887238339793,25888255332833
25887238339793,25888684543349
25888708416699,25888684543349
25888708416699,25888982275882
25888708416699,25889219294654
25888708416699,25889422030027
25888708416699,25889650494673
25889683957128,25889650494673
25889683957128,25889920182065
25889683957128,25890171723346
25889683957128,25890399948731
25890402065867,25890399948731
25890402065867,25890594458636
25890402065867,25890751311081
25890402065867,25890935938034
25890402065867,25891091471166
25890402065867,25891541963761
25891608989459,25891541963761
25891608989459,25891940127186
25891608989459,25892188118710
25891608989459,25892365325820
25891608989459,25892544363495
25891608989459,25892717603493
25892546121540,25892717603493
25892546121540,25892873147462
25892546121540,25893010073687
25892546121540,25893248152370
25893295552037,25893248152370
25893295552037,25893530907091
25893295552037,25893667433145
25893295552037,25893828336633
25893926687956,25893828336633
25893926687956,25894224389483
25893926687956,25894396407566
25893926687956,25894614341691
25893926687956,25894789506530
25893926687956,25895405321686
25895408169099,25895405321686
25895408169099,25895667872016
25895408169099,25895844909833
25895408169099,25895976487599
25895408169099,25896292500466
25896308366399,25896292500466
25896308366399,25896557254582
25896308366399,25896758332637
25896308366399,25896928281562
25896308366399,25897258169206
25897260979589,25897258169206
25897260979589,25897501817143
25897260979589,25897719670105
25897260979589,25897882388517
25897260979589,25898135663112
25898151574992,25898135663112
25898151574992,25898380722093
25898151574992,25898622518911
25898151574992,25898748758676
25898151574992,25899178995302
25899181525537,25899178995302
25899181525537,25899395556572
25899181525537,25899599443227
25899181525537,25899834879751
25899181525537,25900105680077
25900108316582,25900105680077
25900108316582,25900325934430
25900108316582,25900549772990
25900108316582,25900747256362
25900108316582,25901056798374
25901058254819,25901056798374
25901058254819,25901335552459
25901058254819,25901584638339
25901058254819,25901722347381
25901058254819,25902039550295
25902087412105,25902039550295
25902087412105,25902320293066
25902087412105,25902598462964
25902087412105,25902743630719
25902087412105,25902928043886
25902958581824,25902928043886
25902958581824,25903205202317
25902958581824,25903331125159
25902958581824,25903897251762
25903899334515,25903897251762
25903899334515,25904123200641
25903899334515,25904250468302
25903899334515,25904419252298
25903899334515,25904604559793
25903899334515,25905056965433
25905059230310,25905056965433
25905059230310,25905271285579
25905059230310,25905484620347
25905059230310,25905633874276
25905059230310,25905847185003
25906023152428,25905847185003
25906023152428,25906179236441
25906023152428,25906441916346
25906023152428,25906576925452
25906578551689,25906576925452
25906578551689,25906805310377
25906578551689,25906956535251
25906578551689,25907108543420
25906578551689,25907288222575
25906578551689,25907733966854
25907822318653,25907733966854
25907822318653,25907993521396
25907822318653,25908120560565
25907822318653,25908318799754
25908321518271,25908318799754
25908321518271,25908523984879
25908321518271,25908671938184
25908321518271,25908886084621
25908321518271,25909048875794
25908321518271,25909572916941
25909638241362,25909572916941
25909638241362,25909892982214
25909638241362,25910081131677
25909638241362,25910196360204
25909638241362,25910674370979
25910681147616,25910674370979
25910681147616,25910898205384
25910681147616,25911146308525
25910681147616,25911396190874
25910681147616,25911572101592
25911661982347,25911572101592
25911661982347,25911892329543
25911661982347,25912100488629
25911661982347,25912286764159
25911661982347,25912484384804
25912559279720,25912484384804
25912559279720,25912751250835
25912559279720,25912901186621
25912559279720,25913100029309
25912559279720,25913412015400
25913436002004,25913412015400
25913436002004,25913698432529
25913436002004,25913914529055
25913436002004,25914105807417
25914107993170,25914105807417
25914107993170,25914270191381
25914107993170,25914410927372
25914107993170,25914576227013
25914107993170,25914846051653
25914849886871,25914846051653
25914849886871,25915123453424
25914849886871,25915251486839
25914849886871,25915458554675
25914849886871,25915702559466
25914849886871,25916214177372
25916300523020,25916214177372
25916300523020,25916562217183
25916300523020,25916739114768
25916300523020,25916860186995
25916863614854,25916860186995
25916863614854,25917070220251
25916863614854,25917251674557
25916863614854,25917466228034
25916863614854,25917734222711
25917746943871,25917734222711
25917746943871,25917993230075
25917746943871,25918122295887
25917746943871,25918271978903
25917746943871,25918538391902
25917746943871,25919025650965
25919093626747,25919025650965
25919093626747,25919354805938
25919093626747,25919522513310
25919093626747,25919662431880
25919664406554,25919662431880
25919664406554,25919855140264
25919664406554,25920074768430
25919664406554,25920294785226
25919664406554,25920463204435
25919664406554,25920930828612
25920940286421,25920930828612
25920940286421,25921162741999
25920940286421,25921379189515
25920940286421,25921496584797
25920940286421,25921859566964
25921944871655,25921859566964
25921944871655,25922175383292
25921944871655,25922333065705
25921944871655,25922501672419
25922505664868,25922501672419
25922505664868,25922818640757
25922505664868,25922997622763
25922505664868,25923125225236
25922505664868,25923255484628
25923263341224,25923255484628
25923263341224,25923474302427
25923263341224,25923606302177
25923263341224,25923788312136
25923263341224,25923984243702
25924135495294,25923984243702
25924135495294,25924361949576
25924135495294,25924490475806
25924135495294,25924626723187
25924135495294,25925003410509
25924135495294,25925534481502
25925554278042,25925534481502
25925554278042,25925828142573
25925554278042,25925977073202
25925554278042,25926115055039
25926117888504,25926115055039
25926117888504,25926624257442
25926117888504,25926786413373
25926117888504,25926993742042
25926117888504,25927385734414
25927388054692,25927385734414
25927388054692,25927626712952
25927388054692,25927776099708
25927388054692,25927910056453
25927388054692,25928192874760
25928303724643,25928192874760
25928303724643,25928490520622
25928303724643,25928757263559
25928303724643,25928927309270
25928303724643,25929110563694
25928303724643,25929609420096
25929891881057,25929609420096
25929891881057,25930099068647
25929891881057,25930236213212
25929891881057,25930500567933
25930599384551,25930500567933
25930599384551,25930786484729
25930599384551,25930953858039
25930599384551,25931124304738
25930599384551,25931311724505
25931312851180,25931311724505
25931312851180,25931452792780
25931312851180,25931614621548
25931312851180,25931788599029
25931312851180,25932099771365
25931312851180,25932578907655
25932581326994,25932578907655
25932581326994,25932806642978
25932581326994,25932986566676
25932581326994,25933129404727
25932581326994,25933371237357
25933469891895,25933371237357
25933469891895,25933699673471
25933469891895,25933871924567
25933469891895,25934098897264
25933469891895,25934380589062
25934441057319,25934380589062
25934441057319,25934724060953
25934441057319,25934855593542
25934441057319,25935094325594
25934441057319,25935364892703
25935416692016,25935364892703
25935416692016,25935622208199
25935416692016,25935796910962
25935416692016,25935971984838
25935973662107,25935971984838
25935973662107,25936236019250
25935973662107,25936498218697
25935973662107,25936674367702
25935973662107,25936868946472
25935973662107,25937109145537
25937113497370,25937109145537
25937113497370,25937333381205
25937113497370,25937557200748
25937113497370,25937763915181
25937113497370,25938052812547
25937113497370,25938266414272
25938062725166,25938266414272
25938062725166,25938433276520
25938482595248,25938433276520
25938482595248,25938694036913
25938482595248,25938879467965
25938482595248,25939054941923
25938482595248,25939196557600
25938482595248,25939340656710
25938482595248,25939748250357
25939771926779,25939748250357
25939771926779,25939993282663
25939771926779,25940132178138
25939771926779,25940353175740
25939771926779,25940768386069
25940769927365,25940768386069
25940769927365,25940958012161
25940769927365,25941152662884
25940769927365,25941364135878
25940769927365,25941530829197
25941624142843,25941530829197
25941624142843,25941889558168
25941624142843,25942043222287
25941624142843,25942221133399
25941624142843,25942575974557
25942578624509,25942575974557
25942578624509,25942785295307
25942578624509,25942960833261
25942578624509,25943091418935
25943094306075,25943091418935
25943094306075,25943270438342
25943094306075,25943407584823
25943094306075,25943609469021
25943094306075,25943898120097
25943094306075,25944254014034
25944359781911,25944254014034
25944359781911,25944621246983
25944359781911,25944779082424
25944359781911,25944957521108
25944359781911,25945298301648
25945534206533,25945298301648
25945534206533,25945664705673
25945534206533,25945828010259
25945534206533,25945988015465
25945991355693,25945988015465
25945991355693,25946213505422
25945991355693,25946396179414
25945991355693,25946595366429
25945991355693,25946761104124
25946766132670,25946761104124
25946766132670,25947033261593
25946766132670,25947221139398
25946766132670,25947382971169
25946766132670,25947591439228
25947635104181,25947591439228
25947635104181,25947863140467
25947635104181,25948042661832
25947635104181,25948222247090
25947635104181,25948520237957
25947635104181,25949142382442
25949144021478,25949142382442
25949144021478,25949354464086
25949144021478,25949545089509
25949144021478,25949680168773
25949681922059,25949680168773
25949681922059,25949937573360
25949681922059,25950151915638
25949681922059,25950388388715
25949681922059,25950534399170
25949681922059,25950925641287
25951041622091,25950925641287
25951041622091,25951344789898
25951041622091,25951523109278
25951041622091,25951716587057
25951041622091,25951942322460
25951999934598,25951942322460
25951999934598,25952276852385
25951999934598,25952762599802
25951999934598,25953025405914
25951999934598,25953209098396
25953211371158,25953209098396
25953211371158,25953463576654
25953211371158,25953646102062
25953211371158,25953792170590
25953211371158,25953983696946
25954101214246,25953983696946
25954101214246,25954332348649
25954101214246,25954510072059
25954101214246,25954658426732
25954101214246,25955009934108
25955012455295,25955009934108
25955012455295,25955172873154
25955012455295,25955554391638
25955012455295,25955693292256
25955835808486,25955693292256
25955835808486,25955834296234
25955835808486,25956125756081
25955835808486,25956279333174
25955835808486,25956445133062
25955835808486,25956664987565
25956687991631,25956664987565
25956687991631,25956932201000
25956687991631,25957067046581
25956687991631,25957244663751
25956687991631,25957518304827
25957621137993,25957518304827
25957621137993,25957852403227
25957621137993,25958164889738
25957621137993,25958347255042
25957621137993,25958499608246
25958578176476,25958499608246
25958578176476,25958833206557
25958578176476,25959065264754
25958578176476,25959234202307
25959235876177,25959234202307
25959235876177,25959384385436
25959235876177,25959531595406
25959235876177,25959681421669
25959235876177,25959826817868
25960066959193,25959826817868
25960066959193,25960307097121
25960066959193,25960466793468
25960066959193,25960638680460
25960066959193,25960829643359
25960066959193,25961203657733
25961282771785,25961203657733
25961282771785,25961534688633
25961282771785,25961665284796
25961282771785,25961822211410
25961823819283,25961822211410
25961823819283,25962063723425
25961823819283,25962265777662
25961823819283,25962436191149
25961823819283,25962601836806
25961823819283,25963111493633
25963169428400,25963111493633
25963169428400,25963381046170
25963169428400,25963519423086
25963169428400,25963705619016
25963169428400,25963935839869
25964024075777,25963935839869
25964024075777,25964266419399
25964024075777,25964461259049
25964024075777,25964677838089
25964024075777,25964953147497
25964963466715,25964953147497
25964963466715,25965195197347
25964963466715,25965311878373
25964963466715,25965446955859
25964963466715,25966168753957
25966213295957,25966168753957
25966213295957,25966485246228
25966213295957,25966654977260
25966665958347,25966654977260
25966665958347,25966862693934
25966665958347,25966998391019
25966665958347,25967133262095
25966665958347,25967326000321
25966665958347,25967561542711
25966665958347,25968076151693
25968079659404,25968076151693
25968079659404,25968324428882
25968079659404,25968480551554
25968507732211,25968480551554
25968507732211,25968713783921
25968507732211,25968861200351
25968507732211,25969030145968
25968507732211,25969203310906
25968507732211,25969386825819
25968507732211,25969781998691
25969895629070,25969781998691
25969895629070,25970203356507
25969895629070,25970401889131
25969895629070,25970585396850
25969895629070,25970730161334
25970773313964,25970730161334
25970773313964,25971015442020
25970773313964,25971167098229
25970773313964,25971366420738
25970773313964,25971684202120
25971764662101,25971684202120
25971764662101,25972034104663
25971764662101,25972232833921
25971764662101,25972389058250
25971764662101,25972810159473
25972812562563,25972810159473
25972812562563,25973055197413
25972812562563,25973223208372
25972812562563,25973466712649
25972812562563,25973707673186
25973708979596,25973707673186
25973708979596,25973948767743
25973708979596,25974145866956
25973708979596,25974352327565
25974354236591,25974352327565
25974354236591,25974510363744
25974354236591,25974665711954
25974354236591,25974876037879
25974354236591,25975121555811
25974354236591,25975517371245
25975581431967,25975517371245
25975581431967,25975836959522
25975581431967,25976002522794
25975581431967,25976113814018
25975581431967,25976392576558
25975581431967,25976761690169
25976559275383,25976761690169
25976559275383,25976919071365
25976559275383,25977166853377
25977169356455,25977166853377
25977169356455,25977354407882
25977169356455,25977531176671
25977169356455,25977680840351
25977169356455,25977937234784
25977169356455,25978317198115
25978356605897,25978317198115
25978356605897,25978638327846
25978356605897,25978884322594
25978356605897,25979067235287
25978356605897,25979193301833
25979233988075,25979193301833
25979233988075,25979489316983
25979233988075,25979626979758
25979233988075,25979904370994
25979233988075,25980111661611
25980228434356,25980111661611
25980228434356,25980505681196
25980228434356,25980809157427
25980228434356,25980973554683
25980228434356,25981183799988
25981188424752,25981183799988
25981188424752,25981412455698
25981188424752,25981619733728
25981188424752,25981777437623
25981188424752,25982142476469
25982144479971,25982142476469
25982144479971,25982390485563
25982144479971,25982611838935
25982144479971,25982817836294
25982818963008,25982817836294
25982818963008,25982977268285
25982818963008,25983078597765
25982818963008,25983363204114
25982818963008,25983575812639
25982818963008,25983998548386
25983999905827,25983998548386
25983999905827,25984262053674
25983999905827,25984495084916
25983999905827,25984631894022
25984636833791,25984631894022
25984636833791,25984808723527
25984636833791,25984950706381
25984636833791,25985209638970
25984636833791,25985376054428
25985377934640,25985376054428
25985377934640,25985533799085
25985377934640,25985747881411
25985377934640,25985934039274
25985377934640,25986193898440
25985377934640,25986753154885
25986772464222,25986753154885
25986772464222,25987032308823
25986772464222,25987179892001
25986772464222,25987437296844
25986772464222,25987643500053
25987739849900,25987643500053
25987739849900,25988012217839
25987739849900,25988246179717
25987739849900,25988514752146
25987739849900,25988798244896
25988802126936,25988798244896
25988802126936,25988991834185
25988802126936,25989202979471
25988802126936,25989352325413
25988802126936,25989678026436
25989682935544,25989678026436
25989682935544,25989913386034
25989682935544,25990159525695
25989682935544,25990354209773
25989682935544,25990557969629
25990559865891,25990557969629
25990559865891,25990764750016
25990559865891,25990918024812
25990559865891,25991082682794
25990559865891,25991552211847
25991571128734,25991552211847
25991571128734,25991797987424
25991571128734,25991953821019
25991571128734,25992180544012
25991571128734,25992488338434
25992516204748,25992488338434
25992516204748,25992699589548
25992516204748,25992875925980
25992516204748,25993016282262
25993032645374,25993016282262
25993032645374,25993222992959
25993032645374,25993434117308
25993032645374,25993593505291
25993032645374,25993945920331
25993032645374,25994266864407
25994378202783,25994266864407
25994378202783,25994604712698
25994378202783,25994768466839
25994378202783,25994918542255
25994936849512,25994918542255
25994936849512,25995096466635
25994936849512,25995316061384
25994936849512,25995538368718
25994936849512,25995825964389
25994936849512,25996094338398
25996168075799,25996094338398
25996168075799,25996452112162
25996168075799,25996640155922
25996168075799,25996844310894
25996168075799,25997004192753
25997432734449,25997004192753
25997432734449,25997656255922
25997432734449,25997850915355
25997432734449,25998040711704
25997432734449,25998279341027
25998301421211,25998279341027
25998301421211,25998569823561
25998301421211,25998744598847
25998301421211,25998924818977
25998301421211,25999260313571
25999262143986,25999260313571
25999262143986,25999492209935
25999262143986,25999698891686
25999262143986,25999857561510
25999859915666,25999857561510
25999859915666,26000020355205
25999859915666,26000188346093
25999859915666,26000401761533
25999859915666,26000692834139
25999859915666,26001018068339
26001124080630,26001018068339
26001124080630,26001348664964
26001124080630,26001533441499
26001124080630,26001678932157
26001124080630,26002057771491
26002175781100,26002057771491
26002175781100,26002409111333
26002175781100,26002532365431
26002175781100,26002778470888
26002780331157,26002778470888
26002780331157,26002965369959
26002780331157,26003121630670
26002780331157,26003282047303
26002780331157,26003587073574
26002780331157,26003938539300
26003997221067,26003938539300
26003997221067,26004222235413
26003997221067,26004523273413
26003997221067,26004710409429
26003997221067,26004974134287
26004975887272,26004974134287
26004975887272,26005238478767
26004975887272,26005375591909
26004975887272,26005563248311
26004975887272,26005751906965
26006023709301,26005751906965
26006023709301,26006207378469
26006023709301,26006396138339
26006023709301,26006584557301
26006023709301,26006777398640
26006803915584,26006777398640
26006803915584,26007056081889
26006803915584,26007276021142
26006803915584,26007409164674
26006803915584,26007667944938
26007749542163,26007667944938
26007749542163,26008006236400
26007749542163,26008194351643
26008252612780,26008194351643
26008252612780,26008445857794
26008252612780,26008580306908
26008252612780,26008757694559
26008252612780,26008913844696
26008252612780,26009087955958
26009089125412,26009087955958
26009089125412,26009291331259
26009089125412,26009527586718
26009089125412,26009700889299
26009089125412,26009983098118
26009984961593,26009983098118
26009984961593,26010168508951
26009984961593,26010447199167
26009984961593,26010585094576
26009984961593,26010828966963
26009984961593,26011264088426
26011267953310,26011264088426
26011267953310,26011482757147
26011267953310,26011651202624
26011267953310,26011853111695
26011267953310,26012354305730
26012356252218,26012354305730
26012356252218,26012613784812
26012356252218,26012787646883
26012356252218,26012952082392
26012356252218,26013100016992
26012953659371,26013100016992
26012953659371,26013287091471
26012953659371,26013507363224
26012953659371,26013748561235
26012953659371,26014182592037
26014185596833,26014182592037
26014185596833,26014462483236
26014185596833,26014659030402
26014185596833,26014821024023
26014825801517,26014821024023
26014825801517,26015017395471
26014825801517,26015202429933
26014825801517,26015419598039
26014825801517,26015671422631
26014825801517,26016104318524
26016310363414,26016104318524
26016310363414,26016462093844
26016310363414,26016607606055
26016310363414,26016787873209
26016310363414,26017031912659
26017102648199,26017031912659
26017102648199,26017356274440
26017102648199,26017522557256
26017102648199,26017683379935
26017102648199,26018061327441
26018062520293,26018061327441
26018062520293,26018257244126
26018062520293,26018382822320
26018062520293,26018592892799
26018062520293,26018927101483
26018928955294,26018927101483
26018928955294,26019207486514
26018928955294,26019366989448
26018928955294,26019505161584
26018928955294,26019879749673
26019883600857,26019879749673
26019883600857,26020071039191
26019883600857,26020319594744
26019883600857,26020447945170
26019883600857,26020923342340
26020944283095,26020923342340
26020944283095,26021187073224
26020944283095,26021399229443
26020944283095,26021581240131
26020944283095,26021780014291
26021897276728,26021780014291
26021897276728,26022142293938
26021897276728,26022269462810
26021897276728,26022593627295
26021897276728,26022826119476
26022867621824,26022826119476
26022867621824,26023049846925
26022867621824,26023181037958
26022867621824,26023331101450
26022867621824,26023584758938
26023749250289,26023584758938
26023749250289,26023965747084
26023749250289,26024112338048
26023749250289,26024372245413
26024374325841,26024372245413
26024374325841,26024534243863
26024374325841,26024703153625
26024374325841,26024873827535
26024374325841,26025122925149
26024374325841,26025555267433
26025618417025,26025555267433
26025618417025,26025869935322
26025618417025,26026044657050
26025618417025,26026230995894
26025618417025,26026491954231
26026779390369,26026491954231
26026779390369,26027022303521
26026779390369,26027219330576
26026779390369,26027432342211
26027599539340,26027432342211
26027599539340,26027593423366
26027599539340,26027873068425
26027599539340,26028032798951
26027599539340,26028173104265
26027599539340,26028551884566
26028617364353,26028551884566
26028617364353,26028847941740
26028617364353,26029060111473
26028617364353,26029209071640
26028617364353,26029453213718
26029558090905,26029453213718
26029558090905,26029751661699
26029558090905,26029970896836
26029558090905,26030116215688
26029558090905,26030585340484
26030589731343,26030585340484
26030589731343,26030787262528
26030589731343,26030954671430
26030589731343,26031187037052
26030589731343,26031452266113
26031453422002,26031452266113
26031453422002,26031664421263
26031453422002,26031868746417
26031453422002,26032067232370
26032070017806,26032067232370
26032070017806,26032248565467
26032070017806,26032360826142
26032070017806,26032558881072
26032070017806,26032709499596
26032070017806,26033264926033
26033340438371,26033264926033
26033340438371,26033594574581
26033340438371,26033792959149
26033340438371,26033964096499
26033340438371,26034174817493
26034253694714,26034174817493
26034253694714,26034509797930
26034253694714,26034672491892
26034253694714,26034886974795
26034253694714,26035196640815
26035237940168,26035196640815
26035237940168,26035490373626
26035237940168,26035680212915
26035237940168,26035862195919
26035237940168,26036101753151
26036375719258,26036101753151
26036375719258,26036528120130
26036375719258,26036648788553
26036375719258,26036797666155
26036871560096,26036797666155
26036871560096,26037045683404
26036871560096,26037221381154
26036871560096,26037417391829
26036871560096,26037600352128
26037665947302,26037600352128
26037665947302,26037854806188
26037665947302,26038114314534
26037665947302,26038336060428
26037665947302,26038564346441
26037665947302,26038910341953
26038975353916,26038910341953
26038975353916,26039169325164
26038975353916,26039342626716
26038975353916,26039579208689
26039581626919,26039579208689
26039581626919,26039804171387
26039581626919,26039990528136
26039581626919,26040136321090
26039581626919,26040453726453
26040454939886,26040453726453
26040454939886,26040687294965
26040454939886,26040845886986
26040454939886,26040993421448
26040454939886,26041329673910
26040454939886,26041787303890
26041790784492,26041787303890
26041790784492,26041983388080
26041790784492,26042144326075
26041790784492,26042330800535
26041790784492,26042641020644
26042642279457,26042641020644
26042642279457,26042898845211
26042642279457,26043028745534
26042642279457,26043150661207
26042642279457,26043561830876
26043563330581,26043561830876
26043563330581,26043784789479
26043563330581,26044018091129
26043563330581,26044107596906
26043563330581,26044834665093
26044837303838,26044834665093
26044837303838,26045085686785
26044837303838,26045211260172
26044837303838,26045369241493
26045370788595,26045369241493
26045370788595,26045608353485
26045370788595,26045757068849
26045370788595,26045923668403
26045370788595,26046139021364
26045370788595,26046580952982
26046618755543,26046580952982
26046618755543,26046773324717
26046618755543,26047030531293
26046618755543,26047187492273
26047205340037,26047187492273
26047205340037,26047467451782
26047205340037,26047632090867
26047205340037,26047809831112
26047205340037,26048054211038
26048096843987,26048054211038
26048096843987,26048361361591
26048096843987,26048525874886
26048096843987,26048676082272
26048096843987,26048978292532
26048096843987,26049389499602
26049419762403,26049389499602
26049419762403,26049685521945
26049419762403,26049901189139
26049419762403,26050109545780
26049419762403,26050290208349
26050292846754,26050290208349
26050292846754,26050481137281
26050292846754,26050653127427
26050292846754,26050805026802
26050292846754,26051124257393
26051134816781,26051124257393
26051134816781,26051382367606
26051134816781,26051605183696
26051607014011,26051605183696
26051607014011,26051786470149
26051607014011,26051933095664
26051607014011,26052203360964
26051607014011,26052370574637
26051607014011,26052583905160
26051607014011,26052903237782
26052917372692,26052903237782
26052917372692,26053170265385
26052917372692,26053329613916
26052917372692,26053560275475
26053561701996,26053560275475
26053561701996,26053737271291
26053561701996,26053869669693
26053561701996,26054018042322
26053561701996,26054322911431
26053561701996,26054696147131
26054884154609,26054696147131
26054884154609,26055129458335
26054884154609,26055365694696
26054884154609,26055579083067
26054884154609,26055819422406
26055825482922,26055819422406
26055825482922,26056065969400
26055825482922,26056219962533
26055825482922,26056379046547
26055825482922,26056785425529
26056786614799,26056785425529
26056786614799,26057021191221
26056786614799,26057133390497
26056786614799,26057334031426
26057335563688,26057334031426
26057335563688,26057527305188
26057335563688,26057805662879
26057335563688,26058026935156
26057335563688,26058199619580
26057335563688,26058556745375
26058559658988,26058556745375
26058559658988,26058772022005
26058559658988,26058917716638
26058559658988,26059056273813
26058559658988,26059352409428
26059440513481,26059352409428
26059440513481,26059674889521
26059440513481,26059896617712
26059440513481,26060074516725
26060077062727,26060074516725
26060077062727,26060247421296
26060077062727,26060372542727
26060077062727,26060518592724
26060077062727,26060771864984
26060077062727,26061171549403
26061225207203,26061171549403
26061225207203,26061450408735
26061225207203,26061686282907
26061225207203,26061857130975
26061225207203,26062171000074
26062173148942,26062171000074
26062173148942,26062339013286
26062173148942,26062625762334
26062173148942,26062774436447
26062173148942,26063081372599
26063083022263,26063081372599
26063083022263,26063288728634
26063083022263,26063560515156
26063083022263,26063723412116
26063083022263,26064002185196
26064027578057,26064002185196
26064027578057,26064221555232
26064027578057,26064436427772
26064027578057,26064696132112
26064027578057,26065002161934
26065004764083,26065002161934
26065004764083,26065179235863
26065004764083,26065428894378
26065004764083,26065595440424
26065004764083,26065836176784
26065866718729,26065836176784
26065866718729,26066043169180
26065866718729,26066213731266
26065866718729,26066281661287
26065866718729,26067092022651
26067121997907,26067092022651
26067121997907,26067315337361
26067121997907,26067558112501
26067121997907,26067759468125
26067762442310,26067759468125
26067762442310,26068053092514
26067762442310,26068249527275
26067762442310,26068417797302
26067762442310,26068548747219
26067762442310,26068909253050
26068976617578,26068909253050
26068976617578,26069226120879
26068976617578,26069431325550
26068976617578,26069597834682
26068976617578,26069919843320
26069933661985,26069919843320
26069933661985,26070129389621
26069933661985,26070278317219
26069933661985,26070494216441
26069933661985,26070793907690
26070811557440,26070793907690
26070811557440,26071034406186
26070811557440,26071254434804
26070811557440,26071484514880
26070811557440,26071629080732
26071687995347,26071629080732
26071687995347,26072000350740
26071687995347,26072169694764
26071687995347,26072343699561
26072346516293,26072343699561
26072346516293,26072540682009
26072346516293,26072704604761
26072346516293,26072848256592
26072346516293,26073175270950
26072346516293,26073620977272
26073715669458,26073620977272
26073715669458,26073986218166
26073715669458,26074239857674
26073715669458,26074445145374
26074448062619,26074445145374
26074448062619,26074641472626
26074448062619,26074803193912
26074448062619,26074976407625
26074448062619,26075263993436
26075266656878,26075263993436
26075266656878,26075458461811
26075266656878,26075662614233
26075266656878,26075842167783
26075266656878,26076243178839
26075266656878,26076481781585
26076528223856,26076481781585
26076528223856,26076748243343
26076528223856,26076926490882
26076528223856,26077181341431
26077182399016,26077181341431
26077182399016,26077457211484
26077182399016,26077606413146
26077182399016,26077796814930
26077182399016,26077961422874
26077182399016,26078412544086
26078448228938,26078412544086
26078448228938,26078681402785
26078448228938,26078868630780
26078448228938,26079035314156
26079038195178,26079035314156
26079038195178,26079265600899
26079038195178,26079425920751
26079038195178,26079605315283
26079038195178,26079747070088
26079038195178,26080208499325
26080211232465,26080208499325
26080211232465,26080376319053
26080211232465,26080629235482
26080211232465,26080830729394
26080211232465,26081038770916
26080211232465,26081296458799
26081111345825,26081296458799
26081111345825,26081489465534
26081111345825,26081614293532
26081616039774,26081614293532
26081616039774,26081818125322
26081616039774,26082020737596
26081616039774,26082213962201
26081616039774,26082502557816
26081616039774,26082890208763
26082983470788,26082890208763
26082983470788,26083287185786
26082983470788,26083440247773
26082983470788,26083598158408
26082983470788,26083947261205
26084043924330,26083947261205
26084043924330,26084315676327
26084043924330,26084463208492
26084043924330,26084630555926
26084043924330,26084942839475
26084973549999,26084942839475
26084973549999,26085153033934
26084973549999,26085344863018
26085392561348,26085344863018
26085392561348,26085610371766
26085392561348,26085739182712
26085392561348,26085886386686
26085392561348,26086059468545
26085392561348,26086386973069
26085392561348,26086785171150
26086848494401,26086785171150
26086848494401,26087083139878
26086848494401,26087249966532
26086848494401,26087435503057
26086848494401,26087603604959
26087437084680,26087603604959
26087437084680,26087780807843
26087437084680,26087986863622
26087437084680,26088305539279
26087437084680,26088673581639
26088683857990,26088673581639
26088683857990,26088932924929
26088683857990,26089117267883
26088683857990,26089299987974
26088683857990,26089556837019
26089608854483,26089556837019
26089608854483,26089829770505
26089608854483,26089984774106
26089608854483,26090182297530
26089608854483,26090463273275
26090487162596,26090463273275
26090487162596,26090725400607
26090487162596,26090883417994
26090487162596,26091026537588
26091031733162,26091026537588
26091031733162,26091325269544
26091031733162,26091449087636
26091031733162,26091609015294
26091031733162,26091868571844
26091031733162,26092313873278
26092339994944,26092313873278
26092339994944,26092606872415
26092339994944,26092772153042
26092339994944,26092952948046
26092954707324,26092952948046
26092954707324,26093113799632
26092954707324,26093278086122
26092954707324,26093457440178
26092954707324,26093747941024
26092954707324,26094126585023
26094323518448,26094126585023
26094323518448,26094492458281
26094323518448,26094678135550
26094323518448,26094870204547
26094323518448,26095111206556
26095134352063,26095111206556
26095134352063,26095286351931
26095134352063,26095483151653
26095134352063,26095634479381
26095682712433,26095634479381
26095682712433,26095913727124
26095682712433,26096127181281
26095682712433,26096357693722
26095682712433,26096544170123
26095682712433,26097045291359
26095682712433,26097230216834
26097047083062,26097230216834
26097047083062,26097461728391
26097047083062,26097593928825
26097595998917,26097593928825
26097595998917,26097780969421
26097595998917,26097927313042
26097595998917,26098084645237
26097595998917,26098363761251
26097595998917,26098744900694
26098747086728,26098744900694
26098747086728,26098968666508
26098747086728,26099134949641
26098747086728,26099345683656
26099347964636,26099345683656
26099347964636,26099541575283
26099347964636,26099694965425
26099347964636,26099864437494
26099347964636,26100139729969
26099347964636,26100558052686
26100619643437,26100558052686
26100619643437,26100883037649
26100619643437,26101014010518
26100619643437,26101264253506
26100619643437,26101554438802
26101603504920,26101554438802
26101603504920,26101883973777
26101603504920,26102101285240
26101603504920,26102301641009
26101603504920,26102504262048
26102516737693,26102504262048
26102516737693,26102775396775
26102516737693,26102939842559
26102516737693,26103050269999
26102516737693,26103900089111
26103902398257,26103900089111
26103902398257,26104072072124
26103902398257,26104306590044
26103902398257,26104482510815
26103902398257,26104781677458
26104848706377,26104781677458
26104848706377,26105104117075
26104848706377,26105318721184
26104848706377,26105529046363
26104848706377,26105803730979
26105898349302,26105803730979
26105898349302,26106063590074
26105898349302,26106296306821
26105898349302,26106465769120
26105898349302,26106809792389
26106835285295,26106809792389
26106835285295,26107061086447
26106835285295,26107224596013
26106835285295,26107434597167
26106835285295,26107725035760
26107802852467,26107725035760
26107802852467,26108029413648
26107802852467,26108187133831
26107802852467,26108351201983
26107802852467,26108541595107
26108352202648,26108541595107
26108352202648,26108824129719
26108352202648,26109026911773
26108352202648,26109179059257
26108352202648,26109761564878
26109763297314,26109761564878
26109763297314,26110062875199
26109763297314,26110245187666
26109763297314,26110464545382
26109763297314,26110644299543
26110777316637,26110644299543
26110777316637,26111048347643
26110777316637,26111270205054
26110777316637,26111488202447
26110777316637,26111681079976
26111683911678,26111681079976
26111683911678,26111947279377
26111683911678,26112093301552
26111683911678,26112273839616
26111683911678,26112459134561
26112513540854,26112459134561
26112513540854,26112816177538
26112513540854,26112968036817
26112513540854,26113165538320
26112513540854,26113471185834
26112513540854,26113667258201
26113488885655,26113667258201
26113488885655,26113859521636
26113488885655,26114132767199
26113488885655,26114385908397
26114415858123,26114385908397
26114415858123,26114683346660
26114415858123,26114812921891
26114415858123,26114957113020
26114415858123,26115287562380
26114415858123,26115578033417
26115390386283,26115578033417
26115390386283,26115856143033
26115390386283,26116046329700
26115390386283,26116200932784
26116318022002,26116200932784
26116318022002,26116511870831
26116318022002,26116726796658
26116318022002,26116922953985
26116927079152,26116922953985
26116927079152,26117068587864
26116927079152,26117209567273
26116927079152,26117352295762
26116927079152,26117726481528
26116927079152,26118195837318
26118198683338,26118195837318
26118198683338,26118523135544
26118198683338,26118694378127
26118198683338,26118896175518
26118198683338,26119181282875
26119245379495,26119181282875
26119245379495,26119497552263
26119245379495,26119611221327
26119245379495,26119797817961
26119245379495,26120105060572
26120157581044,26120105060572
26120157581044,26120410847910
26120157581044,26120591374459
26120157581044,26120754995801
26120157581044,26121122776268
26121125191066,26121122776268
26121125191066,26121326320895
26121125191066,26121498000603
26121125191066,26121657128086
26121660679456,26121657128086
26121660679456,26122142462823
26121660679456,26122381765474
26121660679456,26122578353370
26121660679456,26122816824189
26121660679456,26123281320243
26123314686092,26123281320243
26123314686092,26123507385424
26123314686092,26123679097531
26123314686092,26123891055305
26123892900221,26123891055305
26123892900221,26124098909759
26123892900221,26124297162418
26123892900221,26124469670130
26123892900221,26124658565370
26123892900221,26124974178782
26125130333461,26124974178782
26125130333461,26125338301148
26125130333461,26125518372713
26125130333461,26125711378576
26125130333461,26126057769066
26126083277110,26126057769066
26126083277110,26126327804254
26126083277110,26126545107404
26126546673698,26126545107404
26126546673698,26126778589744
26126546673698,26127014221000
26126546673698,26127195835837
26126546673698,26127319288618
26126546673698,26127487431244
26126546673698,26127830954606
26127870161667,26127830954606
26127870161667,26128049315017
26127870161667,26128222608850
26127870161667,26128424111544
26127870161667,26128761225056
26128785254769,26128761225056
26128785254769,26128978737961
26128785254769,26129135765920
26128785254769,26129327976484
26128785254769,26129666469437
26129739919690,26129666469437
26129739919690,26129966142657
26129739919690,26130189821652
26129739919690,26130357505390
26129739919690,26130524612044
26130589657189,26130524612044
26130589657189,26130810156593
26130589657189,26130931565450
26130589657189,26131172121889
26130589657189,26131432286420
26131808177723,26131432286420
26131808177723,26131971575301
26131808177723,26132134352554
26131808177723,26132295270218
26131808177723,26132532257635
26132623344923,26132532257635
26132623344923,26132906797412
26132623344923,26133088186328
26132623344923,26133255348819
26133256741850,26133255348819
26133256741850,26133428048774
26133256741850,26133596818697
26133256741850,26133773321525
26133256741850,26133962821195
26133256741850,26134490196643
26134492670172,26134490196643
26134492670172,26134743684284
26134492670172,26134892584248
26134492670172,26135023454414
26134492670172,26135498718019
26135529149814,26135498718019
26135529149814,26135776554354
26135529149814,26135961548720
26135529149814,26136193050788
26135529149814,26136469517521
26136472249539,26136469517521
26136472249539,26136665344308
26136472249539,26136839342059
26136472249539,26137048634465
26137052654372,26137048634465
26137052654372,26137244791453
26137052654372,26137407449189
26137052654372,26137580687233
26137052654372,26137857265982
26137052654372,26138294823547
26138309582771,26138294823547
26138309582771,26138548839716
26138309582771,26138818064609
26138309582771,26138994340440
26138309582771,26139194400316
26139195556607,26139194400316
26139195556607,26139464802680
26139195556607,26139665540931
26139195556607,26139845761296
26139195556607,26140035000464
26140090180028,26140035000464
26140090180028,26140262601816
26140090180028,26140487894713
26140090180028,26140698556179
26140090180028,26141028802175
26141093616680,26141028802175
26141093616680,26141280735426
26141093616680,26141458834653
26141093616680,26141672375773
26141093616680,26141983280213
26142009258598,26141983280213
26142009258598,26142179969469
26142009258598,26142376259381
26142009258598,26142595791019
26142009258598,26142885383926
26142886597217,26142885383926
26142886597217,26143085372985
26142886597217,26143257626939
26142886597217,26143426705153
26142886597217,26143704373203
26144066557747,26143704373203
26144066557747,26144282000157
26144066557747,26144502145777
26144066557747,26144629911031
26144066557747,26144976632055
26145080126054,26144976632055
26145080126054,26145327211483
26145080126054,26145480074075
26145080126054,26145706957571
26145080126054,26145995086326
26145996579612,26145995086326
26145996579612,26146215474110
26145996579612,26146399651276
26145996579612,26146559198428
26145996579612,26146894060739
26146933240421,26146894060739
26146933240421,26147102511929
26146933240421,26147317735375
26146933240421,26147443344862
26146933240421,26147812123388
26147814219855,26147812123388
26147814219855,26148002775675
26147814219855,26148183932312
26147814219855,26148326529597
26148328191836,26148326529597
26148328191836,26148561296146
26148328191836,26148713961241
26148328191836,26148861731546
26148328191836,26149293950029
26148328191836,26149641199041
26149643313586,26149641199041
26149643313586,26149855170995
26149643313586,26150139271001
26149643313586,26150302269858
26149643313586,26150497369397
26150577411270,26150497369397
26150577411270,26150827409402
26150577411270,26151019118742
26150577411270,26151175352064
26150577411270,26151436631664
26151536411809,26151436631664
26151536411809,26151736125564
26151536411809,26151945847843
26151536411809,26152125185698
26152127272367,26152125185698
26152127272367,26152364632387
26152127272367,26152517259061
26152127272367,26152707060877
26152127272367,26152861019745
26152127272367,26153239130432
26153293624136,26153239130432
26153293624136,26153553117195
26153293624136,26153722404264
26153293624136,26153881190573
26153293624136,26154227747355
26154253484104,26154227747355
26154253484104,26154485843599
26154253484104,26154672487285
26154253484104,26154911392799
26154253484104,26155062131925
26155075471143,26155062131925
26155075471143,26155246292779
26155075471143,26155417607860
26155529861023,26155417607860
26155529861023,26155527945930
26155529861023,26155716711000
26155529861023,26155828595584
26155529861023,26155917118672
26155529861023,26156011149721
26155529861023,26156169261520
26155529861023,26156239018821
