25664462369595,25665809677274
25664462369595,25666043772273
25666051302552,25666043772273
25666051302552,25666268365523
25666051302552,25666874406484
25666051302552,25667009533692
25666051302552,25667168694149
25667171141701,25667168694149
25667171141701,25667426392736
25667171141701,25667701514833
25667171141701,25667946666922
25667171141701,25668095598782
25667171141701,25668263175295
25667171141701,25668434705168
25667171141701,25668636738568
25668509290917,25668636738568
25668509290917,25668813293701
25669168584551,25668813293701
25669168584551,25669487988663
25669168584551,25669723429014
25669168584551,25669868860262
25669168584551,25670195023468
25670202482655,25670195023468
25670202482655,25670498315099
25670202482655,25670694069928
25670202482655,25670875642445
25670202482655,25671159776759
25671161966174,25671159776759
25671161966174,25671476149509
25671161966174,25671645414501
25671647308833,25671645414501
25671647308833,25671806866658
25671647308833,25671950860183
25671647308833,25672135262520
25671647308833,25672348246571
25671647308833,25672536636817
25671647308833,25673023362188
25673026563250,25673023362188
25673026563250,25673234341281
25673026563250,25673429454897
25673026563250,25673573858964
25673026563250,25673811188544
25673842523092,25673811188544
25673842523092,25674063887652
25673842523092,25674304256663
25673842523092,25674445715681
25673842523092,25674736121648
25674828979285,25674736121648
25674828979285,25675076231822
25674828979285,25675246263077
25674828979285,25675472141544
25674828979285,25675736358626
25675839109664,25675736358626
25675839109664,25676155628518
25675839109664,25676298430831
25675839109664,25676423568319
25675839109664,25676833196098
25676838671339,25676833196098
25676838671339,25677032123297
25676838671339,25677209562567
25676838671339,25677436335958
25676838671339,25677732369869
25677759841897,25677732369869
25677759841897,25678090033152
25677759841897,25678251919680
25677759841897,25678435298595
25677759841897,25678619994723
25678720252303,25678619994723
25678720252303,25678950592995
25678720252303,25679135604980
25678720252303,25679348763827
25679351661974,25679348763827
25679351661974,25679531687081
25679351661974,25679711744806
25679351661974,25679935488223
25679351661974,25680218310806
25680223407577,25680218310806
25680223407577,25680433951972
25680223407577,25680649700785
25680223407577,25680825062883
25680223407577,25681026448023
25680223407577,25681496492018
25681541981675,25681496492018
25681541981675,25681740340757
25681541981675,25681951381839
25681541981675,25682153882707
25681541981675,25682425798319
25682465140044,25682425798319
25682465140044,25682727211190
25682465140044,25682966414480
25682465140044,25683194502608
25682465140044,25683471522297
25683474951449,25683471522297
25683474951449,25683610860494
25683474951449,25683951523641
25683474951449,25684115312076
25683474951449,25684556762983
25684561895752,25684556762983
25684561895752,25684875356431
25684561895752,25685031968278
25684561895752,25685211444484
25684561895752,25685445986526
25685864257169,25685445986526
25685864257169,25686107641942
25685864257169,25686248999562
25685864257169,25686464486439
25686468562964,25686464486439
25686468562964,25686679341525
25686468562964,25686935372943
25686468562964,25687110310070
25686468562964,25687265179380
25687268067940,25687265179380
25687268067940,25687556375121
25687268067940,25687805642581
25687268067940,25687971344060
25687268067940,25688195484141
25687268067940,25688568626051
25688582607417,25688568626051
25688582607417,25688837350380
25688582607417,25688994302535
25688582607417,25689199273251
25688582607417,25689456487338
25689527723638,25689456487338
25689527723638,25689742463118
25689527723638,25689875979465
25689527723638,25690133373655
25689527723638,25690461546449
25690463631790,25690461546449
25690463631790,25690652209616
25690463631790,25690897735393
25690463631790,25691095942957
25690463631790,25691322119267
25691368872889,25691322119267
25691368872889,25691595590967
25691368872889,25691848165642
25691368872889,25692007020344
25691368872889,25692286076167
25692384741486,25692286076167
25692384741486,25692713135931
25692384741486,25692940674616
25692384741486,25693126102485
25692384741486,25693399626094
25693401392523,25693399626094
25693401392523,25693672829222
25693401392523,25693827356084
25693401392523,25694015738311
25694017813459,25694015738311
25694017813459,25694224351342
25694017813459,25694379234722
25694017813459,25694585209856
25694017813459,25694826915868
25694017813459,25695297052979
25695300826141,25695297052979
25695300826141,25695603327379
25695300826141,25695767686892
25695300826141,25695907437841
25695300826141,25696144383886
25696228718139,25696144383886
25696228718139,25696500051908
25696228718139,25696640299474
25696228718139,25696818552955
25696228718139,25697253258468
25697316191252,25697253258468
25697316191252,25697588755306
25697316191252,25697739076280
25697316191252,25697933981796
25697316191252,25698453942271
25698456057200,25698453942271
25698456057200,25698675412474
25698456057200,25698877462090
25698456057200,25699029284777
25698456057200,25699190053203
25699202228225,25699190053203
25699202228225,25699459174883
25699202228225,25699582361943
25699202228225,25699719412499
25699202228225,25700054907470
25700176834041,25700054907470
25700176834041,25700391415823
25700176834041,25700557256282
25700176834041,25700749197159
25700176834041,25701151371947
25701152966948,25701151371947
25701152966948,25701405782527
25701152966948,25701630509904
25701152966948,25701880609946
25701152966948,25702086164395
25702096314468,25702086164395
25702096314468,25702358698261
25702096314468,25702555169406
25702096314468,25702694324178
25702096314468,25703007230665
25703241056385,25703007230665
25703241056385,25703449292399
25703241056385,25703644552739
25703241056385,25703792589681
25703241056385,25703984088440
25703985819450,25703984088440
25703985819450,25704235154421
25703985819450,25704533146341
25703985819450,25704672358286
25703985819450,25704831993900
25704853201365,25704831993900
25704853201365,25705117555549
25704853201365,25705335521584
25704853201365,25705491172322
25704853201365,25705756082136
25705791819439,25705756082136
25705791819439,25706030131023
25705791819439,25706222780546
25705791819439,25706440961480
25706442674131,25706440961480
25706442674131,25706567336849
25706442674131,25706765735241
25706442674131,25707023301387
25706442674131,25707272546125
25706442674131,25707585819469
25707622304456,25707585819469
25707622304456,25707860947652
25707622304456,25708041773971
25707622304456,25708255022819
25707622304456,25708523594946
25708612842953,25708523594946
25708612842953,25708889511643
25708612842953,25709054934113
25708612842953,25709248809702
25708612842953,25709601500800
25709604467479,25709601500800
25709604467479,25709857307622
25709604467479,25710076414262
25710078272075,25710076414262
25710078272075,25710294327785
25710078272075,25710488160837
25710078272075,25710650104205
25710078272075,25710854800570
25710078272075,25710994338924
25710996994314,25710994338924
25710996994314,25711197764639
25710996994314,25711345409256
25710996994314,25711564213685
25710996994314,25712196429277
25710996994314,25712601375934
25712689378122,25712601375934
25712689378122,25712898991789
25712689378122,25713098896352
25712689378122,25713286663617
25712689378122,25713623221212
25713687235284,25713623221212
25713687235284,25713862829359
25713687235284,25714078077752
25713687235284,25714240318026
25713687235284,25714522339927
25714568801440,25714522339927
25714568801440,25714819369849
25714568801440,25715015067812
25714568801440,25715185403537
25714568801440,25715507144496
25715520048026,25715507144496
25715520048026,25715676405322
25715520048026,25715904994059
25715520048026,25716032829025
25715520048026,25716393459457
25716459598331,25716393459457
25716459598331,25716737358899
25716459598331,25716883097676
25716459598331,25717122855753
25716459598331,25717395260685
25717400803823,25717395260685
25717400803823,25717545879634
25717400803823,25717818439714
25717400803823,25717991904287
25717400803823,25718303950025
25718324834989,25718303950025
25718324834989,25718579956766
25718324834989,25718768821833
25718324834989,25718909015733
25718911137378,25718909015733
25718911137378,25719096208677
25718911137378,25719257557473
25718911137378,25719387394693
25718911137378,25719691091362
25718911137378,25720139711388
25720229971742,25720139711388
25720229971742,25720415869680
25720229971742,25720644560976
25720229971742,25720844690670
25720847669914,25720844690670
25720847669914,25721127256234
25720847669914,25721301934409
25720847669914,25721469123979
25720847669914,25721651396302
25720847669914,25722040864815
25722044145651,25722040864815
25722044145651,25722207636889
25722044145651,25722472607726
25722044145651,25722639757529
25722044145651,25722913249079
25722985907717,25722913249079
25722985907717,25723313630420
25722985907717,25723454446483
25722985907717,25723620945899
25722985907717,25723840656228
25723894857686,25723840656228
25723894857686,25724128617646
25723894857686,25724271630785
25723894857686,25724472452302
25723894857686,25724758943763
25724761065472,25724758943763
25724761065472,25725011129982
25724761065472,25725154498723
25724761065472,25725313755487
25724761065472,25725656673075
25724761065472,25725870218957
25725660517945,25725870218957
25725660517945,25726049552295
25725660517945,25726199046454
25725660517945,25726639401357
25726663544600,25726639401357
25726663544600,25726924230067
25726663544600,25727130745170
25726663544600,25727311693690
25726663544600,25727630094748
25727631973344,25727630094748
25727631973344,25727807858778
25727631973344,25727944398765
25727631973344,25728096387374
25727631973344,25728509826526
25728511820204,25728509826526
25728511820204,25728712305711
25728511820204,25728953312590
25728511820204,25729133276242
25728511820204,25729465580158
25729505273092,25729465580158
25729505273092,25729752447245
25729505273092,25729910579602
25729505273092,25730063056145
25729505273092,25730296526962
25730315377047,25730296526962
25730315377047,25730502154133
25730315377047,25730705317927
25730315377047,25730861264503
25730315377047,25731232751496
25731234473060,25731232751496
25731234473060,25731441579109
25731234473060,25731607227577
25731234473060,25731734274399
25731234473060,25732112811396
25732355367227,25732112811396
25732355367227,25732533516922
25732355367227,25732683184624
25732355367227,25732880926465
25732355367227,25733058242032
25733083248634,25733058242032
25733083248634,25733374761044
25733083248634,25733537895417
25733083248634,25733717339942
25733718999106,25733717339942
25733718999106,25733888743066
25733718999106,25734045167975
25733718999106,25734249141832
25733718999106,25734545906345
25733718999106,25734841228569
25733718999106,25735041419512
25734874296370,25735041419512
25734874296370,25735286046651
25734874296370,25735454394330
25734874296370,25735735447471
25735818636646,25735735447471
25735818636646,25736065506421
25735818636646,25736366653168
25735818636646,25736569535235
25735818636646,25736742323745
25736570951690,25736742323745
25736570951690,25736901180846
25736570951690,25737089570224
25736570951690,25737330384740
25736570951690,25737733298035
25737842150338,25737733298035
25737842150338,25738117582602
25737842150338,25738336051680
25737842150338,25738505398868
25737842150338,25738638179807
25738748605566,25738638179807
25738748605566,25739029145412
25738748605566,25739194800172
25738748605566,25739415371727
25738748605566,25739652444653
25739775673430,25739652444653
25739775673430,25739992032025
25739775673430,25740182701427
25739775673430,25740438391710
25740474245179,25740438391710
25740474245179,25740672571271
25740474245179,25740837026581
25740474245179,25741007334398
25740474245179,25741278406471
25741281527837,25741278406471
25741281527837,25741463362975
25741281527837,25741624107246
25741281527837,25741797909892
25741281527837,25742096333463
25741281527837,25742498039006
25742513793594,25742498039006
25742513793594,25742761930695
25742513793594,25742962074566
25742513793594,25743107213108
25742513793594,25743877908073
25744182106654,25743877908073
25744182106654,25744372318094
25744182106654,25744623469163
25744182106654,25744750604234
25744182106654,25745084930989
25745147019247,25745084930989
25745147019247,25745403264755
25745147019247,25745609705953
25745147019247,25745798099804
25745147019247,25746092263235
25746094267097,25746092263235
25746094267097,25746324706882
25746094267097,25746529870707
25746094267097,25746695994073
25746094267097,25746844159233
25746962511909,25746844159233
25746962511909,25747170807155
25746962511909,25747450871399
25746962511909,25747616378901
25746962511909,25747838128403
25747917557741,25747838128403
25747917557741,25748080421939
25747917557741,25748270717823
25747917557741,25748399568941
25747917557741,25748824053523
25748926912036,25748824053523
25748926912036,25749166549347
25748926912036,25749343106753
25748926912036,25749528605356
25748926912036,25749983479469
25749985651696,25749983479469
25749985651696,25750233137065
25749985651696,25750417433312
25749985651696,25750550526533
25750552151238,25750550526533
25750552151238,25750746371436
25750552151238,25751000249646
25750552151238,25751165147627
25750552151238,25751365845330
25751367162340,25751365845330
25751367162340,25751531445126
25751367162340,25751799248092
25751367162340,25752094616788
25751367162340,25752426396211
25751367162340,25752805485447
25752807871388,25752805485447
25752807871388,25753033242932
25752807871388,25753344361619
25752807871388,25753535274338
25752807871388,25753712138462
25753714667908,25753712138462
25753714667908,25753891353794
25753714667908,25754086753739
25753714667908,25754250603202
25753714667908,25754536957160
25754540566453,25754536957160
25754540566453,25754778408662
25754540566453,25754898877998
25754540566453,25755110875306
25754540566453,25755423186073
25755476551061,25755423186073
25755476551061,25755721289131
25755476551061,25755885857658
25755476551061,25756116428988
25755476551061,25756414284412
25756415738682,25756414284412
25756415738682,25756637977798
25756415738682,25756838294914
25756415738682,25757031322402
25756415738682,25757401151576
25757418397507,25757401151576
25757418397507,25757689351727
25757418397507,25757978053865
25757418397507,25758166385035
25757418397507,25758347604375
25757418397507,25758507408511
25758508847173,25758507408511
25758508847173,25758751520850
25758508847173,25758921391146
25758508847173,25759263737023
25759265081534,25759263737023
25759265081534,25759458288497
25759265081534,25759661175258
25759265081534,25759888905504
25759265081534,25760143506532
25760212010241,25760143506532
25760212010241,25760457720654
25760212010241,25760604189184
25760212010241,25760732154404
25760212010241,25761135816207
25761143521712,25761135816207
25761143521712,25761383527485
25761143521712,25761561741537
25761143521712,25761733228505
25761143521712,25762108496671
25762179888397,25762108496671
25762179888397,25762421882663
25762179888397,25762710663949
25762179888397,25762935861747
25762938532872,25762935861747
25762938532872,25763185683026
25762938532872,25763359038352
25762938532872,25763514302800
25762938532872,25763668882360
25762938532872,25763833265817
25763670865818,25763833265817
25763670865818,25763967949826
25763670865818,25764126162794
25763670865818,25764403172912
25763670865818,25764971892405
25764973904266,25764971892405
25764973904266,25765227971805
25764973904266,25765450743099
25764973904266,25765664478307
25765666076111,25765664478307
25765666076111,25765915320142
25765666076111,25766073220206
25765666076111,25766213791855
25765666076111,25766401320720
25766403739379,25766401320720
25766403739379,25766711988913
25766403739379,25766838434266
25766403739379,25766909448836
25766403739379,25767300565988
25766403739379,25767809461250
25767936404264,25767809461250
25767936404264,25768121460674
25767936404264,25768430139131
25767936404264,25768642693869
25767936404264,25768956283954
25769004906335,25768956283954
25769004906335,25769254690269
25769004906335,25769441414367
25769004906335,25769652786294
25769004906335,25769877813588
25769902755666,25769877813588
25769902755666,25770097090880
25769902755666,25770275552728
25769902755666,25770456026805
25769902755666,25770737250056
25770807871480,25770737250056
25770807871480,25771033890669
25770807871480,25771197530691
25770807871480,25771447186196
25771449936881,25771447186196
25771449936881,25771614414966
25771449936881,25771737886853
25771449936881,25771928018621
25771449936881,25772203354153
25771449936881,25772602000565
25772671479566,25772602000565
25772671479566,25772917026842
25772671479566,25773084414150
25772671479566,25773278218213
25772671479566,25773560108670
25773600959396,25773560108670
25773600959396,25773859044482
25773600959396,25773987436443
25773600959396,25774162157715
25773600959396,25774548366545
25774553199384,25774548366545
25774553199384,25774736175463
25774553199384,25774932518057
25774553199384,25775101763887
25774553199384,25775411903431
25775451513301,25775411903431
25775451513301,25775649049462
25775451513301,25775832712080
25775451513301,25776061196278
25775451513301,25776306236897
25776357578745,25776306236897
25776357578745,25776522109508
25776357578745,25776704373881
25776357578745,25776948465645
25776951337816,25776948465645
25776951337816,25777168508951
25776951337816,25777371647471
25776951337816,25777573372647
25776951337816,25777734428940
25777736162619,25777734428940
25777736162619,25777917505315
25777736162619,25778070861244
25777736162619,25778186237086
25777736162619,25778553859186
25777736162619,25778972715718
25779142777861,25778972715718
25779142777861,25779344229578
25779142777861,25779562290288
25779142777861,25779725856501
25779142777861,25780091378493
25780100172461,25780091378493
25780100172461,25780260131557
25780100172461,25780469987054
25780100172461,25780594322536
25780100172461,25780934965688
25780976439658,25780934965688
25780976439658,25781188539615
25780976439658,25781408983285
25780976439658,25781587347269
25781588924934,25781587347269
25781588924934,25781792637479
25781588924934,25781915867081
25781588924934,25782127617937
25781588924934,25782332193994
25781588924934,25782912406198
25782915803601,25782912406198
25782915803601,25783147029204
25782915803601,25783309734596
25782915803601,25783436739645
25782915803601,25783926414904
25783928498178,25783926414904
25783928498178,25784154711426
25783928498178,25784309115926
25783928498178,25784544660048
25784546690229,25784544660048
25784546690229,25784759152331
25784546690229,25784904251668
25784546690229,25785054796087
25784546690229,25785230267837
25785350730035,25785230267837
25785350730035,25785535031298
25785350730035,25785741250076
25785350730035,25785939397204
25785350730035,25786231995640
25785350730035,25786658171597
25786718574352,25786658171597
25786718574352,25786965349904
25786718574352,25787135713618
25786718574352,25787356747796
25786718574352,25787657253168
25787720790823,25787657253168
25787720790823,25787989470291
25787720790823,25788194109374
25787720790823,25788358363579
25787720790823,25788621569190
25788720169272,25788621569190
25788720169272,25788964045173
25788720169272,25789093202390
25788720169272,25789279571867
25788720169272,25789490999893
25789560412116,25789490999893
25789560412116,25789786825916
25789560412116,25789982187919
25789560412116,25790166922692
25789560412116,25790413096263
25790488640121,25790413096263
25790488640121,25790672993115
25790488640121,25790928374335
25790488640121,25791117789785
25790488640121,25791387993267
25791477778698,25791387993267
25791477778698,25791726353998
25791477778698,25791889340482
25791477778698,25792080272773
25792085130737,25792080272773
25792085130737,25792324517473
25792085130737,25792499207555
25792085130737,25792668547503
25792085130737,25792821740838
25792085130737,25793447303973
25793448754173,25793447303973
25793448754173,25793722747967
25793448754173,25793941088085
25793448754173,25794141527849
25793448754173,25794309273434
25794311415140,25794309273434
25794311415140,25794550609315
25794311415140,25794705329705
25794311415140,25794886352423
25794311415140,25795229824586
25795257073250,25795229824586
25795257073250,25795519401595
25795257073250,25795678150420
25795257073250,25795829281383
25795257073250,25796104530823
25795257073250,25796316863584
25796140352439,25796316863584
25796140352439,25796861234334
25796140352439,25797028611288
25796140352439,25797205740081
25796140352439,25797352561684
25797354427541,25797352561684
25797354427541,25797509344747
25797354427541,25797646305807
25797354427541,25798036981035
25798106434335,25798036981035
25798106434335,25798362094955
25798106434335,25798542588152
25798106434335,25798735988767
25798106434335,25798917541822
25799007509980,25798917541822
25799007509980,25799255216971
25799007509980,25799378823020
25799007509980,25799531111503
25799007509980,25799951256217
25800046671561,25799951256217
25800046671561,25800281704797
25800046671561,25800469066335
25800046671561,25800678940291
25800046671561,25800994852704
25801005171140,25800994852704
25801005171140,25801248178244
25801005171140,25801463068761
25801005171140,25801677794396
25801005171140,25801963272895
25802110904663,25801963272895
25802110904663,25802305306033
25802110904663,25802465828413
25802110904663,25802615809491
25802110904663,25803079033657
25803141384584,25803079033657
25803141384584,25803406829956
25803141384584,25803532276757
25803141384584,25803706215311
25803141384584,25804116405189
25804161455643,25804116405189
25804161455643,25804404864543
25804161455643,25804634420948
25804161455643,25804824588493
25804161455643,25805062488460
25805182904329,25805062488460
25805182904329,25805446658715
25805182904329,25805623539341
25805182904329,25805771053570
25805182904329,25806148242852
25806151519781,25806148242852
25806151519781,25806337338330
25806151519781,25806585190482
25806151519781,25806812474602
25806151519781,25807023258873
25807114811470,25807023258873
25807114811470,25807395123267
25807114811470,25807589358996
25807591349877,25807589358996
25807591349877,25807859331189
25807591349877,25808021942510
25807591349877,25808267921376
25807591349877,25808423150118
25807591349877,25808548606612
25807591349877,25808897496342
25809068571470,25808897496342
25809068571470,25809344804699
25809068571470,25809484670953
25809068571470,25809621193264
25809068571470,25810010303434
25810012487095,25810010303434
25810012487095,25810293390503
25810012487095,25810424918810
25810012487095,25810597270270
25810012487095,25811022854067
25811024548595,25811022854067
25811024548595,25811229322401
25811024548595,25811427855354
25811024548595,25811581023155
25811024548595,25811906077404
25812228085813,25811906077404
25812228085813,25812417279837
25812228085813,25812598776320
25812228085813,25812774279305
25812228085813,25813142436628
25813153801819,25813142436628
25813153801819,25813442371067
25813153801819,25813586415529
25813153801819,25813726062902
25813728227325,25813726062902
25813728227325,25813938954249
25813728227325,25814097946617
25813728227325,25814248812657
25813728227325,25814629937823
25813728227325,25815047932344
25815049769238,25815047932344
25815049769238,25815257686358
25815049769238,25815447192533
25815049769238,25815579436920
25815049769238,25816064976521
25816067357456,25816064976521
25816067357456,25816351995816
25816067357456,25816516274502
25816067357456,25816682185431
25816067357456,25816871182742
25816873852926,25816871182742
25816873852926,25817127021007
25816873852926,25817274463629
25816873852926,25817462082423
25816873852926,25817720624208
25817824675949,25817720624208
25817824675949,25818077528796
25817824675949,25818270502199
25817824675949,25818501642360
25817824675949,25818743970122
25818785304308,25818743970122
25818785304308,25819079541191
25818785304308,25819219552164
25818785304308,25819419685857
25818785304308,25819660418834
25819661727009,25819660418834
25819661727009,25819915527934
25819661727009,25820156588929
25819661727009,25820328248586
25819661727009,25820546251490
25820573132726,25820546251490
25820573132726,25820791069119
25820573132726,25820973387700
25820573132726,25821150792883
25820573132726,25821564353310
25821623750288,25821564353310
25821623750288,25821969126226
25821623750288,25822130817948
25821623750288,25822277843902
25821623750288,25822419493036
25822421122483,25822419493036
25822421122483,25822615487498
25822421122483,25822805346097
25822421122483,25823012536273
25823014496352,25823012536273
25823014496352,25823290435330
25823014496352,25823475333781
25823014496352,25823607176628
25823014496352,25823821720518
25823014496352,25824321558229
25824599544800,25824321558229
25824599544800,25824789845054
25824599544800,25824947308862
25824599544800,25825385121748
25824599544800,25825645156859
25825759444759,25825645156859
25825759444759,25826014283916
25825759444759,25826144114757
25825759444759,25826275777446
25825759444759,25826641981105
25826644449946,25826641981105
25826644449946,25826901851318
25826644449946,25827079132315
25826644449946,25827252463758
25826644449946,25827446350777
25827592592133,25827446350777
25827592592133,25827875917996
25827592592133,25828038198927
25827592592133,25828246253189
25827592592133,25828629302720
25828655287857,25828629302720
25828655287857,25828895613429
25828655287857,25829019500435
25828655287857,25829204315340
25829206152301,25829204315340
25829206152301,25829402569399
25829206152301,25829528226817
25829206152301,25829811577425
25829206152301,25830052995543
25829206152301,25830595628874
25830601684388,25830595628874
25830601684388,25830829964650
25830601684388,25830984778806
25830601684388,25831133379018
25830601684388,25831524330735
25831652850601,25831524330735
25831652850601,25831870593675
25831652850601,25832055230758
25831652850601,25832217424209
25831652850601,25832406493353
25831652850601,25832588314081
25832449238861,25832588314081
25832449238861,25832881353940
25832449238861,25833037768440
25832449238861,25833488817376
25833493041617,25833488817376
25833493041617,25833747652385
25833493041617,25833894787734
25833493041617,25834074315558
25833493041617,25834373054281
25834375375423,25834373054281
25834375375423,25834605940664
25834375375423,25834782177632
25834375375423,25834990626685
25834375375423,25835178471852
25835214082120,25835178471852
25835214082120,25835436169475
25835214082120,25835711763182
25835214082120,25835941477193
25835214082120,25836145175951
25836190916190,25836145175951
25836190916190,25836442508480
25836190916190,25836633234748
25836190916190,25836850243807
25836190916190,25837002327288
25837100305499,25837002327288
25837100305499,25837392997424
25837100305499,25837560320271
25837100305499,25837723241398
25837726296771,25837723241398
25837726296771,25837936200857
25837726296771,25838152824568
25837726296771,25838350282450
25837726296771,25838542342851
25837726296771,25838855893448
25839006308650,25838855893448
25839006308650,25839256086605
25839006308650,25839412784292
25839006308650,25839593488439
25839006308650,25839739505296
25839597565005,25839739505296
25839597565005,25839885203694
25839597565005,25840061690493
25839597565005,25840204349847
25839597565005,25840729605738
25840732215537,25840729605738
25840732215537,25841014676865
25840732215537,25841171387149
25840732215537,25841321582513
25840732215537,25841628612936
25841631355624,25841628612936
25841631355624,25841906296426
25841631355624,25842087371755
25841631355624,25842233171751
25841631355624,25842535775823
25842634217753,25842535775823
25842634217753,25842917330982
25842634217753,25843077231493
25842634217753,25843218143760
25842634217753,25843648539465
25842634217753,25843966205055
25843663729384,25843966205055
25843663729384,25844154038177
25843663729384,25844343762919
25843663729384,25844540383905
25844686235844,25844540383905
25844686235844,25844931046471
25844686235844,25845109844404
25844686235844,25845327224417
25845328692981,25845327224417
25845328692981,25845535400265
25845328692981,25845721064465
25845328692981,25845884310732
25845328692981,25846047000818
25845328692981,25846475299743
25846510548946,25846475299743
25846510548946,25846729200046
25846510548946,25847089047072
25846510548946,25847297461610
25847371030729,25847297461610
25847371030729,25847613713295
25847371030729,25847813121659
25847371030729,25847996731739
25847371030729,25848235476084
25848323039014,25848235476084
25848323039014,25848561080430
25848323039014,25848778347050
25848323039014,25848919962229
25848323039014,25849191843176
25848323039014,25849691219200
25849717119021,25849691219200
25849717119021,25849956018971
25849717119021,25850122463922
25849717119021,25850289950562
25849717119021,25850604454119
25850611157371,25850604454119
25850611157371,25850880886569
25850611157371,25851067163018
25850611157371,25851213081523
25850611157371,25851493872014
25851495572180,25851493872014
25851495572180,25851687047167
25851495572180,25851884479169
25851495572180,25852057975220
25851495572180,25852400809514
25852454237833,25852400809514
25852454237833,25852693075797
25852454237833,25852930991292
25852454237833,25853117404225
25853119985031,25853117404225
25853119985031,25853357909038
25853119985031,25853530188799
25853119985031,25853682207783
25853119985031,25853840446705
25853851311423,25853840446705
25853851311423,25854111241878
25853851311423,25854328191149
25853851311423,25854601928696
25853851311423,25854754684696
25853851311423,25855137294439
25853851311423,25855390438849
25855214748592,25855390438849
25855214748592,25855533982162
25855214748592,25855732166120
25855745937757,25855732166120
25855745937757,25856019659692
25855745937757,25856156592580
25855745937757,25856449870388
25855745937757,25856700112245
25855745937757,25857076056233
25857163562546,25857076056233
25857163562546,25857427350337
25857163562546,25857575467201
25857163562546,25857711218669
25857712434432,25857711218669
25857712434432,25857936223062
25857712434432,25858088238118
25857712434432,25858213400841
25857712434432,25858560831497
25857712434432,25858977101137
25858993169923,25858977101137
25858993169923,25859261725680
25858993169923,25859390100954
25858993169923,25859550175089
25859551146178,25859550175089
25859551146178,25859785265836
25859551146178,25860022072951
25859551146178,25860218173513
25859551146178,25860359940910
25860361737126,25860359940910
25860361737126,25860552872724
25860361737126,25860793353633
25860361737126,25861016169127
25860361737126,25861273992105
25860361737126,25861642921231
25861681175638,25861642921231
25861681175638,25861976275492
25861681175638,25862155124745
25861681175638,25862277597427
25862279632305,25862277597427
25862279632305,25862498475394
25862279632305,25862669152455
25862279632305,25862830547319
25862279632305,25863129485654
25862279632305,25863440230929
25863553990554,25863440230929
25863553990554,25863727134198
25863553990554,25863978153213
25863553990554,25864134016236
25863553990554,25864482205077
25864490162599,25864482205077
25864490162599,25864684374469
25864490162599,25864926017505
25864490162599,25865053323384
25864490162599,25865394650293
25865413487400,25865394650293
25865413487400,25865675388342
25865413487400,25865814861081
25865413487400,25865976308944
25865986614457,25865976308944
25865986614457,25866180864901
25865986614457,25866372285461
25865986614457,25866647266720
25865986614457,25866885943195
25865986614457,25867472137504
25867591573819,25867472137504
25867591573819,25867795077905
25867591573819,25867942730959
25867591573819,25868140510796
25867591573819,25868418215373
25868489942486,25868418215373
25868489942486,25868697334053
25868489942486,25868884118705
25868489942486,25869117570578
25868489942486,25869443326313
25869446447154,25869443326313
25869446447154,25869599632702
25869446447154,25869794511691
25869446447154,25869944707928
25869446447154,25870359405061
25870361307965,25870359405061
25870361307965,25870623433379
25870361307965,25870797686682
25870361307965,25870955904132
25870361307965,25871199176045
25871270998126,25871199176045
25871270998126,25871511968614
25871270998126,25871737754919
25871270998126,25871918332620
25871919620259,25871918332620
25871919620259,25872128225348
25871919620259,25872303635766
25871919620259,25872470175332
25871919620259,25872613925025
25872695267557,25872613925025
25872695267557,25872935742153
25872695267557,25873158694148
25872695267557,25873383322796
25872695267557,25873528737837
25872695267557,25873906711319
25873996333052,25873906711319
25873996333052,25874309268098
25873996333052,25874481336371
25873996333052,25874705949558
25874708319532,25874705949558
25874708319532,25874931518043
25874708319532,25875122056224
25874708319532,25875278183852
25874708319532,25875455387036
25874708319532,25875861659419
25875898226820,25875861659419
25875898226820,25876156399911
25875898226820,25876344612631
25875898226820,25876496991303
25876498909578,25876496991303
25876498909578,25876768169039
25876498909578,25876941307111
25876498909578,25877082965493
25876498909578,25877239518173
25876498909578,25877683494569
25877686852294,25877683494569
25877686852294,25877902533313
25877686852294,25878082399467
25877686852294,25878251229930
25878254769423,25878251229930
25878254769423,25878475349018
25878254769423,25878690615840
25878254769423,25878869210527
25878254769423,25879051114066
25878254769423,25879394797574
25879430445163,25879394797574
25879430445163,25879589776636
25879430445163,25879791842477
25879430445163,25879977752671
25879979736932,25879977752671
25879979736932,25880230579331
25879979736932,25880445178348
25879979736932,25880597608939
25879979736932,25880892666407
25880901300771,25880892666407
25880901300771,25881157023727
25880901300771,25881362726554
25880901300771,25881530427650
25880901300771,25881849076024
25880901300771,25882281609609
25882302304298,25882281609609
25882302304298,25882544677702
25882302304298,25882687432846
25882302304298,25882921298583
25882302304298,25883073066228
25883164082952,25883073066228
25883164082952,25883381620023
25883164082952,25883605733161
25883164082952,25883776418890
25883780130053,25883776418890
25883780130053,25884005946094
25883780130053,25884133414875
25883780130053,25884320305029
25883780130053,25884472409291
25883780130053,25885039215009
25885040749587,25885039215009
25885040749587,25885260303628
25885040749587,25885400123094
25885040749587,25885626425711
25885040749587,25885877214664
25885976803567,25885877214664
25885976803567,25886142416930
25885976803567,25886648503349
25885976803567,25886801690422
25885976803567,25887226821612
25885976803567,25887458760458
25887251502370,25887458760458
25887251502370,25887989033090
25887251502370,25888134195015
25888137469236,25888134195015
25888137469236,25888338940634
25888137469236,25888461285197
25888137469236,25888596256644
25888137469236,25888712925504
25888713919574,25888712925504
25888713919574,25888991322112
25888713919574,25889169933580
25888713919574,25889334781938
25888713919574,25889658964437
25888713919574,25890045516690
25890159260093,25890045516690
25890159260093,25890410217739
25890159260093,25890656309154
25890159260093,25890856120067
25890858085067,25890856120067
25890858085067,25891038308149
25890858085067,25891180657542
25890858085067,25891375595461
25890858085067,25891511932555
25890858085067,25892168124191
25892170375439,25892168124191
25892170375439,25892341734906
25892170375439,25892553194133
25892170375439,25892732951408
25892170375439,25892945251749
25893020953860,25892945251749
25893020953860,25893264713078
25893020953860,25893431536646
25893020953860,25893661272308
25893020953860,25893884193496
25893934637696,25893884193496
25893934637696,25894196946770
25893934637696,25894384535197
25893934637696,25894613173077
25894615074304,25894613173077
25894615074304,25894858227806
25894615074304,25895022243846
25894615074304,25895157093717
25894615074304,25895354438507
25895356309835,25895354438507
25895356309835,25895609698419
25895356309835,25895733328799
25895356309835,25895899214272
25895356309835,25896239422968
25895356309835,25896642520000
25896645869172,25896642520000
25896645869172,25896882833627
25896645869172,25897056318482
25896645869172,25897259878418
25896645869172,25897699193830
25897724442262,25897699193830
25897724442262,25897987730993
25897724442262,25898167587769
25897724442262,25898291436472
25898292904525,25898291436472
25898292904525,25898488729625
25898292904525,25898625953915
25898292904525,25898763389457
25898292904525,25899063366331
25898292904525,25899568298085
25899572653199,25899568298085
25899572653199,25899820151192
25899572653199,25900002030685
25899572653199,25900152974407
25899572653199,25900509258658
25900536236959,25900509258658
25900536236959,25900691317332
25900536236959,25900870165158
25900536236959,25901127174420
25900536236959,25901383123588
25901416084513,25901383123588
25901416084513,25901673558879
25901416084513,25901873601116
25901416084513,25902024394304
25902026099160,25902024394304
25902026099160,25902236632734
25902026099160,25902381223414
25902026099160,25902601064103
25902026099160,25902795971042
25902026099160,25903194833107
25902026099160,25903458468955
25903271965542,25903458468955
25903271965542,25903967291715
25903271965542,25904170209243
25903271965542,25904342043278
25904346446249,25904342043278
25904346446249,25904579347371
25904346446249,25904727359660
25904729094144,25904727359660
25904729094144,25904888278717
25904729094144,25905050209632
25904729094144,25905188295808
25904729094144,25905377564021
25904729094144,25905616318581
25904729094144,25906143902030
25906149765060,25906143902030
25906149765060,25906341361376
25906149765060,25906585849140
25906149765060,25906759606271
25906761336417,25906759606271
25906761336417,25906932393169
25906761336417,25907088631540
25906761336417,25907259468901
25906761336417,25907527980977
25906761336417,25908021561558
25908076578685,25908021561558
25908076578685,25908291454356
25908076578685,25908539540910
25908076578685,25908689096058
25908691108718,25908689096058
25908691108718,25908976230392
25908691108718,25909170910289
25908691108718,25909341391553
25908691108718,25909514270780
25908691108718,25909966379363
25909971181267,25909966379363
25909971181267,25910169404532
25909971181267,25910361688771
25909971181267,25910509919370
25909971181267,25910895382466
25910960353388,25910895382466
25910960353388,25911185287930
25910960353388,25911417295320
25910960353388,25911575911387
25910960353388,25911874391370
25911921530679,25911874391370
25911921530679,25912213377489
25911921530679,25912376825566
25911921530679,25912544891867
25911921530679,25912775610449
25912842856330,25912775610449
25912842856330,25913086281998
25912842856330,25913253254344
25912842856330,25913443637411
25912842856330,25913658388455
25913775628740,25913658388455
25913775628740,25914032896012
25913775628740,25914209449704
25913775628740,25914345736233
25913775628740,25914732099987
25914848181388,25914732099987
25914848181388,25915064581013
25914848181388,25915284084920
25914848181388,25915504329050
25915506971320,25915504329050
25915506971320,25915717034865
25915506971320,25915854847602
25915506971320,25916016441005
25915506971320,25916298591766
25915506971320,25916773542901
25916775508956,25916773542901
25916775508956,25916948857106
25916775508956,25917267088095
25916775508956,25917462543678
25916775508956,25917669828152
25917704811835,25917669828152
25917704811835,25917944684479
25917704811835,25918158694086
25917704811835,25918345873739
25917704811835,25918553747272
25918676202412,25918553747272
25918676202412,25918834200847
25918676202412,25919101350694
25918676202412,25919271177639
25919273806746,25919271177639
25919273806746,25919452221385
25919273806746,25919617030943
25919273806746,25919784082396
25919273806746,25920102705169
25920116055666,25920102705169
25920116055666,25920367678731
25920116055666,25920597338097
25920116055666,25920728928393
25920116055666,25920982963416
25921090407587,25920982963416
25921090407587,25921286870653
25921090407587,25921624059850
25921090407587,25921818713801
25921090407587,25922055215982
25921090407587,25922408203570
25922550146173,25922408203570
25922550146173,25922832307072
25922550146173,25923040778223
25922550146173,25923186494015
25922550146173,25923442122922
25923499105440,25923442122922
25923499105440,25923738333502
25923499105440,25923959393686
25923499105440,25924168230045
25923499105440,25924430086049
25924477284734,25924430086049
25924477284734,25924772443145
25924477284734,25924918454761
25924477284734,25925074521145
25924477284734,25925411878958
25925491967389,25925411878958
25925491967389,25925757832243
25925491967389,25925896285111
25925491967389,25926047285314
25926049998883,25926047285314
25926049998883,25926190416789
25926049998883,25926832045176
25926049998883,25926995531883
25926049998883,25927134073075
25926049998883,25927533968014
25927642710626,25927533968014
25927642710626,25927867206161
25927642710626,25928149772102
25927642710626,25928340055141
25927642710626,25928518974504
25928647583827,25928518974504
25928647583827,25928818466486
25928647583827,25929083338840
25929088631950,25929083338840
25929088631950,25929252172274
25929088631950,25929406940594
25929088631950,25929534213871
25929088631950,25929698907058
25929088631950,25929962942187
25929088631950,25930498375714
25930499758598,25930498375714
25930499758598,25930770344882
25930499758598,25930933457626
25930499758598,25931117603684
25930499758598,25931326182993
25931327574146,25931326182993
25931327574146,25931553348731
25931327574146,25931703215736
25931327574146,25931887144462
25931327574146,25932150285307
25932151765199,25932150285307
25932151765199,25932370488341
25932151765199,25932579019153
25932151765199,25932774621080
25932151765199,25933088845539
25932151765199,25933295396276
25933091301703,25933295396276
25933091301703,25933511314615
25933091301703,25933712699314
25933091301703,25933952828093
25934029739088,25933952828093
25934029739088,25934294229892
25934029739088,25934423020169
25934029739088,25934625342646
25934029739088,25935031345344
25935033461484,25935031345344
25935033461484,25935285414825
25935033461484,25935452745161
25935033461484,25935623089511
25935033461484,25935972051315
25935973816657,25935972051315
25935973816657,25936249623084
25935973816657,25936493919721
25935973816657,25936670766869
25936673051919,25936670766869
25936673051919,25936859762129
25936673051919,25937084773900
25936673051919,25937219471752
25936673051919,25937360691166
25937362490193,25937360691166
25937362490193,25937559186324
25937362490193,25937709055014
25937362490193,25937923655056
25937362490193,25938310804050
25938313200174,25938310804050
25938313200174,25938582282613
25938313200174,25938746334281
25938313200174,25938901967251
25938313200174,25939159302534
25938313200174,25939650242199
25939653332655,25939650242199
25939653332655,25939839963393
25939653332655,25940039226959
25939653332655,25940285628022
25939653332655,25940450839424
25940291053703,25940450839424
25940291053703,25940589251155
25940291053703,25940754714779
25940291053703,25940963268372
25941023087681,25940963268372
25941023087681,25941264646534
25941023087681,25941492278038
25941023087681,25941697695975
25941023087681,25941889546215
25941944564631,25941889546215
25941944564631,25942187758517
25941944564631,25942355662510
25941944564631,25942577633289
25941944564631,25942822362781
25941944564631,25943166704167
25943280545609,25943166704167
25943280545609,25943470519223
25943280545609,25943675211263
25943280545609,25943903458974
25943280545609,25944218761509
25944264722160,25944218761509
25944264722160,25944505227548
25944264722160,25944644274455
25944264722160,25944805291095
25944807355972,25944805291095
25944807355972,25944997283806
25944807355972,25945211209035
25944807355972,25945358393529
25944807355972,25945526305758
25944807355972,25945790207784
25945621209377,25945790207784
25945621209377,25945976807431
25945621209377,25946207875453
25945621209377,25946459202813
25945621209377,25946770101175
25946923996301,25946770101175
25946923996301,25947118790013
25946923996301,25947405273838
25946923996301,25947521822460
25946923996301,25947965280206
25947967295439,25947965280206
25947967295439,25948112558317
25947967295439,25948255299084
25947967295439,25948453834651
25947967295439,25948745665036
25948749022483,25948745665036
25948749022483,25948965414840
25948749022483,25949132265355
25948749022483,25949393348272
25948749022483,25949622268392
25949709746870,25949622268392
25949709746870,25949958859096
25949709746870,25950147072360
25949709746870,25950373300358
25949709746870,25950517510574
25950675017810,25950517510574
25950675017810,25950888593417
25950675017810,25951041595925
25951092224558,25951041595925
25951092224558,25951318266407
25951092224558,25951466269989
25951092224558,25951636081389
25951092224558,25951789282882
25951092224558,25951960685778
25952009595249,25951960685778
25952009595249,25952291803446
25952009595249,25952760622063
25952009595249,25952948109602
25952009595249,25953249371316
25952009595249,25953654284023
25953700182844,25953654284023
25953700182844,25953894366264
25953700182844,25954174336324
25953700182844,25954366408415
25953700182844,25954569302351
25954571389383,25954569302351
25954571389383,25954781656523
25954571389383,25954942625567
25954571389383,25955059461829
25954571389383,25955518170545
25955539015771,25955518170545
25955539015771,25955747215079
25955539015771,25955972121537
25955539015771,25956150564634
25955539015771,25956383197220
25956430640226,25956383197220
25956430640226,25956636013867
25956430640226,25956810464592
25956430640226,25956970027292
25956972463289,25956970027292
25956972463289,25957198443306
25956972463289,25957392406028
25956972463289,25957535043084
25956972463289,25957827529709
25956972463289,25958296318870
25958360135701,25958296318870
25958360135701,25958659746216
25958360135701,25958859120471
25958360135701,25959040253347
25958360135701,25959285128460
25959287920374,25959285128460
25959287920374,25959531080296
25959287920374,25959698107793
25959287920374,25959845443336
25959287920374,25960116695473
25960226583618,25960116695473
25960226583618,25960461833411
25960226583618,25960631940390
25960226583618,25960817092465
25960226583618,25961137060261
25961154015722,25961137060261
25961154015722,25961322987776
25961154015722,25961549671027
25961154015722,25961709274975
25961154015722,25962053074522
25961154015722,25962234143022
25962055297236,25962234143022
25962055297236,25962464136829
25962055297236,25962606592501
25962055297236,25962964813557
25963043598259,25962964813557
25963043598259,25963266767578
25963043598259,25963407146196
25963043598259,25963636919105
25963639178065,25963636919105
25963639178065,25963877921035
25963639178065,25964062185565
25963639178065,25964298306275
25963639178065,25964560145170
25964566256912,25964560145170
25964566256912,25964760834713
25964566256912,25964929668600
25964566256912,25965085611327
25964566256912,25965754725543
25964566256912,25966192562896
25966194140691,25966192562896
25966194140691,25966390436281
25966194140691,25966564854678
25966194140691,25966767680786
25966194140691,25967130601829
25967131985458,25967130601829
25967131985458,25967366923860
25967131985458,25967602927101
25967131985458,25967790348634
25967131985458,25967963447478
25967792699182,25967963447478
25967792699182,25968096200537
25967792699182,25968303138710
25967792699182,25968549595623
25967792699182,25968959143668
25968983728963,25968959143668
25968983728963,25969230148762
25968983728963,25969382706594
25968983728963,25969520352869
25968983728963,25969874386830
25969924657150,25969874386830
25969924657150,25970151690954
25969924657150,25970409294962
25969924657150,25970600716116
25969924657150,25970767740185
25970876001728,25970767740185
25970876001728,25971103364207
25970876001728,25971325126211
25970876001728,25971450162672
25971451354732,25971450162672
25971451354732,25971681154776
25971451354732,25971805675266
25971451354732,25971948670753
25971451354732,25972413683920
25971451354732,25972677043610
25972824262132,25972677043610
25972824262132,25973032194397
25972824262132,25973222362946
25972824262132,25973411738938
25972824262132,25973710987563
25973712216002,25973710987563
25973712216002,25973951241350
25973712216002,25974145767091
25973712216002,25974314143772
25974316385207,25974314143772
25974316385207,25974509167431
25974316385207,25974665848411
25974316385207,25974875130766
25974316385207,25975031703035
25974316385207,25975515940784
25975518310497,25975515940784
25975518310497,25975722229464
25975518310497,25975933981774
25975518310497,25976076347885
25976078598626,25976076347885
25976078598626,25976351351874
25976078598626,25976543482875
25976078598626,25976764680190
25976078598626,25976917398231
25977023502245,25976917398231
25977023502245,25977252471939
25977023502245,25977453954235
25977023502245,25977569481137
25977023502245,25977949240244
25977023502245,25978337592152
25978339339287,25978337592152
25978339339287,25978577686803
25978339339287,25978727286186
25978339339287,25978903248528
25978339339287,25979238861332
25979286878614,25979238861332
25979286878614,25979482351024
25979286878614,25979665469768
25979286878614,25979878029014
25979880801200,25979878029014
25979880801200,25980073268475
25979880801200,25980217986675
25979880801200,25980393522312
25979880801200,25980754306831
25979880801200,25981052755965
25981079298334,25981052755965
25981079298334,25981228628766
25981079298334,25981468406231
25981079298334,25981648347437
25981079298334,25982005259991
25982007720067,25982005259991
25982007720067,25982147580982
25982007720067,25982407888689
25982007720067,25982616334512
25982007720067,25982863969943
25982978845655,25982863969943
25982978845655,25983199380361
25982978845655,25983396956465
25982978845655,25983570825808
25982978845655,25983880543362
25983978327577,25983880543362
25983978327577,25984283996352
25983978327577,25984543105277
25983978327577,25984732359764
25983978327577,25984943587469
25984947427049,25984943587469
25984947427049,25985173217011
25984947427049,25985434484660
25984947427049,25985603372385
25984947427049,25985816138643
25985823546734,25985816138643
25985823546734,25986045282585
25985823546734,25986206314979
25985823546734,25986426662316
25985823546734,25986741135882
25986764088238,25986741135882
25986764088238,25986959422109
25986764088238,25987135014486
25986764088238,25987361809433
25986764088238,25987651505891
25987725071517,25987651505891
25987725071517,25987994369702
25987725071517,25988253594082
25987725071517,25988410596296
25987725071517,25988555129887
25988412404185,25988555129887
25988412404185,25988721863950
25988412404185,25988903480154
25988412404185,25989175618089
25988412404185,25989698439415
25989700277859,25989698439415
25989700277859,25989906229156
25989700277859,25990082456072
25989700277859,25990260895520
25990262304698,25990260895520
25990262304698,25990527276559
25990262304698,25990745536437
25990262304698,25990879867969
25990262304698,25991041473265
25990262304698,25991565224333
25991568386763,25991565224333
25991568386763,25991791967365
25991568386763,25991955622508
25991568386763,25992102574813
25992105264749,25992102574813
25992105264749,25992288974360
25992105264749,25992421467101
25992105264749,25992590520967
25992105264749,25992876432084
25992953172265,25992876432084
25992953172265,25993230351624
25992953172265,25993431200324
25992953172265,25993591067776
25992953172265,25993779478717
25992953172265,25994196608513
25994320971938,25994196608513
25994320971938,25994483451821
25994320971938,25994671334542
25994320971938,25994826071351
25994828957072,25994826071351
25994828957072,25995020580135
25994828957072,25995201024683
25994828957072,25995349197684
25994828957072,25995514508400
25994828957072,25995995185877
25996200609224,25995995185877
25996200609224,25996444363680
25996200609224,25996594195365
25996200609224,25996746316333
25996747558606,25996746316333
25996747558606,25996893627665
25996747558606,25997012713279
25996747558606,25997152389279
25996747558606,25997250124588
25996747558606,25998067955272
25998070138022,25998067955272
25998070138022,25998246267833
25998070138022,25998476170980
25998070138022,25998649929487
25998070138022,25998995775520
25999051211244,25998995775520
25999051211244,25999241404998
25999051211244,25999531250107
25999051211244,25999802758367
25999051211244,25999992912855
26000035639364,25999992912855
26000035639364,26000238362393
26000035639364,26000422014275
26000035639364,26000560340697
26000562697987,26000560340697
26000562697987,26000804445376
26000562697987,26000965847110
26000562697987,26001120150873
26000562697987,26001384021444
26000562697987,26001773418643
26001840999387,26001773418643
26001840999387,26002058291442
26001840999387,26002190782540
26001840999387,26002366276666
26001840999387,26002783990537
26002792222907,26002783990537
26002792222907,26002941071151
26002792222907,26003186619383
26002792222907,26003363276631
26002792222907,26003584051357
26003666621634,26003584051357
26003666621634,26003868102443
26003666621634,26003996146466
26003666621634,26004222242540
26003666621634,26004487147771
26004510109125,26004487147771
26004510109125,26004696422757
26004510109125,26004887624291
26004510109125,26005112132925
26004510109125,26005285879992
26005114630053,26005285879992
26005114630053,26005419000747
26005114630053,26005610140690
26005114630053,26005854150125
26005887332138,26005854150125
26005887332138,26006113345036
26005887332138,26006318820519
26005887332138,26006467700876
26005887332138,26006676293249
26005887332138,26007235777648
26007266990299,26007235777648
26007266990299,26007498212894
26007266990299,26007626270459
26007266990299,26007824193692
26007868182222,26007824193692
26007868182222,26008151337936
26007868182222,26008302238078
26007868182222,26008478317707
26007868182222,26008654428590
26007868182222,26009018196559
26009020404691,26009018196559
26009020404691,26009230592274
26009020404691,26009436233110
26009020404691,26009569028975
26009020404691,26009942563801
26010037901341,26009942563801
26010037901341,26010233722412
26010037901341,26010421581255
26010037901341,26010684769779
26010037901341,26010956930469
26011033412086,26010956930469
26011033412086,26011252446741
26011033412086,26011366952942
26011033412086,26011504472568
26011033412086,26011868171658
26011899328022,26011868171658
26011899328022,26012095519140
26011899328022,26012374699569
26011899328022,26012538868208
26012542891031,26012538868208
26012542891031,26012725284301
26012542891031,26012860721621
26012542891031,26013071318706
26012542891031,26013231328769
26012542891031,26013737360973
26013739474800,26013737360973
26013739474800,26013976600605
26013739474800,26014107751656
26013739474800,26014250464968
26014254757900,26014250464968
26014254757900,26014479906125
26014254757900,26014670655467
26014254757900,26014836597490
26014254757900,26015221720862
26014254757900,26015661632991
26015663379669,26015661632991
26015663379669,26015895838376
26015663379669,26016084577539
26015663379669,26016220067829
26015663379669,26016571094657
26016574556191,26016571094657
26016574556191,26016801263717
26016574556191,26017041188884
26016574556191,26017231983121
26016574556191,26017505836348
26017507563438,26017505836348
26017507563438,26017710552955
26017507563438,26017896651470
26017507563438,26018069119590
26017507563438,26018388332777
26017507563438,26018588620728
26018389671866,26018588620728
26018389671866,26018856773903
26018389671866,26019026281486
26018389671866,26019264210690
26019271497227,26019264210690
26019271497227,26019555669065
26019271497227,26019738781487
26019271497227,26019881982479
26019271497227,26020105156018
26020107437786,26020105156018
26020107437786,26020307268556
26020107437786,26020514173730
26020107437786,26020734354788
26020107437786,26021006542674
26021008584625,26021006542674
26021008584625,26021219370472
26021008584625,26021383581381
26021008584625,26021640404296
26021008584625,26021885399210
26021936558482,26021885399210
26021936558482,26022117884158
26021936558482,26022277531698
26021936558482,26022437896028
26022439022525,26022437896028
26022439022525,26022598292963
26022439022525,26022866326378
26022439022525,26023014956621
26022439022525,26023243652684
26022439022525,26023764013349
26023765362386,26023764013349
26023765362386,26023977064650
26023765362386,26024257712128
26023765362386,26024420090130
26023765362386,26024591408051
26024656462635,26024591408051
26024656462635,26024868464298
26024656462635,26025012656452
26024656462635,26025197662796
26024656462635,26025564472966
26025569129779,26025564472966
26025569129779,26025744986463
26025569129779,26025941444250
26025569129779,26026214905192
26025569129779,26026413183840
26026765098585,26026413183840
26026765098585,26026995564890
26026765098585,26027186794198
26026765098585,26027456286724
26026765098585,26027600306470
26027878142031,26027600306470
26027878142031,26028039589341
26027878142031,26028244124078
26027878142031,26028399306093
26028400874672,26028399306093
26028400874672,26028682704747
26028400874672,26028823171197
26028400874672,26028996395403
26028400874672,26029237224490
26029338315575,26029237224490
26029338315575,26029541388141
26029338315575,26029786189425
26029338315575,26029965045010
26029338315575,26030206691956
26029338315575,26030672802519
26030677733454,26030672802519
26030677733454,26030865215076
26030677733454,26031095535318
26030677733454,26031233920977
26031235250296,26031233920977
26031235250296,26031404377484
26031235250296,26031583390475
26031235250296,26031758402641
26031235250296,26031929384928
26031930887998,26031929384928
26031930887998,26032114213113
26031930887998,26032257529913
26031930887998,26032550362274
26031930887998,26032761538562
26031930887998,26033333568638
26033335906856,26033333568638
26033335906856,26033565795445
26033335906856,26033713120298
26033335906856,26033890053059
26033335906856,26034248254839
26034280764355,26034248254839
26034280764355,26034542553342
26034280764355,26034741341540
26034280764355,26034936296315
26034937808808,26034936296315
26034937808808,26035193163133
26034937808808,26035395646534
26034937808808,26035520778629
26034937808808,26035674613232
26034937808808,26036061956846
26036164940556,26036061956846
26036164940556,26036372270255
26036164940556,26036647969027
26036164940556,26036801205754
26036164940556,26036969284367
26037093503988,26036969284367
26037093503988,26037366646847
26037093503988,26037508747468
26037093503988,26037655596313
26037093503988,26037971965727
26037983076791,26037971965727
26037983076791,26038138903086
26037983076791,26038468393843
26037983076791,26038656180349
26037983076791,26038832093793
26038920134388,26038832093793
26038920134388,26039157687617
26038920134388,26039306176326
26038920134388,26039444145652
26038920134388,26039859841552
26039926404433,26039859841552
26039926404433,26040200535458
26039926404433,26040361999014
26039926404433,26040500051149
26039926404433,26040863236477
26040950680430,26040863236477
26040950680430,26041177387916
26040950680430,26041375228855
26040950680430,26041568704388
26040950680430,26041837155154
26041895583372,26041837155154
26041895583372,26042098400920
26041895583372,26042323414258
26041895583372,26042496082524
26041895583372,26042730732609
26042812150960,26042730732609
26042812150960,26042999983085
26042812150960,26043240674754
26042812150960,26043403166850
26042812150960,26043587987890
26043679371796,26043587987890
26043679371796,26043899089344
26043679371796,26044417465355
26043679371796,26044574980137
26044578553540,26044574980137
26044578553540,26044764439154
26044578553540,26044910633664
26044578553540,26045061451239
26044578553540,26045353739156
26044578553540,26045848002118
26045867881894,26045848002118
26045867881894,26046102348381
26045867881894,26046275305977
26045867881894,26046397001491
26046399087960,26046397001491
26046399087960,26046618542421
26046399087960,26046780217426
26046399087960,26046935197281
26046399087960,26047234511174
26047307951798,26047234511174
26047307951798,26047553872866
26047307951798,26047775473099
26047307951798,26047953205744
26047307951798,26048164283137
26047307951798,26048583169598
26048615773232,26048583169598
26048615773232,26048871245898
26048615773232,26049083785370
26048615773232,26049231947892
26048615773232,26049686993660
26048615773232,26049873201298
26049692946785,26049873201298
26049692946785,26050118369052
26049692946785,26050287428872
26050290080345,26050287428872
26050290080345,26050500016236
26050290080345,26050796591965
26050290080345,26050949530156
26050290080345,26051130315887
26050290080345,26051467533991
26051516455296,26051467533991
26051516455296,26051797119872
26051516455296,26051921530363
26051516455296,26052198021820
26051516455296,26052399133716
26052465058179,26052399133716
26052465058179,26052719974269
26052465058179,26052894880573
26052465058179,26053081918608
26052465058179,26053331138834
26053494649246,26053331138834
26053494649246,26053726241851
26053494649246,26053847667088
26053494649246,26054004387948
26054006215323,26054004387948
26054006215323,26054212957615
26054006215323,26054407239891
26054006215323,26054568073390
26054006215323,26054872938117
26054006215323,26055220704063
26055375205578,26055220704063
26055375205578,26055611415472
26055375205578,26055847381827
26055375205578,26056066119744
26055375205578,26056239339257
26056345726364,26056239339257
26056345726364,26056554544533
26056345726364,26056784150341
26056345726364,26056970262356
26056972530675,26056970262356
26056972530675,26057126536062
26056972530675,26057295817801
26056972530675,26057426481715
26056972530675,26057750477364
26056972530675,26058041484861
26058185390826,26058041484861
26058185390826,26058439699054
26058185390826,26058575761873
26058185390826,26058815152836
26058185390826,26059158972183
26059239058288,26059158972183
26059239058288,26059440213400
26059239058288,26059642194206
26059239058288,26059772207085
26059774397947,26059772207085
26059774397947,26059911392606
26059774397947,26060114288791
26059774397947,26060260926931
26059774397947,26060621288059
26059774397947,26060955757543
26061055993190,26060955757543
26061055993190,26061257628270
26061055993190,26061466373166
26061055993190,26061635259136
26061636948556,26061635259136
26061636948556,26061880085247
26061636948556,26062055603393
26061636948556,26062199130491
26061636948556,26062334279264
26062339199183,26062334279264
26062339199183,26062622272994
26062339199183,26062805475546
26062339199183,26062977139947
26062339199183,26063165474967
26062339199183,26063600236716
26063700235780,26063600236716
26063700235780,26063905307477
26063700235780,26064059121472
26063700235780,26064211476658
26064219898670,26064211476658
26064219898670,26064521618811
26064219898670,26064699625021
26064219898670,26064908914090
26064219898670,26065219264950
26064219898670,26065601267556
26065609625989,26065601267556
26065609625989,26065852723515
26065609625989,26065992406465
26065609625989,26066141688524
26065609625989,26066842862510
26066847117777,26066842862510
26066847117777,26067071149152
26066847117777,26067175212037
26066847117777,26067324242218
26066847117777,26067558371821
26067611181004,26067558371821
26067611181004,26067801384718
26067611181004,26068049064210
26067611181004,26068208069202
26067611181004,26068451748238
26068477310235,26068451748238
26068477310235,26068726461117
26068477310235,26068917990224
26068477310235,26069047551700
26069051281724,26069047551700
26069051281724,26069232630614
26069051281724,26069391465908
26069051281724,26069549589632
26069051281724,26069752154184
26069051281724,26070177332505
26070196498780,26070177332505
26070196498780,26070493501619
26070196498780,26070663477018
26070196498780,26070793939115
26070795327126,26070793939115
26070795327126,26071057203420
26070795327126,26071239616931
26070795327126,26071370208763
26070795327126,26071626377454
26071740970600,26071626377454
26071740970600,26072013196486
26071740970600,26072225044401
26071740970600,26072391417283
26071740970600,26072661604533
26071740970600,26073170708393
26073191387268,26073170708393
26073191387268,26073447469820
26073191387268,26073570012123
26073191387268,26073715246264
26073191387268,26074024101446
26074032901771,26074024101446
26074032901771,26074240449943
26074032901771,26074403349438
26074032901771,26074568790323
26074032901771,26074964918246
26074967144763,26074964918246
26074967144763,26075133458098
26074967144763,26075390292554
26074967144763,26075524176917
26074967144763,26075975263447
26075978194877,26075975263447
26075978194877,26076224656814
26075978194877,26076376772018
26075978194877,26076517064800
26075978194877,26076817151218
26076852684176,26076817151218
26076852684176,26077092833119
26076852684176,26077299145896
26076852684176,26077461188852
26077462481624,26077461188852
26077462481624,26077670328440
26077462481624,26077845037792
26077462481624,26077975156423
26077462481624,26078395832161
26077462481624,26078854951801
26078857319534,26078854951801
26078857319534,26079064472359
26078857319534,26079212969990
26078857319534,26079363451664
26078857319534,26079649795226
26079752905245,26079649795226
26079752905245,26080028766562
26079752905245,26080213878892
26079752905245,26080473550170
26079752905245,26080637466834
26080829091744,26080637466834
26080829091744,26081067530383
26080829091744,26081229563879
26080829091744,26081355840537
26080829091744,26081697282040
26081699171344,26081697282040
26081699171344,26081871608536
26081699171344,26082044970816
26081699171344,26082214152972
26081699171344,26082531316426
26082580347017,26082531316426
26082580347017,26082807289151
26082580347017,26083029730059
26082580347017,26083312335546
26082580347017,26083437684432
26083582861989,26083437684432
26083582861989,26083788176128
26083582861989,26083987694386
26083582861989,26084177262882
26083582861989,26084413742579
26084416178426,26084413742579
26084416178426,26084680065671
26084416178426,26084879094689
26084416178426,26085008338459
26084416178426,26085257194820
26085308926951,26085257194820
26085308926951,26085632079525
26085308926951,26085807212167
26085308926951,26085912527360
26085308926951,26086222764839
26086271947323,26086222764839
26086271947323,26086464669179
26086271947323,26086692976702
26086271947323,26086860465834
26086271947323,26087140388508
26087172305472,26087140388508
26087172305472,26087389796392
26087172305472,26087581091493
26087172305472,26087788782467
26087791521315,26087788782467
26087791521315,26087971764570
26087791521315,26088137675101
26087791521315,26088347621393
26087791521315,26088662348261
26088667494269,26088662348261
26088667494269,26088948457306
26088667494269,26089091632382
26088667494269,26089237193369
26088667494269,26089462433148
26088667494269,26089990159120
26089992791752,26089990159120
26089992791752,26090201232178
26089992791752,26090373302149
26089992791752,26090579543257
26089992791752,26090887523296
26090987957448,26090887523296
26090987957448,26091213699175
26090987957448,26091384493290
26090987957448,26091611210730
26091613159153,26091611210730
26091613159153,26091833225151
26091613159153,26092013655124
26091613159153,26092218254795
26091613159153,26092350565876
26091613159153,26092792585237
26092813131379,26092792585237
26092813131379,26093019359636
26092813131379,26093177284374
26092813131379,26093326232746
26092813131379,26093845324117
26093847993607,26093845324117
26093847993607,26094032777651
26093847993607,26094195202091
26093847993607,26094355965626
26093847993607,26094570300258
26094640472598,26094570300258
26094640472598,26094830411080
26094640472598,26094983345440
26094640472598,26095156480448
26094640472598,26095516261807
26095537686106,26095516261807
26095537686106,26095717716868
26095537686106,26095930279043
26095537686106,26096127617059
26095537686106,26096409799195
26095537686106,26096604638046
26096473399386,26096604638046
26096473399386,26096904042178
26096473399386,26097046308029
26096473399386,26097445080022
26097503453084,26097445080022
26097503453084,26097762884958
26097503453084,26097917273120
26097503453084,26098150801482
26097503453084,26098421471423
26098484016399,26098421471423
26098484016399,26098623857543
26098484016399,26098966189507
26098484016399,26099164654576
26098484016399,26099416348553
26099443905179,26099416348553
26099443905179,26099644640313
26099443905179,26099856282417
26099443905179,26100029862284
26099443905179,26100249259471
26100328793365,26100249259471
26100328793365,26100556069874
26100328793365,26100765520264
26100328793365,26100926489737
26100928279858,26100926489737
26100928279858,26101148870069
26100928279858,26101311580466
26100928279858,26101460471031
26100928279858,26101622911983
26101650948470,26101622911983
26101650948470,26101914173682
26101650948470,26102099320259
26101650948470,26102291637709
26101650948470,26102449896223
26102551157993,26102449896223
26102551157993,26102797219436
26102551157993,26102953312689
26102551157993,26103095451948
26102551157993,26103180365359
26102551157993,26104086999256
26104143043386,26104086999256
26104143043386,26104372345660
26104143043386,26104576374703
26104143043386,26104723503903
26104725139377,26104723503903
26104725139377,26104939444586
26104725139377,26105102250501
26104725139377,26105261314744
26104725139377,26105425046456
26104725139377,26105780064235
26105783834145,26105780064235
26105783834145,26106019716742
26105783834145,26106227338319
26105783834145,26106382799691
26105783834145,26106667954846
26105783834145,26106835098720
26106669284435,26106835098720
26106669284435,26107056113214
26106669284435,26107249389372
26106669284435,26107407785930
26107410272704,26107407785930
26107410272704,26107646657686
26107410272704,26107792984127
26107410272704,26107909260214
26107911513335,26107909260214
26107911513335,26108120676447
26107911513335,26108280407913
26107911513335,26108416644224
26107911513335,26108730596528
26107911513335,26109110657706
26109221405126,26109110657706
26109221405126,26109425302313
26109221405126,26109762028561
26109221405126,26109925350083
26109221405126,26110247928220
26110304140733,26110247928220
26110304140733,26110513482989
26110304140733,26110785041149
26110304140733,26110949977631
26110304140733,26111263638624
26111266424886,26111263638624
26111266424886,26111480524930
26111266424886,26111614256708
26111266424886,26111827992192
26111266424886,26112001780015
26112142133037,26112001780015
26112142133037,26112366282329
26112142133037,26112517101570
26112526233555,26112517101570
26112526233555,26112795280752
26112526233555,26112941044022
26112526233555,26113148547308
26112526233555,26113299919642
26112526233555,26113466554593
26113469238742,26113466554593
26113469238742,26113677152000
26113469238742,26113816834557
26113469238742,26114033990826
26113469238742,26114314537432
26113469238742,26114863928137
26114865515685,26114863928137
26114865515685,26115065993011
26114865515685,26115267360960
26114865515685,26115450526180
26114865515685,26115741213012
26115896398689,26115741213012
26115896398689,26116096274648
26115896398689,26116265311756
26115896398689,26116432578074
26115896398689,26116747984589
26116748712358,26116747984589
26116748712358,26117021253826
26116748712358,26117218066829
26116748712358,26117429620856
26117431722014,26117429620856
26117431722014,26117566381785
26117431722014,26117752174059
26117431722014,26117953434675
26117431722014,26118102525634
26117431722014,26118522940816
26118529691820,26118522940816
26118529691820,26118752781196
26118529691820,26118896339000
26118529691820,26119098871768
26119101670943,26119098871768
26119101670943,26119295932255
26119101670943,26119456262938
26119101670943,26119621359506
26119101670943,26119872872976
26119101670943,26120334741879
26120353159935,26120334741879
26120353159935,26120548469641
26120353159935,26120729425176
26120353159935,26120923452028
26120353159935,26121244265439
26120353159935,26121414803643
26121253274737,26121414803643
26121253274737,26121651277081
26121253274737,26122137157149
26122138827901,26122137157149
26122138827901,26122405692407
26122138827901,26122571853539
26122138827901,26122709328102
26122138827901,26123062336946
26122138827901,26123451744167
26123461483543,26123451744167
26123461483543,26123620761113
26123461483543,26123836880169
26123461483543,26124031939829
26123461483543,26124433549131
26123461483543,26124651689664
26124464807673,26124651689664
26124464807673,26124842244749
26124464807673,26125041483545
26124464807673,26125343064710
26125381337850,26125343064710
26125381337850,26125618105394
26125381337850,26125784877422
26125381337850,26125932649158
26125381337850,26126248461991
26126270470919,26126248461991
26126270470919,26126448392817
26126270470919,26126690000073
26126270470919,26126833037007
26126270470919,26127183904845
26127283236109,26127183904845
26127283236109,26127474295928
26127283236109,26127648285574
26127283236109,26127855342616
26127283236109,26128172322792
26127283236109,26128360922308
26128174332544,26128360922308
26128174332544,26128579332700
26128174332544,26128778404670
26128174332544,26129196187718
26129197686762,26129196187718
26129197686762,26129347230873
26129197686762,26129543474437
26129197686762,26129718232313
26129197686762,26130189820917
26130191952560,26130189820917
26130191952560,26130439386826
26130191952560,26130597110576
26130191952560,26130804348052
26130191952560,26131104675108
26131154185429,26131104675108
26131154185429,26131422105405
26131154185429,26131522130634
26131154185429,26132092324506
26132094123382,26132092324506
26132094123382,26132290759579
26132094123382,26132437571033
26132094123382,26132587369318
26132094123382,26132912864188
26132094123382,26133344309552
26133348026869,26133344309552
26133348026869,26133603485503
26133348026869,26133830382435
26133348026869,26134011405026
26133348026869,26134230515781
26134233243302,26134230515781
26134233243302,26134479172873
26134233243302,26134637295409
26134233243302,26134816222027
26134817717006,26134816222027
26134817717006,26135029346509
26134817717006,26135268105898
26134817717006,26135471770820
26134817717006,26135631159628
26134817717006,26135894090173
26136001206952,26135894090173
26136001206952,26136219382115
26136001206952,26136410984326
26136001206952,26136582230796
26136584515610,26136582230796
26136584515610,26136858947312
26136584515610,26137073443656
26136584515610,26137230814596
26136584515610,26137407419768
26136584515610,26137846326917
26137849669307,26137846326917
26137849669307,26138050239441
26137849669307,26138241308490
26137849669307,26138482344236
26137849669307,26138799996547
26138802981689,26138799996547
26138802981689,26139021280104
26138802981689,26139195042179
26138802981689,26139367408639
26138802981689,26139654674980
26139667315025,26139654674980
26139667315025,26139855308509
26139667315025,26140036162563
26139667315025,26140288608652
26140290333539,26140288608652
26140290333539,26140490123170
26140290333539,26140691510498
26140290333539,26140833847364
26140290333539,26141150195408
26140290333539,26141435525738
26141541000718,26141435525738
26141541000718,26141749566974
26141541000718,26141914953500
26141541000718,26142098573627
26142099990294,26142098573627
26142099990294,26142370278192
26142099990294,26142552995611
26142099990294,26142705155959
26142099990294,26142885672153
26142099990294,26143396521831
26143405633106,26143396521831
26143405633106,26143945694715
26143405633106,26144166652173
26143405633106,26144317987327
26144322510857,26144317987327
26144322510857,26144604828359
26144322510857,26144751103069
26144322510857,26144902723151
26144322510857,26145075160679
26144322510857,26145499379058
26145505682151,26145499379058
26145505682151,26145690943122
26145505682151,26145890812487
26145505682151,26146050533915
26145505682151,26146380226225
26146456127420,26146380226225
26146456127420,26146722488725
26146456127420,26146919526745
26146456127420,26147079980634
26146456127420,26147371708261
26147472915070,26147371708261
26147472915070,26147714428300
26147472915070,26147892057311
26147472915070,26148139707646
26147472915070,26148326730765
26148353281920,26148326730765
26148353281920,26148555505005
26148353281920,26148709732613
26148353281920,26148895250355
26148353281920,26149268741014
26149271455563,26149268741014
26149271455563,26149543482969
26149271455563,26149678225925
26149271455563,26149868605197
26149271455563,26150145153733
26150152435122,26150145153733
26150152435122,26150385855621
26150152435122,26150611693093
26150152435122,26150760123614
26150152435122,26151005824511
26151008770382,26151005824511
26151008770382,26151227254012
26151008770382,26151418227301
26151008770382,26151603210152
26151605493218,26151603210152
26151605493218,26151865590068
26151605493218,26152044560017
26151605493218,26152260991863
26151605493218,26152410543702
26151605493218,26152967413794
26153013984418,26152967413794
26153013984418,26153244771133
26153013984418,26153426122078
26153457987137,26153426122078
26153457987137,26153647211284
26153457987137,26153783901205
26153457987137,26153987322966
26153457987137,26154138215492
26153457987137,26154335312826
26153457987137,26154705276278
26154707758553,26154705276278
26154707758553,26154911778004
26154707758553,26155114296350
26154707758553,26155250247377
26155252115979,26155250247377
26155252115979,26155364791002
26155252115979,26155464776735
26155252115979,26155608317921
26155252115979,26155812614813
26155252115979,26155971707235
26155252115979,26156082632749
