25665463138683,25665800760998
25665463138683,25666036425624
25665463138683,25666242589296
25665463138683,25666492045687
25665463138683,25666606744519
25665463138683,25666965208552
25667271732110,25666965208552
25667271732110,25667600839549
25667271732110,25667926320646
25667271732110,25668062288822
25667271732110,25668264177324
25667271732110,25668421114598
25668423970715,25668421114598
25668423970715,25668674329024
25668423970715,25668856166232
25668858718789,25668856166232
25668858718789,25669071781887
25668858718789,25669247997146
25668858718789,25669476743368
25668858718789,25669604822881
25668858718789,25670132168410
25670134722649,25670132168410
25670134722649,25670322493134
25670134722649,25670554417605
25670134722649,25670692666663
25670134722649,25671108468300
25671109870716,25671108468300
25671109870716,25671352393999
25671109870716,25671601411941
25671109870716,25671763393870
25671766408239,25671763393870
25671766408239,25671974178625
25671766408239,25672141339900
25671766408239,25672336994184
25671766408239,25672515526311
25671766408239,25672913877503
25672916137593,25672913877503
25672916137593,25673190179525
25672916137593,25673345487808
25672916137593,25673509591652
25672916137593,25673832786672
25673889728062,25673832786672
25673889728062,25674169040363
25673889728062,25674352362467
25673889728062,25674535605576
25673889728062,25674870046730
25674897580006,25674870046730
25674897580006,25675160390779
25674897580006,25675330515047
25674897580006,25675487823628
25674897580006,25675868274394
25676050473012,25675868274394
25676050473012,25676321970980
25676050473012,25676471449666
25676050473012,25676635261042
25676637486441,25676635261042
25676637486441,25676830828456
25676637486441,25677016153940
25676637486441,25677178309097
25676637486441,25677401645822
25676637486441,25677976638529
25678086464108,25677976638529
25678086464108,25678324190160
25678086464108,25678466370203
25678086464108,25678630813270
25678086464108,25678820112053
25678872776669,25678820112053
25678872776669,25679137721142
25678872776669,25679348727048
25678872776669,25679519668665
25678872776669,25679711436860
25679715680626,25679711436860
25679715680626,25679966600781
25679715680626,25680218339140
25679715680626,25680364398262
25679715680626,25680619584048
25680622328453,25680619584048
25680622328453,25680846077697
25680622328453,25681030522775
25680622328453,25681199021270
25680622328453,25681719912984
25681726001317,25681719912984
25681726001317,25681961585113
25681726001317,25682077307357
25681726001317,25682244232416
25681726001317,25682414068926
25682483861416,25682414068926
25682483861416,25682732552299
25682483861416,25682964869523
25682483861416,25683173879752
25682483861416,25683344989285
25683175900980,25683344989285
25683175900980,25683523519546
25683175900980,25683823320798
25683175900980,25683965521630
25683175900980,25684343269057
25684390258076,25684343269057
25684390258076,25684585413499
25684390258076,25684890384968
25684390258076,25685081523744
25684390258076,25685345166752
25685372097053,25685345166752
25685372097053,25685850755249
25685372097053,25686080333855
25685372097053,25686248581606
25685372097053,25686659387389
25686684672641,25686659387389
25686684672641,25686906733038
25686684672641,25687042795016
25686684672641,25687241608818
25686684672641,25687726510884
25687768371405,25687726510884
25687768371405,25687990782618
25687768371405,25688193945426
25687768371405,25688410723075
25687768371405,25688716118412
25687768371405,25688868075936
25688717960470,25688868075936
25688717960470,25689061346006
25688717960470,25689229773180
25688717960470,25689591972932
25689595367132,25689591972932
25689595367132,25689811019800
25689595367132,25690006313163
25689595367132,25690181760469
25689595367132,25690484554964
25690569395963,25690484554964
25690569395963,25690838246158
25690569395963,25690977430420
25690569395963,25691225408208
25690569395963,25691391962159
25691227515708,25691391962159
25691227515708,25691536221526
25691227515708,25691737676159
25691227515708,25691935676413
25691227515708,25692401292785
25692417726532,25692401292785
25692417726532,25692720582747
25692417726532,25692940038526
25692417726532,25693199509543
25692417726532,25693427112040
25693436219347,25693427112040
25693436219347,25693615813625
25693436219347,25693922666969
25693436219347,25694086186083
25693436219347,25694253878994
25694266495986,25694253878994
25694266495986,25694525763430
25694266495986,25694678768830
25694266495986,25694899254965
25694266495986,25695141296509
25695143305487,25695141296509
25695143305487,25695292683582
25695143305487,25695599133680
25695143305487,25695757307010
25695143305487,25695995399863
25696036588603,25695995399863
25696036588603,25696233807307
25696036588603,25696439178310
25696036588603,25696618177319
25696620715366,25696618177319
25696620715366,25696823199673
25696620715366,25696987986120
25696620715366,25697140077880
25696620715366,25697322350884
25697327214872,25697322350884
25697327214872,25697570435721
25697327214872,25697741376370
25697327214872,25697946368931
25697327214872,25698165317642
25697327214872,25698678788591
25698683256835,25698678788591
25698683256835,25698896212909
25698683256835,25699081581833
25698683256835,25699192782023
25698683256835,25699569052038
25699672212265,25699569052038
25699672212265,25699901455846
25699672212265,25700059935143
25699672212265,25700224311865
25699672212265,25700642713002
25700644829037,25700642713002
25700644829037,25700850418412
25700644829037,25700989599710
25700644829037,25701156343339
25700644829037,25701346329492
25701158328328,25701346329492
25701158328328,25701492347488
25701158328328,25701633887082
25701158328328,25701915914003
25701158328328,25702349429217
25702380700252,25702349429217
25702380700252,25702575278290
25702380700252,25702803821195
25702380700252,25702938129535
25702380700252,25703261425317
25703323734536,25703261425317
25703323734536,25703553743776
25703323734536,25703792620886
25703323734536,25703922300724
25703323734536,25704274258121
25704371978875,25704274258121
25704371978875,25704644404505
25704371978875,25704826994332
25704371978875,25705015590419
25704371978875,25705210232147
25705275469570,25705210232147
25705275469570,25705516066085
25705275469570,25705750377571
25705275469570,25705897353484
25705275469570,25706355470724
25706356922802,25706355470724
25706356922802,25706559373045
25706356922802,25706736524659
25706356922802,25706979850785
25706356922802,25707368877188
25707370459186,25707368877188
25707370459186,25707543168810
25707370459186,25707720110604
25707370459186,25707907640947
25707955875852,25707907640947
25707955875852,25708173596910
25707955875852,25708326981882
25707955875852,25708499106166
25707955875852,25708680871029
25707955875852,25709156410597
25709172118519,25709156410597
25709172118519,25709379819543
25709172118519,25709617824318
25709172118519,25709828951669
25709172118519,25710048685707
25710119368927,25710048685707
25710119368927,25710343206910
25710119368927,25710577203383
25710119368927,25710823866276
25710119368927,25711059082440
25711188392518,25711059082440
25711188392518,25711348338512
25711188392518,25711551296165
25711188392518,25712031499321
25711188392518,25712263042093
25712399450365,25712263042093
25712399450365,25712606310353
25712399450365,25712820449970
25712399450365,25712961972085
25712399450365,25713278840547
25713336353635,25713278840547
25713336353635,25713558206375
25713336353635,25713740457415
25713336353635,25713976931798
25713336353635,25714163460926
25714222266276,25714163460926
25714222266276,25714407272724
25714222266276,25714604303797
25714222266276,25714820879288
25714222266276,25715077427768
25715154302180,25715077427768
25715154302180,25715439442160
25715154302180,25715608418279
25715154302180,25715786555320
25715154302180,25716063847028
25716319335853,25716063847028
25716319335853,25716497876231
25716319335853,25716686135897
25716319335853,25716852016021
25716319335853,25716994397563
25717024987108,25716994397563
25717024987108,25717240790029
25717024987108,25717400136098
25717024987108,25717521201457
25717024987108,25717924708662
25718001482664,25717924708662
25718001482664,25718289093422
25718001482664,25718470193403
25718001482664,25718607871135
25718001482664,25719044288199
25719046019178,25719044288199
25719046019178,25719240613221
25719046019178,25719459318573
25719046019178,25719636168565
25719046019178,25719938662839
25719940642120,25719938662839
25719940642120,25720147252349
25719940642120,25720276176689
25719940642120,25720442087177
25719940642120,25720827781872
25720856094836,25720827781872
25720856094836,25721059060734
25720856094836,25721403930271
25720856094836,25721568665295
25720856094836,25721861322299
25721865612326,25721861322299
25721865612326,25722129369626
25721865612326,25722301346306
25721865612326,25722450157035
25721865612326,25722840564955
25722843433841,25722840564955
25722843433841,25723007976030
25722843433841,25723212888670
25722843433841,25723361684015
25722843433841,25723629186205
25723698995572,25723629186205
25723698995572,25723971770481
25723698995572,25724155500392
25723698995572,25724360780779
25723698995572,25724641766501
25724676412370,25724641766501
25724676412370,25724861107499
25724676412370,25725024203306
25724676412370,25725221835108
25724676412370,25725530200161
25725637714862,25725530200161
25725637714862,25725856913007
25725637714862,25726028834440
25725637714862,25726237618062
25725637714862,25726619729863
25726653705031,25726619729863
25726653705031,25726852744653
25726653705031,25727163864503
25726653705031,25727337418489
25726653705031,25727541446699
25727620444526,25727541446699
25727620444526,25727886102443
25727620444526,25728090396173
25727620444526,25728243171546
25727620444526,25728473859154
25728504767519,25728473859154
25728504767519,25728741465225
25728504767519,25728950368081
25728504767519,25729153507358
25728504767519,25729380418538
25729482113788,25729380418538
25729482113788,25729702123942
25729482113788,25729998911906
25729482113788,25730183065138
25729482113788,25730397946294
25730496899846,25730397946294
25730496899846,25730670301507
25730496899846,25730879657367
25730496899846,25731070044589
25730496899846,25731279976542
25731378728845,25731279976542
25731378728845,25731568654734
25731378728845,25731773850670
25731791177044,25731773850670
25731791177044,25732007032877
25731791177044,25732128491894
25731791177044,25732289827891
25731791177044,25732446949128
25731791177044,25732563234697
25731791177044,25733080765115
25733183261650,25733080765115
25733183261650,25733393822947
25733183261650,25733593418536
25733183261650,25733782921123
25733183261650,25733995323290
25734106528099,25733995323290
25734106528099,25734310690799
25734106528099,25734581106081
25734106528099,25734791697462
25734794144886,25734791697462
25734794144886,25735008103202
25734794144886,25735190027300
25734794144886,25735363250244
25734794144886,25735525324457
25734794144886,25736139655552
25736142454200,25736139655552
25736142454200,25736324133683
25736142454200,25736458457873
25736142454200,25736635052073
25736637295853,25736635052073
25736637295853,25736808943296
25736637295853,25736972704989
25736637295853,25737172472909
25736637295853,25737420539813
25736637295853,25737842083992
25737847772370,25737842083992
25737847772370,25738045974197
25737847772370,25738231749971
25737847772370,25738430225242
25737847772370,25738779344081
25738782169155,25738779344081
25738782169155,25738938443173
25738782169155,25739267515805
25738782169155,25739457582423
25739459642651,25739457582423
25739459642651,25739641943605
25739459642651,25739796712253
25739459642651,25739990245108
25739459642651,25740155429152
25740287339192,25740155429152
25740287339192,25740490189690
25740287339192,25740679062244
25740287339192,25740836653288
25740287339192,25741112034640
25741238493017,25741112034640
25741238493017,25741461863241
25741238493017,25741687421738
25741238493017,25741859187741
25741238493017,25742173238132
25741238493017,25742539590717
25742658495453,25742539590717
25742658495453,25742878142829
25742658495453,25743072912320
25742658495453,25743839107538
25743842140661,25743839107538
25743842140661,25744067826006
25743842140661,25744234552534
25743842140661,25744425613755
25743842140661,25744540578981
25744627445729,25744540578981
25744627445729,25744908184380
25744627445729,25745026355936
25744627445729,25745206934500
25744627445729,25745502574831
25744627445729,25745908432968
25745937603317,25745908432968
25745937603317,25746212695682
25745937603317,25746401173751
25745937603317,25746541088656
25745937603317,25746992029500
25746993939360,25746992029500
25746993939360,25747251516659
25746993939360,25747427815022
25746993939360,25747599908962
25746993939360,25747995367759
25748000734857,25747995367759
25748000734857,25748214341330
25748000734857,25748384197634
25748000734857,25748546902229
25748000734857,25748835207184
25748000734857,25748969583059
25748837210868,25748969583059
25748837210868,25749255263269
25748837210868,25749442908913
25748837210868,25749701161080
25749759256730,25749701161080
25749759256730,25749936980786
25749759256730,25750236127229
25749759256730,25750460562532
25749759256730,25750729303058
25750731017240,25750729303058
25750731017240,25750928334695
25750731017240,25751140245425
25750731017240,25751305282639
25750731017240,25751528815897
25751637264770,25751528815897
25751637264770,25751937872024
25751637264770,25752159946421
25751637264770,25752315247468
25751637264770,25752519204424
25752582816211,25752519204424
25752582816211,25752828829921
25752582816211,25753084559722
25752582816211,25753255143774
25753257540677,25753255143774
25753257540677,25753522513918
25753257540677,25753678212544
25753257540677,25753854434094
25753257540677,25754030251069
25754036743202,25754030251069
25754036743202,25754242429209
25754036743202,25754392342635
25754036743202,25754639620146
25754036743202,25755046211138
25754036743202,25755295422770
25755361705456,25755295422770
25755361705456,25755653162017
25755361705456,25755833537194
25755361705456,25755969384919
25755361705456,25756339603860
25755361705456,25756528470990
25756353614671,25756528470990
25756353614671,25756734553638
25756353614671,25756915300872
25756353614671,25757248573661
25757312971984,25757248573661
25757312971984,25757545862027
25757312971984,25757722315157
25757312971984,25757851985389
25757855704273,25757851985389
25757855704273,25758085340293
25757855704273,25758247078850
25757855704273,25758492230282
25757855704273,25758667274685
25757855704273,25759184269422
25759210061136,25759184269422
25759210061136,25759480321754
25759210061136,25759642469904
25759210061136,25759808806272
25759210061136,25760069639357
25760076940387,25760069639357
25760076940387,25760257692681
25760076940387,25760595609091
25760076940387,25760721387100
25760076940387,25761004369752
25761006615674,25761004369752
25761006615674,25761176804357
25761006615674,25761400603365
25761006615674,25761581841051
25761006615674,25761760982457
25761787155014,25761760982457
25761787155014,25761993635984
25761787155014,25762182310548
25761787155014,25762399587111
25762401342610,25762399587111
25762401342610,25762547385543
25762401342610,25762710579270
25762401342610,25762934220938
25762401342610,25763184539266
25762401342610,25763561155841
25763639941316,25763561155841
25763639941316,25763798481463
25763639941316,25764017861203
25763639941316,25764156957523
25763639941316,25764486666894
25764540222578,25764486666894
25764540222578,25764789603577
25764540222578,25764955307334
25764540222578,25765115989926
25764540222578,25765436437020
25765439304512,25765436437020
25765439304512,25765642537025
25765439304512,25765841226611
25765439304512,25765988703472
25765439304512,25766416029378
25766434725638,25766416029378
25766434725638,25766661134169
25766434725638,25767124227730
25766434725638,25767283355743
25767285281843,25767283355743
25767285281843,25767521634426
25767285281843,25767674028155
25767285281843,25767827143241
25767285281843,25767984604815
25767285281843,25768334228478
25767285281843,25768655652154
25768448770127,25768655652154
25768448770127,25768871558029
25768448770127,25769042533104
25769045209055,25769042533104
25769045209055,25769248115278
25769045209055,25769434332960
25769045209055,25769602469584
25769045209055,25769780420594
25769045209055,25770276936082
25770293574774,25770276936082
25770293574774,25770507254835
25770293574774,25770663446374
25770293574774,25770887105828
25770293574774,25771248027693
25771294697730,25771248027693
25771294697730,25771534999636
25771294697730,25771651359394
25771294697730,25771907441808
25771294697730,25772209873808
25772212239305,25772209873808
25772212239305,25772415634603
25772212239305,25772598064073
25772212239305,25772807299542
25772212239305,25773134246568
25773140036003,25773134246568
25773140036003,25773323494144
25773140036003,25773674214879
25773140036003,25773872749806
25773140036003,25773992760888
25774025740925,25773992760888
25774025740925,25774258244246
25774025740925,25774434873370
25774025740925,25774586123916
25774025740925,25774924476161
25774926022191,25774924476161
25774926022191,25775175993400
25774926022191,25775361267814
25774926022191,25775511291652
25774926022191,25775844557618
25775846524973,25775844557618
25775846524973,25776029026089
25775846524973,25776228300986
25775846524973,25776435931451
25775846524973,25776882855022
25776884770797,25776882855022
25776884770797,25777170583300
25776884770797,25777389191664
25776884770797,25777589632503
25776884770797,25777858604195
25777889216436,25777858604195
25777889216436,25778115514396
25777889216436,25778227972770
25777889216436,25778374749230
25777889216436,25778791126708
25778795958800,25778791126708
25778795958800,25779086688351
25778795958800,25779250019713
25778795958800,25779413657752
25778795958800,25779649777851
25779652117326,25779649777851
25779652117326,25779905136884
25779652117326,25780064418080
25779652117326,25780214560269
25779652117326,25780457238430
25780583903977,25780457238430
25780583903977,25780817721390
25780583903977,25780997406797
25780583903977,25781167262878
25780583903977,25781485234973
25781578787665,25781485234973
25781578787665,25781894151322
25781578787665,25782073046862
25781578787665,25782331642029
25781578787665,25782573991438
25782727301505,25782573991438
25782727301505,25782903537057
25782727301505,25783068709146
25782727301505,25783228427530
25782727301505,25783412527383
25783532577352,25783412527383
25783532577352,25783722166448
25783532577352,25783903261184
25783532577352,25784180265689
25783532577352,25784337642406
25784417160968,25784337642406
25784417160968,25784683078619
25784417160968,25784827697146
25784417160968,25785053168115
25784417160968,25785418089929
25785419796550,25785418089929
25785419796550,25785651190129
25785419796550,25785833238118
25785419796550,25785997307874
25785999066569,25785997307874
25785999066569,25786277069219
25785999066569,25786435427870
25785999066569,25786592974669
25785999066569,25786836452055
25786875123123,25786836452055
25786875123123,25787109304165
25786875123123,25787270045131
25786875123123,25787440389646
25786875123123,25787740191090
25787745345315,25787740191090
25787745345315,25787992908404
25787745345315,25788232936982
25787745345315,25788413995993
25787745345315,25788591504518
25787745345315,25789038975724
25789095972634,25789038975724
25789095972634,25789341045856
25789095972634,25789488394747
25789095972634,25789697068393
25789095972634,25789974700613
25789980635388,25789974700613
25789980635388,25790215253392
25789980635388,25790413125632
25789980635388,25790578996550
25789980635388,25790911511643
25790912977690,25790911511643
25790912977690,25791117948320
25790912977690,25791287950269
25790912977690,25791412874239
25790912977690,25791792405976
25791840116212,25791792405976
25791840116212,25792104436599
25791840116212,25792351676458
25791840116212,25792503043593
25791840116212,25792705611391
25792769836236,25792705611391
25792769836236,25793010451237
25792769836236,25793234517811
25792769836236,25793468043616
25792769836236,25793771369223
25793773235247,25793771369223
25793773235247,25794040710900
25793773235247,25794222500930
25793773235247,25794466665329
25793773235247,25794802384821
25794805095399,25794802384821
25794805095399,25795035738775
25794805095399,25795228834168
25794805095399,25795393203224
25794805095399,25795595458356
25795648396262,25795595458356
25795648396262,25795791735804
25795648396262,25796049564048
25795648396262,25796176757334
25796579899127,25796176757334
25796579899127,25796861198438
25796579899127,25797009847842
25796579899127,25797272609558
25796579899127,25797428886414
25796579899127,25797832171919
25797845053166,25797832171919
25797845053166,25798021479646
25797845053166,25798241982762
25797845053166,25798452872374
25797845053166,25798668837467
25798745178543,25798668837467
25798745178543,25798928163160
25798745178543,25799141440575
25798745178543,25799319401292
25798745178543,25799535300643
25798745178543,25799770951975
25799586688870,25799770951975
25799586688870,25799935342252
25799586688870,25800075267501
25799586688870,25800442851137
25800462867372,25800442851137
25800462867372,25800722228878
25800462867372,25800873438908
25800462867372,25801032412533
25800462867372,25801461445427
25801463118682,25801461445427
25801463118682,25801684406742
25801463118682,25801807738425
25801463118682,25801956817454
25801463118682,25802146150112
25801959630221,25802146150112
25801959630221,25802345467490
25801959630221,25802562298959
25801959630221,25802760083673
25802781205365,25802760083673
25802781205365,25802996972013
25802781205365,25803157756136
25802781205365,25803418412391
25802781205365,25803713602194
25802781205365,25804123103440
25804139808289,25804123103440
25804139808289,25804421726818
25804139808289,25804634299348
25804139808289,25804825014903
25804872237171,25804825014903
25804872237171,25805134259025
25804872237171,25805269502544
25804872237171,25805415147045
25804872237171,25805607566600
25805704295490,25805607566600
25805704295490,25805861852638
25805704295490,25806124359581
25805704295490,25806330628338
25805704295490,25806620166944
25806804705716,25806620166944
25806804705716,25807016077883
25806804705716,25807205085365
25806804705716,25807398260722
25806804705716,25807561653599
25806804705716,25808019102706
25808021855224,25808019102706
25808021855224,25808192376267
25808021855224,25808421581169
25808021855224,25808631331111
25808632771224,25808631331111
25808632771224,25808801268926
25808632771224,25808964358397
25808632771224,25809071556585
25808632771224,25809428724922
25808632771224,25809858969032
25809882001533,25809858969032
25809882001533,25810095972816
25809882001533,25810276133345
25809882001533,25810425099132
25810429910300,25810425099132
25810429910300,25810653058764
25810429910300,25810806127981
25810429910300,25810968689590
25810429910300,25811235157073
25810429910300,25811737387295
25811757988255,25811737387295
25811757988255,25812245484043
25811757988255,25812428962487
25811757988255,25812663267257
25812665711894,25812663267257
25812665711894,25812800324246
25812665711894,25812977524649
25812665711894,25813164212861
25812665711894,25813458427729
25812665711894,25813877434663
25813925930839,25813877434663
25813925930839,25814138754206
25813925930839,25814337540705
25813925930839,25814593402270
25814597154823,25814593402270
25814597154823,25814846197875
25814597154823,25815051113945
25814597154823,25815200782199
25814597154823,25815362031845
25814597154823,25815760334082
25815780769683,25815760334082
25815780769683,25815994586215
25815780769683,25816236538532
25815780769683,25816470456889
25815780769683,25816763118078
25816842173559,25816763118078
25816842173559,25817069933942
25816842173559,25817281626675
25816842173559,25817426564996
25816842173559,25817791228393
25817848261118,25817791228393
25817848261118,25818063076349
25817848261118,25818306342914
25817848261118,25818523592702
25817848261118,25818682050705
25818745934670,25818682050705
25818745934670,25818969946758
25818745934670,25819225117764
25818745934670,25819444516298
25818745934670,25819645327965
25819665963061,25819645327965
25819665963061,25819916855005
25819665963061,25820065317311
25819665963061,25820219310852
25820222429296,25820219310852
25820222429296,25820453364508
25820222429296,25820571425750
25820222429296,25820815570557
25820222429296,25821060624430
25820222429296,25821443310484
25821450910548,25821443310484
25821450910548,25821685767725
25821450910548,25821956229406
25821450910548,25822156577521
25821450910548,25822348468147
25822354827127,25822348468147
25822354827127,25822605698700
25822354827127,25822823149547
25822354827127,25823014163306
25823015818930,25823014163306
25823015818930,25823311881084
25823015818930,25823496215097
25823015818930,25823634609992
25823015818930,25823807972693
25823015818930,25824212040967
25824274318027,25824212040967
25824274318027,25824551557201
25824274318027,25824726653498
25824274318027,25824907409937
25824274318027,25825481298574
25825483634741,25825481298574
25825483634741,25825733292134
25825483634741,25825871625775
25825483634741,25826029221582
25825483634741,25826429312015
25826434143438,25826429312015
25826434143438,25826633437006
25826434143438,25826908181030
25826434143438,25827081140449
25827082628455,25827081140449
25827082628455,25827390316351
25827082628455,25827543703407
25827082628455,25827753262180
25827082628455,25827913452853
25827082628455,25828293147651
25828332601703,25828293147651
25828332601703,25828517327285
25828332601703,25828696080642
25828332601703,25828847160953
25828332601703,25829203749312
25829323627853,25829203749312
25829323627853,25829515305365
25829323627853,25829653998107
25829323627853,25829834207911
25829835410200,25829834207911
25829835410200,25829992221073
25829835410200,25830129082046
25829835410200,25830296421262
25829835410200,25830567915056
25829835410200,25831024278764
25831028658202,25831024278764
25831028658202,25831305145652
25831028658202,25831491283418
25831028658202,25831722895193
25831028658202,25831884051711
25831900620348,25831884051711
25831900620348,25832125733148
25831900620348,25832318170396
25831900620348,25832533075382
25831900620348,25832804293565
25832835914181,25832804293565
25832835914181,25833076180677
25832835914181,25833303170523
25832835914181,25833459357615
25833461428105,25833459357615
25833461428105,25833651980463
25833461428105,25833828301098
25833461428105,25833953569483
25833461428105,25834237058298
25833461428105,25834632910495
25834682729747,25834632910495
25834682729747,25834929316058
25834682729747,25835077546890
25834682729747,25835239870793
25834682729747,25835638585171
25835653107058,25835638585171
25835653107058,25835941110756
25835653107058,25836125056655
25835653107058,25836293291183
25835653107058,25836525425852
25836611837030,25836525425852
25836611837030,25836868260021
25836611837030,25837035857213
25836611837030,25837199374404
25836611837030,25837662221811
25837664597704,25837662221811
25837664597704,25837840819453
25837664597704,25838052817826
25837664597704,25838256911864
25837664597704,25838556270436
25838587703862,25838556270436
25838587703862,25838837655727
25838587703862,25839033207835
25838587703862,25839180440092
25839182446739,25839180440092
25839182446739,25839320226020
25839182446739,25839520361951
25839182446739,25839684253874
25839182446739,25839853118758
25839182446739,25840259130660
25840373035546,25840259130660
25840373035546,25840573245305
25840373035546,25840849123074
25840373035546,25841029994043
25840373035546,25841245747339
25841329535494,25841245747339
25841329535494,25841597536862
25841329535494,25841725309150
25841329535494,25841885476395
25841329535494,25842316101210
25842384076826,25842316101210
25842384076826,25842571323432
25842384076826,25842800186067
25842384076826,25842959316848
25842962840677,25842959316848
25842962840677,25843136448559
25842962840677,25843267924364
25842962840677,25843428583428
25842962840677,25843579254863
25843693198375,25843579254863
25843693198375,25843998420524
25843693198375,25844187048830
25843693198375,25844440802812
25843693198375,25844591891922
25844686686500,25844591891922
25844686686500,25844907718454
25844686686500,25845123945345
25844686686500,25845360356852
25844686686500,25845535781633
25845663714559,25845535781633
25845663714559,25845897925163
25845663714559,25846098237813
25845663714559,25846269780223
25845663714559,25846417506883
25845663714559,25847077186103
25847079037122,25847077186103
25847079037122,25847314426055
25847079037122,25847489476550
25847079037122,25847672832977
25847079037122,25847846743322
25847925634056,25847846743322
25847925634056,25848104602022
25847925634056,25848289782144
25847925634056,25848442029316
25847925634056,25848715769360
25848846293848,25848715769360
25848846293848,25849092331698
25848846293848,25849246556484
25848846293848,25849477357882
25848846293848,25849730731144
25849800156021,25849730731144
25849800156021,25850023613205
25849800156021,25850257230253
25849800156021,25850444150842
25849800156021,25850867337271
25850895980626,25850867337271
25850895980626,25851093060681
25850895980626,25851233045334
25850895980626,25851472933354
25850895980626,25851674768765
25851822796105,25851674768765
25851822796105,25852014114116
25851822796105,25852195107080
25851822796105,25852344120903
25851822796105,25852904219049
25852906444470,25852904219049
25852906444470,25853166422032
25852906444470,25853315823821
25852906444470,25853475041023
25853480365388,25853475041023
25853480365388,25853662614768
25853480365388,25853833417135
25853480365388,25854014614637
25853480365388,25854305317700
25853480365388,25854655706663
25854686054906,25854655706663
25854686054906,25854861253830
25854686054906,25855052344118
25854686054906,25855261724395
25854686054906,25855598486325
25855658247089,25855598486325
25855658247089,25855954345733
25855658247089,25856105125511
25855658247089,25856240063115
25856241713661,25856240063115
25856241713661,25856460998492
25856241713661,25856630039228
25856241713661,25856777855038
25856241713661,25856987819905
25856988938748,25856987819905
25856988938748,25857169769485
25856988938748,25857372328761
25856988938748,25857550661083
25856988938748,25857795072942
25857797328088,25857795072942
25857797328088,25857981227814
25857797328088,25858209242229
25857797328088,25858374096694
25857797328088,25858621828941
25857797328088,25859018091701
25859074890308,25859018091701
25859074890308,25859319487259
25859074890308,25859532162955
25859074890308,25859796370824
25859074890308,25860040370903
25860041702463,25860040370903
25860041702463,25860281603786
25860041702463,25860439289901
25860041702463,25860604999536
25860041702463,25861035277286
25861037282243,25861035277286
25861037282243,25861250191656
25861037282243,25861409305940
25861037282243,25861661233532
25861663161672,25861661233532
25861663161672,25861795270846
25861663161672,25861976632083
25861663161672,25862142944055
25861663161672,25862333240073
25861663161672,25862849679392
25862874435068,25862849679392
25862874435068,25863130244502
25862874435068,25863335331843
25862874435068,25863512371181
25862874435068,25863708024685
25863799030161,25863708024685
25863799030161,25864063317572
25863799030161,25864255063393
25863799030161,25864460827603
25864463259928,25864460827603
25864463259928,25864714444857
25864463259928,25864961410402
25864463259928,25865131334717
25864463259928,25865270620454
25864463259928,25865651397585
25865660900562,25865651397585
25865660900562,25865873573173
25865660900562,25866021093615
25865660900562,25866177335777
25865660900562,25866632203602
25866634783942,25866632203602
25866634783942,25866875044396
25866634783942,25867015375786
25866634783942,25867191104074
25866634783942,25867492438881
25867495904868,25867492438881
25867495904868,25867715384377
25867495904868,25867968196809
25867495904868,25868195310726
25868199294907,25868195310726
25868199294907,25868336115400
25868199294907,25868496879140
25868199294907,25868691080210
25868199294907,25868857790679
25868199294907,25869250060606
25869265211182,25869250060606
25869265211182,25869471708636
25869265211182,25869693187060
25869265211182,25869836761520
25869265211182,25870168964195
25870196261725,25870168964195
25870196261725,25870401931631
25870196261725,25870672118079
25870196261725,25870856101331
25870196261725,25871069572141
25871131902417,25871069572141
25871131902417,25871365629536
25871131902417,25871535162017
25871131902417,25871719525166
25871131902417,25872000296974
25872091325578,25872000296974
25872091325578,25872291305015
25872091325578,25872494099671
25872091325578,25872673685036
25872091325578,25873082810203
25873168466121,25873082810203
25873168466121,25873396100320
25873168466121,25873541033602
25873168466121,25873690224222
25873168466121,25873963115265
25874067790295,25873963115265
25874067790295,25874337146835
25874067790295,25874518847666
25874067790295,25874786758275
25874067790295,25875020462928
25875200081042,25875020462928
25875200081042,25875381306383
25875200081042,25875519330775
25875200081042,25875674106631
25875200081042,25875889956244
25875955219280,25875889956244
25875955219280,25876182326248
25875955219280,25876341189193
25875955219280,25876508496013
25876510478965,25876508496013
25876510478965,25876710652605
25876510478965,25876862954890
25876510478965,25877000657558
25876510478965,25877402408664
25876510478965,25877749052905
25877762117303,25877749052905
25877762117303,25877954356058
25877762117303,25878219332319
25877762117303,25878397356488
25878403068269,25878397356488
25878403068269,25878689305237
25878403068269,25878848469799
25878403068269,25879027459590
25878403068269,25879206230038
25878403068269,25879633894445
25879645587275,25879633894445
25879645587275,25879869932072
25879645587275,25880009327893
25879645587275,25880239985062
25879645587275,25880648275650
25880681033353,25880648275650
25880681033353,25880886047452
25880681033353,25881140348215
25880681033353,25881267287197
25880681033353,25881574512936
25881594651045,25881574512936
25881594651045,25881814953295
25881594651045,25881991156580
25881594651045,25882143289775
25881594651045,25882551318467
25882553362556,25882551318467
25882553362556,25882815887261
25882553362556,25882966327601
25882553362556,25883133146586
25882553362556,25883497488088
25883642791860,25883497488088
25883642791860,25883901479614
25883642791860,25884115058721
25883642791860,25884307677991
25883642791860,25884505562801
25884547230457,25884505562801
25884547230457,25884828308699
25884547230457,25885034312530
25884547230457,25885245338726
25885248087759,25885245338726
25885248087759,25885504551876
25885248087759,25885652953731
25885248087759,25885842549255
25885248087759,25885978144872
25885248087759,25886443083070
25886562427720,25886443083070
25886562427720,25886808314950
25886562427720,25886978028398
25886562427720,25887120259497
25886562427720,25887450435623
25887734344747,25887450435623
25887734344747,25887983384116
25887734344747,25888219584233
25887734344747,25888405250589
25887734344747,25888564194703
25888693422969,25888564194703
25888693422969,25888974954691
25888693422969,25889206394863
25888693422969,25889433680058
25888693422969,25889601737037
25889603941332,25889601737037
25889603941332,25889841043847
25889603941332,25890004310099
25889603941332,25890168421434
25889603941332,25890621484347
25890623151284,25890621484347
25890623151284,25890843438071
25890623151284,25891027652670
25890623151284,25891197972536
25890623151284,25891489638690
25891658524081,25891489638690
25891658524081,25891860417254
25891658524081,25892161796359
25891658524081,25892369779367
25891658524081,25892548932967
25892631848239,25892548932967
25892631848239,25892796270847
25892631848239,25893022658217
25892631848239,25893212057190
25892631848239,25893511717050
25893636321245,25893511717050
25893636321245,25893840367821
25893636321245,25893995320828
25893636321245,25894234133941
25893636321245,25894578366006
25894615514799,25894578366006
25894615514799,25894850860971
25894615514799,25895088360198
25894615514799,25895260483814
25894615514799,25895618527751
25895639650036,25895618527751
25895639650036,25895893144976
25895639650036,25896051255207
25895639650036,25896196142810
25895639650036,25896531420226
25896605854352,25896531420226
25896605854352,25896882527233
25896605854352,25897061137726
25896605854352,25897260267862
25897262345656,25897260267862
25897262345656,25897489403066
25897262345656,25897683038723
25897262345656,25897816513118
25897262345656,25897971018459
25897972641526,25897971018459
25897972641526,25898177456012
25897972641526,25898397510167
25897972641526,25898579442247
25897972641526,25898754290938
25897972641526,25899283042575
25899296334271,25899283042575
25899296334271,25899531488314
25899296334271,25899671538441
25899296334271,25899845422089
25899296334271,25900306110523
25900308393284,25900306110523
25900308393284,25900523912235
25900308393284,25900784155940
25900308393284,25900970781623
25900308393284,25901331741880
25901535746512,25901331741880
25901535746512,25901687849084
25901535746512,25901814343128
25901535746512,25901973103768
25901535746512,25902244553592
25902341380551,25902244553592
25902341380551,25902585222016
25902341380551,25902732879161
25902341380551,25902915383031
25902918457145,25902915383031
25902918457145,25903170746668
25902918457145,25903306476781
25902918457145,25903455453646
25902918457145,25903930556752
25903932714142,25903930556752
25903932714142,25904182494214
25903932714142,25904316504567
25903932714142,25904518263024
25903932714142,25904674084511
25903932714142,25905152794362
25905182884690,25905152794362
25905182884690,25905431369914
25905182884690,25905682119907
25905182884690,25905855200917
25905857176148,25905855200917
25905857176148,25905982632162
25905857176148,25906158337720
25905857176148,25906295239737
25905857176148,25906612105715
25905857176148,25906932505309
25907057786266,25906932505309
25907057786266,25907282204470
25907057786266,25907498164527
25907057786266,25907661121098
25907057786266,25907936829470
25908085906380,25907936829470
25908085906380,25908328482004
25908085906380,25908580471223
25908085906380,25908720819707
25908085906380,25908969491240
25908085906380,25909184647275
25909000379830,25909184647275
25909000379830,25909392597423
25909000379830,25909566278342
25909568608748,25909566278342
25909568608748,25909773952593
25909568608748,25909904113398
25909568608748,25910041790207
25909568608748,25910273407220
25909568608748,25910695690915
25910697429161,25910695690915
25910697429161,25910956269834
25910697429161,25911146852894
25910697429161,25911406376543
25910697429161,25911538489308
25911640574944,25911538489308
25911640574944,25911876818050
25911640574944,25912039273644
25911640574944,25912301272329
25911640574944,25912512983488
25912561427331,25912512983488
25912561427331,25912746172152
25912561427331,25912895254047
25912561427331,25913062227490
25912561427331,25913412282095
25913476691944,25913412282095
25913476691944,25913689159590
25913476691944,25913831129396
25913476691944,25914097382299
25913476691944,25914233017628
25913476691944,25914383799107
25914386327387,25914383799107
25914386327387,25914617859558
25914386327387,25914824667574
25914386327387,25915233403671
25915386533124,25915233403671
25915386533124,25915649453882
25915386533124,25915817963928
25915386533124,25915999679314
25915386533124,25916221672970
25916270031933,25916221672970
25916270031933,25916498122883
25916270031933,25916615336031
25916270031933,25916841233874
25916842821564,25916841233874
25916842821564,25917035284225
25916842821564,25917177195707
25916842821564,25917365325944
25916842821564,25917628100713
25916842821564,25918079656340
25918150071982,25918079656340
25918150071982,25918374672658
25918150071982,25918550070622
25918150071982,25918769764360
25918150071982,25919042295518
25919104445739,25919042295518
25919104445739,25919308715966
25919104445739,25919536144258
25919104445739,25919708544996
25919715193374,25919708544996
25919715193374,25919931254952
25919715193374,25920104602049
25919715193374,25920313385555
25919715193374,25920461588486
25919715193374,25920965440447
25921025290637,25920965440447
25921025290637,25921215762171
25921025290637,25921403984008
25921025290637,25921601072903
25921025290637,25921943038803
25921958500284,25921943038803
25921958500284,25922241191972
25921958500284,25922356256450
25921958500284,25922504816770
25921958500284,25922811911791
25922815700730,25922811911791
25922815700730,25923044713928
25922815700730,25923204108656
25923221770613,25923204108656
25923221770613,25923429969011
25923221770613,25923548475497
25923221770613,25923745916589
25923221770613,25923902711572
25923221770613,25924050950820
25923221770613,25924416755636
25924513311993,25924416755636
25924513311993,25924743977990
25924513311993,25924880519964
25924513311993,25925087191641
25924513311993,25925521559517
25925537987425,25925521559517
25925537987425,25925762278702
25925537987425,25925979273753
25925537987425,25926101779342
25926102863350,25926101779342
25926102863350,25926376354644
25926102863350,25926794101514
25926102863350,25927018009507
25926102863350,25927210919814
25926102863350,25927711256665
25927714436943,25927711256665
25927714436943,25927935933853
25927714436943,25928091090351
25927714436943,25928228148029
25928230166214,25928228148029
25928230166214,25928425447004
25928230166214,25928635420575
25928230166214,25928812335739
25928230166214,25929034483092
25928230166214,25929506191590
25929587871922,25929506191590
25929587871922,25929743080231
25929587871922,25929897353469
25929587871922,25930163863523
25930165432415,25930163863523
25930165432415,25930375946591
25930165432415,25930508727334
25930165432415,25930678861601
25930165432415,25930896565749
25930954752216,25930896565749
25930954752216,25931159343399
25930954752216,25931402685015
25930954752216,25931609761524
25930954752216,25931905227351
25930954752216,25932325946918
25932328558010,25932325946918
25932328558010,25932579120848
25932328558010,25932771226327
25932328558010,25932918247981
25932328558010,25933236133862
25933238985068,25933236133862
25933238985068,25933472696892
25933238985068,25933651414764
25933238985068,25933816539767
25933238985068,25934123487692
25934126331311,25934123487692
25934126331311,25934401863225
25934126331311,25934585697672
25934126331311,25934745255235
25934126331311,25934919177275
25934965671707,25934919177275
25934965671707,25935203706630
25934965671707,25935404236098
25934965671707,25935610562190
25934965671707,25935890572112
25935914151488,25935890572112
25935914151488,25936235917498
25935914151488,25936496573348
25935914151488,25936686874038
25935914151488,25936860353179
25936864572031,25936860353179
25936864572031,25937127404128
25936864572031,25937306962433
25936864572031,25937451119622
25937452533521,25937451119622
25937452533521,25937608787349
25937452533521,25937796223645
25937452533521,25937925084463
25937452533521,25938328733934
25937452533521,25938753441000
25938813157877,25938753441000
25938813157877,25939067553069
25938813157877,25939245589993
25938813157877,25939384234794
25939385996301,25939384234794
25939385996301,25939547936970
25939385996301,25939691039231
25939385996301,25939850635438
25939385996301,25940127197514
25940162520336,25940127197514
25940162520336,25940352522417
25940162520336,25940568407407
25940162520336,25940777220485
25940162520336,25941022028978
25940162520336,25941579398667
25941581521708,25941579398667
25941581521708,25941763332778
25941581521708,25941890115925
25941581521708,25942087192557
25941581521708,25942466805139
25942469808861,25942466805139
25942469808861,25942681035564
25942469808861,25942830120758
25942469808861,25942984189949
25942469808861,25943254242944
25943385485689,25943254242944
25943385485689,25943567547597
25943385485689,25943748588547
25943385485689,25943918428889
25943385485689,25944351251435
25944367682345,25944351251435
25944367682345,25944611293656
25944367682345,25944857996641
25944367682345,25945021582759
25944367682345,25945225819409
25945333265204,25945225819409
25945333265204,25945491182714
25945333265204,25945744931646
25945333265204,25945887513472
25945333265204,25946229816825
25946234483993,25946229816825
25946234483993,25946447183279
25946234483993,25946673036502
25946234483993,25946896333654
25946898670962,25946896333654
25946898670962,25947151384721
25946898670962,25947336548316
25946898670962,25947494558360
25946898670962,25947688219128
25946898670962,25948063970257
25948176506055,25948063970257
25948176506055,25948454029047
25948176506055,25948584261321
25948176506055,25948811397948
25948176506055,25949098462383
25949124104658,25949098462383
25949124104658,25949387557846
25949124104658,25949550363884
25949124104658,25949709312735
25949710938787,25949709312735
25949710938787,25949924122513
25949710938787,25950070032824
25949710938787,25950244177703
25949710938787,25950441363197
25949710938787,25950871405502
25950976717974,25950871405502
25950976717974,25951164494035
25950976717974,25951384655094
25950976717974,25951551373473
25950976717974,25951859592466
25951959444334,25951859592466
25951959444334,25952269056509
25951959444334,25952756635631
25952758858666,25952756635631
25952758858666,25952967099934
25952758858666,25953082503596
25952758858666,25953225793720
25952758858666,25953380025245
25952758858666,25953618408132
25953815993811,25953618408132
25953815993811,25954008346096
25953815993811,25954174341764
25953815993811,25954360890751
25953815993811,25954510103070
25953815993811,25955045449934
25955046910641,25955045449934
25955046910641,25955254528601
25955046910641,25955386416855
25955046910641,25955554604461
25955046910641,25955822130290
25955844509778,25955822130290
25955844509778,25956151547166
25955844509778,25956301924680
25955844509778,25956473912238
25956476261600,25956473912238
25956476261600,25956718062070
25956476261600,25956925803383
25956476261600,25957049171867
25956476261600,25957245597962
25956476261600,25957608116050
25957627881951,25957608116050
25957627881951,25957867575660
25957627881951,25958137081571
25957627881951,25958307894874
25957627881951,25958561405218
25958570303540,25958561405218
25958570303540,25958851517550
25958570303540,25959057355782
25958570303540,25959219242272
25958570303540,25959355591062
25959221298854,25959355591062
25959221298854,25959499554313
25959221298854,25959671363552
25959221298854,25959806370342
25959875687565,25959806370342
25959875687565,25960115364633
25959875687565,25960289061057
25959875687565,25960481855672
25959875687565,25960730094817
25959875687565,25961186193394
25961193973872,25961186193394
25961193973872,25961442325546
25961193973872,25961616154746
25961193973872,25961788901547
25961193973872,25962047344609
25962089015110,25962047344609
25962089015110,25962304266860
25962089015110,25962510134607
25962089015110,25962641492814
25962089015110,25963025620324
25963049325747,25963025620324
25963049325747,25963296370150
25963049325747,25963462342437
25963049325747,25963623735903
25963626659708,25963623735903
25963626659708,25963859829543
25963626659708,25964017294659
25963626659708,25964179689223
25963626659708,25964458346624
25963626659708,25964933101512
25965012872191,25964933101512
25965012872191,25965286496823
25965012872191,25965445159155
25965012872191,25965512779473
25965904791114,25965512779473
25965904791114,25966093935522
25965904791114,25966207511493
25965904791114,25966484150641
25965904791114,25966665233280
25965904791114,25966967096076
25967055442247,25966967096076
25967055442247,25967312392122
25967055442247,25967464457404
25967055442247,25967613120413
25967614675734,25967613120413
25967614675734,25967846204856
25967614675734,25968056553356
25967614675734,25968264711938
25967614675734,25968442229703
25967614675734,25968991353257
25969023017241,25968991353257
25969023017241,25969231859299
25969023017241,25969467592158
25969023017241,25969631948835
25969023017241,25969768677355
25969890226386,25969768677355
25969890226386,25970185683368
25969890226386,25970432097417
25969890226386,25970600288978
25969890226386,25970772214262
25970832812247,25970772214262
25970832812247,25971000485621
25970832812247,25971201187250
25970832812247,25971395824580
25970832812247,25971691264184
25971760429790,25971691264184
25971760429790,25972009081997
25971760429790,25972200975838
25971760429790,25972384258893
25971760429790,25972613493769
25972676577143,25972613493769
25972676577143,25972956286240
25972676577143,25973124291290
25972676577143,25973264966120
25973266550424,25973264966120
25973266550424,25973525369465
25973266550424,25973679275451
25973266550424,25973832266094
25973266550424,25974145870812
25973266550424,25974665471423
25974667636312,25974665471423
25974667636312,25974828297476
25974667636312,25975033963520
25974667636312,25975198561457
25974667636312,25975454234495
25975526191785,25975454234495
25975526191785,25975777203538
25975526191785,25975931788482
25975526191785,25976077276834
25975526191785,25976423030019
25976424972641,25976423030019
25976424972641,25976552954849
25976424972641,25976772343183
25976424972641,25976925172263
25976926467399,25976925172263
25976926467399,25977191617931
25976926467399,25977355812578
25976926467399,25977534185573
25976926467399,25977678274999
25976926467399,25978190326728
25978208612191,25978190326728
25978208612191,25978492188868
25978208612191,25978643809941
25978208612191,25978772102854
25978774463517,25978772102854
25978774463517,25978967976312
25978774463517,25979099257786
25978774463517,25979280265498
25978774463517,25979564814212
25978774463517,25980052795250
25980140658533,25980052795250
25980140658533,25980364210615
25980140658533,25980575528772
25980140658533,25980751667742
25980140658533,25981056140655
25981139260927,25981056140655
25981139260927,25981412440221
25981139260927,25981577368408
25981139260927,25981720237790
25981139260927,25982141227878
25982142653715,25982141227878
25982142653715,25982399298767
25982142653715,25982626383686
25982142653715,25982821666944
25982142653715,25982979117036
25983078655938,25982979117036
25983078655938,25983337729424
25983078655938,25983514985802
25983078655938,25983733930658
25983078655938,25983887266756
25983983560559,25983887266756
25983983560559,25984234632303
25983983560559,25984397966124
25983983560559,25984552768706
25983983560559,25984821122930
25984915381284,25984821122930
25984915381284,25985179113455
25984915381284,25985351962962
25984915381284,25985541512508
25985543673334,25985541512508
25985543673334,25985735215527
25985543673334,25985848312538
25985543673334,25986034240310
25985543673334,25986360662958
25986376345351,25986360662958
25986376345351,25986638441074
25986376345351,25986774382472
25986376345351,25986970050501
25986376345351,25987231289581
25986376345351,25987643762655
25987747820327,25987643762655
25987747820327,25988038754400
25987747820327,25988223693340
25987747820327,25988417323759
25987747820327,25988562301757
25988627682381,25988562301757
25988627682381,25988824474239
25988627682381,25988991805506
25988627682381,25989155739079
25988627682381,25989478287403
25989558402581,25989478287403
25989558402581,25989723100281
25989558402581,25989992249351
25989558402581,25990139125987
25989558402581,25990447223551
25990541615073,25990447223551
25990541615073,25990844854578
25990541615073,25991003279094
25991020292327,25991003279094
25991020292327,25991202422003
25991020292327,25991358697813
25991020292327,25991491332270
25991020292327,25991654494518
25991020292327,25991889372482
25991020292327,25992417112478
25992439648405,25992417112478
25992439648405,25992708348393
25992439648405,25992876023505
25992439648405,25993042895655
25992439648405,25993431201848
25993432558136,25993431201848
25993432558136,25993676190082
25993432558136,25993827504158
25993432558136,25994032129063
25993432558136,25994194109656
25994365526969,25994194109656
25994365526969,25994612293600
25994365526969,25994812856664
25994365526969,25994944931862
25994365526969,25995392243386
25994365526969,25995603838548
25995424139029,25995603838548
25995424139029,25995854881481
25995424139029,25996009795160
25995424139029,25996230110643
25996232884256,25996230110643
25996232884256,25996468570999
25996232884256,25996627126871
25996232884256,25996842339275
25996232884256,25997343884808
25997452199559,25997343884808
25997452199559,25997614252410
25997452199559,25997852720736
25997452199559,25998027323208
25998029500667,25998027323208
25998029500667,25998184706279
25998029500667,25998318974088
25998029500667,25998472986192
25998029500667,25998773340150
25998029500667,25999195063348
25999257990765,25999195063348
25999257990765,25999456222537
25999257990765,25999750419280
25999257990765,25999901201725
25999257990765,26000178336750
26000180268577,26000178336750
26000180268577,26000443260979
26000180268577,26000603645780
26000180268577,26000807074451
26000180268577,26000932969149
26001034188701,26000932969149
26001034188701,26001229788062
26001034188701,26001392346477
26001034188701,26001549752525
26001034188701,26001864927955
26001975273064,26001864927955
26001975273064,26002135761035
26001975273064,26002372634430
26001975273064,26002576772218
26001975273064,26002844421983
26002886691565,26002844421983
26002886691565,26003030683704
26002886691565,26003290877858
26002886691565,26003430140667
26002886691565,26003874980691
26003877974585,26003874980691
26003877974585,26004063780814
26003877974585,26004263589785
26003877974585,26004482792949
26003877974585,26004741862097
26004778175520,26004741862097
26004778175520,26004988473152
26004778175520,26005230023230
26004778175520,26005395542728
26004778175520,26005586603574
26005738249097,26005586603574
26005738249097,26005980034348
26005738249097,26006201161249
26005738249097,26006416215559
26005738249097,26006582033332
26006625505818,26006582033332
26006625505818,26006825779216
26006625505818,26007077055390
26006625505818,26007244859805
26006625505818,26007577209729
26007611084499,26007577209729
26007611084499,26007859342211
26007611084499,26008006763382
26007611084499,26008207426793
26007611084499,26008644279672
26008646489235,26008644279672
26008646489235,26008866988662
26008646489235,26009008124242
26008646489235,26009184441597
26008646489235,26009526341480
26009531445257,26009526341480
26009531445257,26009733172784
26009531445257,26009944042934
26009531445257,26010121282463
26009531445257,26010456590554
26010466652263,26010456590554
26010466652263,26010653455854
26010466652263,26010839998197
26010466652263,26011010175785
26010466652263,26011301633973
26011458073120,26011301633973
26011458073120,26011671703341
26011458073120,26011839496857
26011458073120,26012094415391
26011458073120,26012354264827
26012403827492,26012354264827
26012403827492,26012606852810
26012403827492,26012855555908
26012403827492,26013012535123
26012403827492,26013226151967
26013308022207,26013226151967
26013308022207,26013539099279
26013308022207,26013751960456
26013308022207,26013957503055
26013308022207,26014235603451
26014237507004,26014235603451
26014237507004,26014472363899
26014237507004,26014673164761
26014237507004,26014870694886
26014237507004,26015202259018
26015204168523,26015202259018
26015204168523,26015423989988
26015204168523,26015623262193
26015204168523,26015766056733
26015204168523,26016190550795
26015204168523,26016375367134
26016193315629,26016375367134
26016193315629,26016558946543
26016193315629,26016768785098
26016193315629,26016991150706
26017070348941,26016991150706
26017070348941,26017286564579
26017070348941,26017505704184
26017070348941,26017705815428
26017070348941,26018020039726
26018022609214,26018020039726
26018022609214,26018216103449
26018022609214,26018384563593
26018022609214,26018582843476
26018022609214,26018994861049
26018999996091,26018994861049
26018999996091,26019200423579
26018999996091,26019391128819
26018999996091,26019567373346
26018999996091,26019891357391
26019933058834,26019891357391
26019933058834,26020143217876
26019933058834,26020305133139
26019933058834,26020491031591
26019933058834,26020799123359
26020817757747,26020799123359
26020817757747,26021006240038
26020817757747,26021278210144
26020817757747,26021494911213
26021496625202,26021494911213
26021496625202,26021692940979
26021496625202,26021831406865
26021496625202,26021961514153
26021496625202,26022163178870
26021496625202,26022609594240
26022680092609,26022609594240
26022680092609,26022938628954
26022680092609,26023099123798
26022680092609,26023282308645
26022680092609,26023540713395
26023542212318,26023540713395
26023542212318,26023747847721
26023542212318,26023959762706
26023542212318,26024105296161
26023542212318,26024538208851
26024540591936,26024538208851
26024540591936,26024751707657
26024540591936,26024957599781
26024540591936,26025116164871
26025119423312,26025116164871
26025119423312,26025332207124
26025119423312,26025479624473
26025119423312,26025612842347
26025119423312,26025811456637
26025902064285,26025811456637
26025902064285,26026195946155
26025902064285,26026326564063
26025902064285,26026457430478
26025902064285,26026897852990
26025902064285,26027453264213
26027475491464,26027453264213
26027475491464,26027604995089
26027475491464,26027887326878
26027475491464,26028057174418
26027475491464,26028509504456
26028542121295,26028509504456
26028542121295,26028794489438
26028542121295,26029035093093
26028542121295,26029167697953
26029169565194,26029167697953
26029169565194,26029353341671
26029169565194,26029522200357
26029169565194,26029696227858
26029169565194,26029975457401
26029169565194,26030569814665
26030573660053,26030569814665
26030573660053,26030802683641
26030573660053,26030945059570
26030573660053,26031095353276
26030573660053,26031286802456
26031097746190,26031286802456
26031097746190,26031409303685
26031097746190,26031607597612
26031097746190,26031841241504
26031097746190,26032255810035
26032307309328,26032255810035
26032307309328,26032512718925
26032307309328,26032732521715
26032307309328,26032881736780
26032307309328,26033227378871
26033304973838,26033227378871
26033304973838,26033552621639
26033304973838,26033751501221
26033304973838,26033862614196
26033304973838,26034174900672
26034188885390,26034174900672
26034188885390,26034510994654
26034188885390,26034650149131
26034188885390,26034794956131
26034796702463,26034794956131
26034796702463,26034971663227
26034796702463,26035090574292
26034796702463,26035243588383
26034796702463,26035578079494
26035679255916,26035578079494
26035679255916,26035859414791
26035679255916,26036082202807
26035679255916,26036259500871
26035679255916,26036501333278
26035679255916,26036981156205
26037054410009,26036981156205
26037054410009,26037239337603
26037054410009,26037418496630
26037054410009,26037603651296
26037054410009,26037942286523
26037943597123,26037942286523
26037943597123,26038130811164
26037943597123,26038328192992
26037943597123,26038565411708
26038567629649,26038565411708
26038567629649,26038732042549
26038567629649,26038882789235
26038567629649,26039020294203
26038567629649,26039375708861
26039378341391,26039375708861
26039378341391,26039581353660
26039378341391,26039820664362
26039378341391,26040023633682
26039378341391,26040214201620
26040248814021,26040214201620
26040248814021,26040455112703
26040248814021,26040663728735
26040248814021,26040780999854
26040248814021,26041166177037
26040248814021,26041627758030
26041667301058,26041627758030
26041667301058,26041871100091
26041667301058,26042022809442
26041667301058,26042213378673
26042214660427,26042213378673
26042214660427,26042362338775
26042214660427,26042531055677
26042214660427,26042674844436
26042214660427,26043029889338
26042214660427,26043508834699
26043525287314,26043508834699
26043525287314,26043704832521
26043525287314,26043960606485
26043525287314,26044085091428
26044411848439,26044085091428
26044411848439,26044669093640
26044411848439,26044867218650
26044411848439,26045029524000
26044411848439,26045220273755
26045348990776,26045220273755
26045348990776,26045621607985
26045348990776,26045759443278
26045348990776,26045928379247
26045348990776,26046336175459
26045348990776,26046644500859
26046702681572,26046644500859
26046702681572,26046898120672
26046702681572,26047130406957
26046702681572,26047248658667
26046702681572,26047613614058
26047633808997,26047613614058
26047633808997,26047910845999
26047633808997,26048043380045
26047633808997,26048177776848
26047633808997,26048547883947
26048589450599,26048547883947
26048589450599,26048870994208
26048589450599,26049075081947
26048589450599,26049227528259
26048589450599,26049449209201
26049552598355,26049449209201
26049552598355,26049738922237
26049552598355,26050090721997
26049552598355,26050288882758
26049552598355,26050512149669
26050517195794,26050512149669
26050517195794,26050779500955
26050517195794,26050934080883
26050517195794,26051120919116
26050517195794,26051406837368
26051470103515,26051406837368
26051470103515,26051722275707
26051470103515,26051892374064
26051470103515,26052121905847
26051470103515,26052384840473
26052442321390,26052384840473
26052442321390,26052701864033
26052442321390,26052866093325
26052442321390,26052985119433
26052442321390,26053267037081
26053350038191,26053267037081
26053350038191,26053626297576
26053350038191,26053768137584
26053350038191,26053938118660
26053350038191,26054215038947
26054217810141,26054215038947
26054217810141,26054416786540
26054217810141,26054602126541
26054217810141,26054819223095
26054217810141,26055130478523
26055135247513,26055130478523
26055135247513,26055383056357
26055135247513,26055579200517
26055135247513,26055768254788
26055135247513,26055972404146
26055976054103,26055972404146
26055976054103,26056231721949
26055976054103,26056360267281
26055976054103,26056559081990
26055976054103,26056675063725
26056775257814,26056675063725
26056775257814,26057049306583
26056775257814,26057206969680
26056775257814,26057336468281
26056775257814,26057795269786
26057799641990,26057795269786
26057799641990,26058013300727
26057799641990,26058180907847
26057799641990,26058321831362
26057799641990,26058500945270
26058627426014,26058500945270
26058627426014,26058819041750
26058627426014,26059024306287
26058627426014,26059226691233
26058627426014,26059442225041
26059498259467,26059442225041
26059498259467,26059718170932
26059498259467,26059917600238
26059498259467,26060173461219
26059498259467,26060425339703
26060436015832,26060425339703
26060436015832,26060641013410
26060436015832,26060845901845
26060436015832,26061028557578
26060436015832,26061356116342
26060436015832,26061585792332
26061383791218,26061585792332
26061383791218,26061731262743
26061383791218,26061921401956
26061383791218,26062258946322
26062332948295,26062258946322
26062332948295,26062616807611
26062332948295,26062754432730
26062332948295,26062908118974
26062332948295,26063271103733
26063291665010,26063271103733
26063291665010,26063540581152
26063291665010,26063758132889
26063291665010,26063960644739
26063291665010,26064181373034
26063291665010,26064369226981
26064208294278,26064369226981
26064208294278,26064686329805
26064208294278,26064864811017
26064867285114,26064864811017
26064867285114,26065104498934
26064867285114,26065272444757
26064867285114,26065458894186
26064867285114,26065610784472
26065617781486,26065610784472
26065617781486,26065863395007
26065617781486,26066388081736
26065617781486,26066545692821
26065617781486,26066792688313
26065617781486,26067297053253
26067303173860,26067297053253
26067303173860,26067516514983
26067303173860,26067687293944
26067303173860,26067833823153
26067303173860,26068279016029
26068280702021,26068279016029
26068280702021,26068484925693
26068280702021,26068635913443
26068280702021,26068764385851
26068280702021,26069236224243
26069252071415,26069236224243
26069252071415,26069525382254
26069252071415,26069693145702
26069252071415,26069907369756
26069252071415,26070128180086
26070233562407,26070128180086
26070233562407,26070447540431
26070233562407,26070715277736
26070233562407,26070861621453
26070233562407,26071119638371
26071241455628,26071119638371
26071241455628,26071415139652
26071241455628,26071623409672
26071241455628,26071772097380
26071774953766,26071772097380
26071774953766,26072043257811
26071774953766,26072237786272
26071774953766,26072453414580
26071774953766,26072614941935
26071774953766,26073165237703
26073166956272,26073165237703
26073166956272,26073353920849
26073166956272,26073518106864
26073166956272,26073630202432
26073166956272,26073984954225
26073994132499,26073984954225
26073994132499,26074211947216
26073994132499,26074469530311
26073994132499,26074645275002
26073994132499,26074858142458
26074978314524,26074858142458
26074978314524,26075186501196
26074978314524,26075335094455
26074978314524,26075541151806
26075542261472,26075541151806
26075542261472,26075832283602
26075542261472,26075999484616
26075542261472,26076181187889
26075542261472,26076432331754
26075542261472,26076844146321
26076914392721,26076844146321
26076914392721,26077160164352
26076914392721,26077313116122
26076914392721,26077461017282
26076914392721,26077766073581
26077950701089,26077766073581
26077950701089,26078206038696
26077950701089,26078379371135
26077950701089,26078522941905
26078524924960,26078522941905
26078524924960,26078692850219
26078524924960,26078836337120
26078524924960,26078980884349
26078524924960,26079279062401
26078524924960,26079672395829
26079734297443,26079672395829
26079734297443,26080068313478
26079734297443,26080229614935
26079734297443,26080391646678
26080395450911,26080391646678
26080395450911,26080605750919
26080395450911,26080807185087
26080395450911,26080955246884
26080395450911,26081190468912
26080395450911,26081574667960
26081684018362,26081574667960
26081684018362,26081914277483
26081684018362,26082074102753
26081684018362,26082229475806
26081684018362,26082604160483
26082633287729,26082604160483
26082633287729,26082813041582
26082633287729,26083014515113
26082633287729,26083209829581
26083214256043,26083209829581
26083214256043,26083439856614
26083214256043,26083590426348
26083214256043,26083774705863
26083214256043,26084028432099
26084041175618,26084028432099
26084041175618,26084307014179
26084041175618,26084508140996
26084041175618,26084673433660
26084041175618,26084869876372
26084041175618,26085344863017
26085356442447,26085344863017
26085356442447,26085617708395
26085356442447,26085882414681
26085356442447,26086046351101
26085356442447,26086205328784
26086307152679,26086205328784
26086307152679,26086579324716
26086307152679,26086785097940
26086307152679,26086914476167
26086915430134,26086914476167
26086915430134,26087073837107
26086915430134,26087273571544
26086915430134,26087451040111
26086915430134,26087729855340
26086915430134,26088145788262
26088187593191,26088145788262
26088187593191,26088439100642
26088187593191,26088593828888
26088187593191,26088727264386
26088729258401,26088727264386
26088729258401,26088982613103
26088729258401,26089154480685
26088729258401,26089300518922
26088729258401,26089541464737
26088729258401,26090142719057
26090146816084,26090142719057
26090146816084,26090412159603
26090146816084,26090599638973
26090146816084,26090785880408
26090146816084,26090951379904
26091036944299,26090951379904
26091036944299,26091239870898
26091036944299,26091606951287
26091036944299,26091751253937
26091036944299,26092087284536
26092090317638,26092087284536
26092090317638,26092321616447
26092090317638,26092490427966
26092090317638,26092610632224
26092612215440,26092610632224
26092612215440,26092811065169
26092612215440,26092986709847
26092612215440,26093177403754
26092612215440,26093403339053
26092612215440,26093870222932
26093935289770,26093870222932
26093935289770,26094120385927
26093935289770,26094266580086
26093935289770,26094513420766
26094519875735,26094513420766
26094519875735,26094711606014
26094519875735,26094878484159
26094519875735,26095042336242
26094519875735,26095238993903
26094519875735,26095606117076
26095711231784,26095606117076
26095711231784,26095932646905
26095711231784,26096113522625
26096136626852,26096113522625
26096136626852,26096338849968
26096136626852,26096522905248
26096136626852,26096654312576
26096136626852,26096834456012
26096136626852,26097056977488
26096136626852,26097426313044
26097534987137,26097426313044
26097534987137,26097748303842
26097534987137,26097904899222
26097534987137,26098130892246
26098133488785,26098130892246
26098133488785,26098349348108
26098133488785,26098496885725
26098133488785,26098681353262
26098133488785,26098934344126
26098133488785,26099432089813
26099434508364,26099432089813
26099434508364,26099615382093
26099434508364,26099848567237
26099434508364,26099974233668
26099434508364,26100236271477
26100286328282,26100236271477
26100286328282,26100469406887
26100286328282,26100624277227
26100286328282,26100801215433
26100807519783,26100801215433
26100807519783,26101100377672
26100807519783,26101283441235
26100807519783,26101436972172
26100807519783,26101593485413
26100807519783,26102120269930
26102123383998,26102120269930
26102123383998,26102365195435
26102123383998,26102528810392
26102123383998,26102743153628
26102123383998,26102985370513
26102988307745,26102985370513
26102988307745,26103393465931
26102988307745,26103595774172
26102988307745,26103773649907
26103776859945,26103773649907
26103776859945,26103989612153
26103776859945,26104141656800
26103776859945,26104305220366
26103776859945,26104556221004
26103776859945,26104956453194
26105079755729,26104956453194
26105079755729,26105315916651
26105079755729,26105461491425
26105079755729,26105594252889
26105079755729,26106007909371
26106043437632,26106007909371
26106043437632,26106300748987
26106043437632,26106442977828
26106043437632,26106572222907
26106573551222,26106572222907
26106573551222,26106810161491
26106573551222,26106970105546
26106573551222,26107129334753
26106573551222,26107435481412
26107437425119,26107435481412
26107437425119,26107693054385
26107437425119,26107905359177
26107437425119,26108048694375
26107437425119,26108343500326
26107437425119,26108718392035
26108837527411,26108718392035
26108837527411,26109073422457
26108837527411,26109271764869
26108837527411,26109467371976
26109472390548,26109467371976
26109472390548,26109723206190
26109472390548,26109900897853
26109472390548,26110090910127
26109472390548,26110260573137
26109472390548,26110549097423
26110551443303,26110549097423
26110551443303,26110758391851
26110551443303,26110950790390
26110551443303,26111078700546
26111080198864,26111078700546
26111080198864,26111286478537
26111080198864,26111498959212
26111080198864,26111679866478
26111080198864,26111985874773
26111080198864,26112397759905
26112405371041,26112397759905
26112405371041,26112670320137
26112405371041,26112809939492
26112405371041,26112967745096
26113088439306,26112967745096
26113088439306,26113294536169
26113088439306,26113469708899
26113088439306,26113667094367
26113088439306,26113820971009
26113088439306,26114381455005
26114388349708,26114381455005
26114388349708,26114593808071
26114388349708,26114724344108
26114388349708,26114871324002
26114872375071,26114871324002
26114872375071,26115123892187
26114872375071,26115267045886
26114872375071,26115503616291
26114872375071,26115823896205
26114872375071,26116078435202
26116193283710,26116078435202
26116193283710,26116471640539
26116193283710,26116615875673
26116193283710,26116752438183
26116753870576,26116752438183
26116753870576,26117009321790
26116753870576,26117229386512
26116753870576,26117430242682
26116753870576,26117743133072
26116753870576,26118001255963
26118064029439,26118001255963
26118064029439,26118291629399
26118064029439,26118523041154
26118064029439,26118735620264
26118064029439,26118994170942
26119074717016,26118994170942
26119074717016,26119314307344
26119074717016,26119507403361
26119074717016,26119640786626
26119642662396,26119640786626
26119642662396,26119883448878
26119642662396,26120014884884
26119642662396,26120184092913
26119642662396,26120351132060
26119642662396,26120813296445
26120814951028,26120813296445
26120814951028,26121036159626
26120814951028,26121201399118
26120814951028,26121393737158
26120814951028,26121694035772
26122202458913,26121694035772
26122202458913,26122437133099
26122202458913,26122614503739
26122202458913,26122781670027
26122783177592,26122781670027
26122783177592,26123032301501
26122783177592,26123233693567
26122783177592,26123368921878
26122783177592,26123706825283
26122783177592,26124028667076
26124038891651,26124028667076
26124038891651,26124296985705
26124038891651,26124538683687
26124038891651,26124704478271
26124038891651,26124856162495
26124965669629,26124856162495
26124965669629,26125128252983
26124965669629,26125342976251
26124965669629,26125498285514
26124965669629,26125852469603
26125861513976,26125852469603
26125861513976,26126051412648
26125861513976,26126301300713
26125861513976,26126480304879
26126483479583,26126480304879
26126483479583,26126670270158
26126483479583,26126814808871
26126483479583,26127006163413
26126483479583,26127175373337
26126483479583,26127675310961
26127709799056,26127675310961
26127709799056,26128000403344
26127709799056,26128174614661
26127709799056,26128374393139
26128375680004,26128374393139
26128375680004,26128588511281
26128375680004,26128772415450
26128375680004,26128973360706
26128375680004,26129130069693
26129173442125,26129130069693
26129173442125,26129396415185
26129173442125,26129560919269
26129173442125,26129778959531
26129173442125,26129983178994
26129173442125,26130451504008
26130459537512,26130451504008
26130459537512,26130691090018
26130459537512,26130899145372
26130459537512,26131091233832
26130459537512,26131409607702
26131411202739,26131409607702
26131411202739,26131826225945
26131411202739,26132001405526
26131411202739,26132216817744
26131411202739,26132607294714
26132618084752,26132607294714
26132618084752,26132889019265
26132618084752,26133115959146
26132618084752,26133263070453
26133264928931,26133263070453
26133264928931,26133498639798
26133264928931,26133657596988
26133264928931,26133823827048
26133264928931,26134031815062
26133264928931,26134396332527
26134507100667,26134396332527
26134507100667,26134779679146
26134507100667,26134962039236
26134507100667,26135162171388
26135164210703,26135162171388
26135164210703,26135392285542
26135164210703,26135565758691
26135164210703,26135778932917
26135164210703,26135942214450
26135164210703,26136442391819
26136444469215,26136442391819
26136444469215,26136658441578
26136444469215,26136775213996
26136444469215,26136894145060
26136895194418,26136894145060
26136895194418,26137159855988
26136895194418,26137321418839
26136895194418,26137438146976
26136895194418,26137744919581
26136895194418,26138244562660
26138252577331,26138244562660
26138252577331,26138525130217
26138252577331,26138794268668
26138252577331,26138981103454
26138252577331,26139146047607
26139233260356,26139146047607
26139233260356,26139483261700
26139233260356,26139654460782
26139233260356,26139839840761
26139233260356,26140097788369
26140099060262,26140097788369
26140099060262,26140349073710
26140099060262,26140497097486
26140099060262,26140681606022
26140099060262,26140963095953
26141179038634,26140963095953
26141179038634,26141331013619
26141179038634,26141455914437
26141179038634,26141611259433
26141179038634,26141881474760
26141891013332,26141881474760
26141891013332,26142087828574
26141891013332,26142273958549
26141891013332,26142480374644
26142484234483,26142480374644
26142484234483,26142658867034
26142484234483,26142877358965
26142484234483,26143056586909
26142484234483,26143252219415
26142484234483,26143933217708
26144109698572,26143933217708
26144109698572,26144247187138
26144109698572,26144476621382
26144109698572,26144627730356
26144109698572,26144985344215
26145021342724,26144985344215
26145021342724,26145261792907
26145021342724,26145432779688
26145021342724,26145586268868
26145021342724,26145881302219
26145916278705,26145881302219
26145916278705,26146081959835
26145916278705,26146321643981
26145916278705,26146485834937
26145916278705,26146740195932
26146487559623,26146740195932
26146487559623,26146913793197
26146487559623,26147055739980
26146487559623,26147308231530
26146487559623,26147885322076
26147887919408,26147885322076
26147887919408,26148148422439
26147887919408,26148287139910
26147887919408,26148427850028
26147887919408,26148719069620
26148788528029,26148719069620
26148788528029,26149034021685
26148788528029,26149235878213
26148788528029,26149487195609
26148788528029,26149699466995
26149793420601,26149699466995
26149793420601,26150049691898
26149793420601,26150217424219
26149793420601,26150392129275
26150395307300,26150392129275
26150395307300,26150614296515
26150395307300,26150742084278
26150395307300,26150927293132
26150395307300,26151096827732
26151118458956,26151096827732
26151118458956,26151363360894
26151118458956,26151528537567
26151118458956,26151693860325
26151118458956,26151945560328
26151118458956,26152422276833
26152476688061,26152422276833
26152476688061,26152634749788
26152476688061,26152837198430
26152476688061,26153023306440
26152476688061,26153450643475
26153453333170,26153450643475
26153453333170,26153640066721
26153453333170,26153775842954
26153453333170,26153976191038
26153979517001,26153976191038
26153979517001,26154139901559
26153979517001,26154279635559
26153979517001,26154444687933
26153979517001,26154672329224
26153979517001,26155118920275
26153979517001,26155362024097
