25665003287454,25665806010708
25665003287454,25666049862416
25666055229797,25666049862416
25666055229797,25666293171110
25666055229797,25666584820742
25666055229797,25666879631586
25666055229797,25667037058091
25667270926697,25667037058091
25667270926697,25667585729224
25667270926697,25667921101955
25667270926697,25668082172861
25667270926697,25668263170330
25668265456537,25668263170330
25668265456537,25668509078993
25668265456537,25668777225558
25668265456537,25668939688241
25668265456537,25669173179549
25669175062489,25669173179549
25669175062489,25669441504753
25669175062489,25669584328687
25669175062489,25669785309471
25669175062489,25670200922814
25669175062489,25670482880271
25670203653569,25670482880271
25670203653569,25670683190849
25670203653569,25670918377419
25670203653569,25671111908591
25671182270360,25671111908591
25671182270360,25671464472100
25671182270360,25671745506947
25671182270360,25671924192223
25671182270360,25672144254584
25672152810485,25672144254584
25672152810485,25672421152042
25672152810485,25672603726410
25672152810485,25672785238064
25672152810485,25673169441063
25672152810485,25673348354751
25673171992238,25673348354751
25673171992238,25673539184629
25673171992238,25673685770327
25673171992238,25674045071869
25674047746743,25674045071869
25674047746743,25674323823400
25674047746743,25674557925786
25674047746743,25674715187182
25674717548547,25674715187182
25674717548547,25674919421040
25674717548547,25675105070630
25674717548547,25675246145432
25674717548547,25675477632832
25674717548547,25675832046516
25675889068380,25675832046516
25675889068380,25676076210729
25675889068380,25676278228335
25675889068380,25676417328557
25675889068380,25676831935610
25676832871865,25676831935610
25676832871865,25677046418041
25676832871865,25677211795004
25676832871865,25677410453753
25676832871865,25677712840420
25677733815359,25677712840420
25677733815359,25677951788940
25677733815359,25678138175955
25677733815359,25678344351110
25677733815359,25678535036208
25678347789968,25678535036208
25678347789968,25678664096167
25678347789968,25678844392486
25678347789968,25679137224221
25678347789968,25679629196102
25679644367730,25679629196102
25679644367730,25679828536493
25679644367730,25680034072727
25679644367730,25680231765132
25679644367730,25680540191384
25679644367730,25680743146672
25680548940241,25680743146672
25680548940241,25680960313017
25680548940241,25681080408730
25681082574758,25681080408730
25681082574758,25681339157377
25681082574758,25681474527270
25681082574758,25681638880016
25681082574758,25681961389413
25681082574758,25682279821437
25682409687209,25682279821437
25682409687209,25682627103843
25682409687209,25682814066370
25682409687209,25682975566132
25682977302532,25682975566132
25682977302532,25683193833883
25682977302532,25683347495014
25682977302532,25683517574429
25682977302532,25684022767089
25684027166699,25684022767089
25684027166699,25684251945224
25684027166699,25684399288318
25684027166699,25684577537731
25684027166699,25684899368830
25684027166699,25685238998430
25685306938075,25685238998430
25685306938075,25685828331010
25685306938075,25686117057987
25685306938075,25686248513246
25685306938075,25686651677229
25685306938075,25686883292096
25686683520780,25686883292096
25686683520780,25687102000854
25686683520780,25687317669780
25687327475142,25687317669780
25687327475142,25687559230191
25687327475142,25687744027783
25687327475142,25687903402344
25687327475142,25688045401984
25687327475142,25688508344187
25688539729750,25688508344187
25688539729750,25688837693164
25688539729750,25689036262645
25688539729750,25689224312617
25688539729750,25689375967068
25689449899814,25689375967068
25689449899814,25689701783740
25689449899814,25689988816709
25689449899814,25690209775732
25689449899814,25690486675487
25690589588565,25690486675487
25690589588565,25690824498350
25690589588565,25691038408864
25690589588565,25691200879650
25690589588565,25691487549154
25691571054934,25691487549154
25691571054934,25691799394004
25691571054934,25691973857050
25691571054934,25692232601109
25691571054934,25692397051978
25692411641557,25692397051978
25692411641557,25692719489084
25692411641557,25692940656833
25692411641557,25693206888929
25692411641557,25693407576855
25693409690399,25693407576855
25693409690399,25693684402810
25693409690399,25693919328211
25693409690399,25694098987871
25693409690399,25694418010760
25694419886437,25694418010760
25694419886437,25694678629201
25694419886437,25694807763840
25694419886437,25694975329321
25694419886437,25695188607513
25695228850198,25695188607513
25695228850198,25695463980267
25695228850198,25695739911579
25695228850198,25695908829068
25695228850198,25696238796074
25696240629990,25696238796074
25696240629990,25696457208903
25696240629990,25696640820382
25696240629990,25696819211510
25696240629990,25697208232127
25697279447401,25697208232127
25697279447401,25697454290169
25697279447401,25697606543170
25697279447401,25697837066597
25697279447401,25698135598346
25698164033685,25698135598346
25698164033685,25698404080427
25698164033685,25698583081303
25698164033685,25698774796710
25698164033685,25699136363360
25699156905181,25699136363360
25699156905181,25699434032111
25699156905181,25699626850584
25699156905181,25699808485282
25699156905181,25700044586953
25700198036564,25700044586953
25700198036564,25700398635475
25700198036564,25700623541023
25700198036564,25700826380794
25700828407940,25700826380794
25700828407940,25700983643147
25700828407940,25701162219810
25700828407940,25701336278387
25700828407940,25701481982067
25700828407940,25702102517892
25702105737525,25702102517892
25702105737525,25702357171631
25702105737525,25702581692047
25702105737525,25702728420175
25702105737525,25702982974934
25702998487497,25702982974934
25702998487497,25703238118748
25702998487497,25703446272791
25703448026265,25703446272791
25703448026265,25703644459264
25703448026265,25703801986909
25703448026265,25703942100157
25703448026265,25704122514401
25703448026265,25704439524035
25703448026265,25704676538984
25704821659046,25704676538984
25704821659046,25705028548885
25704821659046,25705188204056
25704821659046,25705393297831
25704821659046,25705732306305
25705757287938,25705732306305
25705757287938,25705945849351
25705757287938,25706143697218
25705757287938,25706351453086
25705757287938,25706550490612
25706625968552,25706550490612
25706625968552,25706872047109
25706625968552,25707148025641
25706625968552,25707309340427
25706625968552,25707526309515
25707592048541,25707526309515
25707592048541,25707833172440
25707592048541,25708031236385
25707592048541,25708230395216
25708231642116,25708230395216
25708231642116,25708492166545
25708231642116,25708691532802
25708231642116,25708857083219
25708231642116,25709165954375
25708231642116,25709530017232
25709567667551,25709530017232
25709567667551,25709835858857
25709567667551,25710066926085
25709567667551,25710238137205
25709567667551,25710560238946
25710562207570,25710560238946
25710562207570,25710806624851
25710562207570,25710939448629
25710562207570,25711076835263
25710562207570,25711430831678
25711513772767,25711430831678
25711513772767,25712025358782
25711513772767,25712195363442
25711513772767,25712357549118
25712359784638,25712357549118
25712359784638,25712606487221
25712359784638,25712845101490
25712359784638,25713022586169
25712359784638,25713138465387
25712359784638,25713646346190
25713676494262,25713646346190
25713676494262,25713943424353
25713676494262,25714099015237
25713676494262,25714244304989
25714247228823,25714244304989
25714247228823,25714509964849
25714247228823,25714634583623
25714247228823,25714820698334
25714247228823,25715181953212
25714247228823,25715543295546
25715583887198,25715543295546
25715583887198,25715842343986
25715583887198,25716006768492
25715583887198,25716214149001
25715583887198,25716497764328
25716513116825,25716497764328
25716513116825,25716739485125
25716513116825,25716876252947
25716513116825,25717086721982
25716513116825,25717516347511
25717517668027,25717516347511
25717517668027,25717705478567
25717517668027,25717832329204
25717517668027,25718031728132
25717517668027,25718303618557
25718306520562,25718303618557
25718306520562,25718584209066
25718306520562,25718790309749
25718306520562,25719038118981
25718306520562,25719212399443
25719410368911,25719212399443
25719410368911,25719635642910
25719410368911,25719819162146
25719410368911,25719981680086
25719410368911,25720216753599
25720274898043,25720216753599
25720274898043,25720464994174
25720274898043,25720624879450
25720274898043,25720816465965
25720274898043,25721341313668
25721348651685,25721341313668
25721348651685,25721540158809
25721348651685,25721724185969
25721348651685,25721876431504
25721348651685,25722129379238
25722134070254,25722129379238
25722134070254,25722386281331
25722134070254,25722626292343
25722134070254,25722809321957
25722134070254,25723013265645
25723055752269,25723013265645
25723055752269,25723285173770
25723055752269,25723457433979
25723055752269,25723638395258
25723675282200,25723638395258
25723675282200,25723829237980
25723675282200,25723990326187
25723675282200,25724160442966
25723675282200,25724340419193
25723675282200,25724757292391
25724772926477,25724757292391
25724772926477,25724959846166
25724772926477,25725298244548
25724772926477,25725450982532
25725453054963,25725450982532
25725453054963,25725647159816
25725453054963,25725793497519
25725453054963,25725962543282
25725453054963,25726112140173
25725453054963,25726620534396
25726623238998,25726620534396
25726623238998,25726821404505
25726623238998,25726979613120
25726623238998,25727162382353
25726623238998,25727458364571
25727459959738,25727458364571
25727459959738,25727720343066
25727459959738,25727915952372
25727459959738,25728138221675
25727459959738,25728392356171
25728479355696,25728392356171
25728479355696,25728741511242
25728479355696,25728950187975
25728479355696,25729114662186
25728479355696,25729403993116
25729406318229,25729403993116
25729406318229,25729608671095
25729406318229,25729770940242
25729406318229,25729981112942
25729406318229,25730200406528
25730253456011,25730200406528
25730253456011,25730487947708
25730253456011,25730622565516
25730253456011,25730766659551
25730253456011,25731104675138
25731238360416,25731104675138
25731238360416,25731440245256
25731238360416,25731631979849
25731238360416,25731766032822
25731238360416,25732117654859
25732155770721,25732117654859
25732155770721,25732330428453
25732155770721,25732552175869
25732155770721,25732696093800
25732697148819,25732696093800
25732697148819,25732876280132
25732697148819,25733004496589
25732697148819,25733332641657
25732697148819,25733551343198
25732697148819,25733927376882
25734081276383,25733927376882
25734081276383,25734249410741
25734081276383,25734429652188
25734081276383,25734693345196
25734081276383,25735057519096
25735059350944,25735057519096
25735059350944,25735227553462
25735059350944,25735493197982
25735059350944,25735684812139
25735059350944,25735812637140
25735903935263,25735812637140
25735903935263,25736169799588
25735903935263,25736366067463
25735903935263,25736489344463
25736493970366,25736489344463
25736493970366,25736645799684
25736493970366,25736806546860
25736493970366,25736971408795
25736493970366,25737244561698
25736493970366,25737739236184
25737742984300,25737739236184
25737742984300,25737965246917
25737742984300,25738158255419
25737742984300,25738344164707
25737742984300,25738778286548
25738779883753,25738778286548
25738779883753,25739011250981
25738779883753,25739194846837
25738779883753,25739395664496
25739398821795,25739395664496
25739398821795,25739601624350
25739398821795,25739779713148
25739398821795,25739962321564
25739398821795,25740181639119
25739398821795,25740678386713
25740820741963,25740678386713
25740820741963,25741055512018
25740820741963,25741202701221
25740820741963,25741377362840
25740820741963,25741624394259
25741711258362,25741624394259
25741711258362,25741929650081
25741711258362,25742071259132
25741711258362,25742245724580
25742247528562,25742245724580
25742247528562,25742458745873
25742247528562,25742653423416
25742247528562,25742857200007
25742247528562,25743092765639
25743821480779,25743092765639
25743821480779,25744061962508
25743821480779,25744204610871
25743821480779,25744367790948
25743821480779,25744641583327
25743821480779,25745156624584
25745210223179,25745156624584
25745210223179,25745416427591
25745210223179,25745581571320
25745210223179,25745739433575
25745210223179,25746064560394
25746084241560,25746064560394
25746084241560,25746302149308
25746084241560,25746529394033
25746084241560,25746698314408
25746084241560,25747018377600
25747021540570,25747018377600
25747021540570,25747291270057
25747021540570,25747444289761
25747021540570,25747635361226
25747021540570,25747974712263
25747976588320,25747974712263
25747976588320,25748252469291
25747976588320,25748386349000
25747976588320,25748573909488
25747976588320,25748866522040
25748969264950,25748866522040
25748969264950,25749270206197
25748969264950,25749458224990
25748969264950,25749639982079
25748969264950,25749973010470
25749974763629,25749973010470
25749974763629,25750154159432
25749974763629,25750282472493
25749974763629,25750474459680
25749974763629,25750739756014
25750778953588,25750739756014
25750778953588,25751083201318
25750778953588,25751230099642
25750778953588,25751410431011
25750778953588,25751714500319
25751803251200,25751714500319
25751803251200,25752159614634
25751803251200,25752337101216
25751803251200,25752537193203
25751803251200,25752808790587
25752859407236,25752808790587
25752859407236,25753105483966
25752859407236,25753321355807
25752859407236,25753532958763
25752859407236,25753843067904
25753845108747,25753843067904
25753845108747,25754099738668
25753845108747,25754257249425
25753845108747,25754377158295
25753845108747,25754804139817
25754807426191,25754804139817
25754807426191,25755020464301
25754807426191,25755245879240
25754807426191,25755396564227
25755495541183,25755396564227
25755495541183,25755701648569
25755495541183,25755837304322
25755495541183,25755984958428
25755495541183,25756218607150
25755495541183,25756757042805
25756761549685,25756757042805
25756761549685,25757028902924
25756761549685,25757192191522
25756761549685,25757324959697
25756761549685,25757542741535
25757545505071,25757542741535
25757545505071,25757774161714
25757545505071,25757970350710
25757545505071,25758143521851
25757545505071,25758488389396
25758489989285,25758488389396
25758489989285,25758753235692
25758489989285,25758976347563
25758489989285,25759125414697
25758489989285,25759261129324
25759387737912,25759261129324
25759387737912,25759610724174
25759387737912,25759781609493
25759387737912,25759988219808
25759387737912,25760257995040
25760410910051,25760257995040
25760410910051,25760580889691
25760410910051,25760766449014
25760410910051,25760881624015
25760410910051,25761276608548
25761288293271,25761276608548
25761288293271,25761522204570
25761288293271,25761648152659
25761288293271,25761885032546
25761288293271,25762287432898
25762321857859,25762287432898
25762321857859,25762519024331
25762321857859,25762692586881
25762321857859,25762896230258
25762942476418,25762896230258
25762942476418,25763100604893
25762942476418,25763234083923
25762942476418,25763449183174
25762942476418,25763738089969
25762942476418,25764235581911
25764237324929,25764235581911
25764237324929,25764409331498
25764237324929,25764573989687
25764237324929,25764771350571
25764237324929,25765129723160
25765168380661,25765129723160
25765168380661,25765457911287
25765168380661,25765613194657
25765168380661,25765763002296
25765168380661,25766145322967
25765168380661,25766325123210
25766162171708,25766325123210
25766162171708,25766684905167
25766162171708,25766836801103
25766162171708,25767127630175
25767412489740,25767127630175
25767412489740,25767657439957
25767412489740,25767803020933
25767412489740,25767959078872
25767961105050,25767959078872
25767961105050,25768130548274
25767961105050,25768323286118
25767961105050,25768476710805
25767961105050,25768736697953
25767961105050,25769150729459
25769212624648,25769150729459
25769212624648,25769469174361
25769212624648,25769685271740
25769212624648,25769847148470
25769212624648,25770094588318
25770164158456,25770094588318
25770164158456,25770380613057
25770164158456,25770576374142
25770164158456,25770727592826
25770164158456,25771095981395
25771168934772,25771095981395
25771168934772,25771380265125
25771168934772,25771570455544
25771168934772,25771733276422
25771734686711,25771733276422
25771734686711,25771913362925
25771734686711,25772096230358
25771734686711,25772381345284
25771734686711,25772571251010
25771734686711,25772914858008
25773026321644,25772914858008
25773026321644,25773247855224
25773026321644,25773417142482
25773026321644,25773672620254
25773689980503,25773672620254
25773689980503,25773898203476
25773689980503,25774063489712
25773689980503,25774228510851
25773689980503,25774361683253
25774439021719,25774361683253
25774439021719,25774661265246
25774439021719,25774805732330
25774439021719,25774931233245
25774439021719,25775334048187
25774439021719,25775842559404
25775844259906,25775842559404
25775844259906,25776114937106
25775844259906,25776264339505
25775844259906,25776413176927
25775844259906,25776674175559
25776675965081,25776674175559
25776675965081,25776871126900
25776675965081,25777175258018
25776675965081,25777382914822
25777390952775,25777382914822
25777390952775,25777573092222
25777390952775,25777685245434
25777390952775,25777872281208
25777390952775,25778056807094
25777390952775,25778558616509
25778561181442,25778558616509
25778561181442,25778780495514
25778561181442,25779006932634
25778561181442,25779149152113
25778561181442,25779344226339
25779346502312,25779344226339
25779346502312,25779560123956
25779346502312,25779766245925
25779346502312,25780006502899
25779346502312,25780270018064
25780359999605,25780270018064
25780359999605,25780586196988
25780359999605,25780793321086
25780359999605,25780970625004
25780816021337,25780970625004
25780816021337,25781139779813
25780816021337,25781300796143
25780816021337,25781443575702
25780816021337,25781629678758
25780816021337,25782126451158
25782147341880,25782126451158
25782147341880,25782351105687
25782147341880,25782576584774
25782147341880,25782778280065
25782147341880,25783059768163
25783126131467,25783059768163
25783126131467,25783340674586
25783126131467,25783535336180
25783126131467,25783754253411
25783126131467,25784031468566
25784035242177,25784031468566
25784035242177,25784227320669
25784035242177,25784438916103
25784035242177,25784631091571
25784035242177,25784766203604
25784633018389,25784766203604
25784633018389,25784909652203
25784633018389,25785123908353
25784633018389,25785439350266
25785441179347,25785439350266
25785441179347,25785664383039
25785441179347,25785847454951
25785441179347,25786073438356
25785441179347,25786259137300
25785441179347,25786874211787
25786882153038,25786874211787
25786882153038,25787129876351
25786882153038,25787311681583
25786882153038,25787459189603
25786882153038,25787747087270
25787885433346,25787747087270
25787885433346,25788045332310
25787885433346,25788233056418
25787885433346,25788414233021
25787885433346,25788683366713
25788752544879,25788683366713
25788752544879,25788976809396
25788752544879,25789173669535
25788752544879,25789328172174
25788752544879,25789703775942
25788752544879,25789902727365
25789709073372,25789902727365
25789709073372,25790132318106
25789709073372,25790310331738
25789709073372,25790604247810
25790662664811,25790604247810
25790662664811,25790923374177
25790662664811,25791216025684
25790662664811,25791387943927
25790662664811,25791525489133
25791527276550,25791525489133
25791527276550,25791694065409
25791527276550,25791854165057
25791527276550,25792038451255
25792059296493,25792038451255
25792059296493,25792331824433
25792059296493,25792506177943
25792059296493,25792671137051
25792059296493,25792820461834
25792059296493,25793479433852
25793481928694,25793479433852
25793481928694,25793761427427
25793481928694,25793970183957
25793481928694,25794155433663
25793481928694,25794304454410
25794306698022,25794304454410
25794306698022,25794546344413
25794306698022,25794781380182
25794306698022,25794928990768
25794306698022,25795194015340
25795257988178,25795194015340
25795257988178,25795518297025
25795257988178,25795665345084
25795257988178,25795896276886
25795257988178,25796145109420
25796587789675,25796145109420
25796587789675,25796872363815
25796587789675,25797039684901
25796587789675,25797237170745
25796587789675,25797531369785
25797552986770,25797531369785
25797552986770,25797781212829
25797552986770,25797895784218
25797552986770,25798156104713
25797552986770,25798528464646
25798536890278,25798528464646
25798536890278,25798750245285
25798536890278,25798933083963
25798536890278,25799052263516
25798536890278,25799480193597
25799482747343,25799480193597
25799482747343,25799709610407
25799482747343,25799847605141
25799482747343,25800055379073
25799482747343,25800449959579
25800510130911,25800449959579
25800510130911,25800728102444
25800510130911,25801011998608
25800510130911,25801206968905
25801208848030,25801206968905
25801208848030,25801437210634
25801208848030,25801586206135
25801208848030,25801747252726
25801208848030,25801907517510
25801208848030,25802369234418
25802371221229,25802369234418
25802371221229,25802554154692
25802371221229,25802765810459
25802371221229,25802934503923
25802371221229,25803268824171
25803272122666,25803268824171
25803272122666,25803466279540
25803272122666,25803710383781
25803272122666,25803871686402
25803272122666,25804246195157
25804264267095,25804246195157
25804264267095,25804450352098
25804264267095,25804689169946
25804264267095,25804904792963
25804264267095,25805324148179
25805326723945,25805324148179
25805326723945,25805507151476
25805326723945,25805710080796
25805326723945,25805867742269
25805869235318,25805867742269
25805869235318,25806170891217
25805869235318,25806369847147
25805869235318,25806563179763
25805869235318,25806735897376
25806741516842,25806735897376
25806741516842,25806913660469
25806741516842,25807071356897
25806741516842,25807289688999
25806741516842,25807598183566
25806741516842,25808093557211
25808175575014,25808093557211
25808175575014,25808369182738
25808175575014,25808618354623
25808175575014,25808750320592
25808175575014,25808975526413
25809064902087,25808975526413
25809064902087,25809254516885
25809064902087,25809416784219
25809064902087,25809600736714
25809602328389,25809600736714
25809602328389,25809849121668
25809602328389,25810022579272
25809602328389,25810174811062
25809602328389,25810431408601
25809602328389,25810802666007
25810910437964,25810802666007
25810910437964,25811167984617
25810910437964,25811330035151
25810910437964,25811511686511
25810910437964,25811777960212
25811825882104,25811777960212
25811825882104,25811973070901
25811825882104,25812488654385
25811825882104,25812670000587
25812673257405,25812670000587
25812673257405,25812862932969
25812673257405,25813003559846
25812673257405,25813159718801
25812673257405,25813441532771
25812673257405,25813859423411
25813926165997,25813859423411
25813926165997,25814154436032
25813926165997,25814388809650
25813926165997,25814532386777
25813926165997,25814735320303
25814776060088,25814735320303
25814776060088,25814958621285
25814776060088,25815107979098
25814776060088,25815344130940
25814776060088,25815723399327
25815757591955,25815723399327
25815757591955,25816013512951
25815757591955,25816225453482
25815757591955,25816409079800
25815757591955,25816641279311
25816698097475,25816641279311
25816698097475,25816881893419
25816698097475,25817117690789
25816698097475,25817253384267
25816698097475,25817613730325
25817637883274,25817613730325
25817637883274,25817892859570
25817637883274,25818067814940
25817637883274,25818258415223
25817637883274,25818706934376
25818709696562,25818706934376
25818709696562,25818968217974
25818709696562,25819105357618
25818709696562,25819350397803
25818709696562,25819623489389
25819626087655,25819623489389
25819626087655,25819842370437
25819626087655,25819971140687
25819626087655,25820120853857
25819626087655,25820625793347
25820629416202,25820625793347
25820629416202,25820837029435
25820629416202,25821031336963
25820629416202,25821267139646
25820629416202,25821439239243
25821505766812,25821439239243
25821505766812,25821785974276
25821505766812,25821974415474
25821505766812,25822170985107
25821505766812,25822479074486
25822508783155,25822479074486
25822508783155,25822796313151
25822508783155,25822961810192
25822508783155,25823118990572
25823122075349,25823118990572
25823122075349,25823344768051
25823122075349,25823515294254
25823122075349,25823653622974
25823122075349,25824062210558
25823122075349,25824365747081
25824523445721,25824365747081
25824523445721,25824773403327
25824523445721,25824947550871
25824523445721,25825454425450
25824523445721,25825654183726
25824523445721,25825804502540
25825806364706,25825804502540
25825806364706,25826039720983
25825806364706,25826292529280
25826293794835,25826292529280
25826293794835,25826503814841
25826293794835,25826707876250
25826293794835,25826880078332
25826293794835,25827085753674
25826293794835,25827626178605
25827679104604,25827626178605
25827679104604,25827858255487
25827679104604,25828028766082
25827679104604,25828213898700
25828218943045,25828213898700
25828218943045,25828464260535
25828218943045,25828618881961
25828218943045,25828789928241
25828218943045,25828982844489
25828218943045,25829382920159
25829537085339,25829382920159
25829537085339,25829769186960
25829537085339,25829915677391
25829537085339,25830111310648
25830113256639,25830111310648
25830113256639,25830352195578
25830113256639,25830555307317
25830113256639,25830697305538
25830113256639,25830850313125
25830113256639,25831233551841
25831333187301,25831233551841
25831333187301,25831583397762
25831333187301,25831745392790
25831333187301,25831910594121
25831912557596,25831910594121
25831912557596,25832147989785
25831912557596,25832309228791
25831912557596,25832495217681
25831912557596,25832729032806
25832752819318,25832729032806
25832752819318,25833018046096
25832752819318,25833150959377
25832752819318,25833318835518
25832752819318,25833565465291
25832752819318,25834060840395
25834173772837,25834060840395
25834173772837,25834397509326
25834173772837,25834602019632
25834603501639,25834602019632
25834603501639,25834833662683
25834603501639,25834963624506
25834603501639,25835088646511
25834603501639,25835255641065
25834603501639,25835536113878
25834603501639,25835950328760
25835958971710,25835950328760
25835958971710,25836203510133
25835958971710,25836354606134
25835958971710,25836501671092
25836503490451,25836501671092
25836503490451,25836686999693
25836503490451,25836883165943
25836503490451,25837068307412
25836503490451,25837368610249
25837370869848,25837368610249
25837370869848,25837616206216
25837370869848,25837756541971
25837370869848,25837931441822
25837370869848,25838174228928
25837370869848,25838799257363
25838941261301,25838799257363
25838941261301,25839142327660
25838941261301,25839309546359
25838941261301,25839539193420
25838941261301,25839747392527
25839815143133,25839747392527
25839815143133,25840084412133
25839815143133,25840237842317
25839815143133,25840399574781
25840408304152,25840399574781
25840408304152,25840634207952
25840408304152,25840791517509
25840408304152,25840909738235
25840408304152,25841274169141
25841698692823,25841274169141
25841698692823,25841918144873
25841698692823,25842095906783
25841698692823,25842287351781
25841698692823,25842426745483
25841698692823,25842562629681
25842564218962,25842562629681
25842564218962,25842718386769
25842564218962,25842917102377
25842564218962,25843074400101
25842564218962,25843594403965
25843645937913,25843594403965
25843645937913,25843955251082
25843645937913,25844109072662
25843645937913,25844348058286
25844350944696,25844348058286
25844350944696,25844530152772
25844350944696,25844702551999
25844350944696,25844885362107
25844350944696,25845122698809
25844350944696,25845603081914
25845604340605,25845603081914
25845604340605,25845799312098
25845604340605,25845991987786
25845604340605,25846121387773
25845604340605,25846510995809
25846512141646,25846510995809
25846512141646,25847019204123
25846512141646,25847192975414
25846512141646,25847363060156
25847365474250,25847363060156
25847365474250,25847566468340
25847365474250,25847740930953
25847365474250,25847882231683
25847365474250,25848011123096
25847365474250,25848200385372
25848013788314,25848200385372
25848013788314,25848419076012
25848013788314,25848581763561
25848013788314,25848750913255
25848013788314,25849335276017
25849338207715,25849335276017
25849338207715,25849578519988
25849338207715,25849730420523
25849338207715,25849924385902
25849926115907,25849924385902
25849926115907,25850088708328
25849926115907,25850253261616
25849926115907,25850448214355
25849926115907,25850712618575
25849926115907,25851163013972
25851198175781,25851163013972
25851198175781,25851394904029
25851198175781,25851660414563
25851198175781,25851811531614
25851198175781,25852060963834
25852062702657,25852060963834
25852062702657,25852288193946
25852062702657,25852418684805
25852062702657,25852599641921
25852062702657,25852904232467
25852935215597,25852904232467
25852935215597,25853160617177
25852935215597,25853372690697
25852935215597,25853521781920
25852935215597,25853912859955
25853914075484,25853912859955
25853914075484,25854151132084
25853914075484,25854352275677
25853914075484,25854554696653
25854557030695,25854554696653
25854557030695,25854758056317
25854557030695,25854961302041
25854557030695,25855115027619
25854557030695,25855245331122
25854557030695,25855651964838
25855718419025,25855651964838
25855718419025,25855970030980
25855718419025,25856190956761
25855718419025,25856402111660
25855718419025,25856605758196
25856652402588,25856605758196
25856652402588,25856911261484
25856652402588,25857064849509
25856652402588,25857192667987
25856652402588,25857572608775
25857618404021,25857572608775
25857618404021,25857874893301
25857618404021,25858113330624
25857618404021,25858307499145
25857618404021,25858626674440
25858628403810,25858626674440
25858628403810,25858877543407
25858628403810,25859025474593
25858628403810,25859281771645
25858628403810,25859530072800
25859531966267,25859530072800
25859531966267,25859810274857
25859531966267,25860008915981
25859531966267,25860219292657
25859531966267,25860446974661
25860449431260,25860446974661
25860449431260,25860699220346
25860449431260,25860818898143
25860449431260,25861050131528
25860449431260,25861315817804
25861394621574,25861315817804
25861394621574,25861666104726
25861394621574,25861781347516
25861394621574,25862004250059
25861394621574,25862208903279
25862349470324,25862208903279
25862349470324,25862533290892
25862349470324,25862718062281
25862349470324,25862874002249
25862876243327,25862874002249
25862876243327,25863108551857
25862876243327,25863264264144
25862876243327,25863427073872
25862876243327,25863631962499
25862876243327,25864141320425
25864232474502,25864141320425
25864232474502,25864470417445
25864232474502,25864693276839
25864232474502,25864822107457
25864232474502,25865138270944
25865225071019,25865138270944
25865225071019,25865454551728
25865225071019,25865644540649
25865225071019,25865794774426
25865225071019,25866169280502
25866190745281,25866169280502
25866190745281,25866353815015
25866190745281,25866625715728
25866190745281,25866854837066
25866190745281,25867073364248
25867103236680,25867073364248
25867103236680,25867346457969
25867103236680,25867518556957
25867103236680,25867734291286
25867103236680,25867981099438
25867983154289,25867981099438
25867983154289,25868249857570
25867983154289,25868498026112
25867983154289,25868651692593
25868653491250,25868651692593
25868653491250,25868819622742
25868653491250,25869015141278
25868653491250,25869174970041
25868653491250,25869401905654
25868653491250,25869792512878
25869794886018,25869792512878
25869794886018,25869994917449
25869794886018,25870169902196
25869794886018,25870374813566
25869794886018,25870625757743
25870705686527,25870625757743
25870705686527,25870910905480
25870705686527,25871098848572
25870705686527,25871220848321
25870705686527,25871639760084
25871694639233,25871639760084
25871694639233,25871908132923
25871694639233,25872152855404
25871694639233,25872348120302
25872350503054,25872348120302
25872350503054,25872577741206
25872350503054,25872720563379
25872350503054,25872918186504
25872350503054,25873161426735
25872350503054,25873632974566
25873634965110,25873632974566
25873634965110,25873844523009
25873634965110,25874020287422
25873634965110,25874181536879
25873634965110,25874521335109
25874577529608,25874521335109
25874577529608,25874839994895
25874577529608,25875048026749
25874577529608,25875264293818
25874577529608,25875418915509
25875460765078,25875418915509
25875460765078,25875657491436
25875460765078,25875835898929
25875460765078,25875989827520
25875460765078,25876491803191
25876497126471,25876491803191
25876497126471,25876723259597
25876497126471,25876951593891
25876497126471,25877147683848
25876497126471,25877470220324
25877472825648,25877470220324
25877472825648,25877745245055
25877472825648,25877955559176
25877472825648,25878114768425
25877472825648,25878433045525
25878499378874,25878433045525
25878499378874,25878729370831
25878499378874,25879027409544
25878499378874,25879199475975
25878499378874,25879355487569
25879410325787,25879355487569
25879410325787,25879656201280
25879410325787,25879790680003
25879410325787,25879977808419
25879979518338,25879977808419
25879979518338,25880176238610
25879979518338,25880313292592
25879979518338,25880560331076
25879979518338,25880858156888
25879979518338,25881202070292
25881319365308,25881202070292
25881319365308,25881616081109
25881319365308,25881858166574
25881319365308,25882019741284
25882020785595,25882019741284
25882020785595,25882207592537
25882020785595,25882347329874
25882020785595,25882519465469
25882020785595,25882657949697
25882020785595,25883072898024
25882020785595,25883309978048
25883123687271,25883309978048
25883123687271,25883471564881
25883123687271,25883641810884
25883123687271,25884106177725
25884110013314,25884106177725
25884110013314,25884342356705
25884110013314,25884546880659
25884110013314,25884705562262
25884110013314,25885021079785
25885023094046,25885021079785
25885023094046,25885253023074
25885023094046,25885429053109
25885023094046,25885605369481
25885023094046,25886007858195
25886009920451,25886007858195
25886009920451,25886444520955
25886009920451,25886698906886
25886009920451,25886820954205
25886823669451,25886820954205
25886823669451,25887029343831
25886823669451,25887238311668
25886823669451,25887448254952
25886823669451,25887556278752
25887743711304,25887556278752
25887743711304,25887976262643
25887743711304,25888238335997
25887743711304,25888412638850
25887743711304,25888588932064
25887743711304,25889228148940
25889230306835,25889228148940
25889230306835,25889430925022
25889230306835,25889650314458
25889230306835,25889885131938
25889230306835,25890041187447
25890141616760,25890041187447
25890141616760,25890403941593
25890141616760,25890615628380
25890141616760,25890750620575
25890141616760,25891037150746
25891113623551,25891037150746
25891113623551,25891365640279
25891113623551,25891543477673
25891113623551,25891662663150
25891664529970,25891662663150
25891664529970,25891927706809
25891664529970,25892092886618
25891664529970,25892287297767
25891664529970,25892482202071
25891664529970,25892971347254
25892976528897,25892971347254
25892976528897,25893179228683
25892976528897,25893384413374
25892976528897,25893534868209
25892976528897,25893777414569
25893908282493,25893777414569
25893908282493,25894204308090
25893908282493,25894380440826
25893908282493,25894604811228
25893908282493,25894797447486
25894800148498,25894797447486
25894800148498,25895124428687
25894800148498,25895279610018
25894800148498,25895444483637
25895446646364,25895444483637
25895446646364,25895663316069
25895446646364,25895852153659
25895446646364,25896033680900
25895446646364,25896137607817
25895446646364,25896499048475
25896591054594,25896499048475
25896591054594,25896760365331
25896591054594,25896935298098
25896591054594,25897119582813
25897121316504,25897119582813
25897121316504,25897361976109
25897121316504,25897512642016
25897121316504,25897668183980
25897121316504,25897917644743
25897121316504,25898435916295
25898437554927,25898435916295
25898437554927,25898675880141
25898437554927,25898819832863
25898437554927,25898968331104
25898437554927,25899221983136
25899274151478,25899221983136
25899274151478,25899530872751
25899274151478,25899719223703
25899274151478,25899872478250
25899875480396,25899872478250
25899875480396,25900109683349
25899875480396,25900275137418
25899875480396,25900410327713
25899875480396,25900743170653
25899875480396,25901085791102
25901087912769,25901085791102
25901087912769,25901351655829
25901087912769,25901588957236
25901087912769,25901762214123
25901087912769,25901930229967
25901960268596,25901930229967
25901960268596,25902254890290
25901960268596,25902381431043
25901960268596,25902587250218
25902589229550,25902587250218
25902589229550,25902812401458
25902589229550,25902957958106
25902589229550,25903175260859
25902589229550,25903327445330
25902589229550,25904128438543
25902589229550,25904321927784
25904131024516,25904321927784
25904131024516,25904521067840
25904131024516,25904673292773
25904131024516,25904860297679
25904131024516,25905040627259
25904131024516,25905185969477
25905042064403,25905185969477
25905042064403,25905379142329
25905381640903,25905379142329
25905381640903,25905551749049
25905381640903,25905721637431
25905381640903,25905891607264
25905381640903,25906177816779
25905381640903,25906547617565
25906571077483,25906547617565
25906571077483,25906813445517
25906571077483,25906962599460
25906571077483,25907155501272
25906571077483,25907474383396
25907488742638,25907474383396
25907488742638,25907694265838
25907488742638,25907877529623
25907488742638,25908065953286
25907488742638,25908367372898
25908430877966,25908367372898
25908430877966,25908627477011
25908430877966,25908911415981
25908430877966,25909047978178
25909049912593,25909047978178
25909049912593,25909225475434
25909049912593,25909399200107
25909049912593,25909515188119
25909049912593,25909761654348
25909049912593,25910179025682
25910209624641,25910179025682
25910209624641,25910444227457
25910209624641,25910604938911
25910209624641,25910762689544
25910209624641,25911171403635
25911173820465,25911171403635
25911173820465,25911356176186
25911173820465,25911498883716
25911173820465,25911646266463
25911647753462,25911646266463
25911647753462,25911860850236
25911647753462,25912039402798
25911647753462,25912212162828
25911647753462,25912558134766
25911647753462,25912910374240
25912979072579,25912910374240
25912979072579,25913176352977
25912979072579,25913314524332
25912979072579,25913539230479
25912979072579,25913821222067
25913914221665,25913821222067
25913914221665,25914146452842
25913914221665,25914294016293
25913914221665,25914586177166
25913914221665,25914749342933
25914757239583,25914749342933
25914757239583,25914995346382
25914757239583,25915147811367
25914757239583,25915311095195
25915313449838,25915311095195
25915313449838,25915500505849
25915313449838,25915659873267
25915313449838,25915841498824
25915313449838,25916119290887
25915313449838,25916567441517
25916590113820,25916567441517
25916590113820,25916772110923
25916590113820,25917015274432
25916590113820,25917182666564
25916590113820,25917498317437
25917539467318,25917498317437
25917539467318,25917693041479
25917539467318,25917960026939
25917539467318,25918150815299
25918254796380,25918150815299
25918254796380,25918491228157
25918254796380,25918652548467
25918254796380,25918823045226
25918254796380,25918964947271
25918254796380,25919390148084
25919428405667,25919390148084
25919428405667,25919626776942
25919428405667,25919901426438
25919428405667,25920099069446
25919428405667,25920323861654
25920370540401,25920323861654
25920370540401,25920524631712
25920370540401,25920815796868
25920370540401,25920986820156
25920370540401,25921215305289
25921217045965,25921215305289
25921217045965,25921437371580
25921217045965,25921603246249
25921217045965,25921778311933
25921217045965,25922219850862
25922222470935,25922219850862
25922222470935,25922421188117
25922222470935,25922559706246
25922222470935,25922773512880
25922222470935,25922935072284
25922775375069,25922935072284
25922775375069,25923063323888
25922775375069,25923223942292
25922775375069,25923435376841
25923510305992,25923435376841
25923510305992,25923788370574
25923510305992,25923937328899
25923510305992,25924119513461
25923510305992,25924407553225
25923510305992,25924847316216
25924850732576,25924847316216
25924850732576,25925045798911
25924850732576,25925204586613
25924850732576,25925354465929
25924850732576,25925582745288
25925583738590,25925582745288
25925583738590,25925780055764
25925583738590,25926015069492
25925583738590,25926177842754
25925583738590,25926399311433
25926179306616,25926399311433
25926179306616,25926807131386
25926179306616,25926933885512
25926179306616,25927329988459
25927337846258,25927329988459
25927337846258,25927593862874
25927337846258,25927782774704
25927337846258,25927976906183
25927337846258,25928204830831
25927337846258,25928742802795
25928774897905,25928742802795
25928774897905,25928988036922
25928774897905,25929118157571
25928774897905,25929367931109
25929369659424,25929367931109
25929369659424,25929563089306
25929369659424,25929727910166
25929369659424,25929885885728
25929369659424,25930162364779
25929369659424,25930626097729
25930664443478,25930626097729
25930664443478,25930883148745
25930664443478,25931066402361
25930664443478,25931302310388
25930664443478,25931579933582
25931613769512,25931579933582
25931613769512,25931918213186
25931613769512,25932082225944
25931613769512,25932279906454
25932282057420,25932279906454
25932282057420,25932488015420
25932282057420,25932650329520
25932282057420,25932805335173
25932282057420,25933051965291
25932282057420,25933455440096
25933580429238,25933455440096
25933580429238,25933815334468
25933580429238,25934054949699
25933580429238,25934225892040
25933580429238,25934477097830
25934478643772,25934477097830
25934478643772,25934753997973
25934478643772,25934920680714
25934478643772,25935095759839
25935097951282,25935095759839
25935097951282,25935264101066
25935097951282,25935420001953
25935097951282,25935570459327
25935097951282,25935749680029
25935097951282,25936246025021
25936251323153,25936246025021
25936251323153,25936476275614
25936251323153,25936675988303
25936251323153,25936827033028
25936251323153,25937151404651
25936251323153,25937535863813
25937321700946,25937535863813
25937321700946,25937714386150
25937321700946,25937899394431
25937321700946,25938296940330
25938298613511,25938296940330
25938298613511,25938542164698
25938298613511,25938733631020
25938298613511,25938902094763
25938298613511,25939334630397
25939336361433,25939334630397
25939336361433,25939496383938
25939336361433,25939687136339
25939336361433,25939923435911
25939336361433,25940163976970
25940239530558,25940163976970
25940239530558,25940418241447
25940239530558,25940610915518
25940239530558,25940822948127
25940239530558,25941135960841
25941138902372,25941135960841
25941138902372,25941362490332
25941138902372,25941490740200
25941138902372,25941697479314
25941702157641,25941697479314
25941702157641,25941904251523
25941702157641,25942076341545
25941702157641,25942274582554
25941702157641,25942525317988
25941702157641,25942929484197
25942987922352,25942929484197
25942987922352,25943247829464
25942987922352,25943406736771
25942987922352,25943537453996
25942987922352,25943948309362
25943950820948,25943948309362
25943950820948,25944153369479
25943950820948,25944304382850
25943950820948,25944492157384
25943950820948,25944858355729
25944860755982,25944858355729
25944860755982,25945082960280
25944860755982,25945232313730
25944860755982,25945379753467
25945381213981,25945379753467
25945381213981,25945541241023
25945381213981,25945682309707
25945381213981,25945840068498
25945381213981,25946017304427
25945381213981,25946684921336
25946687500659,25946684921336
25946687500659,25946926610174
25946687500659,25947080776520
25946687500659,25947220543802
25947224400491,25947220543802
25947224400491,25947505181822
25947224400491,25947675170097
25947224400491,25947861571755
25947224400491,25948050320432
25947224400491,25948397667110
25948399836610,25948397667110
25948399836610,25948616766105
25948399836610,25948752139521
25948399836610,25948984302085
25948399836610,25949166140474
25948997353831,25949166140474
25948997353831,25949394488941
25948997353831,25949575016833
25948997353831,25949749147637
25948997353831,25950181764868
25950183195388,25950181764868
25950183195388,25950400787043
25950183195388,25950560368820
25950183195388,25950755870741
25950758657556,25950755870741
25950758657556,25950970688725
25950758657556,25951121431206
25950758657556,25951353633178
25950758657556,25951612949519
25950758657556,25951855384581
25951952052839,25951855384581
25951952052839,25952252401178
25951952052839,25952773131669
25951952052839,25952984995491
25951952052839,25953224421462
25953234933120,25953224421462
25953234933120,25953475281383
25953234933120,25953635195062
25953234933120,25953778600293
25953779873749,25953778600293
25953779873749,25954016503607
25953779873749,25954159976175
25953779873749,25954356554137
25953779873749,25954627734251
25953779873749,25955058668628
25955060977983,25955058668628
25955060977983,25955237949299
25955060977983,25955428624111
25955060977983,25955624430836
25955060977983,25955977204965
25955979881987,25955977204965
25955979881987,25956173250899
25955979881987,25956317292738
25955979881987,25956527112519
25955979881987,25956864262810
25956953079844,25956864262810
25956953079844,25957160126989
25956953079844,25957353125142
25956953079844,25957589270665
25957591933191,25957589270665
25957591933191,25957771273325
25957591933191,25957938347531
25957591933191,25958139040721
25957591933191,25958365332085
25958409748943,25958365332085
25958409748943,25958613585293
25958409748943,25958852291676
25958409748943,25959038766906
25958409748943,25959267259369
25958409748943,25959760348941
25959859662016,25959760348941
25959859662016,25960104156367
25959859662016,25960278073975
25959859662016,25960460187929
25960462401330,25960460187929
25960462401330,25960664152361
25960462401330,25960876245859
25960462401330,25961036518411
25960462401330,25961317727993
25960462401330,25961672822505
25961789627242,25961672822505
25961789627242,25962044619735
25961789627242,25962228710147
25961789627242,25962382361812
25962384504321,25962382361812
25962384504321,25962600130931
25962384504321,25962759438310
25962384504321,25962915653097
25962384504321,25963202640402
25962384504321,25963608378715
25963631785630,25963608378715
25963631785630,25963858422135
25963631785630,25964090024947
25963631785630,25964270420682
25964273488782,25964270420682
25964273488782,25964501305581
25964273488782,25964670263238
25964273488782,25964850374155
25964273488782,25964992053545
25964273488782,25965375850256
25965758823398,25965375850256
25965758823398,25966012068289
25965758823398,25966173789645
25965758823398,25966413545554
25965758823398,25966694247766
25966719345921,25966694247766
25966719345921,25966923483577
25966719345921,25967127963859
25966719345921,25967331334679
25967333857028,25967331334679
25967333857028,25967503777375
25967333857028,25967649167256
25967333857028,25967837562978
25967333857028,25967979433826
25967333857028,25968421237872
25968490997602,25968421237872
25968490997602,25968751595537
25968490997602,25968877692461
25968490997602,25969034055174
25968490997602,25969319401268
25969389704085,25969319401268
25969389704085,25969637798393
25969389704085,25969812220668
25969389704085,25969934411510
25969389704085,25970234279718
25970266692346,25970234279718
25970266692346,25970449919422
25970266692346,25970645626714
25970266692346,25970834501954
25970266692346,25971115950941
25971166781776,25971115950941
25971166781776,25971309462771
25971166781776,25971554327569
25971166781776,25971685570523
25971166781776,25972081096793
25972179694429,25972081096793
25972179694429,25972360416783
25972179694429,25972529335504
25972179694429,25972670583249
25972179694429,25972958113060
25972960846375,25972958113060
25972960846375,25973158172524
25972960846375,25973325661172
25972960846375,25973495883350
25972960846375,25973853422191
25973855669642,25973853422191
25973855669642,25974063264737
25973855669642,25974237368945
25973855669642,25974399134688
25973855669642,25974783321020
25974828505361,25974783321020
25974828505361,25975034827433
25974828505361,25975232675904
25974828505361,25975467701788
25974828505361,25975693691920
25975745256865,25975693691920
25975745256865,25975963600337
25975745256865,25976169390562
25975745256865,25976342172295
25976343984866,25976342172295
25976343984866,25976548090829
25976343984866,25976761029756
25976343984866,25976887311036
25976343984866,25977039049515
25976343984866,25977502166327
25977541827822,25977502166327
25977541827822,25977726945032
25977541827822,25977859390010
25977541827822,25978060907293
25978063074172,25978060907293
25978063074172,25978317038288
25978063074172,25978493433461
25978063074172,25978660223214
25978063074172,25978899132551
25978063074172,25979263949771
25979321505928,25979263949771
25979321505928,25979538094727
25979321505928,25979683587555
25979321505928,25979908118932
25979321505928,25980347238952
25980349874834,25980347238952
25980349874834,25980560498239
25980349874834,25980745200798
25980349874834,25980920864345
25980349874834,25981044237149
25981133989148,25981044237149
25981133989148,25981399372665
25981133989148,25981557466606
25981133989148,25981719871128
25981133989148,25981994451316
25982054383031,25981994451316
25982054383031,25982407537995
25982054383031,25982594454101
25982054383031,25982751206343
25982054383031,25983006952969
25983069806840,25983006952969
25983069806840,25983346336052
25983069806840,25983557784893
25983069806840,25983733986006
25983069806840,25984001974715
25984002904799,25984001974715
25984002904799,25984236119938
25984002904799,25984530506061
25984002904799,25984690390070
25984002904799,25984927413720
25984972240341,25984927413720
25984972240341,25985234856831
25984972240341,25985427034322
25984972240341,25985647515061
25984972240341,25985794960933
25985918861202,25985794960933
25985918861202,25986160774417
25985918861202,25986364417482
25985918861202,25986565533084
25985918861202,25986682249516
25986567546048,25986682249516
25986567546048,25986810382107
25986567546048,25986987743818
25986567546048,25987458402400
25987460334377,25987458402400
25987460334377,25987647643417
25987460334377,25987770179619
25987460334377,25988010885465
25987460334377,25988309387375
25987460334377,25988658753426
25988696087450,25988658753426
25988696087450,25988967216856
25988696087450,25989116419957
25988696087450,25989267563904
25989269213964,25989267563904
25989269213964,25989443696316
25989269213964,25989670363844
25989269213964,25989886494791
25989269213964,25990166736929
25989269213964,25990575640931
25990586278384,25990575640931
25990586278384,25990833290225
25990586278384,25991042864661
25990586278384,25991216588092
25990586278384,25991445070581
25990586278384,25991654461599
25991489805629,25991654461599
25991489805629,25991893988249
25991489805629,25992088356515
25992091701230,25992088356515
25992091701230,25992265183590
25992091701230,25992415165477
25992091701230,25992594818826
25992091701230,25992894949005
25992091701230,25993277204588
25993515122510,25993277204588
25993515122510,25993695196372
25993515122510,25993835507978
25993515122510,25994061189879
25993515122510,25994205239854
25994206567145,25994205239854
25994206567145,25994382405227
25994206567145,25994563099816
25994206567145,25994716874128
25994206567145,25995019396582
25995070531871,25995019396582
25995070531871,25995311252060
25995070531871,25995504359191
25995070531871,25995682777452
25995684067494,25995682777452
25995684067494,25995857696991
25995684067494,25996011216023
25995684067494,25996176143840
25995684067494,25996502434473
25995684067494,25997283024926
25997328045875,25997283024926
25997328045875,25997468338928
25997328045875,25997731977381
25997328045875,25997860549481
25997328045875,25998279289898
25998281383641,25998279289898
25998281383641,25998516524438
25998281383641,25998650910609
25998281383641,25998825569396
25998827508944,25998825569396
25998827508944,25998991450031
25998827508944,25999186090479
25998827508944,25999410815205
25998827508944,25999691184602
25998827508944,26000181039575
26000183181884,26000181039575
26000183181884,26000430644780
26000183181884,26000608353953
26000183181884,26000807413995
26000183181884,26001094918617
26001099237172,26001094918617
26001099237172,26001321411709
26001099237172,26001463296669
26001099237172,26001619525840
26001669371925,26001619525840
26001669371925,26001849586488
26001669371925,26002112895148
26001669371925,26002270302656
26001669371925,26002608270003
26001669371925,26002987409576
26003023219979,26002987409576
26003023219979,26003249156275
26003023219979,26003393676152
26003023219979,26003600124467
26003602142043,26003600124467
26003602142043,26003742077869
26003602142043,26003913225915
26003602142043,26004185330661
26003602142043,26004426097896
26003602142043,26004903070443
26004905294701,26004903070443
26004905294701,26005180653989
26004905294701,26005317196232
26004905294701,26005525939651
26004905294701,26005854480575
26005857216222,26005854480575
26005857216222,26006128301602
26005857216222,26006283329121
26005857216222,26006436188237
26005857216222,26006865161850
26006866523233,26006865161850
26006866523233,26007063042334
26006866523233,26007254379489
26006866523233,26007417492060
26006866523233,26007561916636
26007673057682,26007561916636
26007673057682,26007898917270
26007673057682,26008149547560
26007673057682,26008331659959
26007673057682,26008644095585
26008646259731,26008644095585
26008646259731,26008877442540
26008646259731,26009059828838
26008646259731,26009269916148
26008646259731,26009537969501
26009654417535,26009537969501
26009654417535,26009879175713
26009654417535,26010015717895
26009654417535,26010191155012
26010197262623,26010191155012
26010197262623,26010373610933
26010197262623,26010589050069
26010197262623,26010794264296
26010197262623,26011048062069
26010197262623,26011464359026
26011466141292,26011464359026
26011466141292,26011699878839
26011466141292,26011880116852
26011466141292,26012061331298
26012064201659,26012061331298
26012064201659,26012307215056
26012064201659,26012474264960
26012064201659,26012645491486
26012064201659,26012799280889
26012064201659,26013281494987
26013284230777,26013281494987
26013284230777,26013552037899
26013284230777,26013753134000
26013284230777,26013960309995
26013284230777,26014183678343
26014186321744,26014183678343
26014186321744,26014453273162
26014186321744,26014594355724
26014186321744,26014776042032
26014186321744,26015014425447
26015063540221,26015014425447
26015063540221,26015301012776
26015063540221,26015499067195
26015063540221,26015635405199
26015063540221,26015894539221
26015943855098,26015894539221
26015943855098,26016116438354
26015943855098,26016385653014
26015943855098,26016601873014
26015943855098,26016823076604
26016840299472,26016823076604
26016840299472,26017079260315
26016840299472,26017308428409
26016840299472,26017482239938
26017483916839,26017482239938
26017483916839,26017635621546
26017483916839,26017795694784
26017483916839,26017925724148
26017483916839,26018247261210
26017483916839,26018560363689
26018561597005,26018560363689
26018561597005,26018829929071
26018561597005,26018973244155
26018561597005,26019157122922
26018561597005,26019552543903
26019554066726,26019552543903
26019554066726,26019791473584
26019554066726,26019930225693
26019554066726,26020067321674
26019554066726,26020343376361
26020434922267,26020343376361
26020434922267,26020681303403
26020434922267,26020806452369
26020434922267,26020990745180
26020434922267,26021298298408
26021299745845,26021298298408
26021299745845,26021494705993
26021299745845,26021733178573
26021299745845,26021912483278
26021299745845,26022154319576
26022241038460,26022154319576
26022241038460,26022437164918
26022241038460,26022632368057
26022241038460,26022892201707
26022241038460,26023092835081
26023184765483,26023092835081
26023184765483,26023434678821
26023184765483,26023578317290
26023184765483,26023745734005
26023184765483,26024130444557
26024132692932,26024130444557
26024132692932,26024296933700
26024132692932,26024451328600
26024132692932,26024705538720
26024132692932,26024964966218
26025015632038,26024964966218
26025015632038,26025243406068
26025015632038,26025444862653
26025015632038,26025608391138
26025015632038,26025868554832
26025930819845,26025868554832
26025930819845,26026214593740
26025930819845,26026346550257
26025930819845,26026469169142
26026471565200,26026469169142
26026471565200,26026795908657
26026471565200,26026996156385
26026471565200,26027166934206
26026471565200,26027545300604
26027850587106,26027545300604
26027850587106,26028060350615
26027850587106,26028225029545
26027850587106,26028399635752
26027850587106,26028721332590
26027850587106,26029225210768
26029227652942,26029225210768
26029227652942,26029470751541
26029227652942,26029669498340
26029227652942,26029839802933
26029227652942,26030093540219
26030119600702,26030093540219
26030119600702,26030368288815
26030119600702,26030533697681
26030119600702,26030731712273
26030119600702,26030992184842
26031077613960,26030992184842
26031077613960,26031316464131
26031077613960,26031499075668
26031077613960,26031655853704
26031077613960,26031944284379
26032076998319,26031944284379
26032076998319,26032290032816
26032076998319,26032454753619
26032460078090,26032454753619
26032460078090,26032618327071
26032460078090,26032735428243
26032460078090,26032896883565
26032460078090,26033048793595
26032460078090,26033332402293
26032460078090,26033745593898
26033800804502,26033745593898
26033800804502,26034021660687
26033800804502,26034169266878
26033800804502,26034357086777
26033800804502,26034701945729
26034842485794,26034701945729
26034842485794,26035054104190
26034842485794,26035219712399
26034842485794,26035440619546
26034842485794,26035779504783
26035782644344,26035779504783
26035782644344,26035943064699
26035782644344,26036153346744
26035782644344,26036337180459
26035782644344,26036621742774
26036677792044,26036621742774
26036677792044,26036895516680
26036677792044,26037043824858
26036677792044,26037218485975
26036677792044,26037524864765
26037635845046,26037524864765
26037635845046,26037921340039
26037635845046,26038105733341
26037635845046,26038259891169
26038262205442,26038259891169
26038262205442,26038489439829
26038262205442,26038636258766
26038262205442,26038773465200
26038262205442,26039184293828
26039186279574,26039184293828
26039186279574,26039359477302
26039186279574,26039575070987
26039186279574,26039756691383
26039186279574,26040024857701
26039186279574,26040453726100
26040455287180,26040453726100
26040455287180,26040679607477
26040455287180,26040870920039
26040455287180,26041109071173
26040455287180,26041328410013
26041339013822,26041328410013
26041339013822,26041600270617
26041339013822,26041719215546
26041339013822,26041889808767
26041339013822,26042262554372
26042295544129,26042262554372
26042295544129,26042517192776
26042295544129,26042656545824
26042295544129,26042898603946
26042295544129,26043145358032
26043386045538,26043145358032
26043386045538,26043559811643
26043386045538,26043706497393
26043386045538,26043878935554
26043386045538,26044366787440
26044423517391,26044366787440
26044423517391,26044659206185
26044423517391,26044794837749
26044423517391,26044944880266
26044423517391,26045255526045
26045355256848,26045255526045
26045355256848,26045556804487
26045355256848,26045775292323
26045355256848,26045958767924
26045355256848,26046290111827
26046311634302,26046290111827
26046311634302,26046544948337
26046311634302,26046656526159
26046311634302,26046891934292
26046893626846,26046891934292
26046893626846,26047066871686
26046893626846,26047203984125
26046893626846,26047498840856
26046893626846,26047904409000
26046893626846,26048114966568
26048235114909,26048114966568
26048235114909,26048452554194
26048235114909,26048613067012
26048235114909,26048778944753
26048235114909,26049122757098
26049141026486,26049122757098
26049141026486,26049350222101
26049141026486,26049525933552
26049141026486,26049684740261
26049141026486,26050084858740
26049141026486,26050294260786
26050115650432,26050294260786
26050115650432,26050516679470
26050115650432,26050785369438
26050115650432,26050947347122
26051133545856,26050947347122
26051133545856,26051383243318
26051133545856,26051554406848
26051133545856,26051729410832
26051133545856,26051868224600
26051133545856,26052109158634
26051916254372,26052109158634
26051916254372,26052368101316
26051916254372,26052609160674
26051916254372,26052795186293
26052863231536,26052795186293
26052863231536,26053159338560
26052863231536,26053325522981
26052863231536,26053483077583
26052863231536,26053792348656
26053964277649,26053792348656
26053964277649,26054215349581
26053964277649,26054434952568
26053964277649,26054642174964
26054438544382,26054642174964
26054438544382,26054802870418
26054438544382,26054926671905
26054438544382,26055055697384
26054438544382,26055379164224
26054438544382,26055750488545
26055905400569,26055750488545
26055905400569,26056142723983
26055905400569,26056326391903
26055905400569,26056472307966
26055905400569,26056599526007
26056601663757,26056599526007
26056601663757,26056775102645
26056601663757,26056962297224
26056601663757,26057121885005
26056601663757,26057532802282
26057547874337,26057532802282
26057547874337,26057790745728
26057547874337,26058019930209
26057547874337,26058145176251
26058146562003,26058145176251
26058146562003,26058396329510
26058146562003,26058553341363
26058146562003,26058677965036
26058146562003,26058916386879
26058146562003,26059339684334
26059393421184,26059339684334
26059393421184,26059567345073
26059393421184,26059860772909
26059393421184,26060028477322
26059393421184,26060321103401
26060325990743,26060321103401
26060325990743,26060673746072
26060325990743,26060833638515
26060325990743,26060992411869
26060994448216,26060992411869
26060994448216,26061194560934
26060994448216,26061358812367
26060994448216,26061581724864
26060994448216,26061742178714
26060994448216,26062224921196
26062272934041,26062224921196
26062272934041,26062563420519
26062272934041,26062715812540
26062272934041,26062882784051
26062272934041,26063133294923
26063277128821,26063133294923
26063277128821,26063576541125
26063277128821,26063767984312
26063277128821,26064014294685
26063277128821,26064210132616
26064214522186,26064210132616
26064214522186,26064454996453
26064214522186,26064687852001
26064214522186,26064868991087
26064214522186,26065113568095
26065151919770,26065113568095
26065151919770,26065413674539
26065151919770,26065567131667
26065151919770,26065725362536
26065727416840,26065725362536
26065727416840,26065892577675
26065727416840,26066057138434
26065727416840,26066146218425
26065727416840,26066813325236
26065727416840,26067322257481
26065727416840,26067520263027
26067326316120,26067520263027
26067326316120,26067691176801
26067326316120,26067823369324
26067326316120,26068230654907
26068247034147,26068230654907
26068247034147,26068435629098
26068247034147,26068734393319
26068247034147,26068919629979
26068247034147,26069109469236
26069317427678,26069109469236
26069317427678,26069534753136
26069317427678,26069693147356
26069317427678,26069881371541
26069317427678,26070120850726
26070197541634,26070120850726
26070197541634,26070477756569
26070197541634,26070651705224
26070197541634,26070792980828
26070197541634,26071113470711
26071169517554,26071113470711
26071169517554,26071360283368
26071169517554,26071510640906
26071169517554,26071635037128
26071169517554,26071983466703
26071985761698,26071983466703
26071985761698,26072251783105
26071985761698,26072451654533
26071985761698,26072620810288
26071985761698,26072791477206
26072801580317,26072791477206
26072801580317,26073022115006
26072801580317,26073236638120
26072801580317,26073403195277
26072801580317,26073621074006
26073745024654,26073621074006
26073745024654,26074003291839
26073745024654,26074245159155
26073745024654,26074421685683
26073745024654,26074588124639
26074423324843,26074588124639
26074423324843,26074714711312
26074423324843,26074866397757
26074423324843,26075021449431
26074423324843,26075538777168
26075548743984,26075538777168
26075548743984,26075821158457
26075548743984,26075990802125
26075548743984,26076170742816
26075548743984,26076469204922
26076476979825,26076469204922
26076476979825,26076668425499
26076476979825,26076863405031
26076476979825,26077030057047
26076476979825,26077296432091
26077583811706,26077296432091
26077583811706,26077798955077
26077583811706,26077962145409
26077583811706,26078123170628
26077583811706,26078272220651
26078274573206,26078272220651
26078274573206,26078491793076
26078274573206,26078668507903
26078274573206,26078764342250
26078274573206,26079138996708
26079192153247,26079138996708
26079192153247,26079404356406
26079192153247,26079601416137
26079192153247,26079765633533
26079192153247,26080068668242
26080134511797,26080068668242
26080134511797,26080399495545
26080134511797,26080531173779
26080134511797,26080658474256
26080660091363,26080658474256
26080660091363,26080866861376
26080660091363,26081084541665
26080660091363,26081282467716
26080660091363,26081496043585
26080660091363,26081942678568
26082005408811,26081942678568
26082005408811,26082242460992
26082005408811,26082395310252
26082005408811,26082522477771
26082005408811,26082935554612
26082981623867,26082935554612
26082981623867,26083287229355
26082981623867,26083427677208
26082981623867,26083590328951
26082981623867,26083779043212
26083781259953,26083779043212
26083781259953,26083997582942
26083781259953,26084162957232
26083781259953,26084324642644
26083781259953,26084545319808
26084613981681,26084545319808
26084613981681,26084879443039
26084613981681,26085067373065
26084613981681,26085204313186
26084613981681,26085646939807
26085649515875,26085646939807
26085649515875,26085864971912
26085649515875,26086041832678
26085649515875,26086171226196
26085649515875,26086471430017
26086472854239,26086471430017
26086472854239,26086692952021
26086472854239,26086846932936
26086472854239,26087046533789
26086472854239,26087259766796
26087328824750,26087259766796
26087328824750,26087572510820
26087328824750,26087772228392
26087794695508,26087772228392
26087794695508,26087986853171
26087794695508,26088125074827
26087794695508,26088308451175
26087794695508,26088487295639
26087794695508,26088685227270
26087794695508,26089178083553
26089179961422,26089178083553
26089179961422,26089349981631
26089179961422,26089550647927
26089179961422,26089829690735
26089179961422,26090064449045
26090190971896,26090064449045
26090190971896,26090383238739
26090190971896,26090629254963
26090190971896,26090796676870
26090799197491,26090796676870
26090799197491,26090980450499
26090799197491,26091127940771
26090799197491,26091346292266
26090799197491,26091533781044
26090799197491,26091987556325
26092021711596,26091987556325
26092021711596,26092154734892
26092021711596,26092377369607
26092021711596,26092593075924
26092021711596,26093009438743
26093095251497,26093009438743
26093095251497,26093285209063
26093095251497,26093483417923
26093095251497,26093720200170
26093095251497,26094024716375
26094064259989,26094024716375
26094064259989,26094250809080
26094064259989,26094486621294
26094064259989,26094650209507
26094064259989,26094910649316
26095005311838,26094910649316
26095005311838,26095235776148
26095005311838,26095417915043
26095005311838,26095601859964
26095005311838,26095917576828
26095919557232,26095917576828
26095919557232,26096143164300
26095919557232,26096355807258
26095919557232,26096554142644
26095919557232,26096820515753
26096841763522,26096820515753
26096841763522,26097028277062
26096841763522,26097262257671
26096841763522,26097398399509
26096841763522,26097763520883
26097765436539,26097763520883
26097765436539,26097986334698
26097765436539,26098161028474
26097765436539,26098356693991
26097765436539,26098526578552
26098759595150,26098526578552
26098759595150,26098946215961
26098759595150,26099133241223
26098759595150,26099291984704
26098759595150,26099604488262
26099643819232,26099604488262
26099643819232,26099844107481
26099643819232,26100053463272
26099643819232,26100250746081
26100254379520,26100250746081
26100254379520,26100444432795
26100254379520,26100599262145
26100254379520,26100783018442
26100254379520,26101091452298
26100254379520,26101581148920
26101583391615,26101581148920
26101583391615,26101886181852
26101583391615,26102103357029
26101583391615,26102322918333
26102325609379,26102322918333
26102325609379,26102564050272
26102325609379,26102789661952
26102325609379,26102948573504
26102325609379,26103391794714
26102325609379,26103772338521
26103776215015,26103772338521
26103776215015,26104013393708
26103776215015,26104155421990
26103776215015,26104377904916
26103776215015,26104649290919
26104650687157,26104649290919
26104650687157,26104852237971
26104650687157,26105111723305
26104650687157,26105290758175
26104650687157,26105502766136
26105533732268,26105502766136
26105533732268,26105767663431
26105533732268,26105943717876
26105533732268,26106114289235
26105533732268,26106360570236
26106490012350,26106360570236
26106490012350,26106709730826
26106490012350,26106875597214
26106490012350,26107088109522
26106490012350,26107411218727
26107412887214,26107411218727
26107412887214,26107674237565
26107412887214,26107915056776
26107412887214,26108101799452
26107412887214,26108339376332
26108348689816,26108339376332
26108348689816,26108574602322
26108348689816,26108802050965
26108348689816,26109012327355
26108348689816,26109296478701
26109298032566,26109296478701
26109298032566,26109547874580
26109298032566,26109778459315
26109298032566,26109971502433
26109298032566,26110209519274
26110241819016,26110209519274
26110241819016,26110484459833
26110241819016,26110602618539
26110241819016,26110804483450
26110241819016,26111083339711
26111233174640,26111083339711
26111233174640,26111496063115
26111233174640,26111754403279
26111233174640,26111893750574
26111233174640,26112139642474
26112159819713,26112139642474
26112159819713,26112384210672
26112159819713,26112526094009
26112159819713,26112773563160
26112159819713,26113003369954
26113047133076,26113003369954
26113047133076,26113281365402
26113047133076,26113403247523
26113047133076,26113586721471
26113047133076,26113942846351
26113984183513,26113942846351
26113984183513,26114196852789
26113984183513,26114359797253
26113984183513,26114594272914
26113984183513,26114853529303
26114898199394,26114853529303
26114898199394,26115140483128
26114898199394,26115372016618
26114898199394,26115563452469
26115565965109,26115563452469
26115565965109,26115812528414
26115565965109,26115965270511
26115565965109,26116140737592
26115565965109,26116280248329
26115565965109,26116724275027
26116725836771,26116724275027
26116725836771,26116924478844
26116725836771,26117234193066
26116725836771,26117380572463
26116725836771,26117744251457
26117750892028,26117744251457
26117750892028,26117992446466
26117750892028,26118140143096
26117750892028,26118297815993
26118300033821,26118297815993
26118300033821,26118522526360
26118300033821,26118701389688
26118300033821,26118851599349
26118300033821,26118980114809
26118300033821,26119518139145
26119583255252,26119518139145
26119583255252,26119897585637
26119583255252,26120042202080
26119583255252,26120210522957
26119583255252,26120547342258
26120566347442,26120547342258
26120566347442,26120817262551
26120566347442,26121014773835
26120566347442,26121134722360
26120566347442,26121625527430
26121628162690,26121625527430
26121628162690,26122140032677
26121628162690,26122392381412
26121628162690,26122547198174
26121628162690,26122707697732
26122764265947,26122707697732
26122764265947,26122951695367
26122764265947,26123101484748
26122764265947,26123345782967
26122764265947,26123648125399
26123651039252,26123648125399
26123651039252,26123838111040
26123651039252,26124025532590
26123651039252,26124177310265
26124180625932,26124177310265
26124180625932,26124459412174
26124180625932,26124610282040
26124180625932,26124776768012
26124180625932,26125028337187
26124180625932,26125560873745
26125563901522,26125560873745
26125563901522,26125745217369
26125563901522,26125909675085
26125563901522,26126098147168
26125563901522,26126471453867
26126495306235,26126471453867
26126495306235,26126779733698
26126495306235,26126958837478
26126495306235,26127167381405
26126495306235,26127333358742
26127361441824,26127333358742
26127361441824,26127555885451
26127361441824,26127737096495
26127361441824,26127940176920
26127361441824,26128172335257
26128263790722,26128172335257
26128263790722,26128496498017
26128263790722,26128639868904
26128263790722,26128873728819
26128263790722,26129191697942
26129253121070,26129191697942
26129253121070,26129481058498
26129253121070,26129680519227
26129253121070,26129813594497
26129253121070,26130201525438
26130203418588,26130201525438
26130203418588,26130444553093
26130203418588,26130596021339
26130203418588,26130798333678
26130800495332,26130798333678
26130800495332,26130989169092
26130800495332,26131138898607
26130800495332,26131324271589
26130800495332,26131826174127
26130800495332,26132283468957
26132332467621,26132283468957
26132332467621,26132485274415
26132332467621,26132706337050
26132332467621,26132909341955
26132332467621,26133162949823
26133186275114,26133162949823
26133186275114,26133391373757
26133186275114,26133625237268
26133186275114,26133838516738
26133186275114,26134086014926
26134095680418,26134086014926
26134095680418,26134280150070
26134095680418,26134445035055
26134095680418,26134556307053
26134095680418,26134892145959
26135026833188,26134892145959
26135026833188,26135270504823
26135026833188,26135473722223
26135026833188,26135678632843
26135681046202,26135678632843
26135681046202,26135917120949
26135681046202,26136041763562
26135681046202,26136212036170
26135681046202,26136389928197
26135681046202,26136858298195
26136861614474,26136858298195
26136861614474,26137073427810
26136861614474,26137345542048
26136861614474,26137515117783
26136861614474,26137745082194
26137747042510,26137745082194
26137747042510,26137962481203
26137747042510,26138099140763
26137747042510,26138319460228
26137747042510,26138806497773
26138809154896,26138806497773
26138809154896,26139018903989
26138809154896,26139205495289
26138809154896,26139391202052
26138809154896,26139539297935
26139765945236,26139539297935
26139765945236,26139944710438
26139765945236,26140100335761
26139765945236,26140300356979
26139765945236,26140489026008
26140491129820,26140489026008
26140491129820,26140753390607
26140491129820,26140904306819
26140491129820,26141085389343
26140491129820,26141370163080
26141428409781,26141370163080
26141428409781,26141686287229
26141428409781,26141852727215
26141896639859,26141852727215
26141896639859,26142069394660
26141896639859,26142215819833
26141896639859,26142369257433
26141896639859,26142548058905
26141896639859,26142867321360
26141896639859,26143245254097
26143434479469,26143245254097
26143434479469,26143654452653
26143434479469,26143885242008
26143434479469,26144077601069
26143434479469,26144386191870
26144388855407,26144386191870
26144388855407,26144591341063
26144388855407,26144775502867
26144388855407,26144915545577
26144388855407,26145250871421
26145333834356,26145250871421
26145333834356,26145569378990
26145333834356,26145730138141
26145333834356,26145902539206
26145904695636,26145902539206
26145904695636,26146131262227
26145904695636,26146372757513
26145904695636,26146541015668
26145904695636,26146717335554
26145904695636,26147234176948
26147236182823,26147234176948
26147236182823,26147420133644
26147236182823,26147633260029
26147236182823,26147746201827
26147236182823,26148138495259
26148140109173,26148138495259
26148140109173,26148293085967
26148140109173,26148555197753
26148140109173,26148712649191
26148140109173,26149036510897
26149038449024,26149036510897
26149038449024,26149235322843
26149038449024,26149489105991
26149038449024,26149659839951
26149038449024,26149872258591
26149875315269,26149872258591
26149875315269,26150133323195
26149875315269,26150327607959
26149875315269,26150488461188
26149875315269,26150738267245
26150786630358,26150738267245
26150786630358,26150999643454
26150786630358,26151167180858
26150786630358,26151313643169
26150786630358,26151653853686
26151828958047,26151653853686
26151828958047,26152108970755
26151828958047,26152274261929
26151828958047,26152431315428
26151828958047,26152594449180
26152595310205,26152594449180
26152595310205,26152841058401
26152595310205,26152999655739
26152595310205,26153193547843
26153195939476,26153193547843
26153195939476,26153458557691
26153195939476,26153594093909
26153195939476,26153740567630
26153195939476,26153894566142
26153195939476,26154246681965
26154249171069,26154246681965
26154249171069,26154473925370
26154249171069,26154672265452
26154249171069,26154906821118
26154249171069,26155100132023
26155102430696,26155100132023
26155102430696,26155246243552
26155102430696,26155363803224
26155102430696,26155475689999
26155102430696,26155720373135
26155102430696,26155833352926
