24637356781800,24637797507744
24637356781800,24638267433869
24638275823172,24638267433869
24638275823172,24638496039856
24638275823172,24638649124943
24638275823172,24638870136880
24638873029234,24638870136880
24638873029234,24639063285259
24638873029234,24639209906340
24638873029234,24639385289411
24638873029234,24639636230378
24639683682016,24639636230378
24639683682016,24639849839277
24639683682016,24640076434334
24639683682016,24640247843162
24639683682016,24640632063520
24639683682016,24641012434835
24641034784275,24641012434835
24641034784275,24641305606803
24641034784275,24641485481651
24641034784275,24641678873381
24641680122071,24641678873381
24641680122071,24641869137337
24641680122071,24642034492445
24641680122071,24642218387177
24641680122071,24642474903821
24641680122071,24642859248396
24642964411007,24642859248396
24642964411007,24643220724795
24642964411007,24643480135765
24642964411007,24643629177495
24642964411007,24644017259979
24644035522802,24644017259979
24644035522802,24644327903992
24644035522802,24644524217322
24644035522802,24644657198973
24644035522802,24644887600352
24644972257072,24644887600352
24644972257072,24645267974488
24644972257072,24645440608135
24644972257072,24645619424649
24644972257072,24645772361386
24645890945091,24645772361386
24645890945091,24646180623150
24645890945091,24646399405485
24645890945091,24646611997424
24645890945091,24646928839364
24646932649678,24646928839364
24646932649678,24647134900581
24646932649678,24647275814946
24646932649678,24647502080294
24647503747096,24647502080294
24647503747096,24647664498504
24647503747096,24647817403551
24647503747096,24648049386465
24647503747096,24648240470298
24648265245504,24648240470298
24648265245504,24648515969143
24648265245504,24648634076262
24648265245504,24648806614195
24648265245504,24649229907244
24649232459465,24649229907244
24649232459465,24649475406157
24649232459465,24649620834057
24649232459465,24649745653402
24649232459465,24650011207901
24649232459465,24650443797495
24650480113530,24650443797495
24650480113530,24650638342028
24650480113530,24650862931164
24650480113530,24651021116929
24650480113530,24651301424513
24651331720048,24651301424513
24651331720048,24651554676324
24651331720048,24651756587144
24651331720048,24651954326374
24651331720048,24652178235391
24652234155186,24652178235391
24652234155186,24652509946150
24652234155186,24652697384365
24652234155186,24652862482145
24652864194245,24652862482145
24652864194245,24653020991766
24652864194245,24653197208528
24652864194245,24653371814194
24652864194245,24653551237658
24652864194245,24653944192103
24654014339811,24653944192103
24654014339811,24654375723257
24654014339811,24654551639365
24654014339811,24654728330294
24654014339811,24655075660207
24655078464426,24655075660207
24655078464426,24655291321077
24655078464426,24655456334119
24655078464426,24655629554068
24655078464426,24655861088964
24655879774801,24655861088964
24655879774801,24656053111600
24655879774801,24656322665045
24655879774801,24656617265925
24655879774801,24656958910945
24657063802201,24656958910945
24657063802201,24657314371734
24657063802201,24657569503875
24657063802201,24657761137137
24657063802201,24657990846541
24657992861572,24657990846541
24657992861572,24658220291690
24657992861572,24658398972628
24657992861572,24658616149112
24657992861572,24659075149128
24659087037509,24659075149128
24659087037509,24659366239997
24659087037509,24659522216352
24659087037509,24659738342039
24659087037509,24659947376088
24659740601153,24659947376088
24659740601153,24660107564410
24659740601153,24660350289944
24659740601153,24660529624180
24660532056191,24660529624180
24660532056191,24660788396929
24660532056191,24661020101614
24660532056191,24661223976660
24660532056191,24661436199464
24661446749238,24661436199464
24661446749238,24661616172411
24661446749238,24661832416970
24661446749238,24662020726592
24661446749238,24662344242840
24661446749238,24662748614400
24662836403021,24662748614400
24662836403021,24663047153875
24662836403021,24663256552692
24662836403021,24663437917784
24662836403021,24663706263055
24663929088742,24663706263055
24663929088742,24664131363633
24663929088742,24664338191223
24663929088742,24664539327462
24663929088742,24664744977427
24664802235033,24664744977427
24664802235033,24665040795110
24664802235033,24665239774787
24664802235033,24665478817665
24664802235033,24665678752655
24665784386924,24665678752655
24665784386924,24665993474926
24665784386924,24666123537819
24665784386924,24666336169180
24666337607689,24666336169180
24666337607689,24666506521451
24666337607689,24666629036309
24666337607689,24666767597246
24666337607689,24667181951972
24667183979111,24667181951972
24667183979111,24667411861644
24667183979111,24667575702271
24667183979111,24667737821267
24667183979111,24667973119742
24667183979111,24668449418879
24668451411419,24668449418879
24668451411419,24668654334608
24668451411419,24668806340753
24668451411419,24668945537667
24668451411419,24669326877391
24669394173168,24669326877391
24669394173168,24669665225043
24669394173168,24669822144571
24669394173168,24669977657565
24669394173168,24670329716749
24670349806947,24670329716749
24670349806947,24670527177391
24670349806947,24670794177264
24670349806947,24670945089252
24670947631929,24670945089252
24670947631929,24671187346421
24670947631929,24671374091033
24670947631929,24671552953162
24670947631929,24671711998446
24670947631929,24672143261096
24670947631929,24672380225202
24672168991229,24672380225202
24672168991229,24672584669455
24672168991229,24672733163529
24672168991229,24673178433478
24673180420321,24673178433478
24673180420321,24673467526460
24673180420321,24673626318415
24673180420321,24673770430581
24673180420321,24674161600860
24674163832427,24674161600860
24674163832427,24674384729574
24674163832427,24674540699719
24674163832427,24674839316846
24674163832427,24674956717322
24674957984477,24674956717322
24674957984477,24675106194383
24674957984477,24675309739380
24674957984477,24675549402526
24675555919133,24675549402526
24675555919133,24675761180122
24675555919133,24676046818685
24675555919133,24676187709235
24675555919133,24676465732316
24676501235708,24676465732316
24676501235708,24676783875399
24676501235708,24676976687162
24676501235708,24677168654959
24676501235708,24677484338635
24676501235708,24677843195967
24677857169177,24677843195967
24677857169177,24678061801377
24677857169177,24678243014721
24677857169177,24678459418345
24677857169177,24678722016908
24678772100895,24678722016908
24678772100895,24678974236333
24678772100895,24679176089288
24678772100895,24679331293804
24678772100895,24679695964149
24678772100895,24679873330346
24679697660278,24679873330346
24679697660278,24680053177645
24679697660278,24680207585003
24679697660278,24680485457939
24680564706231,24680485457939
24680564706231,24680742910439
24680564706231,24681013495817
24680564706231,24681180830660
24680564706231,24681483905554
24681487014825,24681483905554
24681487014825,24681668655878
24681487014825,24681901672169
24681487014825,24682105174101
24682107223589,24682105174101
24682107223589,24682288052592
24682107223589,24682440201055
24682107223589,24682599299874
24682107223589,24682901635322
24682107223589,24683286219653
24683345353765,24683286219653
24683345353765,24683624470090
24683345353765,24683796017698
24683345353765,24683928406465
24683929894047,24683928406465
24683929894047,24684137825220
24683929894047,24684315463103
24683929894047,24684564905415
24683929894047,24684707694103
24683929894047,24685201990209
24685242149982,24685201990209
24685242149982,24685479431940
24685242149982,24685747514245
24685242149982,24685947961167
24685242149982,24686110409751
24686168768568,24686110409751
24686168768568,24686472166529
24686168768568,24686815941786
24686168768568,24687069685766
24686168768568,24687240526037
24687253249458,24687240526037
24687253249458,24687418030156
24687253249458,24687632553270
24687253249458,24687857314396
24687253249458,24688169178935
24688172126200,24688169178935
24688172126200,24688383310962
24688172126200,24688568272866
24688172126200,24688756676325
24688172126200,24688958229186
24688961536332,24688958229186
24688961536332,24689163263671
24688961536332,24689346328257
24688961536332,24689512916224
24688961536332,24689791246649
24689845125143,24689791246649
24689845125143,24690030595285
24689845125143,24690235357862
24689845125143,24690407544612
24689845125143,24690773461381
24689845125143,24690974072344
24690776145944,24690974072344
24690776145944,24691168932563
24690776145944,24691346471930
24690776145944,24691747172457
24691751747258,24691747172457
24691751747258,24691967729454
24691751747258,24692171318382
24691751747258,24692367180718
24691751747258,24692652424701
24692664770854,24692652424701
24692664770854,24692903688893
24692664770854,24693115523143
24692664770854,24693285349991
24693286913682,24693285349991
24693286913682,24693471832869
24693286913682,24693631338720
24693286913682,24693824187390
24693286913682,24694077795511
24693286913682,24694483570980
24694550138281,24694483570980
24694550138281,24694788776246
24694550138281,24695019969969
24694550138281,24695243312529
24694550138281,24695493121382
24695542397572,24695493121382
24695542397572,24695789399292
24695542397572,24695966394863
24695991635996,24695966394863
24695991635996,24696189138666
24695991635996,24696323143868
24695991635996,24696462549410
24695991635996,24696608374409
24695991635996,24696776179352
24695991635996,24697316612125
24697380709728,24697316612125
24697380709728,24697596375407
24697380709728,24697793966144
24697380709728,24697970492252
24697380709728,24698198542289
24698401809944,24698198542289
24698401809944,24698599762936
24698401809944,24698760122390
24698401809944,24698927713194
24698401809944,24699328811468
24699332158384,24699328811468
24699332158384,24699553360859
24699332158384,24699724221256
24699728859513,24699724221256
24699728859513,24699979114066
24699728859513,24700145820006
24699728859513,24700495715883
24699728859513,24700639736631
24699728859513,24700920067670
24699728859513,24701420710394
24701422723965,24701420710394
24701422723965,24701656132565
24701422723965,24701796167449
24701422723965,24702027932137
24702029881335,24702027932137
24702029881335,24702184227088
24702029881335,24702381243457
24702029881335,24702577762189
24702029881335,24702881135847
24702029881335,24703200787523
24703280707581,24703200787523
24703280707581,24703531701744
24703280707581,24703691208438
24703280707581,24703917071707
24703280707581,24704127850571
24704198376636,24704127850571
24704198376636,24704435760614
24704198376636,24704595166090
24704198376636,24704759879120
24704198376636,24705078997009
24705080556366,24705078997009
24705080556366,24705330387431
24705080556366,24705535265211
24705080556366,24705697250471
24705080556366,24705962779537
24706076394558,24705962779537
24706076394558,24706285689900
24706076394558,24706450351024
24706076394558,24706703127855
24706076394558,24706953188146
24706984025716,24706953188146
24706984025716,24707190065287
24706984025716,24707452915086
24706984025716,24707662016338
24706984025716,24707854190776
24707966933800,24707854190776
24707966933800,24708208569386
24707966933800,24708382263937
24707966933800,24708548250422
24708550748784,24708548250422
24708550748784,24708813327241
24708550748784,24709028232721
24708550748784,24709175323698
24708550748784,24709352784837
24708550748784,24709856469831
24709858739292,24709856469831
24709858739292,24710002458930
24709858739292,24710174979019
24709858739292,24710330293545
24709858739292,24710654393484
24710742445565,24710654393484
24710742445565,24710958692413
24710742445565,24711211177280
24710742445565,24711405576703
24710742445565,24711629826930
24711710530157,24711629826930
24711710530157,24711937382710
24711710530157,24712093754798
24711710530157,24712290045204
24711710530157,24712850339828
24712921568402,24712850339828
24712921568402,24713104096696
24712921568402,24713324794403
24712921568402,24713485302607
24712921568402,24713812963500
24713898482638,24713812963500
24713898482638,24714167693322
24713898482638,24714327682091
24713898482638,24714527774348
24714533249431,24714527774348
24714533249431,24714789398336
24714533249431,24714956640840
24714533249431,24715114373468
24714533249431,24715265435057
24714533249431,24715715890255
24715756144892,24715715890255
24715756144892,24715968238896
24715756144892,24716142737361
24715756144892,24716320865398
24715756144892,24716738482770
24716744450330,24716738482770
24716744450330,24716952368787
24716744450330,24717147014416
24716744450330,24717320492115
24716744450330,24717752600629
24717755557103,24717752600629
24717755557103,24718004791834
24717755557103,24718132538737
24718189104914,24718132538737
24718189104914,24718355257632
24718189104914,24718527212258
24718189104914,24718714696778
24718189104914,24718858280227
24718189104914,24719069407152
24718189104914,24719504689530
24719516129575,24719504689530
24719516129575,24719745289338
24719516129575,24719919484978
24719516129575,24720069236824
24719516129575,24720375055665
24720435598337,24720375055665
24720435598337,24720689203285
24720435598337,24720860530923
24720435598337,24721013216923
24720435598337,24721271976479
24721293996795,24721271976479
24721293996795,24721484267387
24721293996795,24721694460823
24721293996795,24721852832296
24721293996795,24722185531232
24722359544843,24722185531232
24722359544843,24722592495170
24722359544843,24722746377286
24722359544843,24722969075641
24722359544843,24723136049680
24722359544843,24723311459260
24723140138174,24723311459260
24723140138174,24723457366701
24723140138174,24723648449788
24723140138174,24724057215895
24724062520274,24724057215895
24724062520274,24724307573448
24724062520274,24724430526236
24724062520274,24724601215177
24724603648764,24724601215177
24724603648764,24724829163089
24724603648764,24725038438145
24724603648764,24725163199219
24724603648764,24725304295551
24724603648764,24725712268233
24725948877649,24725712268233
24725948877649,24726111636666
24725948877649,24726256139415
24725948877649,24726400981612
24725948877649,24726614363804
24726661588068,24726614363804
24726661588068,24726821921054
24726661588068,24726997464851
24726661588068,24727226175849
24726661588068,24727654298965
24727655429418,24727654298965
24727655429418,24727891325817
24727655429418,24728038674757
24727655429418,24728228315790
24728234924331,24728228315790
24728234924331,24728443260999
24728234924331,24728646198935
24728234924331,24728861892085
24728234924331,24729027122421
24729028596905,24729027122421
24729028596905,24729244885033
24729028596905,24729418139769
24729028596905,24729580432441
24729028596905,24729852543581
24729028596905,24730458950074
24730461964540,24730458950074
24730461964540,24730670100682
24730461964540,24730841558326
24730461964540,24731037129586
24730461964540,24731231189945
24731342348781,24731231189945
24731342348781,24731575015832
24731342348781,24731753958126
24731342348781,24731958437313
24731342348781,24732167658925
24732223313301,24732167658925
24732223313301,24732513209897
24732223313301,24732688862691
24732223313301,24732861565127
24732223313301,24733096228283
24733111253431,24733096228283
24733111253431,24733313353856
24733111253431,24733477254993
24733111253431,24733669547487
24733111253431,24734077872541
24734292099040,24734077872541
24734292099040,24734486039685
24734292099040,24734632132810
24734292099040,24734772979085
24734292099040,24735081027202
24735107598433,24735081027202
24735107598433,24735344030512
24735107598433,24735601631554
24735107598433,24735827881387
24735107598433,24735976436388
24736070134800,24735976436388
24736070134800,24736380556985
24736070134800,24736580548519
24736070134800,24736789471422
24736070134800,24736977136168
24737016783787,24736977136168
24737016783787,24737253089471
24737016783787,24737413839128
24737016783787,24737589391320
24737016783787,24737882042345
24737919755567,24737882042345
24737919755567,24738120185886
24737919755567,24738297619274
24737919755567,24738492133295
24737919755567,24738900162650
24738902539573,24738900162650
24738902539573,24739150302450
24738902539573,24739311184151
24738902539573,24739510834395
24738902539573,24739728818706
24739771443676,24739728818706
24739771443676,24739961290587
24739771443676,24740167455814
24739771443676,24740319780868
24740323326702,24740319780868
24740323326702,24740540736744
24740323326702,24740747864832
24740323326702,24740924332589
24740323326702,24741231606384
24740323326702,24741694198989
24741697223654,24741694198989
24741697223654,24741887324549
24741697223654,24742146243332
24741697223654,24742305273519
24741697223654,24742771488660
24742775084933,24742771488660
24742775084933,24742977900322
24742775084933,24743244780834
24742775084933,24743400301850
24742775084933,24743627278641
24743748373903,24743627278641
24743748373903,24744007642039
24743748373903,24744148117434
24743748373903,24744337693576
24743748373903,24744657351861
24744680520515,24744657351861
24744680520515,24744880523440
24744680520515,24745046666341
24744680520515,24745251224193
24744680520515,24745532458205
24745534275345,24745532458205
24745534275345,24745672255992
24745534275345,24745867875839
24745534275345,24746048293942
24745534275345,24746518137957
24746520242996,24746518137957
24746520242996,24746705200794
24746520242996,24746906206678
24746520242996,24747079829984
24746520242996,24747322101298
24747325094920,24747322101298
24747325094920,24747558297712
24747325094920,24747778997604
24747325094920,24747952188228
24747797396879,24747952188228
24747797396879,24748094708939
24747797396879,24748259261049
24747797396879,24748444281085
24747797396879,24748661402710
24747797396879,24749033975058
24749151080567,24749033975058
24749151080567,24749402163153
24749151080567,24749567768349
24749151080567,24749786119146
24749151080567,24750162562355
24750163782875,24750162562355
24750163782875,24750388458389
24750163782875,24750587841781
24750163782875,24750709128885
24750163782875,24751063228722
24751114509220,24751063228722
24751114509220,24751385273887
24751114509220,24751616315040
24751618506383,24751616315040
24751618506383,24751877240623
24751618506383,24752043488483
24751618506383,24752170154251
24751618506383,24752340402468
24751618506383,24752506325233
24751618506383,24752863411748
24753020391727,24752863411748
24753020391727,24753235081767
24753020391727,24753358733529
24753020391727,24753630243768
24753020391727,24753901388215
24753916878017,24753901388215
24753916878017,24754128695844
24753916878017,24754302342831
24753916878017,24754454459904
24754456629701,24754454459904
24754456629701,24754716055120
24754456629701,24754850368072
24754456629701,24754980758152
24754456629701,24755411319542
24754456629701,24755813222074
24755819391907,24755813222074
24755819391907,24755995918991
24755819391907,24756192157479
24755819391907,24756330925842
24756332160165,24756330925842
24756332160165,24756533956103
24756332160165,24756731214234
24756332160165,24756953846540
24756332160165,24757232051047
24756332160165,24757602419705
24757789316233,24757602419705
24757789316233,24758003663557
24757789316233,24758149711614
24757789316233,24758308848885
24757789316233,24758524323128
24758526364671,24758524323128
24758526364671,24758742777901
24758526364671,24758971390173
24758526364671,24759147885298
24758526364671,24759342225732
24759406069747,24759342225732
24759406069747,24759676279041
24759406069747,24759828134376
24759406069747,24760018365447
24759406069747,24760553811004
24760555856360,24760553811004
24760555856360,24760772205956
24760555856360,24760962501235
24760555856360,24761145993410
24760555856360,24761525115866
24761527849309,24761525115866
24761527849309,24761758554129
24761527849309,24761922150033
24761527849309,24762090749993
24761527849309,24762393230510
24762395554708,24762393230510
24762395554708,24762557842214
24762395554708,24762769129293
24762395554708,24762947452553
24762395554708,24763124062603
24763217256528,24763124062603
24763217256528,24763514377470
24763217256528,24763727175953
24763217256528,24763901567804
24763217256528,24764216147982
24764219368048,24764216147982
24764219368048,24764491135526
24764219368048,24764684093848
24764219368048,24764827258640
24764219368048,24765083806828
24765085748780,24765083806828
24765085748780,24765296886067
24765085748780,24765478069196
24765085748780,24765666377818
24765085748780,24765959315964
24765971900010,24765959315964
24765971900010,24766208800966
24765971900010,24766478175954
24765971900010,24766625980750
24766627481451,24766625980750
24766627481451,24766920547489
24766627481451,24767078160442
24766627481451,24767224691835
24766627481451,24767368675186
24767370496372,24767368675186
24767370496372,24767592479302
24767370496372,24767790268559
24767370496372,24767992145948
24767370496372,24768182887420
24767370496372,24768666140397
24768710375604,24768666140397
24768710375604,24768896135700
24768710375604,24769122038329
24768710375604,24769327281999
24768710375604,24769582168110
24769689166048,24769582168110
24769689166048,24769913280147
24769689166048,24770107386344
24769689166048,24770249242038
24769689166048,24770589441473
24770648941957,24770589441473
24770648941957,24770826037919
24770648941957,24771273066566
24770648941957,24771442131889
24770648941957,24771682123669
24771754386561,24771682123669
24771754386561,24771989612132
24771754386561,24772284267235
24771754386561,24772476354503
24772479324745,24772476354503
24772479324745,24772684634612
24772479324745,24772858920212
24772479324745,24772997209730
24772479324745,24773203488581
24773208994408,24773203488581
24773208994408,24773453336503
24773208994408,24773614579564
24773208994408,24773760781298
24773208994408,24774060581684
24773208994408,24774441360159
24774515168682,24774441360159
24774515168682,24774750913839
24774515168682,24775019268088
24774515168682,24775173034580
24774515168682,24775372745704
24775479633081,24775372745704
24775479633081,24775733567423
24775479633081,24775872754904
24775479633081,24776073196415
24775479633081,24776515153329
24776520296473,24776515153329
24776520296473,24776800954131
24776520296473,24776967600514
24776520296473,24777150279438
24776520296473,24777399109880
24777487218267,24777399109880
24777487218267,24777723720862
24777487218267,24777924097380
24777487218267,24778101603124
24777487218267,24778426198067
24778437509861,24778426198067
24778437509861,24778670197202
24778437509861,24778819295024
24778437509861,24778999702571
24778437509861,24779415237875
24779427001110,24779415237875
24779427001110,24779672520066
24779427001110,24779819138341
24779427001110,24780032289152
24779427001110,24780285772900
24780308253688,24780285772900
24780308253688,24780543142789
24780308253688,24780785919168
24780308253688,24780976498269
24780308253688,24781204918971
24781207015965,24781204918971
24781207015965,24781449255519
24781207015965,24781620514332
24781207015965,24781767972894
24781207015965,24782099176628
24782110301242,24782099176628
24782110301242,24782349582419
24782110301242,24782520700181
24782110301242,24782728710591
24782729785561,24782728710591
24782729785561,24782886021154
24782729785561,24783164207738
24782729785561,24783324358408
24782729785561,24783665554533
24782729785561,24784019424520
24784052112002,24784019424520
24784052112002,24784302328997
24784052112002,24784480513355
24784052112002,24784672410172
24784052112002,24784948754270
24784957723270,24784948754270
24784957723270,24785225525388
24784957723270,24785434852766
24784957723270,24785622239224
24784957723270,24785750254897
24785898774665,24785750254897
24785898774665,24786085114580
24785898774665,24786358693903
24785898774665,24786542658120
24785898774665,24786946346108
24786947773628,24786946346108
24786947773628,24787168069819
24786947773628,24787347327410
24786947773628,24787523632830
24787534119371,24787523632830
24787534119371,24787744066068
24787534119371,24787905153294
24787534119371,24788078535869
24787534119371,24788370899150
24787534119371,24788777953955
24788885812960,24788777953955
24788885812960,24789137860172
24788885812960,24789387553670
24788885812960,24789538673690
24789539861311,24789538673690
24789539861311,24789703312167
24789539861311,24789850512374
24789539861311,24790076346947
24789539861311,24790301291768
24789539861311,24790673340032
24790757374144,24790673340032
24790757374144,24790995816788
24790757374144,24791164207475
24790757374144,24791384592164
24790757374144,24791694502020
24791751792109,24791694502020
24791751792109,24791982100680
24791751792109,24792241095920
24791751792109,24792447047035
24791751792109,24792593384734
24792701994686,24792593384734
24792701994686,24792946753280
24792701994686,24793107404330
24792701994686,24793310207307
24792701994686,24793660208846
24793662602665,24793660208846
24793662602665,24793910718983
24793662602665,24794118206528
24793662602665,24794297734465
24793662602665,24794427068634
24794569960818,24794427068634
24794569960818,24794839601883
24794569960818,24795001221978
24794569960818,24795205674423
24794569960818,24795465769120
24795477720926,24795465769120
24795477720926,24795725943371
24795477720926,24795880180865
24795477720926,24796016577981
24796021882957,24796016577981
24796021882957,24796160840856
24796021882957,24796503728824
24796021882957,24796632834280
24796021882957,24797032768761
24796021882957,24797561529544
24797609614927,24797561529544
24797609614927,24797802623983
24797609614927,24798050063453
24797609614927,24798258333327
24797609614927,24798448247746
24798534295670,24798448247746
24798534295670,24798775815196
24798534295670,24798953883902
24798534295670,24799138703934
24798534295670,24799440869359
24798534295670,24799878570908
24799654827284,24799878570908
24799654827284,24800029266899
24799654827284,24800164927418
24800168600951,24800164927418
24800168600951,24800382159247
24800168600951,24800594919571
24800168600951,24800837486857
24800168600951,24800988322956
24800168600951,24801276294836
24801278203271,24801276294836
24801278203271,24801457850261
24801278203271,24801682292566
24801690606614,24801682292566
24801690606614,24801883340391
24801690606614,24802076186899
24801690606614,24802235883825
24801690606614,24802408473274
24801690606614,24802582095750
24801690606614,24802976126723
24803071698232,24802976126723
24803071698232,24803243588147
24803071698232,24803525318310
24803071698232,24803731346145
24803071698232,24804029678284
24804030913384,24804029678284
24804030913384,24804269041350
24804030913384,24804535300060
24804030913384,24804754111159
24804030913384,24804956821847
24805012170541,24804956821847
24805012170541,24805301205104
24805012170541,24805492045539
24805012170541,24805669886994
24805012170541,24805821408601
24805904029276,24805821408601
24805904029276,24806068292147
24805904029276,24806326729426
24805904029276,24806474808474
24805904029276,24806830406826
24806832170699,24806830406826
24806832170699,24807016752368
24806832170699,24807229864314
24806832170699,24807360550287
24807362979619,24807360550287
24807362979619,24807626584740
24807362979619,24807825545914
24807362979619,24808016609084
24807362979619,24808283141546
24807362979619,24808647307503
24808653095116,24808647307503
24808653095116,24808877482295
24808653095116,24809084305226
24808653095116,24809237223673
24808653095116,24809541743027
24809545579653,24809541743027
24809545579653,24809791670817
24809545579653,24809967254923
24809545579653,24810127073189
24809545579653,24810471898135
24810516983106,24810471898135
24810516983106,24810723722247
24810516983106,24810993498255
24810516983106,24811197312605
24810516983106,24811332562017
24811335335562,24811332562017
24811335335562,24811525576823
24811335335562,24811675873780
24811335335562,24811879243329
24811335335562,24812166161724
24812233518768,24812166161724
24812233518768,24812427038921
24812233518768,24812618361647
24812233518768,24812794158533
24812233518768,24813202663735
24813205161641,24813202663735
24813205161641,24813416584651
24813205161641,24813631087918
24813205161641,24813799401151
24813205161641,24814103299342
24814155483809,24814103299342
24814155483809,24814337388861
24814155483809,24814637431056
24814155483809,24814817828741
24814820185546,24814817828741
24814820185546,24815067997308
24814820185546,24815210167692
24814820185546,24815401740982
24814820185546,24815602214784
24814820185546,24816006296794
24816098301794,24816006296794
24816098301794,24816371225775
24816098301794,24816577782950
24816098301794,24816760727282
24816098301794,24817049767041
24817060680443,24817049767041
24817060680443,24817282459458
24817060680443,24817440056135
24817060680443,24817586087373
24817587068297,24817586087373
24817587068297,24817774244321
24817587068297,24817918341874
24817587068297,24818091121353
24817587068297,24818431839144
24817587068297,24818848112328
24818865228645,24818848112328
24818865228645,24819057144192
24818865228645,24819576041209
24819969562799,24819576041209
24819969562799,24820155169388
24819969562799,24820324076746
24819969562799,24820472273825
24819969562799,24820583953266
24819969562799,24820844921930
24819969562799,24821283249939
24821284988892,24821283249939
24821284988892,24821481804155
24821284988892,24821668871944
24821284988892,24821827330751
24821284988892,24822287300993
24822289955391,24822287300993
24822289955391,24822443340940
24822289955391,24822741264014
24822289955391,24822914074129
24822289955391,24823214331141
24823248927626,24823214331141
24823248927626,24823471618761
24823248927626,24823685614970
24823248927626,24823815908989
24823248927626,24824179557838
24824286666259,24824179557838
24824286666259,24824516272412
24824286666259,24824694343223
24824286666259,24824903710967
24824286666259,24825180982610
24824286666259,24825435377007
24825246162760,24825435377007
24825246162760,24825924304822
24825246162760,24826082573883
24825246162760,24826468646863
24826471281004,24826468646863
24826471281004,24826731366698
24826471281004,24826871184792
24826471281004,24827057151616
24826471281004,24827375274420
24827473811822,24827375274420
24827473811822,24827697328542
24827473811822,24827870550862
24827473811822,24828091891714
24827473811822,24828267375850
24828356812727,24828267375850
24828356812727,24828596666727
24828356812727,24828829014107
24828356812727,24829037453871
24829039539258,24829037453871
24829039539258,24829183233255
24829039539258,24829348381176
24829039539258,24829511912862
24829039539258,24829709144140
24829039539258,24830217966183
24830230610295,24830217966183
24830230610295,24830448238501
24830230610295,24830600709669
24830230610295,24830813324555
24830230610295,24831225246331
24831227500185,24831225246331
24831227500185,24831472356097
24831227500185,24831668536229
24831227500185,24831867171016
24831227500185,24832059290640
24831227500185,24832274576818
24832098404191,24832274576818
24832098404191,24832547950910
24832098404191,24832696065271
24832098404191,24832965084682
24832098404191,24833295514516
24833061404472,24833295514516
24833061404472,24833455261881
24833061404472,24833697174482
24833061404472,24833841053142
24833948187422,24833841053142
24833948187422,24834214390796
24833948187422,24834360273059
24833948187422,24834561208695
24834563641702,24834561208695
24834563641702,24834760026920
24834563641702,24834902420450
24834563641702,24835096119345
24834563641702,24835257419241
24834563641702,24835776801638
24835840859872,24835776801638
24835840859872,24836079281330
24835840859872,24836288250279
24836290209209,24836288250279
24836290209209,24836520874938
24836290209209,24836766629550
24836290209209,24836897665599
24836290209209,24837089923192
24836290209209,24837210306477
24836290209209,24837593225932
24837652959777,24837593225932
24837652959777,24837966593302
24837652959777,24838137039941
24837652959777,24838313187971
24837652959777,24838592353420
24838600509178,24838592353420
24838600509178,24838826861654
24838600509178,24839008120108
24838600509178,24839229237495
24838600509178,24839453932960
24839576733995,24839453932960
24839576733995,24839882781734
24839576733995,24840076352657
24839576733995,24840253976358
24839576733995,24840583183934
24840584837916,24840583183934
24840584837916,24840782197515
24840584837916,24840971466708
24840584837916,24841109030351
24840584837916,24841414808046
24841511934246,24841414808046
24841511934246,24841727031031
24841511934246,24841959128593
24841511934246,24842138734261
24842141224652,24842138734261
24842141224652,24842320457206
24842141224652,24842526590961
24842141224652,24842666188844
24842141224652,24842826342885
24842141224652,24843150177479
24843232990133,24843150177479
24843232990133,24843435319080
24843232990133,24843623375169
24843232990133,24843844256632
24843849961716,24843844256632
24843849961716,24844080346954
24843849961716,24844290408614
24843849961716,24844461160625
24843849961716,24844651319281
24843849961716,24845117101491
24845130829074,24845117101491
24845130829074,24845420085203
24845130829074,24845596073010
24845130829074,24845745822599
24845747799545,24845745822599
24845747799545,24845931935503
24845747799545,24846085164188
24845747799545,24846279336115
24845747799545,24846651808836
24845747799545,24847056271999
24847058313979,24847056271999
24847058313979,24847290765801
24847058313979,24847450654327
24847058313979,24847613230913
24847058313979,24847987810947
24847991199955,24847987810947
24847991199955,24848175062766
24847991199955,24848329466653
24847991199955,24848530350704
24847991199955,24848773892844
24848854359121,24848773892844
24848854359121,24849105614807
24848854359121,24849272208033
24848854359121,24849436118034
24848854359121,24849737288903
24849839534451,24849737288903
24849839534451,24850113492452
24849839534451,24850247578736
24849839534451,24850517466168
24849839534451,24850806210111
24850810845734,24850806210111
24850810845734,24850979731023
24850810845734,24851119266588
24850810845734,24851296405270
24850810845734,24851649764562
24851656368303,24851649764562
24851656368303,24851915400859
24851656368303,24852064581862
24851656368303,24852215798929
24851656368303,24852575392906
24852594927238,24852575392906
24852594927238,24852780290550
24852594927238,24852986895370
24852594927238,24853184989982
24852594927238,24853694151763
24853696771117,24853694151763
24853696771117,24853888982776
24853696771117,24854134418644
24853696771117,24854340126758
24853696771117,24854505424927
24854554036412,24854505424927
24854554036412,24854789914970
24854554036412,24854956338617
24854554036412,24855156470992
24854554036412,24855401649021
24855481068727,24855401649021
24855481068727,24855659971825
24855481068727,24855993482386
24855481068727,24856173040260
24856265604894,24856173040260
24856265604894,24856521173980
24856265604894,24856680071335
24856265604894,24856893139465
24856265604894,24857139195905
24856265604894,24857498238065
24857605111592,24857498238065
24857605111592,24857840168863
24857605111592,24858043508395
24857605111592,24858186839258
24857605111592,24858511937458
24858677483963,24858511937458
24858677483963,24858950065343
24858677483963,24859169981119
24858677483963,24859368098589
24858677483963,24859534288143
24859537293625,24859534288143
24859537293625,24859755278434
24859537293625,24859946972688
24859537293625,24860149071410
24859537293625,24860476283039
24860477435855,24860476283039
24860477435855,24860680610512
24860477435855,24860842202922
24860477435855,24861034386714
24860477435855,24861359270997
24861373848314,24861359270997
24861373848314,24861618750034
24861373848314,24861849449656
24861373848314,24861998833869
24861373848314,24862261252643
24862330145239,24862261252643
24862330145239,24862551879092
24862330145239,24862771501638
24862330145239,24862927314183
24862330145239,24863532934704
24863643426673,24863532934704
24863643426673,24863866618362
24863643426673,24864067925717
24863643426673,24864191320565
24864193304043,24864191320565
24864193304043,24864374210491
24864193304043,24864576368876
24864193304043,24864701394707
24864193304043,24864995047545
24864193304043,24865410390752
24865456225040,24865410390752
24865456225040,24865697241091
24865456225040,24865907311293
24865456225040,24866042944860
24866044980774,24866042944860
24866044980774,24866296477712
24866044980774,24866463119883
24866044980774,24866612413194
24866044980774,24866883180868
24866044980774,24867396952496
24867406953089,24867396952496
24867406953089,24867713180841
24867406953089,24867905624738
24867406953089,24868085394618
24867406953089,24868328798080
24868348254314,24868328798080
24868348254314,24868598570460
24868348254314,24868754271671
24868348254314,24868886423069
24868348254314,24869234568206
24869252604680,24869234568206
24869252604680,24869518095542
24869252604680,24869697882546
24869252604680,24869823634798
24869907348732,24869823634798
24869907348732,24870111586099
24869907348732,24870264372148
24869907348732,24870452742769
24869907348732,24870604984925
24870680179616,24870604984925
24870680179616,24870937565023
24870680179616,24871197403370
24870680179616,24871408297984
24870680179616,24871541302092
24870680179616,24872031311619
24872053387642,24872031311619
24872053387642,24872247250137
24872053387642,24872523615284
24872053387642,24872690305970
24872053387642,24872929849211
24872945374184,24872929849211
24872945374184,24873176265507
24872945374184,24873398181868
24872945374184,24873538533190
24872945374184,24873785868299
24873818153976,24873785868299
24873818153976,24874080903526
24873818153976,24874253696913
24873818153976,24874437302762
24874441723366,24874437302762
24874441723366,24874608692963
24874441723366,24874792580350
24874441723366,24874958213532
24874441723366,24875158289210
24874441723366,24875531129113
24874441723366,24875833122088
24875625311918,24875833122088
24875625311918,24876054247227
24875625311918,24876275150440
24875625311918,24876443652008
24876482285515,24876443652008
24876482285515,24876687363719
24876482285515,24876842336037
24876482285515,24877083575496
24876899506987,24877083575496
24876899506987,24877227176921
24876899506987,24877384120952
24876899506987,24877546314380
24876899506987,24877738456174
24876899506987,24878254771496
24878274977899,24878254771496
24878274977899,24878465576815
24878274977899,24878729291843
24878274977899,24878886939927
24878274977899,24879294509916
24879375405052,24879294509916
24879375405052,24879601322277
24879375405052,24879754367600
24879375405052,24879912324973
24879375405052,24880104086676
24880153387373,24880104086676
24880153387373,24880348969446
24880153387373,24880508714144
24880153387373,24880649113121
24880153387373,24881029036940
24881034971667,24881029036940
24881034971667,24881322516555
24881034971667,24881517017943
24881034971667,24881626021098
24881034971667,24882079566632
24882083210765,24882079566632
24882083210765,24882288577783
24882083210765,24882459921298
24882083210765,24882657129799
24882083210765,24883020098703
24883092232739,24883020098703
24883092232739,24883263496057
24883092232739,24883578233077
24883092232739,24883745885093
24883092232739,24883905948695
24884013704100,24883905948695
24884013704100,24884205541042
24884013704100,24884525327955
24884013704100,24884684534767
24884013704100,24884986362290
24884990133882,24884986362290
24884990133882,24885236040164
24884990133882,24885394650048
24884990133882,24885525133659
24884990133882,24885788300378
24885861091208,24885788300378
24885861091208,24886091287604
24885861091208,24886287160079
24885861091208,24886460134256
24885861091208,24886634242050
24886795816383,24886634242050
24886795816383,24887100307396
24886795816383,24887286062129
24886795816383,24887493326041
24886795816383,24887857659219
24887939956507,24887857659219
24887939956507,24888141056991
24887939956507,24888413873832
24887939956507,24888619769110
24888621753834,24888619769110
24888621753834,24888823708945
24888621753834,24889042955721
24888621753834,24889169099213
24888621753834,24889345952554
24889347768954,24889345952554
24889347768954,24889519880609
24889347768954,24889881475028
24889347768954,24890046635587
24889347768954,24890356317690
24889347768954,24890720332166
24890780191478,24890720332166
24890780191478,24891071073817
24890780191478,24891214335513
24890780191478,24891375735576
24890780191478,24891866488226
24891868374588,24891866488226
24891868374588,24892028875480
24891868374588,24892235941680
24891868374588,24892432227595
24892435320370,24892432227595
24892435320370,24892620407416
24892435320370,24892810099738
24892435320370,24892973263760
24892435320370,24893131462463
24892435320370,24893600430080
24893703426604,24893600430080
24893703426604,24893941187333
24893703426604,24894101909452
24893703426604,24894186576739
24894482680076,24894186576739
24894482680076,24894707034610
24894482680076,24894953567354
24894482680076,24895126399305
24894482680076,24895350145738
24894482680076,24895803829812
24895806291822,24895803829812
24895806291822,24896067228687
24895806291822,24896218933715
24895806291822,24896434343820
24895806291822,24896605185633
24896730975290,24896605185633
24896730975290,24896977347361
24896730975290,24897137285268
24896730975290,24897315019886
24896730975290,24897618926006
24897621511283,24897618926006
24897621511283,24897846084540
24897621511283,24898053591200
24897621511283,24898260603649
24898263453014,24898260603649
24898263453014,24898421067665
24898263453014,24898586220207
24898263453014,24898726153270
24898263453014,24899043295279
24899126937905,24899043295279
24899126937905,24899379207147
24899126937905,24899606254000
24899126937905,24899789492411
24899126937905,24899966612243
24899126937905,24900423336834
24900474600404,24900423336834
24900474600404,24900723383467
24900474600404,24900961826719
24900474600404,24901234915081
24901240329060,24901234915081
24901240329060,24901467195605
24901240329060,24901673985432
24901240329060,24901827769274
24901240329060,24901957340919
24901958746782,24901957340919
24901958746782,24902141176731
24901958746782,24902388842976
24901958746782,24902676403928
24901958746782,24902848571816
24902862699595,24902848571816
24902862699595,24903031881816
24902862699595,24903245187256
24902862699595,24903407335929
24902862699595,24903749688394
24902862699595,24904181408115
24904259934982,24904181408115
24904259934982,24904511264394
24904259934982,24904664878667
24904259934982,24904936734557
24904259934982,24905101834857
24905103512526,24905101834857
24905103512526,24905280501508
24905103512526,24905424814746
24905103512526,24905555540019
24905103512526,24905966489623
24906054117633,24905966489623
24906054117633,24906312752983
24906054117633,24906658458913
24906054117633,24906850309222
24906054117633,24907010048624
24907130973986,24907010048624
24907130973986,24907384979114
24907130973986,24907561358615
24907130973986,24907725390288
24907130973986,24907964131481
24908031929370,24907964131481
24908031929370,24908349892211
24908031929370,24908522116451
24908031929370,24908697318452
24908031929370,24908920964668
24908988604935,24908920964668
24908988604935,24909158124490
24908988604935,24909417062487
24909436850607,24909417062487
24909436850607,24909606795781
24909436850607,24909776466929
24909436850607,24909932063910
24909436850607,24910095193734
24909436850607,24910801270062
24909436850607,24911308772905
24911309823496,24911308772905
24911309823496,24911545562655
24911309823496,24911705191590
24911309823496,24911887351792
24911309823496,24912137204554
24912162483208,24912137204554
24912162483208,24912475668798
24912162483208,24912637762039
24912162483208,24912787838398
24912162483208,24913028260774
24913037430676,24913028260774
24913037430676,24913266140925
24913037430676,24913443638391
24913037430676,24913602414196
24913037430676,24914104224610
24914107845404,24914104224610
24914107845404,24914374836697
24914107845404,24914535384438
24914107845404,24914725198794
24914107845404,24914905175886
24914107845404,24915053246195
24915055420012,24915053246195
24915055420012,24915333311970
24915055420012,24915471335629
24915055420012,24915851734242
24915854210179,24915851734242
24915854210179,24916102721194
24915854210179,24916285621547
24915854210179,24916443111034
24915854210179,24916655178537
24916885573485,24916655178537
24916885573485,24917113570682
24916885573485,24917235203164
24916885573485,24917459147114
24916885573485,24917596264314
24917660367923,24917596264314
24917660367923,24917916336200
24917660367923,24918174258494
24917660367923,24918349632197
24917660367923,24918576810490
24918679420292,24918576810490
24918679420292,24918926603010
24918679420292,24919162150509
24918679420292,24919337225005
24919338432432,24919337225005
24919338432432,24919514518737
24919338432432,24919686358363
24919338432432,24919836312170
24919338432432,24920079147841
24920081536203,24920079147841
24920081536203,24920317938063
24920081536203,24920478044435
24920081536203,24920763891582
24920081536203,24921023299161
24920081536203,24921406760408
24921414313608,24921406760408
24921414313608,24921620273235
24921414313608,24921834975176
24921414313608,24922040610477
24921414313608,24922323026469
24922352702227,24922323026469
24922352702227,24922631582205
24922352702227,24922785158516
24922352702227,24922933104148
24922352702227,24923214084994
24923231089157,24923214084994
24923231089157,24923501576363
24923231089157,24923770081586
24923231089157,24923925236904
24923231089157,24924099210542
24924164420049,24924099210542
24924164420049,24924410234620
24924164420049,24924584581047
24924164420049,24924779208325
24924164420049,24925008194972
24925094210678,24925008194972
24925094210678,24925363051259
24925094210678,24925563304741
24925094210678,24925738617061
24925740489371,24925738617061
24925740489371,24925934710021
24925740489371,24926063024742
24925740489371,24926251279030
24925740489371,24926443215993
24925740489371,24926907484128
24926954322944,24926907484128
24926954322944,24927132642808
24926954322944,24927302896789
24926954322944,24927526220981
24926954322944,24927914117189
24927916747587,24927914117189
24927916747587,24928165128701
24927916747587,24928338335165
24927916747587,24928536389566
24927916747587,24928716738562
24928827263961,24928716738562
24928827263961,24929041273772
24928827263961,24929250802873
24928827263961,24929443147539
24928827263961,24929642318519
24929716423184,24929642318519
24929716423184,24929924075613
24929716423184,24930207201125
24929716423184,24930390950151
24929716423184,24930664153460
24930677102145,24930664153460
24930677102145,24930859196018
24930677102145,24931034768636
24930677102145,24931209395947
24931212828366,24931209395947
24931212828366,24931463182231
24931212828366,24931703590719
24931212828366,24931935194388
24931212828366,24932049919350
24931212828366,24932412118117
24932476713323,24932412118117
24932476713323,24932741308531
24932476713323,24932888053800
24932476713323,24933110411858
24933112463765,24933110411858
24933112463765,24933317784160
24933112463765,24933474991924
24933112463765,24933671749938
24933112463765,24933899846106
24933112463765,24934472501767
24934475329661,24934472501767
24934475329661,24934714448618
24934475329661,24934856209663
24934475329661,24935081342342
24934475329661,24935308986552
24935399671035,24935308986552
24935399671035,24935656404232
24935399671035,24935825221830
24935399671035,24936050879476
24935399671035,24936348810943
24936351272173,24936348810943
24936351272173,24936608359510
24936351272173,24936836623026
24936351272173,24936986311675
24936351272173,24937343420656
24937346212848,24937343420656
24937346212848,24937541827328
24937346212848,24937742810513
24937346212848,24937922612830
24937346212848,24938265361647
24938267401531,24938265361647
24938267401531,24938500983082
24938267401531,24938742393872
24938267401531,24938880870715
24938882882513,24938880870715
24938882882513,24939031452109
24938882882513,24939291110132
24938882882513,24939503184311
24938882882513,24939796050795
24938882882513,24940060341907
24940167444182,24940060341907
24940167444182,24940401397707
24940167444182,24940582508193
24940167444182,24940755374223
24940757150042,24940755374223
24940757150042,24940922075084
24940757150042,24941091262271
24940757150042,24941273292452
24940757150042,24941483539117
24940757150042,24941983451768
24940757150042,24942193293956
24941997029660,24942193293956
24941997029660,24942439910560
24941997029660,24942638777385
24942655580521,24942638777385
24942655580521,24942942276151
24942655580521,24943128517476
24942655580521,24943306268628
24942655580521,24943495273216
24942655580521,24943776902367
24943794894626,24943776902367
24943794894626,24944022736332
24943794894626,24944239145810
24943794894626,24944406771679
24943794894626,24944738945157
24944741189839,24944738945157
24944741189839,24944958378508
24944741189839,24945209134428
24944741189839,24945386456386
24944741189839,24945691543356
24945776559793,24945691543356
24945776559793,24946064688557
24945776559793,24946211189420
24945776559793,24946381963177
24945776559793,24946592802434
24946717182148,24946592802434
24946717182148,24946959493336
24946717182148,24947133850998
24946717182148,24947330571741
24946717182148,24947738339463
24947740448185,24947738339463
24947740448185,24947935411272
24947740448185,24948133962802
24947740448185,24948420268795
24947740448185,24948561846639
24948563189844,24948561846639
24948563189844,24948743656756
24948563189844,24948908791663
24948563189844,24949102621405
24948563189844,24949670212905
24949719419661,24949670212905
24949719419661,24949958891757
24949719419661,24950192287184
24949719419661,24950380343012
24949719419661,24950838693978
24951002695417,24950838693978
24951002695417,24951181853228
24951002695417,24951388191080
24951002695417,24951532407310
24951534748057,24951532407310
24951534748057,24951787142766
24951534748057,24951940330076
24951534748057,24952093018678
24951534748057,24952290690612
24951534748057,24952774859276
24952873099622,24952774859276
24952873099622,24953121404554
24952873099622,24953274744959
24952873099622,24953517279737
24953557483768,24953517279737
24953557483768,24953788235118
24953557483768,24953951918433
24953557483768,24954135825639
24953557483768,24954283367261
24953557483768,24954716126140
24954718533084,24954716126140
24954718533084,24954965964003
24954718533084,24955256535514
24954718533084,24955413410488
24954718533084,24955718160883
24954718533084,24955940791336
24955720872962,24955940791336
24955720872962,24956249597523
24955720872962,24956466626054
24956468442120,24956466626054
24956468442120,24956659300789
24956468442120,24956802343977
24956468442120,24956979878988
24956468442120,24957159389618
24957163814585,24957159389618
24957163814585,24957368319604
24957163814585,24957518126446
24957163814585,24957745410669
24957163814585,24957929066734
24957163814585,24958459751344
24958518439375,24958459751344
24958518439375,24958763479636
24958518439375,24958962965011
24958518439375,24959173043775
24958518439375,24959442611993
24959447196500,24959442611993
24959447196500,24959715862770
24959447196500,24959899347571
24959447196500,24960071055985
24960073148654,24960071055985
24960073148654,24960207329003
24960073148654,24960368064521
24960073148654,24960521999902
24960073148654,24960754359955
24960073148654,24961291371281
24961302303416,24961291371281
24961302303416,24961517933584
24961302303416,24961794110662
24961302303416,24962011237076
24961302303416,24962166393369
24962264001752,24962166393369
24962264001752,24962511638120
24962264001752,24962666087542
24962264001752,24962917242612
24962264001752,24963225969228
24963248674216,24963225969228
24963248674216,24963482613719
24963248674216,24963704080736
24963248674216,24963876567941
24963878798700,24963876567941
24963878798700,24964079450800
24963878798700,24964256122312
24963878798700,24964424294842
24963878798700,24964629662739
24964631515246,24964629662739
24964631515246,24964815414692
24964631515246,24964986633608
24964631515246,24965208078297
24964631515246,24965505354066
24964631515246,24965892947647
24965969364788,24965892947647
24965969364788,24966200867647
24965969364788,24966444253970
24965969364788,24966608110844
24965969364788,24966825272475
24966884040843,24966825272475
24966884040843,24967089415388
24966884040843,24967290582693
24966884040843,24967426731015
24967429157411,24967426731015
24967429157411,24967624414057
24967429157411,24967842213764
24967429157411,24967988775678
24967429157411,24968162662438
24967429157411,24968634186792
24968669420721,24968634186792
24968669420721,24968911514565
24968669420721,24969202370637
24968669420721,24969425937428
24968669420721,24969701002155
24969702932342,24969701002155
24969702932342,24969849814595
24969702932342,24969979203097
24969702932342,24970186260372
24970189089062,24970186260372
24970189089062,24970425363643
24970189089062,24970554874636
24970189089062,24970716276879
24970189089062,24970997244464
24970189089062,24971371634629
24971429699535,24971371634629
24971429699535,24971675285903
24971429699535,24971886136293
24971429699535,24972047332381
24971429699535,24972267803948
24972412249136,24972267803948
24972412249136,24972621146327
24972412249136,24972877071921
24972412249136,24972978901217
24972412249136,24973573768201
24973582734387,24973573768201
24973582734387,24973804235076
24973582734387,24973999081675
24973582734387,24974157868134
24973582734387,24974482652889
24974488422349,24974482652889
24974488422349,24974722315334
24974488422349,24974908625218
24974488422349,24975093866861
24975096354368,24975093866861
24975096354368,24975249964814
24975096354368,24975433760547
24975096354368,24975638964281
24975096354368,24975886314346
24975096354368,24976317565605
24976337298137,24976317565605
24976337298137,24976610692603
24976337298137,24976806673845
24976337298137,24976997690883
24976337298137,24977296377081
24977299824389,24977296377081
24977299824389,24977519440545
24977299824389,24977678738778
24977299824389,24977838592926
24977979174102,24977838592926
24977979174102,24978173905849
24977979174102,24978320471278
24977979174102,24978534218615
24977979174102,24978704264806
24977979174102,24979123250855
24979126001080,24979123250855
24979126001080,24979367508849
24979126001080,24979519098729
24979126001080,24979716283498
24979126001080,24980027154788
24980029987507,24980027154788
24980029987507,24980292691504
24980029987507,24980480552668
24980029987507,24980743008730
24980029987507,24980908431519
24981130622596,24980908431519
24981130622596,24981284902267
24981130622596,24981463489997
24981130622596,24981645321487
24981646463298,24981645321487
24981646463298,24981797953298
24981646463298,24981945149155
24981646463298,24982109463701
24981646463298,24982393240091
24981646463298,24982745677023
24982748619834,24982745677023
24982748619834,24982985919682
24982748619834,24983189927367
24982748619834,24983441257451
24982748619834,24983647730105
24983670090525,24983647730105
24983670090525,24983946494772
24983670090525,24984088378257
24983670090525,24984242582773
24983670090525,24984456076512
24984563037647,24984456076512
24984563037647,24984834608551
24984563037647,24985010300345
24984563037647,24985163809861
24984563037647,24985440234849
24985482964191,24985440234849
24985482964191,24985711295051
24985482964191,24985922595343
24985482964191,24986114092552
24986117169017,24986114092552
24986117169017,24986299035137
24986117169017,24986448936253
24986117169017,24986584334209
24986117169017,24986902443825
24986913454208,24986902443825
24986913454208,24987164229751
24986913454208,24987287188344
24986913454208,24987487849821
24986913454208,24987966357901
24986913454208,24988506837478
24988581092183,24988506837478
24988581092183,24988879404810
24988581092183,24989037371035
24988581092183,24989202723477
24989206831906,24989202723477
24989206831906,24989442237703
24989206831906,24989623645616
24989206831906,24989768385948
24989206831906,24989952229222
24989206831906,24990346538693
24990349141600,24990346538693
24990349141600,24990532722879
24990349141600,24990749451145
24990349141600,24990936001825
24990349141600,24991108090441
24991129099181,24991108090441
24991129099181,24991369395632
24991129099181,24991536920692
24991129099181,24991791719979
24991129099181,24992023712568
24992104545624,24992023712568
24992104545624,24992283324821
24992104545624,24992421100661
24992104545624,24992707150546
24992104545624,24992831458403
24992834182667,24992831458403
24992834182667,24993056451735
24992834182667,24993323217406
24992834182667,24993496203920
24992834182667,24993728712050
24993829123267,24993728712050
24993829123267,24994128451850
24993829123267,24994368053556
24993829123267,24994528745957
24993829123267,24994873650149
24994879584582,24994873650149
24994879584582,24995069495351
24994879584582,24995254250509
24994879584582,24995445715282
24994879584582,24995748895326
24995764879601,24995748895326
24995764879601,24996009260566
24995764879601,24996174135060
24995764879601,24996361315329
24996366973565,24996361315329
24996366973565,24996614348536
24996366973565,24996754612966
24996366973565,24996924674738
24996366973565,24997186058758
24996366973565,24997685172552
24997687248521,24997685172552
24997687248521,24997922170090
24997687248521,24998085067235
24997687248521,24998274500557
24998277691197,24998274500557
24998277691197,24998461743486
24998277691197,24998597397065
24998277691197,24998793995627
24998277691197,24999142656163
24998277691197,24999398501788
24999461897578,24999398501788
24999461897578,24999686505726
24999461897578,24999922228143
24999461897578,25000114128547
24999461897578,25000335790006
25000342940948,25000335790006
25000342940948,25000654000269
25000342940948,25000810379580
25000342940948,25000944522193
25000342940948,25001237204656
25001241017932,25001237204656
25001241017932,25001433368192
25001241017932,25001681837823
25001241017932,25001853215869
25001241017932,25002166932402
25002387346548,25002166932402
25002387346548,25002645203789
25002387346548,25002795655937
25002387346548,25002952662454
25002954290244,25002952662454
25002954290244,25003163790918
25002954290244,25003319728008
25002954290244,25003477362764
25002954290244,25003657984771
25002954290244,25004072589280
25004075713825,25004072589280
25004075713825,25004376800355
25004075713825,25004531143897
25004075713825,25004660623735
25004075713825,25004795824081
25005063217239,25004795824081
25005063217239,25005230601508
25005063217239,25005377548282
25005063217239,25005565623868
25005568907107,25005565623868
25005568907107,25005791264357
25005568907107,25005973928452
25005568907107,25006118348195
25005568907107,25006300116978
25005568907107,25006831028402
25006846325871,25006831028402
25006846325871,25007101740610
25006846325871,25007350469111
25006846325871,25007563898444
25006846325871,25007824959786
25007837699425,25007824959786
25007837699425,25008006525176
25007837699425,25008247257427
25007837699425,25008411321443
25007837699425,25008731372448
25008819142483,25008731372448
25008819142483,25008994446878
25008819142483,25009344345309
25008819142483,25009504526328
25008819142483,25009830573046
25008819142483,25010074131728
25009841294648,25010074131728
25009841294648,25010276753531
25009841294648,25010420365203
25009841294648,25010735211817
25009841294648,25011049989298
25010872687895,25011049989298
25010872687895,25011226376093
25010872687895,25011453865728
25011455866453,25011453865728
25011455866453,25011669914566
25011455866453,25011831174510
25011455866453,25011958561236
25011455866453,25012188865455
25012217053821,25012188865455
25012217053821,25012460156663
25012217053821,25012658167475
25012217053821,25012850930568
25012217053821,25013070588453
25012217053821,25013599069170
25013600840973,25013599069170
25013600840973,25013799260962
25013600840973,25014014473073
25013600840973,25014173949375
25014177605898,25014173949375
25014177605898,25014422925371
25014177605898,25014599076969
25014177605898,25014794188388
25014177605898,25015029067138
25015034250014,25015029067138
25015034250014,25015310134478
25015034250014,25015526964620
25015034250014,25015716197996
25015034250014,25015992165091
25015034250014,25016478977186
25016484119336,25016478977186
25016484119336,25016721933781
25016484119336,25016897717687
25016484119336,25017057320000
25016484119336,25017397911818
25017458524736,25017397911818
25017458524736,25017669583458
25017458524736,25017859233150
25017458524736,25018015227085
25018017615526,25018015227085
25018017615526,25018236416523
25018017615526,25018426976893
25018017615526,25018625346824
25018017615526,25018819118751
25018017615526,25019342978742
25019347839789,25019342978742
25019347839789,25019547705327
25019347839789,25019720350976
25019347839789,25019961302168
25019964283382,25019961302168
25019964283382,25020181800064
25019964283382,25020382529842
25019964283382,25020585135046
25019964283382,25020878877712
25021108304550,25020878877712
25021108304550,25021389632267
25021108304550,25021626496501
25021108304550,25021773080961
25021108304550,25021960883720
25021962874373,25021960883720
25021962874373,25022152875481
25021962874373,25022342566560
25021962874373,25022495832277
25021962874373,25022678253392
25021962874373,25023050085885
25023142925658,25023050085885
25023142925658,25023395325376
25023142925658,25023536045119
25023142925658,25023665911872
25023668160285,25023665911872
25023668160285,25023857281153
25023668160285,25024023328235
25023668160285,25024191754537
25023668160285,25024411873819
25023668160285,25024915496892
25024917829388,25024915496892
25024917829388,25025100279536
25024917829388,25025282657401
25024917829388,25025423537024
25024917829388,25025773484736
25025896658639,25025773484736
25025896658639,25026108637391
25025896658639,25026250768228
25025896658639,25026483297356
25025896658639,25026805399630
25026872119269,25026805399630
25026872119269,25027155179944
25026872119269,25027366512341
25026872119269,25027565466123
25026872119269,25027821692145
25027826385437,25027821692145
25027826385437,25028094518238
25027826385437,25028265510040
25027826385437,25028410761188
25027826385437,25028604799121
25028613817194,25028604799121
25028613817194,25028797087044
25028613817194,25029033252714
25028613817194,25029222064185
25028613817194,25029528125729
25029568530209,25029528125729
25029568530209,25029984549406
25029568530209,25030241686881
25029568530209,25030390317846
25029568530209,25030651660752
25030656719555,25030651660752
25030656719555,25030791540271
25030656719555,25031152214052
25030656719555,25031331244763
25031333041848,25031331244763
25031333041848,25031538969746
25031333041848,25031733662345
25031333041848,25031874810369
25031333041848,25032028351367
25031333041848,25032440609710
25032489216782,25032440609710
25032489216782,25032663363185
25032489216782,25032940956850
25032489216782,25033172106064
25032489216782,25033433686998
25033436186586,25033433686998
25033436186586,25033671248527
25033436186586,25033856562944
25033436186586,25034019721997
25033436186586,25034342787257
25034345539313,25034342787257
25034345539313,25034592701459
25034345539313,25034745313537
25034345539313,25034933808433
25034345539313,25035103264695
25034935042159,25035103264695
25034935042159,25035286741795
25034935042159,25035454935665
25034935042159,25035663097093
25034935042159,25036129067887
25036131118181,25036129067887
25036131118181,25036349209852
25036131118181,25036505201647
25036131118181,25036760203365
25036131118181,25037059590500
25037114789243,25037059590500
25037114789243,25037346079140
25037114789243,25037515582608
25037114789243,25037787568833
25037789934024,25037787568833
25037789934024,25038005242345
25037789934024,25038178085511
25037789934024,25038334747745
25037789934024,25038573755621
25037789934024,25039147084382
25039149172577,25039147084382
25039149172577,25039331419058
25039149172577,25039492229173
25039149172577,25039676431595
25039149172577,25040085676994
25040102474922,25040085676994
25040102474922,25040335788547
25040102474922,25040476090637
25040102474922,25040724827615
25040102474922,25041000217761
25041099480828,25041000217761
25041099480828,25041366590470
25041099480828,25041503221607
25041099480828,25041698167893
25041700927612,25041698167893
25041700927612,25041961169807
25041700927612,25042110369021
25041700927612,25042291355282
25041700927612,25042487381828
25042519367185,25042487381828
25042519367185,25042773111017
25042519367185,25042919668016
25042519367185,25043155470621
25042519367185,25043397824319
25042519367185,25043847665313
25043925790658,25043847665313
25043925790658,25044184810415
25043925790658,25044378058533
25043925790658,25044541434308
25043925790658,25044974592438
25044977925519,25044974592438
25044977925519,25045193360781
25044977925519,25045393788319
25044977925519,25045541151566
25044977925519,25045785697762
25045943221421,25045785697762
25045943221421,25046215683703
25045943221421,25046473277858
25045943221421,25046660035154
25045943221421,25046882291935
25046884175019,25046882291935
25046884175019,25047161287260
25046884175019,25047306030099
25046884175019,25047475971769
25046884175019,25047784356889
25047850354245,25047784356889
25047850354245,25048323255486
25047850354245,25048499544999
25047850354245,25048681694439
25047850354245,25048952741506
25049049117954,25048952741506
25049049117954,25049294138458
25049049117954,25049441418523
25049049117954,25049626939449
25049049117954,25050015393175
25050088327849,25050015393175
25050088327849,25050310158838
25050088327849,25050528193313
25050088327849,25050703489899
25050088327849,25050998325336
25051000582470,25050998325336
25051000582470,25051245313998
25051000582470,25051426568095
25051000582470,25051628047821
25051000582470,25051923430349
25051931282262,25051923430349
25051931282262,25052162825344
25051931282262,25052341026515
25051931282262,25052536295092
25052547411729,25052536295092
25052547411729,25052743288313
25052547411729,25052863592169
25052547411729,25053050284710
25052547411729,25053292192921
25053310567441,25053292192921
25053310567441,25053582184420
25053310567441,25053729398407
25053310567441,25053951214736
25053310567441,25054224601563
25053310567441,25054667597442
25054851217256,25054667597442
25054851217256,25055022252579
25054851217256,25055206392703
25054851217256,25055394552634
25054851217256,25055556136759
25055578670048,25055556136759
25055578670048,25055752397509
25055578670048,25055916914796
25055578670048,25056171993083
25056174416045,25056171993083
25056174416045,25056374105096
25056174416045,25056558978047
25056174416045,25056687341102
25056174416045,25056957446101
25056174416045,25057358851778
25057360805518,25057358851778
25057360805518,25057576366680
25057360805518,25057784816166
25057360805518,25057942568449
25057946563247,25057942568449
25057946563247,25058140258397
25057946563247,25058318137834
25057946563247,25058469080695
25057946563247,25058670094350
25057946563247,25059044595865
25059076704962,25059044595865
25059076704962,25059308505682
25059076704962,25059450142078
25059076704962,25059650102532
25059076704962,25059903264849
25059924580755,25059903264849
25059924580755,25060157443655
25059924580755,25060393747006
25059924580755,25060585327038
25059924580755,25060808479799
25060863315617,25060808479799
25060863315617,25061104909796
25060863315617,25061293452584
25060863315617,25061522619313
25060863315617,25061689567859
25061523796457,25061689567859
25061523796457,25061876151345
25061523796457,25062036144175
25061523796457,25062459633653
25061523796457,25062683902167
25062795235542,25062683902167
25062795235542,25063060706086
25062795235542,25063187354831
25062795235542,25063405094130
25062795235542,25063610374553
25063670304742,25063610374553
25063670304742,25063928299922
25063670304742,25064069228787
25063670304742,25064222426350
25063670304742,25064595232232
25064656859323,25064595232232
25064656859323,25064924517034
25064656859323,25065071522062
25064656859323,25065249188216
25064656859323,25065622175021
25065624388389,25065622175021
25065624388389,25065857143895
25065624388389,25066019249029
25065624388389,25066185151083
25065624388389,25066517103599
25066519193469,25066517103599
25066519193469,25066684949425
25066519193469,25066884854520
25066519193469,25067123163420
25066519193469,25067406976630
25067459674691,25067406976630
25067459674691,25067614876627
25067459674691,25067840828161
25067459674691,25067994060909
25067459674691,25068358273989
25068361820834,25068358273989
25068361820834,25068589879103
25068361820834,25068748868012
25068361820834,25068924199823
25068926511290,25068924199823
25068926511290,25069126083896
25068926511290,25069348256764
25068926511290,25069556685112
25068926511290,25069730499440
25068926511290,25070148661659
25070187911622,25070148661659
25070187911622,25070439684798
25070187911622,25070635144641
25070647804291,25070635144641
25070647804291,25070862480887
25070647804291,25071044052198
25070647804291,25071226083975
25070647804291,25071380783343
25070647804291,25071575319984
25070647804291,25072028549101
25072036532635,25072028549101
25072036532635,25072281036565
25072036532635,25072465940958
25072036532635,25072603473999
25072606225716,25072603473999
25072606225716,25072863014762
25072606225716,25073024084814
25072606225716,25073361289531
25072606225716,25073854598951
25072606225716,25074291332910
25074295534552,25074291332910
25074295534552,25074531376146
25074295534552,25074809068021
25074295534552,25074993973177
25074295534552,25075131124089
25075133117091,25075131124089
25075133117091,25075347861774
25075133117091,25075476133488
25075133117091,25075649816555
25075651467942,25075649816555
25075651467942,25075875690795
25075651467942,25076002477189
25075651467942,25076164758148
25075651467942,25076592907475
25075651467942,25077036583268
25077071252633,25077036583268
25077071252633,25077338135325
25077071252633,25077572097226
25077071252633,25077778810525
25077071252633,25078005558313
25078116633910,25078005558313
25078116633910,25078309813090
25078116633910,25078465472327
25078116633910,25078689664139
25078116633910,25079006285569
25079068310763,25079006285569
25079068310763,25079332171637
25079068310763,25079541243861
25079068310763,25079715537783
25079068310763,25080075403889
25080088932480,25080075403889
25080088932480,25080285338565
25080088932480,25080494098375
25080088932480,25080638184368
25080088932480,25080995660947
25080998204913,25080995660947
25080998204913,25081206769853
25080998204913,25081399155945
25080998204913,25081568027829
25080998204913,25082002255172
25082025468479,25082002255172
25082025468479,25082256650437
25082025468479,25082404471178
25082025468479,25082581508632
25082025468479,25082981271687
25083112331853,25082981271687
25083112331853,25083320106943
25083112331853,25083520857017
25083112331853,25083707432000
25083709872265,25083707432000
25083709872265,25083927650458
25083709872265,25084073489313
25083709872265,25084542414246
25083709872265,25084720333066
25083709872265,25085297724154
25085300955750,25085297724154
25085300955750,25085605084489
25085300955750,25085825155976
25085300955750,25086031204505
25085300955750,25086268144093
25086313421748,25086268144093
25086313421748,25086547250582
25086313421748,25086734533143
25086313421748,25087017402663
25086313421748,25087232309770
25087305740363,25087232309770
25087305740363,25087536645701
25087305740363,25087776983422
25087305740363,25088000973545
25088003574330,25088000973545
25088003574330,25088300358646
25088003574330,25088504577325
25088003574330,25088693614663
25088003574330,25088826404324
25088003574330,25089247197548
25089268171308,25089247197548
25089268171308,25089508429252
25089268171308,25089639552619
25089268171308,25089846484578
25089268171308,25090154781495
25090219062017,25090154781495
25090219062017,25090497402452
25090219062017,25090665706772
25090219062017,25090857328755
25090219062017,25091172919840
25091175668466,25091172919840
25091175668466,25091442118444
25091175668466,25091593280563
25091175668466,25091753196303
25091755569498,25091753196303
25091755569498,25091998654563
25091755569498,25092144556711
25091755569498,25092365106264
25091755569498,25092529289845
25091755569498,25092894901549
25091755569498,25093070138822
25092913820384,25093070138822
25092913820384,25093431949283
25092913820384,25093570245023
25092913820384,25093939563129
25093944014674,25093939563129
25093944014674,25094197426856
25093944014674,25094399626914
25093944014674,25094530227980
25093944014674,25094951957131
25094953908180,25094951957131
25094953908180,25095173228367
25094953908180,25095327365046
25094953908180,25095461473732
25094953908180,25095668834940
25095898687778,25095668834940
25095898687778,25096091639487
25095898687778,25096283015136
25095898687778,25096472461527
25095898687778,25096729607845
25096732608648,25096729607845
25096732608648,25096946218892
25096732608648,25097105434542
25096732608648,25097227769670
25096732608648,25097669549087
25097687883709,25097669549087
25097687883709,25097951473141
25097687883709,25098122062411
25097687883709,25098292137767
25097687883709,25098615986242
25098633364776,25098615986242
25098633364776,25098824741878
25098633364776,25099043305287
25098633364776,25099207220434
25099209046566,25099207220434
25099209046566,25099420944060
25099209046566,25099582250503
25099209046566,25099787296388
25099209046566,25100113569627
25099209046566,25100456950487
25100472807529,25100456950487
25100472807529,25100628219468
25100472807529,25100864348389
25100472807529,25101073793581
25100472807529,25101441226169
25101485901828,25101441226169
25101485901828,25101655807956
25101485901828,25101987222771
25101485901828,25102189205784
25101485901828,25102452093153
25102500434557,25102452093153
25102500434557,25102770325007
25102500434557,25102972500752
25102500434557,25103157251895
25102500434557,25103483421037
25103484829276,25103483421037
25103484829276,25103693226802
25103484829276,25103882171508
25103484829276,25104073480264
25103901667829,25104073480264
25103901667829,25104316993287
25103901667829,25104468648794
25103901667829,25104666946621
25103901667829,25104841092041
25103901667829,25105344742350
25105346173931,25105344742350
25105346173931,25105547289435
25105346173931,25105704908042
25105346173931,25105792454103
25105346173931,25106025874340
25106417053553,25106025874340
25106417053553,25106603916691
25106417053553,25106830657388
25106417053553,25107042342834
25106417053553,25107344150622
25107369894084,25107344150622
25107369894084,25107589721212
25107369894084,25107731990056
25107369894084,25107941707324
25107369894084,25108331035498
25108333474995,25108331035498
25108333474995,25108532376724
25108333474995,25108706556636
25108333474995,25108881073653
25108333474995,25109218150605
25109351534648,25109218150605
25109351534648,25109627179365
25109351534648,25109774479899
25109351534648,25109944281104
25109351534648,25110219863140
25110291128303,25110219863140
25110291128303,25110578563194
25110291128303,25110794282844
25110291128303,25110951683857
25110291128303,25111235143864
25111237345023,25111235143864
25111237345023,25111454540680
25111237345023,25111616850598
25111237345023,25111784021449
25111237345023,25112162256521
25112331851062,25112162256521
25112331851062,25112517335596
25112331851062,25112692745882
25112331851062,25112862836168
25112331851062,25113068952613
25113103071294,25113068952613
25113103071294,25113333579433
25113103071294,25113564841949
25113103071294,25113751250975
25113753812017,25113751250975
25113753812017,25113926294382
25113753812017,25114093974056
25113753812017,25114279541901
25113753812017,25114538352725
25113753812017,25115102832113
25115105990282,25115102832113
25115105990282,25115314056771
25115105990282,25115469275188
25115105990282,25115655660209
25115105990282,25115888938627
25115965196530,25115888938627
25115965196530,25116141893111
25115965196530,25116411719292
25115965196530,25116567427297
25116569909321,25116567427297
25116569909321,25116771750879
25116569909321,25116951042291
25116569909321,25117118906310
25116569909321,25117384032367
25116569909321,25117563167465
25117402443597,25117563167465
25117402443597,25117777766717
25117402443597,25118022732172
25117402443597,25118272906584
25118274453501,25118272906584
25118274453501,25118451370860
25118274453501,25118679243033
25118274453501,25118868458477
25118274453501,25119320124715
25119323492056,25119320124715
25119323492056,25119574248050
25119323492056,25119790875593
25119323492056,25120041272962
25119323492056,25120233360754
25119323492056,25120598016195
25120644529562,25120598016195
25120644529562,25120872430137
25120644529562,25121122639039
25120644529562,25121334211128
25120644529562,25121574839490
25121657017999,25121574839490
25121657017999,25121979451603
25121657017999,25122142581650
25121657017999,25122347438014
25121657017999,25122645314843
25122706394548,25122645314843
25122706394548,25122923227805
25122706394548,25123113523054
25122706394548,25123351324371
25122706394548,25123637880112
25123640956410,25123637880112
25123640956410,25123891414332
25123640956410,25124163702426
25123640956410,25124361857748
25123640956410,25124632699812
25124699029017,25124632699812
25124699029017,25124871784199
25124699029017,25125046365571
25124699029017,25125243221194
25124699029017,25125433624888
25124699029017,25125694045136
