24637354919919,24637785399324
24637842713291,24637785399324
24637842713291,24638033668171
24637842713291,24638267386664
24637842713291,24638511380885
24637842713291,24638771001066
24637842713291,24639115585458
24639231178858,24639115585458
24639231178858,24639482093184
24639231178858,24639634889007
24639231178858,24639832244673
24639231178858,24640116380598
24640240063535,24640116380598
24640240063535,24640511078670
24640240063535,24640772719093
24640240063535,24640951235334
24640957209779,24640951235334
24640957209779,24641171286243
24640957209779,24641347819888
24640957209779,24641486863165
24640957209779,24641655395430
24640957209779,24642060630978
24642115063449,24642060630978
24642115063449,24642327358542
24642115063449,24642492305583
24642115063449,24642690445160
24642115063449,24642970570842
24643032652642,24642970570842
24643032652642,24643316036386
24643032652642,24643483396748
24643032652642,24643662306224
24643032652642,24643981778597
24644024285280,24643981778597
24644024285280,24644274304126
24644024285280,24644496978758
24644024285280,24644655611068
24644024285280,24644996210799
24645036799229,24644996210799
24645036799229,24645287489966
24645036799229,24645481818297
24645036799229,24645675999651
24645036799229,24645911952462
24645942553858,24645911952462
24645942553858,24646226690044
24645942553858,24646420304077
24645942553858,24646608123842
24645942553858,24646785089167
24646846931197,24646785089167
24646846931197,24647083473750
24646846931197,24647245328146
24646846931197,24647442163064
24646846931197,24647793260462
24647795222257,24647793260462
24647795222257,24648062421571
24647795222257,24648214968385
24647795222257,24648390945300
24647795222257,24648599423731
24648671195315,24648599423731
24648671195315,24648976853958
24648671195315,24649168158940
24648671195315,24649324292806
24648671195315,24649741505228
24648671195315,24649935462783
24649743512430,24649935462783
24649743512430,24650120761702
24649743512430,24650288276411
24650290547132,24650288276411
24650290547132,24650499112203
24650290547132,24650639688992
24650290547132,24650850881933
24650290547132,24651133288797
24650290547132,24651468053608
24651483877638,24651468053608
24651483877638,24651760217137
24651483877638,24651955661055
24651483877638,24652124330253
24651483877638,24652337320087
24652352280933,24652337320087
24652352280933,24652523177771
24652352280933,24652726976927
24652352280933,24652954151635
24652352280933,24653238229893
24653284961143,24653238229893
24653284961143,24653558720470
24653284961143,24653804298589
24653284961143,24653958284038
24653284961143,24654292309379
24654296208070,24654292309379
24654296208070,24654478233639
24654296208070,24654640165160
24654296208070,24654833572434
24654296208070,24654992515392
24654296208070,24655203055866
24655009013982,24655203055866
24655009013982,24655341290730
24655009013982,24655594992366
24655599903548,24655594992366
24655599903548,24655784599382
24655599903548,24655952044809
24655599903548,24656095604181
24655599903548,24656264204627
24655599903548,24656974340458
24657002247679,24656974340458
24657002247679,24657278198830
24657002247679,24657560585447
24657002247679,24657708608705
24657002247679,24657856489370
24657885466945,24657856489370
24657885466945,24658080673924
24657885466945,24658307123917
24657885466945,24658470454739
24657885466945,24658833866618
24658835977160,24658833866618
24658835977160,24659024924273
24658835977160,24659382930670
24658835977160,24659612376923
24658835977160,24659762896761
24658835977160,24659989763873
24659992272451,24659989763873
24659992272451,24660230427529
24659992272451,24660391220791
24659992272451,24660543866867
24660609680702,24660543866867
24660609680702,24660831815729
24660609680702,24661040209325
24660609680702,24661215928860
24661218229590,24661215928860
24661218229590,24661371138217
24661218229590,24661546956054
24661218229590,24661725757126
24661218229590,24661923226112
24661218229590,24662447023876
24662468992697,24662447023876
24662468992697,24662725050844
24662468992697,24662952635539
24662971421258,24662952635539
24662971421258,24663147947097
24662971421258,24663256933283
24662971421258,24663439868625
24662971421258,24663623805652
24662971421258,24663860125549
24662971421258,24664341310013
24664343317425,24664341310013
24664343317425,24664574985188
24664343317425,24664790288446
24664343317425,24664981942704
24664343317425,24665297312317
24665478816202,24665297312317
24665478816202,24665689219938
24665478816202,24665850772338
24665478816202,24666042729380
24665478816202,24666282178556
24666315746239,24666282178556
24666315746239,24666577031753
24666315746239,24666747099304
24666315746239,24666903844124
24666907624846,24666903844124
24666907624846,24667070864431
24666907624846,24667217526111
24666907624846,24667407268003
24666907624846,24667575884950
24666907624846,24667973263007
24668077001452,24667973263007
24668077001452,24668375174280
24668077001452,24668521112130
24668077001452,24668711881771
24668077001452,24668974254746
24669045533991,24668974254746
24669045533991,24669221828586
24669045533991,24669397882522
24669045533991,24669537664392
24669539826401,24669537664392
24669539826401,24669746895145
24669539826401,24669918878568
24669539826401,24670106418378
24669539826401,24670319272093
24669539826401,24670842867445
24670861564291,24670842867445
24670861564291,24671055653791
24670861564291,24671250784904
24670861564291,24671447371974
24670861564291,24671718300546
24671789206204,24671718300546
24671789206204,24672111206045
24671789206204,24672295050021
24671789206204,24672445215033
24672447505282,24672445215033
24672447505282,24672598274410
24672447505282,24672739400439
24672447505282,24672890252015
24672447505282,24673134761673
24673199800363,24673134761673
24673199800363,24673478618732
24673199800363,24673649150833
24673199800363,24673788374714
24673199800363,24674017237253
24673199800363,24674469881768
24674540270557,24674469881768
24674540270557,24674757229865
24674540270557,24674962098335
24674540270557,24675102998820
24675105172319,24675102998820
24675105172319,24675362708053
24675105172319,24675574461954
24675105172319,24675780286699
24675105172319,24675935083178
24675105172319,24676463587308
24676522661082,24676463587308
24676522661082,24676775542143
24676522661082,24676976025063
24676522661082,24677118416196
24676522661082,24677407300257
24677411234501,24677407300257
24677411234501,24677715775108
24677411234501,24677883376996
24677411234501,24678042259928
24677411234501,24678467230777
24678471038701,24678467230777
24678471038701,24678711111386
24678471038701,24678972071018
24678471038701,24679116764874
24678471038701,24679481036457
24679488688369,24679481036457
24679488688369,24679685930577
24679488688369,24679853293927
24679488688369,24680020303167
24679488688369,24680459417412
24680460829372,24680459417412
24680460829372,24680698341478
24680460829372,24680884754933
24680460829372,24681056524667
24680460829372,24681278179932
24681352636866,24681278179932
24681352636866,24681654262210
24681352636866,24681874184288
24681352636866,24682010580090
24681352636866,24682292858276
24682394260030,24682292858276
24682394260030,24682655340591
24682394260030,24682799804870
24682394260030,24682965254643
24682394260030,24683303397332
24683313250195,24683303397332
24683313250195,24683539138588
24683313250195,24683689870635
24683313250195,24683926725312
24683313250195,24684246214384
24684248617306,24684246214384
24684248617306,24684399625812
24684248617306,24684651457353
24684248617306,24684803392969
24684248617306,24685121407039
24685178245118,24685121407039
24685178245118,24685505512882
24685178245118,24685747701010
24685178245118,24685970912586
24685178245118,24686104864471
24686172960487,24686104864471
24686172960487,24686485125129
24686172960487,24686867294030
24686172960487,24687086842190
24686172960487,24687241299336
24687335333258,24687241299336
24687335333258,24687552246029
24687335333258,24687717208949
24687335333258,24687932515983
24687335333258,24688211100960
24688305055804,24688211100960
24688305055804,24688576639883
24688305055804,24688762794669
24688305055804,24688956517018
24688305055804,24689243188133
24689283626556,24689243188133
24689283626556,24689424660384
24689283626556,24689766453287
24689283626556,24689918932256
24689283626556,24690235458147
24690255305714,24690235458147
24690255305714,24690513315846
24690255305714,24690662098977
24690255305714,24690854378433
24690856653248,24690854378433
24690856653248,24691050426990
24690856653248,24691201683387
24690856653248,24691386317497
24690856653248,24691673980440
24690856653248,24692160866789
24692166976281,24692160866789
24692166976281,24692411257144
24692166976281,24692653569197
24692166976281,24692894621167
24692166976281,24693062203505
24693080788480,24693062203505
24693080788480,24693297288635
24693080788480,24693428425187
24693080788480,24693657160551
24693080788480,24693940502535
24694045761504,24693940502535
24694045761504,24694314369740
24694045761504,24694440103384
24694045761504,24694579720695
24694045761504,24695006623313
24695022309964,24695006623313
24695022309964,24695302169118
24695022309964,24695508130264
24695022309964,24695649119426
24695651181511,24695649119426
24695651181511,24695928742938
24695651181511,24696089697521
24695651181511,24696242233207
24695651181511,24696402303084
24696450240573,24696402303084
24696450240573,24696686943245
24696450240573,24696838255057
24696450240573,24696957118282
24696450240573,24697231197544
24696450240573,24697520041534
24697338484939,24697520041534
24697338484939,24697803578041
24697338484939,24698014986702
24697338484939,24698163402724
24697338484939,24698644253403
24698658162695,24698644253403
24698658162695,24698952154786
24698658162695,24699112889077
24698658162695,24699256546983
24699259709274,24699256546983
24699259709274,24699532770634
24699259709274,24699726353423
24699259709274,24699926012594
24699259709274,24700494453073
24700503360831,24700494453073
24700503360831,24700736426677
24700503360831,24700937269942
24700503360831,24701154556985
24700503360831,24701298191864
24700503360831,24701844538019
24701896274780,24701844538019
24701896274780,24702150984529
24701896274780,24702355382051
24701896274780,24702547425129
24701896274780,24702947761949
24702950336626,24702947761949
24702950336626,24703166663395
24702950336626,24703321383839
24702950336626,24703461256685
24702950336626,24703834175703
24703851518308,24703834175703
24703851518308,24704069283127
24703851518308,24704279291512
24703851518308,24704442560431
24703851518308,24704756276271
24704808731445,24704756276271
24704808731445,24705100350982
24704808731445,24705303214555
24704808731445,24705443105853
24705444373273,24705443105853
24705444373273,24705609258466
24705444373273,24705787833148
24705444373273,24705958517292
24705444373273,24706280318452
24705444373273,24706745263720
24706748217071,24706745263720
24706748217071,24706981945721
24706748217071,24707166312545
24706748217071,24707337113731
24706748217071,24707693443389
24707695908027,24707693443389
24707695908027,24707869212124
24707695908027,24708016407095
24707695908027,24708182545228
24707695908027,24708386092549
24708436830387,24708386092549
24708436830387,24708673666418
24708436830387,24708807273349
24708436830387,24709027474859
24708436830387,24709389699556
24709397506920,24709389699556
24709397506920,24709623981184
24709397506920,24709807755565
24709397506920,24709964729715
24709966334412,24709964729715
24709966334412,24710191062559
24709966334412,24710412227547
24709966334412,24710555255144
24709966334412,24710776821536
24710947456834,24710776821536
24710947456834,24711133921341
24710947456834,24711312141896
24710947456834,24711530215441
24710947456834,24711848490223
24710947456834,24712209262902
24712280673853,24712209262902
24712280673853,24712828557152
24712280673853,24712986543295
24712280673853,24713281224163
24713284025321,24713281224163
24713284025321,24713485309498
24713284025321,24713614729514
24713284025321,24713813921907
24713284025321,24713996135817
24713284025321,24714411711452
24714463160136,24714411711452
24714463160136,24714695827988
24714463160136,24714945867218
24714463160136,24715117574908
24714463160136,24715320725969
24715377503478,24715320725969
24715377503478,24715648385572
24715377503478,24715827628852
24715377503478,24715981536738
24715982929719,24715981536738
24715982929719,24716149187453
24715982929719,24716279341503
24715982929719,24716403446553
24715982929719,24716753116893
24715982929719,24717170993872
24717177900392,24717170993872
24717177900392,24717332591792
24717177900392,24717572941594
24717177900392,24717749686040
24717177900392,24718049355919
24718071417553,24718049355919
24718071417553,24718227283445
24718071417553,24718534126325
24718071417553,24718712768176
24718071417553,24718898913427
24718714636964,24718898913427
24718714636964,24719067648658
24718714636964,24719226150964
24718714636964,24719489781642
24718714636964,24719913748280
24719929834990,24719913748280
24719929834990,24720174853066
24719929834990,24720344365171
24719929834990,24720510583922
24720569534534,24720510583922
24720569534534,24720766211447
24720569534534,24720908176786
24720569534534,24721135261879
24720569534534,24721355924637
24721394906643,24721355924637
24721394906643,24721634439509
24721394906643,24721824199320
24721394906643,24721979980765
24721394906643,24722325929631
24721394906643,24722927286279
24722930368371,24722927286279
24722930368371,24723191943364
24722930368371,24723327761391
24722930368371,24723462061642
24722930368371,24723828173255
24723908439020,24723828173255
24723908439020,24724136680568
24723908439020,24724357456276
24723908439020,24724518296256
24724519652243,24724518296256
24724519652243,24724693663490
24724519652243,24724850297306
24724519652243,24725038532442
24724519652243,24725256702283
24724519652243,24725753072823
24725775551615,24725753072823
24725775551615,24726028236650
24725775551615,24726154640461
24725775551615,24726293871928
24725775551615,24726695233558
24726697296892,24726695233558
24726697296892,24726961241255
24726697296892,24727111619328
24726697296892,24727230360768
24726697296892,24727664985846
24727666708875,24727664985846
24727666708875,24727797577308
24727666708875,24728046374175
24727666708875,24728161096362
24727666708875,24728601621349
24728614847641,24728601621349
24728614847641,24728835371146
24728614847641,24729027277875
24728614847641,24729179844779
24728614847641,24729488331990
24729630765974,24729488331990
24729630765974,24729845648646
24729630765974,24730042416430
24729630765974,24730219771039
24729630765974,24730655885894
24730659956739,24730655885894
24730659956739,24730841092197
24730659956739,24731017135268
24730659956739,24731172991022
24731176163108,24731172991022
24731176163108,24731335051527
24731176163108,24731536906830
24731176163108,24731723390970
24731176163108,24731908724377
24731176163108,24732381219158
24732383609636,24732381219158
24732383609636,24732642199131
24732383609636,24732849351566
24732383609636,24733036217686
24733038395335,24733036217686
24733038395335,24733182178474
24733038395335,24733349271103
24733038395335,24733518894293
24733038395335,24733672111788
24733674308673,24733672111788
24733674308673,24733884294451
24733674308673,24734032482783
24733674308673,24734196076192
24733674308673,24734509994400
24733674308673,24734954279138
24735075374077,24734954279138
24735075374077,24735346868938
24735075374077,24735575481681
24735075374077,24735785355026
24735075374077,24735976353255
24736095200799,24735976353255
24736095200799,24736377997346
24736095200799,24736572822464
24736095200799,24736769581127
24736773802804,24736769581127
24736773802804,24736953670198
24736773802804,24737108583551
24736773802804,24737246404722
24736773802804,24737423240784
24736773802804,24737927051398
24737929451313,24737927051398
24737929451313,24738226719925
24737929451313,24738410460758
24737929451313,24738572315303
24737929451313,24738744655794
24738791512711,24738744655794
24738791512711,24739053256902
24738791512711,24739269884486
24738791512711,24739449599534
24738791512711,24739774267254
24739776237061,24739774267254
24739776237061,24739924057210
24739776237061,24740138686435
24739776237061,24740282915040
24739776237061,24740585242735
24740751703054,24740585242735
24740751703054,24741025771623
24740751703054,24741217081009
24740751703054,24741420310179
24740751703054,24741580555699
24741653707229,24741580555699
24741653707229,24741868181116
24741653707229,24742096560163
24741653707229,24742271321210
24741653707229,24742745437789
24741653707229,24742971155134
24742747331127,24742971155134
24742747331127,24743096626896
24742747331127,24743287388760
24742747331127,24743438653411
24743289446812,24743438653411
24743289446812,24743593375046
24743289446812,24743764326122
24743289446812,24744015142784
24744018058349,24744015142784
24744018058349,24744245737535
24744018058349,24744379631434
24744018058349,24744511151506
24744018058349,24744803189911
24744018058349,24745202270438
24745244587078,24745202270438
24745244587078,24745469215836
24745244587078,24745704133644
24745244587078,24745854952664
24745857497876,24745854952664
24745857497876,24746075586897
24745857497876,24746218651356
24745857497876,24746404094947
24745857497876,24746694084159
24745857497876,24747220306334
24747223044332,24747220306334
24747223044332,24747533775111
24747223044332,24747661918016
24747223044332,24747787787039
24747223044332,24748128070688
24748199999484,24748128070688
24748199999484,24748435258868
24748199999484,24748619210103
24748199999484,24748739884633
24748741874444,24748739884633
24748741874444,24748955926384
24748741874444,24749143906420
24748741874444,24749320345806
24748741874444,24749609244870
24748741874444,24750149560678
24750152224775,24750149560678
24750152224775,24750412507657
24750152224775,24750588198022
24750152224775,24750715901262
24750718380030,24750715901262
24750718380030,24750903503174
24750718380030,24751161497670
24750718380030,24751348329835
24750718380030,24751550627275
24751636758829,24751550627275
24751636758829,24751908089376
24751636758829,24752094416362
24751636758829,24752319201679
24751636758829,24752492140599
24751636758829,24753000880021
24753011362483,24753000880021
24753011362483,24753256726006
24753011362483,24753420032381
24753011362483,24753574197891
24753011362483,24753899967337
24753933898018,24753899967337
24753933898018,24754147860028
24753933898018,24754440817835
24753933898018,24754632848436
24753933898018,24754896903667
24754919051301,24754896903667
24754919051301,24755183760947
24754919051301,24755307509367
24754919051301,24755474577884
24755476926720,24755474577884
24755476926720,24755716735203
24755476926720,24755851042215
24755476926720,24756019398875
24755476926720,24756205748547
24756346559531,24756205748547
24756346559531,24756557733086
24756346559531,24756805093144
24756346559531,24756974929925
24756346559531,24757235387721
24757253778568,24757235387721
24757253778568,24757479316203
24757253778568,24757585887700
24757253778568,24757883344205
24757253778568,24758111737241
24757253778568,24758749194369
24757253778568,24758936086654
24758751631648,24758936086654
24758751631648,24759113244561
24758751631648,24759278446466
24759280027753,24759278446466
24759280027753,24759446965549
24759280027753,24759655843716
24759280027753,24759808997862
24759280027753,24760020018043
24760069797568,24760020018043
24760069797568,24760583180884
24760069797568,24760772310156
24760069797568,24760962916210
24760069797568,24761220130349
24760069797568,24761616686516
24761688528384,24761616686516
24761688528384,24761903375965
24761688528384,24762069663554
24761688528384,24762235924694
24761688528384,24762642438228
24762644692478,24762642438228
24762644692478,24762829041061
24762644692478,24763007257137
24762644692478,24763194390971
24762644692478,24763481284078
24763484102531,24763481284078
24763484102531,24763725273321
24763484102531,24763901516717
24763484102531,24764061682648
24763484102531,24764381372265
24764465826183,24764381372265
24764465826183,24764710327012
24764465826183,24764854057360
24764465826183,24765096136814
24765098123142,24765096136814
24765098123142,24765307685857
24765098123142,24765473858858
24765098123142,24765748241008
24765098123142,24765987109470
24765098123142,24766483549900
24766486460125,24766483549900
24766486460125,24766704292945
24766486460125,24766882200872
24766486460125,24767007822168
24766486460125,24767301168031
24767302565255,24767301168031
24767302565255,24767533186820
24767302565255,24767702030270
24767302565255,24767813192052
24767815604144,24767813192052
24767815604144,24768040524701
24767815604144,24768231363180
24767815604144,24768448296745
24767815604144,24768680292494
24767815604144,24769164121726
24769166040284,24769164121726
24769166040284,24769395014393
24769166040284,24769589284165
24769647698307,24769589284165
24769647698307,24769827731955
24769647698307,24769953319346
24769647698307,24770086091370
24769647698307,24770232104636
24769647698307,24770518518967
24770549134814,24770518518967
24770549134814,24770729712827
24770549134814,24771277527041
24770549134814,24771445230595
24770549134814,24771647936244
24770549134814,24772069425054
24772071546172,24772069425054
24772071546172,24772281812327
24772071546172,24772497094342
24772071546172,24772712472875
24772071546172,24772934336962
24773011878560,24772934336962
24773011878560,24773300195398
24773011878560,24773475820873
24773011878560,24773626932214
24773011878560,24773960232392
24774061951085,24773960232392
24774061951085,24774303590857
24774061951085,24774448244898
24774061951085,24774637751815
24774061951085,24775006958412
24775173469558,24775006958412
24775173469558,24775342432744
24775173469558,24775505246214
24775173469558,24775744592094
24775173469558,24775939469185
24775977578092,24775939469185
24775977578092,24776228644726
24775977578092,24776462911834
24775977578092,24776641096810
24775977578092,24776882054387
24776945149270,24776882054387
24776945149270,24777200671523
24776945149270,24777370265294
24776945149270,24777496647266
24777638911140,24777496647266
24777638911140,24777856983997
24777638911140,24778012611878
24777638911140,24778222917555
24777638911140,24778438683588
24777638911140,24778772595941
24778775293236,24778772595941
24778775293236,24779003254461
24778775293236,24779164064169
24778775293236,24779286196324
24778775293236,24779588802386
24779666997360,24779588802386
24779666997360,24779899469108
24779666997360,24780088878594
24779666997360,24780197527851
24779666997360,24780562642412
24780569059370,24780562642412
24780569059370,24780829843560
24780569059370,24781009361733
24780569059370,24781182818484
24781185706354,24781182818484
24781185706354,24781434676236
24781185706354,24781572141069
24781185706354,24781734395106
24781185706354,24781994878142
24781185706354,24782543445304
24782599048536,24782543445304
24782599048536,24782840292234
24782599048536,24783023085396
24782599048536,24783205885868
24782599048536,24783392837037
24783516165891,24783392837037
24783516165891,24783745384327
24783516165891,24783904274639
24783516165891,24784048753500
24783516165891,24784416356590
24784478935937,24784416356590
24784478935937,24784744241658
24784478935937,24784883134176
24784478935937,24785161913577
24784478935937,24785427249439
24785456504657,24785427249439
24785456504657,24785653660385
24785456504657,24785863064009
24785456504657,24785990567298
24785456504657,24786341420326
24786463289223,24786341420326
24786463289223,24786669724814
24786463289223,24786830220490
24786463289223,24786967832481
24786970506243,24786967832481
24786970506243,24787183723353
24786970506243,24787290696209
24786970506243,24787529879879
24786970506243,24787835609805
24786970506243,24788367742824
24788385491489,24788367742824
24788385491489,24788629996321
24788385491489,24788789647802
24788385491489,24788888736820
24788385491489,24789250140040
24789284154663,24789250140040
24789284154663,24789488928216
24789284154663,24789719432314
24789284154663,24789862725417
24789284154663,24790331051498
24790332816686,24790331051498
24790332816686,24790529963230
24790332816686,24790662669742
24790332816686,24790784902334
24790786273844,24790784902334
24790786273844,24791076577805
24790786273844,24791236907302
24790786273844,24791398923867
24790786273844,24791667155157
24790786273844,24792222892658
24792226277627,24792222892658
24792226277627,24792464972989
24792226277627,24792591062292
24792226277627,24792768086881
24792770320716,24792768086881
24792770320716,24792974188372
24792770320716,24793173685098
24792770320716,24793327850745
24792770320716,24793683193498
24792770320716,24794107280600
24794109233479,24794107280600
24794109233479,24794298055100
24794109233479,24794484360434
24794109233479,24794625861660
24794627987680,24794625861660
24794627987680,24794836465629
24794627987680,24795020936140
24794627987680,24795201169035
24794627987680,24795375236517
24795462052158,24795375236517
24795462052158,24795716721540
24795462052158,24795864934641
24795462052158,24796008081799
24795462052158,24796705729822
24796710598515,24796705729822
24796710598515,24796970087685
24796710598515,24797131233190
24796710598515,24797314211257
24796710598515,24797518791457
24796710598515,24798002225719
24798005147890,24798002225719
24798005147890,24798199206250
24798005147890,24798417331245
24798005147890,24798548870432
24798550941571,24798548870432
24798550941571,24798749409259
24798550941571,24798910351346
24798550941571,24799045573417
24798550941571,24799203512723
24798550941571,24799605507870
24798550941571,24799884664336
24799643755523,24799884664336
24799643755523,24800129164057
24799643755523,24800287299647
24799643755523,24800592614383
24800595552054,24800592614383
24800595552054,24800877431949
24800595552054,24801019528130
24800595552054,24801169929155
24800595552054,24801560635372
24801604040967,24801560635372
24801604040967,24801860334811
24801604040967,24802113308722
24801604040967,24802320075461
24801604040967,24802453652982
24802551830578,24802453652982
24802551830578,24802836835850
24802551830578,24803038166717
24802551830578,24803181292455
24802551830578,24803438157059
24803547128854,24803438157059
24803547128854,24803810270737
24803547128854,24804016550752
24803547128854,24804183831305
24804188742221,24804183831305
24804188742221,24804401337266
24804188742221,24804537519976
24804188742221,24804695058689
24804188742221,24804982956331
24804188742221,24805361254167
24805449773072,24805361254167
24805449773072,24805693734957
24805449773072,24805823575910
24805449773072,24805948327763
24805449773072,24806388774883
24806391335439,24806388774883
24806391335439,24806625381584
24806391335439,24806815494338
24806391335439,24806987448224
24806989713498,24806987448224
24806989713498,24807184671411
24806989713498,24807379191842
24806989713498,24807573469238
24806989713498,24807820594784
24806989713498,24808147081844
24808294644127,24808147081844
24808294644127,24808521991063
24808294644127,24808697212583
24808294644127,24808856107833
24808294644127,24809205873807
24809313933050,24809205873807
24809313933050,24809537237119
24809313933050,24809720348628
24809313933050,24809914172988
24809915483100,24809914172988
24809915483100,24810094144553
24809915483100,24810340070203
24809915483100,24810515066725
24809915483100,24810692363432
24809915483100,24811225576396
24811238842788,24811225576396
24811238842788,24811425303084
24811238842788,24811653977541
24811238842788,24811812323885
24811238842788,24812134954726
24811238842788,24812308868179
24812143748363,24812308868179
24812143748363,24812546226246
24812143748363,24812736135075
24812143748363,24812940382442
24813015678308,24812940382442
24813015678308,24813198913990
24813015678308,24813429869315
24813015678308,24813594219768
24813015678308,24813808214825
24813015678308,24814020994905
24813860441689,24814020994905
24813860441689,24814329348502
24813860441689,24814494720994
24813860441689,24814873377394
24813860441689,24815010445472
24814875545349,24815010445472
24814875545349,24815242961988
24814875545349,24815419417735
24814875545349,24815731564766
24814875545349,24815945522152
24815734095991,24815945522152
24815734095991,24816135551339
24815734095991,24816313783991
24816316441294,24816313783991
24816316441294,24816575815953
24816316441294,24816777811996
24816316441294,24816926233400
24816316441294,24817101656590
24816316441294,24817455620984
24817587250334,24817455620984
24817587250334,24817858244095
24817587250334,24818084015255
24817587250334,24818299654620
24817587250334,24818560169211
24818562556911,24818560169211
24818562556911,24818769600457
24818562556911,24818973279847
24818562556911,24819191306174
24819193047596,24819191306174
24819193047596,24819991866670
24819193047596,24820155217390
24819193047596,24820332798074
24819193047596,24820673779382
24820676739957,24820673779382
24820676739957,24820854338041
24820676739957,24821051836905
24820676739957,24821251312918
24820676739957,24821516301394
24820676739957,24822073697141
24822112428634,24822073697141
24822112428634,24822285952311
24822112428634,24822581628390
24822583126280,24822581628390
24822583126280,24822784236678
24822583126280,24822983404521
24822583126280,24823159999605
24822583126280,24823309607499
24822583126280,24823477474415
24822583126280,24823759326890
24823980920493,24823759326890
24823980920493,24824171209806
24823980920493,24824293355744
24823980920493,24824469295528
24823980920493,24824672508576
24824767207023,24824672508576
24824767207023,24824997568371
24824767207023,24825148115786
24824767207023,24825740522032
24824767207023,24825926637002
24825976085861,24825926637002
24825976085861,24826221921945
24825976085861,24826468661730
24825976085861,24826626606258
24825976085861,24826906524591
24826932925689,24826906524591
24826932925689,24827205555905
24826932925689,24827328371367
24826932925689,24827501149225
24826932925689,24827794826483
24828009635949,24827794826483
24828009635949,24828182859507
24828009635949,24828334870289
24828009635949,24828514354955
24828009635949,24828812073764
24828815296923,24828812073764
24828815296923,24829045195633
24828815296923,24829192874006
24828815296923,24829368292520
24829370855685,24829368292520
24829370855685,24829592302714
24829370855685,24829756166864
24829370855685,24829949099182
24829370855685,24830204458973
24830227492940,24830204458973
24830227492940,24830460102753
24830227492940,24830606437247
24830227492940,24830825836070
24830227492940,24831137070174
24830227492940,24831640377506
24831642937029,24831640377506
24831642937029,24831867164969
24831642937029,24832018212260
24831642937029,24832232182929
24832236172329,24832232182929
24832236172329,24832440842041
24832236172329,24832609121057
24832236172329,24832750373222
24832236172329,24833004761151
24833069093147,24833004761151
24833069093147,24833257529885
24833069093147,24833442091951
24833069093147,24833604441406
24833069093147,24833926850111
24833069093147,24834343213995
24834428865042,24834343213995
24834428865042,24834629563840
24834428865042,24834790645709
24834428865042,24835049699678
24834428865042,24835245911651
24835322882628,24835245911651
24835322882628,24835607813084
24835322882628,24835755379112
24835322882628,24835959960594
24835322882628,24836282175230
24836284458341,24836282175230
24836284458341,24836500241234
24836284458341,24836747462590
24836284458341,24837005422158
24836284458341,24837144946414
24837267043386,24837144946414
24837267043386,24837491624434
24837267043386,24837669967772
24837267043386,24837825418697
24837267043386,24838162036557
24838323247372,24838162036557
24838323247372,24838579561046
24838323247372,24838752354562
24838323247372,24838933428408
24838323247372,24839225129355
24839231986945,24839225129355
24839231986945,24839470085785
24839231986945,24839631765299
24839231986945,24839821108904
24839824463915,24839821108904
24839824463915,24840003143134
24839824463915,24840121165644
24839824463915,24840308207269
24839824463915,24840465366351
24839824463915,24841012439669
24841014421917,24841012439669
24841014421917,24841219866574
24841014421917,24841422861455
24841014421917,24841583383394
24841014421917,24841912330736
24842009912315,24841912330736
24842009912315,24842237874228
24842009912315,24842519261600
24842009912315,24842678951985
24842009912315,24842886753769
24842894231449,24842886753769
24842894231449,24843086363863
24842894231449,24843277648170
24842894231449,24843519871493
24842894231449,24843723776179
24843726371358,24843723776179
24843726371358,24843995632160
24843726371358,24844183925338
24843726371358,24844357423458
24843726371358,24844694515494
24844696877116,24844694515494
24844696877116,24844934851958
24844696877116,24845145308956
24844696877116,24845401961246
24844696877116,24845603161252
24845606045850,24845603161252
24845606045850,24845838341606
24845606045850,24846013286475
24845606045850,24846238381972
24845606045850,24846506340844
24846554138752,24846506340844
24846554138752,24846771277918
24846554138752,24846920945538
24846554138752,24847174478178
24846554138752,24847439978032
24847443094925,24847439978032
24847443094925,24847657355661
24847443094925,24847847194083
24847443094925,24848069987597
24847443094925,24848321104536
24848404033641,24848321104536
24848404033641,24848660386259
24848404033641,24848875671256
24848404033641,24849102979891
24848404033641,24849277198580
24849319047029,24849277198580
24849319047029,24849531876651
24849319047029,24849765198358
24849319047029,24849919352204
24849319047029,24850396129790
24850398489190,24850396129790
24850398489190,24850696143757
24850398489190,24850878421332
24850398489190,24851028998085
24850398489190,24851172810341
24851173869433,24851172810341
24851173869433,24851401257815
24851173869433,24851535323296
24851173869433,24851741374301
24851173869433,24851977245362
24852094591582,24851977245362
24852094591582,24852301182871
24852094591582,24852455558801
24852094591582,24852657517982
24852660220539,24852657517982
24852660220539,24852862991314
24852660220539,24853011607931
24852660220539,24853175157699
24852660220539,24853448357625
24852660220539,24853854832143
24853880373102,24853854832143
24853880373102,24854189483249
24853880373102,24854424842793
24853880373102,24854601554658
24853880373102,24854964756411
24854968247468,24854964756411
24854968247468,24855225613901
24854968247468,24855389121097
24854968247468,24855518304175
24855521894947,24855518304175
24855521894947,24855993485035
24855521894947,24856179193100
24855521894947,24856414165583
24855521894947,24856606900958
24855521894947,24856990584018
24857108649318,24856990584018
24857108649318,24857339295319
24857108649318,24857553652794
24857108649318,24857744557967
24857108649318,24858058280819
24858065984971,24858058280819
24858065984971,24858336218657
24858065984971,24858511992977
24858065984971,24858669171685
24858828561442,24858669171685
24858828561442,24859024106691
24858828561442,24859214367980
24858828561442,24859382286015
24858828561442,24859524082744
24858828561442,24860054137200
24860057064039,24860054137200
24860057064039,24860269911974
24860057064039,24860476280426
24860057064039,24860652983634
24860655311331,24860652983634
24860655311331,24860869121912
24860655311331,24861027347362
24860655311331,24861192700268
24860655311331,24861464567951
24860655311331,24861883326137
24861907695600,24861883326137
24861907695600,24862121547981
24861907695600,24862356921737
24861907695600,24862526394717
24861907695600,24862862221096
24862987553257,24862862221096
24862987553257,24863581950053
24862987553257,24863721124269
24862987553257,24863908919161
24862987553257,24864043191383
24864120178176,24864043191383
24864120178176,24864350756546
24864120178176,24864563386705
24864120178176,24864809921481
24864814432004,24864809921481
24864814432004,24865050609642
24864814432004,24865206557775
24864814432004,24865353951282
24864814432004,24865571552748
24864814432004,24865952256122
24866049866900,24865952256122
24866049866900,24866290811021
24866049866900,24866467810967
24866049866900,24866702527004
24866704776969,24866702527004
24866704776969,24866865489141
24866704776969,24867009168368
24866704776969,24867190851513
24866704776969,24867390738905
24867714736453,24867390738905
24867714736453,24867960573203
24867714736453,24868146953395
24867714736453,24868324109846
24867714736453,24868483224615
24867714736453,24868759150624
24868828949293,24868759150624
24868828949293,24869007907051
24868828949293,24869186274285
24868828949293,24869342891093
24868828949293,24869564016089
24869704648582,24869564016089
24869704648582,24870010225734
24869704648582,24870161090419
24869704648582,24870285517956
24869704648582,24870715568218
24870946544990,24870715568218
24870946544990,24871115578247
24870946544990,24871294041535
24870946544990,24871465243657
24870946544990,24871613097535
24871641821579,24871613097535
24871641821579,24871884704024
24871641821579,24872036210327
24871641821579,24872293556424
24871641821579,24872534573143
24872601237210,24872534573143
24872601237210,24872823453028
24872601237210,24873003429350
24872601237210,24873180695891
24873182985805,24873180695891
24873182985805,24873428401039
24873182985805,24873634530033
24873182985805,24873781196744
24873182985805,24874048349484
24873182985805,24874543840053
24874588867844,24874543840053
24874588867844,24874875069400
24874588867844,24875043602225
24874588867844,24875210586842
24875214905040,24875210586842
24875214905040,24875420768637
24875214905040,24875536662196
24875214905040,24875807261819
24875214905040,24876055163775
24875214905040,24876421839903
24876426681869,24876421839903
24876426681869,24876661643339
24876426681869,24876929674173
24876426681869,24877087111158
24876426681869,24877349980291
24877422900983,24877349980291
24877422900983,24877680407113
24877422900983,24877840426009
24877422900983,24878096617850
24877422900983,24878240838846
24878311073025,24878240838846
24878311073025,24878592153140
24878311073025,24878774294384
24878311073025,24878908182329
24878311073025,24879162356632
24879184961416,24879162356632
24879184961416,24879382952854
24879184961416,24879575183591
24879184961416,24879736405001
24879184961416,24880079399888
24880235752654,24880079399888
24880235752654,24880452646981
24880235752654,24880676242902
24880235752654,24880801909975
24880235752654,24881171389930
24881271429269,24881171389930
24881271429269,24881555029820
24881271429269,24881707972807
24881271429269,24881901134162
24881271429269,24882169292694
24882296132586,24882169292694
24882296132586,24882517081463
24882296132586,24882691408539
24882296132586,24882897533466
24882296132586,24883194220286
24883231774622,24883194220286
24883231774622,24883533219430
24883231774622,24883705424722
24883231774622,24883855776387
24883231774622,24884102756735
24884111969148,24884102756735
24884111969148,24884323246079
24884111969148,24884514211785
24884111969148,24884719302524
24884111969148,24884887027110
24885041080068,24884887027110
24885041080068,24885290331279
24885041080068,24885463313461
24885041080068,24885654035319
24885041080068,24885910362547
24885987090320,24885910362547
24885987090320,24886196168903
24885987090320,24886426797295
24885987090320,24886629395238
24885987090320,24886919766745
24886926124670,24886919766745
24886926124670,24887100089634
24886926124670,24887372169642
24886926124670,24887514888051
24887516188607,24887514888051
24887516188607,24887703047974
24887516188607,24887902443411
24887516188607,24888059383845
24887516188607,24888288866778
24887516188607,24888698893240
24888766318705,24888698893240
24888766318705,24889043368745
24888766318705,24889352434940
24888766318705,24889519514876
24889521102737,24889519514876
24889521102737,24889716252649
24889521102737,24889867815633
24889521102737,24890014321600
24889521102737,24890174582009
24890261543411,24890174582009
24890261543411,24890471372937
24890261543411,24890717787729
24890261543411,24890916001463
24890261543411,24891132403224
24890261543411,24891622473919
24891624416121,24891622473919
24891624416121,24891863059359
24891624416121,24892022746945
24891624416121,24892203885432
24891624416121,24892543066487
24892622020122,24892543066487
24892622020122,24892898819060
24892622020122,24893044951930
24892622020122,24893246035961
24893248708291,24893246035961
24893248708291,24893476114793
24893248708291,24893613398600
24893248708291,24893743982636
24893248708291,24893911300352
24893248708291,24894495516315
24894691346991,24894495516315
24894691346991,24894849418919
24894691346991,24895147422441
24894691346991,24895330254095
24894691346991,24895723518334
24895728589419,24895723518334
24895728589419,24895991097812
24895728589419,24896145093538
24895728589419,24896297183473
24896300754156,24896297183473
24896300754156,24896477784491
24896300754156,24896614175532
24896300754156,24896726748721
24896300754156,24897139045699
24897152760315,24897139045699
24897152760315,24897401231349
24897152760315,24897547105304
24897152760315,24897696147725
24897152760315,24897940274892
24897983031324,24897940274892
24897983031324,24898195473710
24897983031324,24898379379577
24897983031324,24898562812362
24897983031324,24898892259386
24898895349156,24898892259386
24898895349156,24899144352439
24898895349156,24899371967218
24898895349156,24899574013790
24898895349156,24899723149519
24898895349156,24900068792724
24900116655493,24900068792724
24900116655493,24900346178638
24900116655493,24900566868331
24900568714934,24900566868331
24900568714934,24900793584240
24900568714934,24900962422338
24900568714934,24901099394106
24900568714934,24901259579960
24900568714934,24901433047541
24900568714934,24901886615107
24901901766793,24901886615107
24901901766793,24902178311645
24901901766793,24902364267712
24901901766793,24902529893214
24902532211026,24902529893214
24902532211026,24902786274303
24902532211026,24902935191016
24902532211026,24903158443129
24902532211026,24903322358871
24902532211026,24903801566615
24903807378378,24903801566615
24903807378378,24903979521009
24903807378378,24904194089607
24903807378378,24904366147825
24903807378378,24904704713313
24904706969657,24904704713313
24904706969657,24904901725467
24904706969657,24905106986488
24904706969657,24905307032638
24904706969657,24905600715052
24905626719608,24905600715052
24905626719608,24905888336088
24905626719608,24906102147954
24905626719608,24906341213309
24906342778069,24906341213309
24906342778069,24906539289084
24906342778069,24906677995812
24906342778069,24906846929323
24906342778069,24907018036027
24907021062218,24907018036027
24907021062218,24907201556680
24907021062218,24907389726119
24907021062218,24907556184744
24907021062218,24907814530353
24907021062218,24908357770905
24908360647193,24908357770905
24908360647193,24908570516163
24908360647193,24908786382094
24908360647193,24908950118554
24908360647193,24909268690158
24909272815479,24909268690158
24909272815479,24909472485121
24909272815479,24909648105221
24909272815479,24909862268105
24909272815479,24910005148580
24910094818883,24910005148580
24910094818883,24910609538691
24910094818883,24910812172448
24910832775264,24910812172448
24910832775264,24911076446229
24910832775264,24911265342988
24910832775264,24911443343840
24910832775264,24911596080834
24910832775264,24911806246323
24910832775264,24912142035937
24912219907006,24912142035937
24912219907006,24912483694037
24912219907006,24912631220459
24912219907006,24912783883028
24912219907006,24913138905887
24913140134363,24913138905887
24913140134363,24913412714173
24913140134363,24913611228572
24913140134363,24913751725641
24913756790255,24913751725641
24913756790255,24913962941064
24913756790255,24914131469499
24913756790255,24914252927761
24913756790255,24914577013880
24913756790255,24914973275357
24914995691834,24914973275357
24914995691834,24915199045589
24914995691834,24915452346276
24914995691834,24915628541517
24914995691834,24915882403735
24915903200700,24915882403735
24915903200700,24916118390436
24915903200700,24916295332434
24915903200700,24916457307722
24915903200700,24916740441349
24916767150065,24916740441349
24916767150065,24916998268164
24916767150065,24917169948523
24916767150065,24917412256507
24917413837035,24917412256507
24917413837035,24917600989771
24917413837035,24917735382174
24917413837035,24917981596063
24917413837035,24918122782869
24917413837035,24918450260345
24918537972858,24918450260345
24918537972858,24918784347202
24918537972858,24918971131672
24918537972858,24919191373437
24919193869517,24919191373437
24919193869517,24919434851706
24919193869517,24919564973322
24919193869517,24919705131131
24919193869517,24919979941853
24919193869517,24920397645422
24920453610166,24920397645422
24920453610166,24920780465333
24920453610166,24921002485128
24920453610166,24921170127098
24920453610166,24921323613722
24921326225939,24921323613722
24921326225939,24921548363667
24921326225939,24921686998255
24921326225939,24921833668225
24921326225939,24922079231070
24922171938985,24922079231070
24922171938985,24922430609857
24922171938985,24922624584070
24922171938985,24922782923824
24922171938985,24923049160822
24923088103432,24923049160822
24923088103432,24923365640386
24923088103432,24923549197809
24923551940043,24923549197809
24923551940043,24923779873387
24923551940043,24923951715162
24923551940043,24924114188916
24923551940043,24924252273979
24923551940043,24924386220572
24923551940043,24924829181876
24924920487981,24924829181876
24924920487981,24925169417754
24924920487981,24925325343450
24924920487981,24925507918761
24925510024297,24925507918761
24925510024297,24925686107896
24925510024297,24925821977065
24925510024297,24925964490752
24925510024297,24926249422714
24925510024297,24926634995670
24926638747374,24926634995670
24926638747374,24926852223317
24926638747374,24927045639310
24926638747374,24927292227681
24926638747374,24927499585657
24926638747374,24927753537125
24927622912450,24927753537125
24927622912450,24928034106896
24927622912450,24928234601743
24928238371812,24928234601743
24928238371812,24928430955843
24928238371812,24928595404615
24928238371812,24928749248398
24928238371812,24928926608247
24928238371812,24929337257078
24929356738978,24929337257078
24929356738978,24929568923125
24929356738978,24929726374981
24929356738978,24929911101530
24929356738978,24930332763693
24930353937912,24930332763693
24930353937912,24930599996293
24930353937912,24930774460016
24930353937912,24930948099327
24930353937912,24931343416728
24930353937912,24931703126530
24931538601138,24931703126530
24931538601138,24931838994999
24931538601138,24932032311098
24931538601138,24932448160915
24932450601236,24932448160915
24932450601236,24932700773377
24932450601236,24932913822448
24932450601236,24933069027219
24932450601236,24933331404541
24933442973480,24933331404541
24933442973480,24933667394474
24933442973480,24933831376151
24933442973480,24934049122714
24934051877899,24934049122714
24934051877899,24934216507516
24934051877899,24934381128296
24934051877899,24934504387917
24934051877899,24934820445740
24934051877899,24935220580005
24935406092844,24935220580005
24935406092844,24935648131193
24935406092844,24935830809097
24935406092844,24936031480394
24935406092844,24936176308357
24936177377722,24936176308357
24936177377722,24936368480720
24936177377722,24936629573795
24936650020926,24936629573795
24936650020926,24936863970107
24936650020926,24937120340202
24936650020926,24937282168443
24936650020926,24937475232068
24936650020926,24937673332504
24937676194487,24937673332504
24937676194487,24937885775837
24937676194487,24938040106817
24937676194487,24938185406244
24937676194487,24938509125684
24937676194487,24938974139888
24938999376272,24938974139888
24938999376272,24939278741666
24938999376272,24939504649385
24938999376272,24939674943878
24939678054892,24939674943878
24939678054892,24939863328871
24939678054892,24940007733059
24939678054892,24940176440036
24939678054892,24940348975838
24939678054892,24940883138632
24939678054892,24941102494933
24940889366152,24941102494933
24940889366152,24941374121299
24940889366152,24941505899770
24940889366152,24941849764060
24941919880475,24941849764060
24941919880475,24942145449394
24941919880475,24942365323253
24941919880475,24942640448577
24941919880475,24943001240836
24943004215464,24943001240836
24943004215464,24943167692585
24943004215464,24943329291585
24943004215464,24943512992176
24943004215464,24943711977138
24943775283412,24943711977138
24943775283412,24944043864232
24943775283412,24944251122606
24943775283412,24944400492640
24943775283412,24944590530034
24944658249811,24944590530034
24944658249811,24945003455017
24944658249811,24945255386225
24944658249811,24945463105902
24944658249811,24945603121406
24945606328921,24945603121406
24945606328921,24945810031956
24945606328921,24945990075114
24945606328921,24946178345175
24946181001248,24946178345175
24946181001248,24946436947230
24946181001248,24946594106050
24946181001248,24946761477734
24946181001248,24947027453208
24946181001248,24947437395057
24947462684885,24947437395057
24947462684885,24947632850473
24947462684885,24947863923958
24947462684885,24947997970153
24947462684885,24948377408056
24948411438891,24948377408056
24948411438891,24948716806790
24948411438891,24948923232465
24948411438891,24949203917456
24948411438891,24949422043280
24949662810621,24949422043280
24949662810621,24949901903206
24949662810621,24950171941547
24949662810621,24950388376309
24949662810621,24950837484635
24950839897479,24950837484635
24950839897479,24951132572845
24950839897479,24951294540718
24950839897479,24951504611418
24951508346669,24951504611418
24951508346669,24951689142476
24951508346669,24951830588158
24951508346669,24951992021078
24951508346669,24952176337248
24952231171775,24952176337248
24952231171775,24952477142653
24952231171775,24952708242684
24952231171775,24952859999659
24952231171775,24953072539588
24952231171775,24953510620500
24953577200880,24953510620500
24953577200880,24953797895678
24953577200880,24953970338780
24953577200880,24954139250053
24953577200880,24954526530747
24954706154866,24954526530747
24954706154866,24954923995599
24954706154866,24955096784632
24954706154866,24955255105860
24954706154866,24955430378259
24955442105927,24955430378259
24955442105927,24955713613093
24955442105927,24955895686607
24955442105927,24956031271000
24956034074223,24956031271000
24956034074223,24956225310389
24956034074223,24956482243786
24956034074223,24956675883561
24956034074223,24956814859436
24956912329507,24956814859436
24956912329507,24957240134527
24956912329507,24957396189951
24956912329507,24957533072996
24956912329507,24957867826392
24957998698027,24957867826392
24957998698027,24958293221138
24957998698027,24958458118607
24957998698027,24958655282165
24957998698027,24958836887509
24958946681492,24958836887509
24958946681492,24959174415484
24958946681492,24959307558827
24958946681492,24959562031459
24958946681492,24959940829245
24958946681492,24960221348889
24960347049963,24960221348889
24960347049963,24960600808759
24960347049963,24960751297310
24960347049963,24960980566919
24960347049963,24961297414017
24961300353711,24961297414017
24961300353711,24961521910556
24961300353711,24961777623363
24961300353711,24961978380220
24961981542754,24961978380220
24961981542754,24962163662094
24961981542754,24962283948549
24961981542754,24962494141835
24961981542754,24962673621201
24961981542754,24962964266956
24963030169707,24962964266956
24963030169707,24963269553164
24963030169707,24963474841778
24963030169707,24963610464828
24963030169707,24963982300761
24964009459071,24963982300761
24964009459071,24964209488270
24964009459071,24964394598569
24964009459071,24964642760843
24964009459071,24964859620564
24964930843180,24964859620564
24964930843180,24965112605768
24964930843180,24965343747210
24964930843180,24965500875627
24964930843180,24965912240496
24965915267889,24965912240496
24965915267889,24966157626921
24965915267889,24966296241051
24965915267889,24966468951130
24965915267889,24966778222732
24966780837700,24966778222732
24966780837700,24967037568033
24966780837700,24967169258135
24966780837700,24967303712154
24966780837700,24967910143231
24967912971430,24967910143231
24967912971430,24968184469625
24967912971430,24968426370200
24967912971430,24968585281208
24967912971430,24968924886488
24968928322990,24968924886488
24968928322990,24969194310118
24968928322990,24969362075114
24968928322990,24969483493360
24969486591162,24969483493360
24969486591162,24969648352556
24969486591162,24969944289784
24969486591162,24970140560387
24969486591162,24970427180626
24969486591162,24970946891242
24970977044034,24970946891242
24970977044034,24971158097155
24970977044034,24971327160721
24970977044034,24971572909184
24970977044034,24971835449446
24971910264866,24971835449446
24971910264866,24972152157869
24971910264866,24972302161173
24971910264866,24972437663683
24971910264866,24972856296896
24972966131712,24972856296896
24972966131712,24973266944047
24972966131712,24973428541000
24972966131712,24973566518182
24972966131712,24973997231680
24972966131712,24974273013829
24974101274823,24974273013829
24974101274823,24974445884208
24974101274823,24974599703566
24974101274823,24974793450318
24974604291454,24974793450318
24974604291454,24974941552833
24974604291454,24975086947589
24974604291454,24975562740960
24974604291454,24975991815910
24976092127045,24975991815910
24976092127045,24976304295605
24976092127045,24976504435411
24976092127045,24976720541213
24976092127045,24976904757702
24976907443834,24976904757702
24976907443834,24977122819048
24976907443834,24977280460654
24976907443834,24977443544945
24977446086538,24977443544945
24977446086538,24977666830241
24977446086538,24977832321655
24977446086538,24978008301881
24977446086538,24978295922988
24977446086538,24978579313369
24978688264348,24978579313369
24978688264348,24978955891853
24978688264348,24979099240500
24978688264348,24979261085627
24978688264348,24979694906793
24979696796503,24979694906793
24979696796503,24979944413336
24979696796503,24980109603072
24979696796503,24980278306056
24979696796503,24980604474885
24980615399243,24980604474885
24980615399243,24980833013295
24980615399243,24980977096906
24980615399243,24981152080723
24980615399243,24981391606702
24980615399243,24981730149398
24981490378734,24981730149398
24981490378734,24981901215817
24981490378734,24982108891101
24982114883628,24982108891101
24982114883628,24982408954790
24982114883628,24982555702374
24982114883628,24982695838564
24982114883628,24982864233255
24982114883628,24983188579126
24983194180658,24983188579126
24983194180658,24983451172939
24983194180658,24983577339816
24983194180658,24983750002079
24983194180658,24984168105325
24984253094870,24984168105325
24984253094870,24984453151943
24984253094870,24984606443746
24984253094870,24984835499699
24984253094870,24985052383104
24984844353595,24985052383104
24984844353595,24985258041073
24984844353595,24985440501303
24984844353595,24985730236115
24985732376513,24985730236115
24985732376513,24985964797350
24985732376513,24986119308594
24985732376513,24986329185370
24985732376513,24986611824418
24986614595594,24986611824418
24986614595594,24986879729956
24986614595594,24987007896128
24986614595594,24987271332233
24986614595594,24987415366976
24987548058558,24987415366976
24987548058558,24987992964275
24987548058558,24988154703163
24987548058558,24988337537953
24987548058558,24988735780756
24987548058558,24989130237444
24989192613404,24989130237444
24989192613404,24989451322776
24989192613404,24989626178792
24989632501034,24989626178792
24989632501034,24989819115547
24989632501034,24989967320551
24989632501034,24990139843421
24989632501034,24990310848540
24989632501034,24990642957902
24989632501034,24990971247605
24991103326515,24990971247605
24991103326515,24991341139852
24991103326515,24991520306225
24991103326515,24991757534725
24991759843505,24991757534725
24991759843505,24991904611824
24991759843505,24992047368240
24991759843505,24992245228694
24991759843505,24992448116637
24991759843505,24993006567046
24993019217098,24993006567046
24993019217098,24993333331133
24993019217098,24993496109051
24993019217098,24993649131157
24993019217098,24993871405484
24993898459837,24993871405484
24993898459837,24994151766787
24993898459837,24994369574011
24993898459837,24994528629806
24993898459837,24994751242875
24994767415522,24994751242875
24994767415522,24994974708205
24994767415522,24995148987854
24994767415522,24995298419769
24994767415522,24995757168651
24995759293091,24995757168651
24995759293091,24995980715131
24995759293091,24996177440884
24995759293091,24996309678492
24996311251942,24996309678492
24996311251942,24996566334506
24996311251942,24996714565679
24996311251942,24996939305189
24996311251942,24997083028745
24996311251942,24997480665882
24997524671846,24997480665882
24997524671846,24997796577343
24997524671846,24997950390050
24997524671846,24998127067311
24997524671846,24998378080583
24998434788627,24998378080583
24998434788627,24998730020078
24998434788627,24998894034876
24998434788627,24999135399541
24998434788627,24999376506741
24999469137106,24999376506741
24999469137106,24999737061929
24999469137106,24999921292721
24999469137106,25000083763687
24999469137106,25000387168288
25000434617532,25000387168288
25000434617532,25000623650453
25000434617532,25000810271959
25000434617532,25001017172862
25000434617532,25001280475027
25001309027605,25001280475027
25001309027605,25001515531629
25001309027605,25001709372831
25001309027605,25001882784579
25001885280139,25001882784579
25001885280139,25002097569470
25001885280139,25002243629540
25001885280139,25002400200230
25001885280139,25002654963550
25001885280139,25003029053709
25003073993456,25003029053709
25003073993456,25003328851457
25003073993456,25003496926466
25003073993456,25003699276376
25003073993456,25003883783562
25003934872076,25003883783562
25003934872076,25004203344936
25003934872076,25004360421135
25003934872076,25004586628109
25003934872076,25004963210552
25003934872076,25005172023930
25004966673331,25005172023930
25004966673331,25005349447061
25004966673331,25005581448736
25004966673331,25005743920632
25005883187856,25005743920632
25005883187856,25006080731890
25005883187856,25006285990527
25005883187856,25006503278589
25005883187856,25006838302138
25006841048313,25006838302138
25006841048313,25007078981638
25006841048313,25007350350864
25006841048313,25007555043696
25006841048313,25007820977373
25007823393809,25007820977373
25007823393809,25008014130416
25007823393809,25008205538579
25007823393809,25008379829624
25008382524871,25008379829624
25008382524871,25008634672404
25008382524871,25008849103151
25008382524871,25009065319802
25008382524871,25009293746381
25008382524871,25009538633000
25009542201736,25009538633000
25009542201736,25009758708169
25009542201736,25009979471907
25009542201736,25010254950585
25009542201736,25010456355772
25010458901545,25010456355772
25010458901545,25010685253608
25010458901545,25010845386226
25010458901545,25011042401029
25011044578152,25011042401029
25011044578152,25011276183746
25011044578152,25011412222619
25011044578152,25011613099646
25011044578152,25011796108673
25011044578152,25012240544388
25012258264355,25012240544388
25012258264355,25012524110836
25012258264355,25012721013602
25012258264355,25012990805375
25012258264355,25013183966997
25013292419392,25013183966997
25013292419392,25013486249044
25013292419392,25013672971369
25013292419392,25013860000334
25013862370452,25013860000334
25013862370452,25014090932374
25013862370452,25014239219040
25013862370452,25014443789083
25013862370452,25014675226796
25013862370452,25015231413588
25013862370452,25015508980014
25015315649041,25015508980014
25015315649041,25015730907869
25015315649041,25015882124852
25015315649041,25016251352259
25016252655173,25016251352259
25016252655173,25016459388511
25016252655173,25016636814289
25016252655173,25016832393116
25016834872523,25016832393116
25016834872523,25017024631636
25016834872523,25017175557592
25016834872523,25017378187391
25016834872523,25017606072804
25016834872523,25018128826585
25018131871579,25018128826585
25018131871579,25018338033272
25018131871579,25018532561233
25018131871579,25018750865118
25018752427490,25018750865118
25018752427490,25018905323859
25018752427490,25019084160523
25018752427490,25019268437461
25018752427490,25019447135570
25018752427490,25019982357736
25019985728147,25019982357736
25019985728147,25020234251231
25019985728147,25020395414879
25019985728147,25020594136942
25019985728147,25020875981832
25020921176517,25020875981832
25020921176517,25021151637350
25020921176517,25021352769924
25021376699687,25021352769924
25021376699687,25021619472054
25021376699687,25021729744627
25021376699687,25021922463910
25021376699687,25022082415595
25021376699687,25022270042893
25022350784690,25022270042893
25022350784690,25022558209773
25022350784690,25022730001207
25022350784690,25022910647492
25022350784690,25023182414460
25022350784690,25023665149696
25023682771057,25023665149696
25023682771057,25023915408575
25023682771057,25024117327005
25023682771057,25024286710287
25023682771057,25024598084658
25024645812850,25024598084658
25024645812850,25024912288147
25024645812850,25025084184635
25024645812850,25025279617323
25025280874556,25025279617323
25025280874556,25025424611692
25025280874556,25025582039618
25025280874556,25025751819092
25025280874556,25025971276036
25025280874556,25026377076369
25026525499264,25026377076369
25026525499264,25026689480060
25026525499264,25026877959064
25026525499264,25027130934951
25027135560452,25027130934951
25027135560452,25027373049478
25027135560452,25027548794748
25027135560452,25027728551118
25027135560452,25027848237777
25027135560452,25028317209876
25028319987765,25028317209876
25028319987765,25028501684128
25028319987765,25028700392432
25028319987765,25028906543081
25028319987765,25029235743650
25028319987765,25029379115259
25029238499389,25029379115259
25029238499389,25029607709520
25029238499389,25029983696538
25029238499389,25030412734648
25030414854946,25030412734648
25030414854946,25030631311725
25030414854946,25030824489392
25030414854946,25030999628195
25030414854946,25031331139485
25031336764612,25031331139485
25031336764612,25031537720658
25031336764612,25031757774804
25031336764612,25031877257174
25031336764612,25032276932069
25032379357229,25032276932069
25032379357229,25032556344660
25032379357229,25032724272865
25032379357229,25032922163945
25032379357229,25033172346112
25032379357229,25033360613045
25033174800324,25033360613045
25033174800324,25033541916199
25033174800324,25033715617148
25033174800324,25034149397226
25034344833478,25034149397226
25034344833478,25034550149187
25034344833478,25034698990715
25034344833478,25034882753105
25034344833478,25035103266436
25035106061854,25035103266436
25035106061854,25035279916248
25035106061854,25035438515681
25035106061854,25035599593007
25035106061854,25036051792803
25036058348436,25036051792803
25036058348436,25036311791489
25036058348436,25036448720142
25036058348436,25036631437594
25036058348436,25037139808190
25037141226412,25037139808190
25037141226412,25037324987221
25037141226412,25037465217577
25037141226412,25037665254237
25037667293085,25037665254237
25037667293085,25037883734230
25037667293085,25038095977814
25037667293085,25038276862449
25037667293085,25038407396995
25037667293085,25038903500168
25038907447110,25038903500168
25038907447110,25039133201237
25038907447110,25039307532520
25038907447110,25039511185036
25038907447110,25039695781819
25039777176529,25039695781819
25039777176529,25040014860829
25039777176529,25040179627327
25039777176529,25040372582660
25040374774069,25040372582660
25040374774069,25040623592619
25040374774069,25040775290593
25040374774069,25040925323748
25040374774069,25041111387683
25040374774069,25041567337059
25041711158119,25041567337059
25041711158119,25041894252591
25041711158119,25042073098927
25041711158119,25042249857970
25041711158119,25042421369296
25042423619304,25042421369296
25042423619304,25042579940864
25042423619304,25042722608809
25042423619304,25042886340183
25042423619304,25043403892996
25043462898386,25043403892996
25043462898386,25043682121664
25043462898386,25043842274851
25043462898386,25044003635811
25044005050770,25044003635811
25044005050770,25044257366057
25044005050770,25044420768267
25044005050770,25044634225204
25044005050770,25044795483493
25044850796742,25044795483493
25044850796742,25045075855217
25044850796742,25045250498419
25044850796742,25045431224898
25044850796742,25045723167053
25044850796742,25046191765382
25046209472622,25046191765382
25046209472622,25046451343139
25046209472622,25046678243753
25046209472622,25046852175283
25046209472622,25047172475244
25047182665613,25047172475244
25047182665613,25047439216899
25047182665613,25047594707829
25047182665613,25047746377345
25047749401481,25047746377345
25047749401481,25047945488720
25047749401481,25048327146638
25047749401481,25048487382322
25047749401481,25048921515681
25047749401481,25049298664582
25049323458438,25049298664582
25049323458438,25049550479690
25049323458438,25049715487378
25049323458438,25049899019088
25049901393486,25049899019088
25049901393486,25050105660074
25049901393486,25050290751726
25049901393486,25050485049774
25049901393486,25050789884648
25049901393486,25051183702229
25051345578825,25051183702229
25051345578825,25051540391281
25051345578825,25051797956195
25051345578825,25051997423928
25051345578825,25052350156600
25052520528733,25052350156600
25052520528733,25052732239375
25052520528733,25052860496773
25052520528733,25053037907807
25052520528733,25053205604308
25053295061816,25053205604308
25053295061816,25053574463348
25053295061816,25053755222613
25053295061816,25053931114510
25053295061816,25054226926702
25054249511162,25054226926702
25054249511162,25054475613700
25054249511162,25054658651289
25054249511162,25054886065792
25054249511162,25055084601764
25054889292092,25055084601764
25054889292092,25055240706579
25054889292092,25055406374254
25054889292092,25055599981528
25054889292092,25056022323646
25056093827299,25056022323646
25056093827299,25056278653505
25056093827299,25056554176245
25056093827299,25056705296848
25056093827299,25057026836397
25057120191703,25057026836397
25057120191703,25057419322273
25057120191703,25057651067701
25057120191703,25057857331468
25057120191703,25058064413846
25058126027288,25058064413846
25058126027288,25058401303002
25058126027288,25058538612398
25058126027288,25058802420577
25058806903952,25058802420577
25058806903952,25058972059537
25058806903952,25059129245120
25058806903952,25059321224479
25058806903952,25059480642850
25058806903952,25059932535426
25060005144223,25059932535426
25060005144223,25060245235157
25060005144223,25060464977771
25060005144223,25060611131463
25060005144223,25060865144211
25060900360976,25060865144211
25060900360976,25061127758214
25060900360976,25061314606869
25060900360976,25061514278871
25060900360976,25061750838001
25061840878544,25061750838001
25061840878544,25062088321730
25061840878544,25062240462761
25061840878544,25062467168839
25062469102806,25062467168839
25062469102806,25062661853807
25062469102806,25062820434029
25062469102806,25063074061914
25062469102806,25063284138353
25062469102806,25063795018591
25063796825650,25063795018591
25063796825650,25064025626047
25063796825650,25064188696984
25063796825650,25064407348943
25064408634702,25064407348943
25064408634702,25064625652049
25064408634702,25064764489889
25064408634702,25064968471191
25064408634702,25065200249053
25064408634702,25065446238564
25065251360181,25065446238564
25065251360181,25065756255970
25065251360181,25065938249149
25065251360181,25066213220147
25065251360181,25066572319177
25066624085051,25066572319177
25066624085051,25066855663107
25066624085051,25067001993757
25066624085051,25067286949591
25067288879917,25067286949591
25067288879917,25067476664287
25067288879917,25067646710945
25067288879917,25067787701423
25067288879917,25067986238669
25067288879917,25068609603454
25068611819911,25068609603454
25068611819911,25068860833789
25068611819911,25069057228054
25068611819911,25069233381172
25068611819911,25069562054008
25069619503228,25069562054008
25069619503228,25069893957682
25069619503228,25070055216845
25069619503228,25070217775828
25070220623064,25070217775828
25070220623064,25070465115775
25070220623064,25070637240838
25070220623064,25070842984458
25070220623064,25071057626523
25070220623064,25071583173107
25071587130516,25071583173107
25071587130516,25071791279723
25071587130516,25072017470094
25071587130516,25072235211120
25072237727327,25072235211120
25072237727327,25072454258832
25072237727327,25072621633740
25072237727327,25072801099998
25072237727327,25072985857635
25072237727327,25073265829735
25073756651901,25073265829735
25073756651901,25073982293169
25073756651901,25074127085855
25073756651901,25074313316906
25073756651901,25074814994761
25074816285710,25074814994761
25074816285710,25075004541839
25074816285710,25075215315797
25074816285710,25075451124662
25074816285710,25075604920812
25075617355658,25075604920812
25075617355658,25075826353443
25075617355658,25076038926217
25075617355658,25076163292790
25076165886538,25076163292790
25076165886538,25076392415623
25076165886538,25076598870391
25076165886538,25076758863949
25076165886538,25077112419927
25076165886538,25077495086795
25077522356383,25077495086795
25077522356383,25077739317292
25077522356383,25077870398883
25077522356383,25078008922292
25077522356383,25078368991144
25078476525261,25078368991144
25078476525261,25078720653191
25078476525261,25078888594824
25078476525261,25079101949935
25078476525261,25079402330827
25078476525261,25079592361701
25079404878661,25079592361701
25079404878661,25079881170282
25079404878661,25080032337418
25079404878661,25080332380171
25080336919232,25080332380171
25080336919232,25080510524280
25080336919232,25080661766314
25080336919232,25080821823915
25080336919232,25081233309788
25081253461433,25081233309788
25081253461433,25081447829501
25081253461433,25081740238279
25081742937156,25081740238279
25081742937156,25081915309842
25081742937156,25082083099976
25081742937156,25082274828337
25081742937156,25082414405282
25081742937156,25082593682779
25082596207634,25082593682779
25082596207634,25082823566751
25082596207634,25082968848844
25082596207634,25083213318465
25082596207634,25083525224685
25082596207634,25083904482668
25083983744586,25083904482668
25083983744586,25084122369838
25083983744586,25084565216698
25083983744586,25084820598364
25083983744586,25084978255346
25083983744586,25085152264918
25084981503729,25085152264918
25084981503729,25085314454741
25084981503729,25085476711593
25084981503729,25085837407552
25085839307585,25085837407552
25085839307585,25086048147127
25085839307585,25086244841292
25085839307585,25086452996079
25085839307585,25086748111881
25086751856930,25086748111881
25086751856930,25086984639540
25086751856930,25087145486548
25086751856930,25087331246680
25086751856930,25087776703030
25087779148633,25087776703030
25087779148633,25088017197402
25087779148633,25088260423079
25087779148633,25088390593767
25087779148633,25088620772623
25088695667104,25088620772623
25088695667104,25088909857792
25088695667104,25089195497528
25088695667104,25089333476518
25088695667104,25089651314895
25089700862564,25089651314895
25089700862564,25089963116102
25089700862564,25090170533906
25089700862564,25090420517729
25089700862564,25090672073332
25090696482871,25090672073332
25090696482871,25090940201947
25090696482871,25091180130912
25090696482871,25091380835224
25091384061204,25091380835224
25091384061204,25091646460464
25091384061204,25091804294480
25091384061204,25091983488015
25091384061204,25092167290766
25091384061204,25092572232453
25092573428417,25092572232453
25092573428417,25092719132237
25092573428417,25092959254814
25092573428417,25093155328624
25093157807649,25093155328624
25093157807649,25093335399778
25093157807649,25093490130759
25093157807649,25093680229517
25093157807649,25093959430086
25093157807649,25094288359879
25094291409404,25094288359879
25094291409404,25094486950762
25094291409404,25094702202447
25094291409404,25094956569669
25094291409404,25095176987336
25095300599975,25095176987336
25095300599975,25095520515163
25095300599975,25095682237895
25095300599975,25095924201620
25095300599975,25096209061509
25096211993889,25096209061509
25096211993889,25096404385669
25096211993889,25096605878229
25096211993889,25096734925359
25096211993889,25097100638154
25097149157950,25097100638154
25097149157950,25097428647502
25097149157950,25097654633255
25097149157950,25097803855563
25097808333620,25097803855563
25097808333620,25097987078301
25097808333620,25098159357375
25097808333620,25098308102245
25097808333620,25098629859050
25097808333620,25099126047711
25099127811415,25099126047711
25099127811415,25099301600232
25099127811415,25099553990910
25099127811415,25099757659879
25099127811415,25100038813587
25100082854435,25100038813587
25100082854435,25100309408368
25100082854435,25100531976631
25100082854435,25100684751240
25100082854435,25100844573091
25100686991259,25100844573091
25100686991259,25101067090937
25100686991259,25101276473824
25100686991259,25101531765036
25100686991259,25101982837162
25102009949629,25101982837162
25102009949629,25102293835612
25102009949629,25102443951738
25102009949629,25102682335822
25102687641008,25102682335822
25102687641008,25102932249246
25102687641008,25103067619765
25102687641008,25103242174071
25102687641008,25103473520682
25102687641008,25103882131581
25103926112877,25103882131581
25103926112877,25104153814309
25103926112877,25104378026910
25103926112877,25104551996389
25103926112877,25104871772127
25104882381931,25104871772127
25104882381931,25105122161866
25104882381931,25105398595864
25104882381931,25105567014319
25104882381931,25105710188976
25106168851467,25105710188976
25106168851467,25106335392979
25106168851467,25106576612550
25106168851467,25106732747238
25106168851467,25106905927464
25107059167040,25106905927464
25107059167040,25107240450092
25107059167040,25107496826156
25107059167040,25107644346784
25107059167040,25107994988144
25107997669089,25107994988144
25107997669089,25108181268375
25107997669089,25108363138149
25107997669089,25108533025508
25107997669089,25108901028544
25108902877302,25108901028544
25108902877302,25109162837989
25108902877302,25109354952951
25108902877302,25109502367512
25108902877302,25109916258035
25109918489607,25109916258035
25109918489607,25110067666238
25109918489607,25110285341100
25109918489607,25110529581652
25109918489607,25110834046694
25110836896501,25110834046694
25110836896501,25111066235239
25110836896501,25111198317890
25110836896501,25111447682225
25111449553788,25111447682225
25111449553788,25111608773823
25111449553788,25111775257971
25111449553788,25111940913379
25111449553788,25112115956326
25111449553788,25112638135061
25112640530320,25112638135061
25112640530320,25112882488050
25112640530320,25113038115859
25112640530320,25113177686280
25112640530320,25113564908081
25113571631518,25113564908081
25113571631518,25113774486047
25113571631518,25113954250632
25113571631518,25114096398665
25113571631518,25114535139457
25114548242795,25114535139457
25114548242795,25114813479334
25114548242795,25115019041022
25114548242795,25115181215426
25114548242795,25115338095554
25115429673828,25115338095554
25115429673828,25115717414943
25115429673828,25115890524906
25115429673828,25116034541745
25115429673828,25116212346802
25116342039151,25116212346802
25116342039151,25116580262485
25116342039151,25116762169334
25116342039151,25116940216958
25116342039151,25117240401945
25117269927482,25117240401945
25117269927482,25117477519339
25117269927482,25117667351591
25117269927482,25117859113848
25117269927482,25118276235647
25118278849141,25118276235647
25118278849141,25118529058187
25118278849141,25118678311897
25118278849141,25118858849410
25118278849141,25119312275450
25119314904836,25119312275450
25119314904836,25119547215711
25119314904836,25119786826961
25119314904836,25119977110136
25120051461398,25119977110136
25120051461398,25120336148438
25120051461398,25120512927925
25120051461398,25120643652444
25120051461398,25120787586822
25120051461398,25121202165683
25121210293250,25121202165683
25121210293250,25121455310760
25121210293250,25121589838693
25121210293250,25121766350536
25121210293250,25122190118474
25122192535432,25122190118474
25122192535432,25122471280329
25122192535432,25122658177791
25122192535432,25122909378500
25122192535432,25123208639388
25123210079549,25123208639388
25123210079549,25123430451147
25123210079549,25123629091631
25123210079549,25123849404900
25123210079549,25124163361003
25123210079549,25124325171708
25124328191929,25124325171708
25124328191929,25124521394897
25124328191929,25124696968630
25124328191929,25124857781033
25124698297162,25124857781033
25124698297162,25125022218196
25124698297162,25125189069748
25124698297162,25125369900326
25124698297162,25125601199505
25125603050944,25125601199505
25125603050944,25125821739998
25125603050944,25125935717707
25125603050944,25126052573950
25125603050944,25126169175209
25125603050944,25126275191109
25126276666639,25126275191109
25126276666639,25126381809436
25126276666639,25126471441120
25126276666639,25126596333696
25126276666639,25126708641731
