24636704090871,24637887821971
24636704090871,24638249183572
24638296278859,24638249183572
24638296278859,24638562642736
24638296278859,24638775105754
24638296278859,24639017651605
24638296278859,24639238724156
24639289714221,24639238724156
24639289714221,24639540904036
24639289714221,24639661130655
24639289714221,24639881063954
24639289714221,24640076640654
24639884402340,24640076640654
24639884402340,24640260798405
24639884402340,24640426300687
24639884402340,24640759620544
24639884402340,24641060200269
24641153575208,24641060200269
24641153575208,24641423284292
24641153575208,24641570983101
24641153575208,24641776527495
24641153575208,24642212785138
24642215494596,24642212785138
24642215494596,24642450847693
24642215494596,24642616309253
24642215494596,24642786592908
24642215494596,24642999252670
24643006423131,24642999252670
24643006423131,24643184879943
24643006423131,24643487420097
24643006423131,24643674443259
24643006423131,24643881835278
24643914365697,24643881835278
24643914365697,24644129435408
24643914365697,24644329404438
24643914365697,24644531387296
24643914365697,24644800179353
24644873863767,24644800179353
24644873863767,24645105602777
24644873863767,24645319284320
24644873863767,24645462528378
24644873863767,24645912001979
24645914110232,24645912001979
24645914110232,24646118395529
24645914110232,24646268930311
24645914110232,24646441252735
24646443228662,24646441252735
24646443228662,24646644706204
24646443228662,24646783804407
24646443228662,24646982941774
24646443228662,24647196619024
24647277915579,24647196619024
24647277915579,24647521379655
24647277915579,24647712039766
24647277915579,24647922768209
24647277915579,24648241097723
24647277915579,24648615810791
24648725523991,24648615810791
24648725523991,24648922910243
24648725523991,24649153273799
24648725523991,24649308930719
24648725523991,24649686270756
24649689136804,24649686270756
24649689136804,24649947033965
24649689136804,24650082211567
24649689136804,24650227929801
24649689136804,24650544188539
24650758317302,24650544188539
24650758317302,24650949612467
24650758317302,24651103556598
24650758317302,24651251886065
24650758317302,24651564151012
24651566545938,24651564151012
24651566545938,24651775100177
24651566545938,24651983643886
24651566545938,24652169122193
24651566545938,24652478828027
24652498654411,24652478828027
24652498654411,24652785439987
24652498654411,24652974990862
24652498654411,24653094203592
24652498654411,24653497186533
24653540425991,24653497186533
24653540425991,24653795388889
24653540425991,24653997907809
24653540425991,24654141598749
24653540425991,24654540366344
24654543379226,24654540366344
24654543379226,24654821631328
24654543379226,24654984465893
24654543379226,24655162931651
24654543379226,24655360970779
24655477105046,24655360970779
24655477105046,24655713296801
24655477105046,24655874443501
24655477105046,24656033174460
24656034477690,24656033174460
24656034477690,24656299419827
24656034477690,24656393874628
24656034477690,24656518398768
24656034477690,24657314517439
24657317197668,24657314517439
24657317197668,24657573249888
24657317197668,24657734952111
24657317197668,24657868665536
24657317197668,24658009268757
24658047764099,24658009268757
24658047764099,24658305492040
24658047764099,24658543203170
24658047764099,24658696335684
24658047764099,24659082450682
24659083812553,24659082450682
24659083812553,24659383856510
24659083812553,24659579736702
24659083812553,24659761300854
24659083812553,24660150461979
24659083812553,24660408092999
24660541837172,24660408092999
24660541837172,24660795267461
24660541837172,24660969196141
24660541837172,24661144926298
24660541837172,24661427533917
24661537734669,24661427533917
24661537734669,24661784083612
24661537734669,24661910672365
24661537734669,24662105665778
24661537734669,24662468230818
24662470212943,24662468230818
24662470212943,24662745935911
24662470212943,24662933062797
24662470212943,24663114720883
24663117532049,24663114720883
24663117532049,24663346290595
24663117532049,24663454898075
24663117532049,24663639757191
24663117532049,24663911407258
24663117532049,24664242210222
24664318402616,24664242210222
24664318402616,24664590435247
24664318402616,24664768264649
24664318402616,24665014958482
24664318402616,24665298224282
24665311636422,24665298224282
24665311636422,24665558369362
24665311636422,24665764261925
24665311636422,24665910108219
24665915322143,24665910108219
24665915322143,24666127113582
24665915322143,24666282345565
24665915322143,24666460266040
24665915322143,24666635044992
24665915322143,24667217767424
24667220830764,24667217767424
24667220830764,24667503099166
24667220830764,24667642626699
24667220830764,24667814035152
24667220830764,24668094830968
24668098160932,24668094830968
24668098160932,24668324773040
24668098160932,24668496721111
24668098160932,24668735197636
24668737239306,24668735197636
24668737239306,24668939492723
24668737239306,24669155714137
24668737239306,24669325148773
24668737239306,24669506949155
24668737239306,24669908437403
24669985806491,24669908437403
24669985806491,24670233239849
24669985806491,24670473078569
24669985806491,24670677123357
24669985806491,24670849928704
24670681712081,24670849928704
24670681712081,24671006377309
24670681712081,24671174265959
24670681712081,24671375169382
24670681712081,24671847244693
24671850099333,24671847244693
24671850099333,24672136116543
24671850099333,24672405199022
24671850099333,24672589160893
24672591484926,24672589160893
24672591484926,24672739375592
24672591484926,24672879648294
24672591484926,24673053167296
24672591484926,24673199211751
24672591484926,24673668339914
24673670739790,24673668339914
24673670739790,24673902692481
24673670739790,24674041115545
24673670739790,24674186583214
24673670739790,24674571502780
24674614519006,24674571502780
24674614519006,24674869343994
24674614519006,24675097167656
24674614519006,24675310792163
24674614519006,24675448385111
24675554622348,24675448385111
24675554622348,24675833211411
24675554622348,24675967250605
24675554622348,24676236025534
24675554622348,24676527066412
24676528399301,24676527066412
24676528399301,24676721065107
24676528399301,24676911332205
24676528399301,24677085899403
24676528399301,24677405932763
24677466983465,24677405932763
24677466983465,24677717221064
24677466983465,24677869969976
24677466983465,24678042300781
24678045182837,24678042300781
24678045182837,24678229605723
24678045182837,24678392726181
24678045182837,24678669002172
24678045182837,24678937051102
24678045182837,24679207826978
24679327181474,24679207826978
24679327181474,24679539763849
24679327181474,24679706197339
24679327181474,24679853635814
24679327181474,24680274880992
24680276581911,24680274880992
24680276581911,24680445083463
24680276581911,24680611061516
24680276581911,24680857529680
24680276581911,24681125903120
24681182633603,24681125903120
24681182633603,24681347153950
24681182633603,24681625161907
24681182633603,24681785277156
24681791982189,24681785277156
24681791982189,24681997855100
24681791982189,24682181825526
24681791982189,24682339304104
24681791982189,24682589736183
24681791982189,24683118895148
24683184850974,24683118895148
24683184850974,24683406766355
24683184850974,24683617966543
24683184850974,24683770638177
24683184850974,24684026643070
24684144518467,24684026643070
24684144518467,24684284512738
24684144518467,24684565099538
24684144518467,24684725513379
24684144518467,24685109521589
24685169951066,24685109521589
24685169951066,24685480940465
24685169951066,24685759220382
24685169951066,24685959861275
24685169951066,24686092441483
24686094965587,24686092441483
24686094965587,24686305125047
24686094965587,24686485087014
24686094965587,24686857443255
24686877627462,24686857443255
24686877627462,24687115111142
24686877627462,24687349848737
24686877627462,24687575304499
24686877627462,24687813474033
24686877627462,24688201968540
24688306740689,24688201968540
24688306740689,24688583811994
24688306740689,24688821461791
24688306740689,24688986223314
24688989021944,24688986223314
24688989021944,24689215115695
24688989021944,24689344362094
24688989021944,24689549341914
24688989021944,24689746395934
24688989021944,24690133791650
24690199451232,24690133791650
24690199451232,24690513627547
24690199451232,24690770454404
24690199451232,24690922594901
24690199451232,24691075540284
24691167236264,24691075540284
24691167236264,24691352960795
24691167236264,24691530948790
24691167236264,24691711265601
24691167236264,24692041613336
24692158503002,24692041613336
24692158503002,24692413129464
24692158503002,24692644828648
24692158503002,24692816749346
24692158503002,24693100866368
24693104209095,24693100866368
24693104209095,24693396190022
24693104209095,24693548030396
24693104209095,24693725793882
24693104209095,24693937860927
24694000743765,24693937860927
24694000743765,24694327246915
24694000743765,24694505955640
24694000743765,24694651828969
24694000743765,24694997228435
24694999869208,24694997228435
24694999869208,24695145239819
24694999869208,24695359548823
24694999869208,24695525439228
24695528477738,24695525439228
24695528477738,24695762891372
24695528477738,24695944509241
24695528477738,24696102566095
24695528477738,24696343361499
24695528477738,24696889600858
24697007555680,24696889600858
24697007555680,24697144710380
24697007555680,24697392153265
24697007555680,24697562719821
24697007555680,24697970326314
24697974064579,24697970326314
24697974064579,24698173256627
24697974064579,24698329409789
24697974064579,24698483111346
24698489231476,24698483111346
24698489231476,24698691439722
24698489231476,24698915240483
24698489231476,24699097461385
24698489231476,24699247428155
24698489231476,24699731784266
24699733381991,24699731784266
24699733381991,24700001249047
24699733381991,24700139661376
24699733381991,24700574529633
24699733381991,24700783019384
24700913608566,24700783019384
24700913608566,24701189054585
24700913608566,24701341239653
24700913608566,24701494328727
24701496827815,24701494328727
24701496827815,24701762140601
24701496827815,24701923787052
24701496827815,24702119699286
24701496827815,24702263895976
24702283362906,24702263895976
24702283362906,24702569315529
24702283362906,24702860850062
24702283362906,24703015225104
24702283362906,24703186928141
24702283362906,24703643253552
24703912267777,24703643253552
24703912267777,24704132825886
24703912267777,24704356652613
24703912267777,24704516284076
24703912267777,24704704906137
24703912267777,24704881120490
24704882906190,24704881120490
24704882906190,24705073191565
24704882906190,24705272290637
24704882906190,24705553153129
24705554856131,24705553153129
24705554856131,24705777207162
24705554856131,24705950931034
24705554856131,24706154641893
24706531509231,24706154641893
24706531509231,24706764043850
24706531509231,24706951179805
24706531509231,24707104177297
24706531509231,24707272162433
24706531509231,24707437358487
24707439830061,24707437358487
24707439830061,24707641211507
24707439830061,24707798446750
24707439830061,24707989465383
24707439830061,24708281073253
24708414191829,24708281073253
24708414191829,24708660652575
24708414191829,24708810041696
24708414191829,24709044264711
24708414191829,24709307697871
24709378945683,24709307697871
24709378945683,24709632884914
24709378945683,24709934992506
24709378945683,24710131425695
24709378945683,24710286447180
24710392992635,24710286447180
24710392992635,24710652881197
24710392992635,24710862868058
24710392992635,24710982146350
24710985031916,24710982146350
24710985031916,24711227015109
24710985031916,24711420944482
24710985031916,24711634882042
24710985031916,24711778996120
24711810904709,24711778996120
24711810904709,24712047166760
24711810904709,24712212464748
24711810904709,24712324952145
24711810904709,24713002183541
24711810904709,24713460424362
24713526695954,24713460424362
24713526695954,24713775818668
24713526695954,24713897917327
24713526695954,24714202502711
24713526695954,24714462212381
24714464129048,24714462212381
24714464129048,24714636722974
24714464129048,24714843131664
24714464129048,24715052466237
24714464129048,24715347528483
24715413907310,24715347528483
24715413907310,24715687985960
24715413907310,24715867990457
24715413907310,24716026381932
24715413907310,24716335631456
24716336802179,24716335631456
24716336802179,24716576239459
24716336802179,24716755387462
24716336802179,24716972759224
24716336802179,24717272893091
24717275677507,24717272893091
24717275677507,24717524905925
24717275677507,24717663386737
24717275677507,24717835965807
24717275677507,24718170626122
24718212302487,24718170626122
24718212302487,24718504606403
24718212302487,24718705421773
24718212302487,24718879029221
24718212302487,24719189355185
24719252599367,24719189355185
24719252599367,24719496324683
24719252599367,24719713734985
24719252599367,24719927123885
24719929443076,24719927123885
24719929443076,24720137090913
24719929443076,24720307276251
24719929443076,24720464858982
24719929443076,24720643150441
24719929443076,24720989621101
24721122564533,24720989621101
24721122564533,24721339942563
24721122564533,24721626183609
24721122564533,24721740973483
24721744303758,24721740973483
24721744303758,24721928373755
24721744303758,24722096606399
24721744303758,24722269337349
24721744303758,24722471610651
24721744303758,24722940687053
24723011179228,24722940687053
24723011179228,24723257584801
24723011179228,24723411346750
24723011179228,24723563086907
24723011179228,24723880959100
24723924254465,24723880959100
24723924254465,24724153235903
24723924254465,24724300025864
24723924254465,24724470146370
24723924254465,24724814389941
24724855835407,24724814389941
24724855835407,24725091719201
24724855835407,24725306643955
24724855835407,24725467260506
24725469940300,24725467260506
24725469940300,24725747059296
24725469940300,24725895843695
24725469940300,24726063364931
24725469940300,24726224812897
24725469940300,24726674279695
24726687677421,24726674279695
24726687677421,24726889830508
24726687677421,24727124670344
24726687677421,24727398042690
24727403107883,24727398042690
24727403107883,24727614124787
24727403107883,24727769865347
24727403107883,24727978178689
24727403107883,24728149281119
24727403107883,24728608288919
24728610565069,24728608288919
24728610565069,24728804262277
24728610565069,24729062292934
24728610565069,24729302020151
24728610565069,24729478510586
24729480918181,24729478510586
24729480918181,24729659200022
24729480918181,24729853755689
24729480918181,24730051636250
24730054296650,24730051636250
24730054296650,24730301293406
24730054296650,24730446568673
24730054296650,24730571178309
24730054296650,24730813472681
24730054296650,24731250741431
24731341437596,24731250741431
24731341437596,24731619581377
24731341437596,24731766715793
24731341437596,24731987376572
24731341437596,24732379385365
24732382564745,24732379385365
24732382564745,24732669065137
24732382564745,24732861159343
24732382564745,24733031501304
24732382564745,24733344168880
24733354795457,24733344168880
24733354795457,24733675023566
24733354795457,24733807179068
24733354795457,24733984050973
24733986218460,24733984050973
24733986218460,24734236727156
24733986218460,24734406348062
24733986218460,24734583839654
24733986218460,24734726590518
24733986218460,24735097927245
24735099549266,24735097927245
24735099549266,24735383431730
24735099549266,24735548353918
24735099549266,24735709056887
24735711825548,24735709056887
24735711825548,24735952048881
24735711825548,24736102197507
24735711825548,24736331022948
24735711825548,24736537257772
24735711825548,24736928054813
24736961621175,24736928054813
24736961621175,24737182902921
24736961621175,24737324618017
24736961621175,24737497354012
24736961621175,24737802407616
24737852064783,24737802407616
24737852064783,24738067651698
24737852064783,24738268291609
24737852064783,24738425297919
24737852064783,24738641577380
24738748208659,24738641577380
24738748208659,24738972735993
24738748208659,24739120693666
24738748208659,24739299793940
24739302611784,24739299793940
24739302611784,24739493459446
24739302611784,24739625939580
24739302611784,24739780457650
24739302611784,24740255166346
24739302611784,24740622353589
24740766544715,24740622353589
24740766544715,24741012082958
24740766544715,24741218741958
24740766544715,24741365333558
24740766544715,24741592828384
24741596102414,24741592828384
24741596102414,24741823537562
24741596102414,24742066966003
24741596102414,24742231308702
24741596102414,24742452191070
24742477752874,24742452191070
24742477752874,24742750444207
24742477752874,24742980128036
24742477752874,24743119341511
24743121351283,24743119341511
24743121351283,24743297217507
24743121351283,24743440938079
24743121351283,24743578054494
24743121351283,24743759587088
24743121351283,24744270508025
24744351637744,24744270508025
24744351637744,24744588772128
24744351637744,24744783516849
24744351637744,24744924373226
24744351637744,24745387560725
24745389499066,24745387560725
24745389499066,24745621085418
24745389499066,24745822067511
24745389499066,24745999253840
24746002423355,24745999253840
24746002423355,24746230184454
24746002423355,24746403901480
24746002423355,24746537859118
24746002423355,24746802183770
24746002423355,24747217374815
24747222362813,24747217374815
24747222362813,24747521299572
24747222362813,24747741052059
24747222362813,24747939707352
24747946689995,24747939707352
24747946689995,24748121750927
24747946689995,24748262001777
24747946689995,24748451187862
24747946689995,24748636726824
24747946689995,24749129504998
24749132686408,24749129504998
24749132686408,24749376878662
24749132686408,24749521856974
24749132686408,24749784400473
24749132686408,24750031611764
24750145146450,24750031611764
24750145146450,24750412151484
24750145146450,24750694638955
24750145146450,24750890462118
24750145146450,24751160173092
24751161970408,24751160173092
24751161970408,24751386258227
24751161970408,24751647603341
24751161970408,24751865670191
24751161970408,24752079198400
24751161970408,24752316247230
24752093798833,24752316247230
24752093798833,24752464967761
24752093798833,24752664369247
24752093798833,24753002866264
24753005805114,24753002866264
24753005805114,24753205081139
24753005805114,24753484242763
24753005805114,24753666243553
24753005805114,24753814134194
24753839822483,24753814134194
24753839822483,24754064630323
24753839822483,24754266654157
24753839822483,24754454224646
24753839822483,24754775182435
24754841382353,24754775182435
24754841382353,24755128207689
24754841382353,24755283435723
24754841382353,24755426303228
24754841382353,24755822083864
24755874465705,24755822083864
24755874465705,24756102436424
24755874465705,24756274959529
24755874465705,24756457575636
24756459382894,24756457575636
24756459382894,24756725327382
24756459382894,24756944346182
24756459382894,24757110466046
24756459382894,24757251314768
24756459382894,24757713048613
24757714517008,24757713048613
24757714517008,24757920164369
24757714517008,24758124610778
24757714517008,24758281164655
24758331119671,24758281164655
24758331119671,24758525431346
24758331119671,24758708258246
24758331119671,24758874996380
24758331119671,24759031277189
24758331119671,24759412589335
24759511052060,24759412589335
24759511052060,24759739339905
24759511052060,24759915477902
24759511052060,24760098597018
24759511052060,24760356693165
24760759886788,24760356693165
24760759886788,24760980755647
24760759886788,24761221473017
24760759886788,24761383687278
24760759886788,24761648402471
24761666330108,24761648402471
24761666330108,24761898338811
24761666330108,24762085089548
24761666330108,24762370512532
24761666330108,24762547222086
24762649964772,24762547222086
24762649964772,24762915344734
24762649964772,24763066562058
24762649964772,24763246326703
24763248944859,24763246326703
24763248944859,24763489623386
24763248944859,24763674712842
24763248944859,24763810886481
24763248944859,24763980351291
24764018537021,24763980351291
24764018537021,24764274821510
24764018537021,24764492116801
24764018537021,24764712202719
24764018537021,24764848062535
24764018537021,24765443853326
24765448551168,24765443853326
24765448551168,24765686694260
24765448551168,24765842425713
24765448551168,24766008494260
24765448551168,24766274871104
24766304934123,24766274871104
24766304934123,24766471062641
24766304934123,24766702980907
24766304934123,24766905644109
24766304934123,24767196301235
24767198865408,24767196301235
24767198865408,24767403275475
24767198865408,24767635427779
24767198865408,24767784185010
24767785945231,24767784185010
24767785945231,24768024571961
24767785945231,24768219938752
24767785945231,24768400254380
24767785945231,24768597143352
24767785945231,24769160133051
24769162565950,24769160133051
24769162565950,24769394336735
24769162565950,24769551212992
24769162565950,24769689380649
24769690641578,24769689380649
24769690641578,24769909966560
24769690641578,24770034457140
24769690641578,24770185259076
24769690641578,24770518152191
24770520412998,24770518152191
24770520412998,24770683453749
24770520412998,24770913317514
24770520412998,24771257208223
24770520412998,24771660134262
24772069385934,24771660134262
24772069385934,24772305092190
24772069385934,24772505396340
24772069385934,24772694823357
24772069385934,24772902895894
24772069385934,24773080705306
24773082983845,24773080705306
24773082983845,24773276304419
24773082983845,24773441401036
24773082983845,24773613229341
24773082983845,24773821217771
24773824753278,24773821217771
24773824753278,24774051983013
24773824753278,24774242248788
24773824753278,24774401298238
24773824753278,24774625206973
24774643371374,24774625206973
24774643371374,24774978804871
24774643371374,24775121438527
24774643371374,24775269273775
24775271746236,24775269273775
24775271746236,24775499368128
24775271746236,24775719823318
24775271746236,24775900693370
24775271746236,24776025527600
24776045345888,24776025527600
24776045345888,24776294203409
24776045345888,24776429501645
24776045345888,24776646153871
24776045345888,24776933237078
24776045345888,24777353209449
24777394133694,24777353209449
24777394133694,24777706591034
24777394133694,24777856672446
24777394133694,24778042727182
24777394133694,24778395746993
24778401017087,24778395746993
24778401017087,24778614498059
24778401017087,24778758896655
24778401017087,24778999209514
24778401017087,24779248507300
24779266753854,24779248507300
24779266753854,24779495211936
24779266753854,24779674934787
24779266753854,24779874120355
24779878788727,24779874120355
24779878788727,24780088421877
24779878788727,24780282094758
24779878788727,24780433161094
24779878788727,24780797702425
24780799333494,24780797702425
24780799333494,24780997622407
24780799333494,24781154090935
24780799333494,24781322380865
24780799333494,24781731606203
24780799333494,24781996220017
24782097045326,24781996220017
24782097045326,24782345969046
24782097045326,24782531437314
24782097045326,24782683387723
24782097045326,24783084326078
24783115044176,24783084326078
24783115044176,24783363270599
24783115044176,24783514341879
24783115044176,24783729205367
24783115044176,24783981579250
24784036686577,24783981579250
24784036686577,24784263436961
24784036686577,24784467361041
24784036686577,24784657286133
24784660535805,24784657286133
24784660535805,24784836234868
24784660535805,24785003179525
24784660535805,24785189802307
24784660535805,24785433288665
24784660535805,24785870602021
24785906284723,24785870602021
24785906284723,24786150268554
24785906284723,24786353054599
24785906284723,24786481018535
24786482238597,24786481018535
24786482238597,24786777054347
24786482238597,24786941295428
24786482238597,24787110056262
24786482238597,24787343261028
24786482238597,24787824357373
24787877838279,24787824357373
24787877838279,24788101917528
24787877838279,24788361418215
24787877838279,24788549576085
24787877838279,24788767332547
24788804146101,24788767332547
24788804146101,24789113389505
24788804146101,24789274265855
24788804146101,24789461270653
24788804146101,24789834905098
24789863799971,24789834905098
24789863799971,24790101586478
24789863799971,24790342841064
24789863799971,24790556022947
24789863799971,24790752182361
24790760643330,24790752182361
24790760643330,24791081560595
24790760643330,24791228612352
24790760643330,24791398574669
24790760643330,24791673815309
24790760643330,24791892281573
24791713077289,24791892281573
24791713077289,24792076085101
24791713077289,24792261939602
24791713077289,24792548775857
24792550643999,24792548775857
24792550643999,24792792997156
24792550643999,24792993088195
24792550643999,24793201642362
24793208561658,24793201642362
24793208561658,24793404635153
24793208561658,24793546420600
24793208561658,24793719380072
24793208561658,24793954111055
24793966802163,24793954111055
24793966802163,24794276959621
24793966802163,24794484293663
24793966802163,24794621151059
24793966802163,24794924683559
24793966802163,24795216442819
24795335978641,24795216442819
24795335978641,24795556051245
24795335978641,24795727722056
24795335978641,24795945898886
24795335978641,24796630534197
24796648511379,24796630534197
24796648511379,24796804252958
24796648511379,24797039723841
24796648511379,24797194401587
24796648511379,24797530448046
24797588148729,24797530448046
24797588148729,24797834917035
24797588148729,24797967189043
24797588148729,24798110544278
24797588148729,24798453759499
24798476682508,24798453759499
24798476682508,24798767190386
24798476682508,24798966067905
24798476682508,24799135085309
24799137095400,24799135085309
24799137095400,24799340076587
24799137095400,24799463203557
24799137095400,24799595887129
24799137095400,24799982483613
24799137095400,24800378340734
24800381888805,24800378340734
24800381888805,24800585045311
24800381888805,24800820981764
24800381888805,24800970157236
24800381888805,24801313431452
24801316891380,24801313431452
24801316891380,24801530565014
24801316891380,24801669493018
24801316891380,24801865479319
24801867734214,24801865479319
24801867734214,24802096293496
24801867734214,24802264996182
24801867734214,24802419043313
24801867734214,24802593311601
24801867734214,24802985329130
24803140244024,24802985329130
24803140244024,24803355377359
24803140244024,24803573763422
24803140244024,24803764310054
24803140244024,24804012841340
24804103136099,24804012841340
24804103136099,24804303208220
24804103136099,24804524609533
24804103136099,24804720741705
24804103136099,24805008214394
24805047822486,24805008214394
24805047822486,24805295281415
24805047822486,24805574223678
24805047822486,24805729183210
24805047822486,24805931477984
24805996761789,24805931477984
24805996761789,24806209247787
24805996761789,24806408132030
24805996761789,24806586275985
24805996761789,24806917286853
24806921964109,24806917286853
24806921964109,24807127053135
24806921964109,24807306103227
24806921964109,24807444431350
24806921964109,24807824170767
24807891558025,24807824170767
24807891558025,24808133831727
24807891558025,24808325635018
24807891558025,24808536217740
24807891558025,24808714069725
24808799647845,24808714069725
24808799647845,24809028266254
24808799647845,24809247257350
24808799647845,24809419041553
24808799647845,24809733725383
24809783053895,24809733725383
24809783053895,24810017302208
24809783053895,24810167304003
24809783053895,24810326268234
24810329525297,24810326268234
24810329525297,24810544962054
24810329525297,24810747353159
24810329525297,24810925892778
24810329525297,24811147942547
24810329525297,24811565243046
24811666468063,24811565243046
24811666468063,24811836680525
24811666468063,24812142618960
24811666468063,24812295755040
24812298162354,24812295755040
24812298162354,24812449782707
24812298162354,24812664341528
24812298162354,24812823821925
24812298162354,24812950810992
24812298162354,24813584417359
24813586361261,24813584417359
24813586361261,24813839831945
24813586361261,24813978542755
24813586361261,24814142541629
24813586361261,24814412331441
24814414798896,24814412331441
24814414798896,24814684043545
24814414798896,24814904315791
24814414798896,24815071902149
24815073862523,24815071902149
24815073862523,24815232988470
24815073862523,24815432765751
24815073862523,24815594429998
24815073862523,24815771339197
24815073862523,24816077748635
24816216952007,24816077748635
24816216952007,24816551544253
24816216952007,24816665612015
24816216952007,24816886025655
24816216952007,24817113223029
24817172955718,24817113223029
24817172955718,24817372766792
24817172955718,24817498408543
24817172955718,24817657606611
24817172955718,24818055581616
24818104631758,24818055581616
24818104631758,24818371813143
24818104631758,24818547686423
24818104631758,24818773524903
24818104631758,24818958313961
24819022990428,24818958313961
24819022990428,24819575929178
24819022990428,24820166185376
24819022990428,24820371243187
24819022990428,24820728115605
24820731783734,24820728115605
24820731783734,24820989217962
24820731783734,24821168218693
24820731783734,24821319386207
24821324994731,24821319386207
24821324994731,24821501315515
24821324994731,24821664951638
24821324994731,24821837084834
24821324994731,24822094735509
24821324994731,24822479898595
24822482287093,24822479898595
24822482287093,24822766248520
24822482287093,24822989807480
24822482287093,24823151291956
24822482287093,24823284841207
24823411870120,24823284841207
24823411870120,24823593347406
24823411870120,24823797180601
24823411870120,24823986311997
24823411870120,24824389234217
24824576057706,24824389234217
24824576057706,24824798757539
24824576057706,24824968441283
24824576057706,24825137933090
24825140832319,24825137933090
24825140832319,24825253596672
24825140832319,24825709376234
24825140832319,24825907722722
24825140832319,24826111191245
24825140832319,24826487422178
24826512158725,24826487422178
24826512158725,24826745611608
24826512158725,24826893053744
24826512158725,24827062734416
24826512158725,24827377242606
24827454308086,24827377242606
24827454308086,24827603800630
24827454308086,24827785160357
24827454308086,24828022188110
24827454308086,24828293965626
24828404196368,24828293965626
24828404196368,24828670376483
24828404196368,24828830148621
24828404196368,24829023055937
24828404196368,24829318461196
24829320749576,24829318461196
24829320749576,24829557656420
24829320749576,24829744194328
24829320749576,24829927191076
24829320749576,24830091342115
24830216751444,24830091342115
24830216751444,24830471732499
24830216751444,24830625362798
24830216751444,24830813165544
24830216751444,24831125154302
24831139507352,24831125154302
24831139507352,24831446199408
24831139507352,24831611315959
24831139507352,24831813298584
24831139507352,24832102079691
24832104399223,24832102079691
24832104399223,24832337748812
24832104399223,24832482674910
24832104399223,24832638935682
24832672011970,24832638935682
24832672011970,24832879294564
24832672011970,24833008856516
24832672011970,24833177435683
24832672011970,24833442239220
24832672011970,24833933392170
24833935171492,24833933392170
24833935171492,24834218125799
24833935171492,24834359616915
24833935171492,24834524207085
24833935171492,24834746995681
24834877782791,24834746995681
24834877782791,24835122529321
24834877782791,24835341564296
24834877782791,24835542694466
24834877782791,24835753943075
24835850668370,24835753943075
24835850668370,24836094917961
24835850668370,24836273694395
24835850668370,24836527074730
24835850668370,24836869226103
24836872565379,24836869226103
24836872565379,24837121960614
24836872565379,24837316106593
24836872565379,24837507830599
24836872565379,24837779435923
24837798535777,24837779435923
24837798535777,24838027884335
24837798535777,24838168614702
24837798535777,24838379156754
24838382872142,24838379156754
24838382872142,24838636041513
24838382872142,24838841494226
24838382872142,24839005386672
24838382872142,24839143115279
24838382872142,24839649734766
24839653368084,24839649734766
24839653368084,24839912700944
24839653368084,24840085143483
24839653368084,24840307212636
24839653368084,24840700247569
24840721208875,24840700247569
24840721208875,24840978051664
24840721208875,24841227703731
24841230099802,24841227703731
24841230099802,24841417981641
24841230099802,24841588115621
24841230099802,24841728855760
24841230099802,24841946634547
24841230099802,24842140080138
24841230099802,24842521443709
24842634639447,24842521443709
24842634639447,24842874084427
24842634639447,24843017567726
24842634639447,24843164812423
24842634639447,24843521255550
24843613755504,24843521255550
24843613755504,24843933538951
24843613755504,24844102087832
24843613755504,24844290387381
24843613755504,24844506067631
24844558544116,24844506067631
24844558544116,24844695140340
24844558544116,24844935089715
24844558544116,24845122749361
24845137942710,24845122749361
24845137942710,24845416082474
24845137942710,24845596074289
24845137942710,24845773150264
24845137942710,24845939936001
24845137942710,24846373305494
24846378996934,24846373305494
24846378996934,24846583364063
24846378996934,24846768334169
24846378996934,24846953231110
24846378996934,24847331018198
24847382420151,24847331018198
24847382420151,24847595877823
24847382420151,24847865648079
24847382420151,24848004689387
24847382420151,24848229527058
24848283778384,24848229527058
24848283778384,24848550863325
24848283778384,24848757925034
24848283778384,24848916719882
24848283778384,24849094237731
24849164261556,24849094237731
24849164261556,24849437197843
24849164261556,24849597233620
24849164261556,24849727798649
24849730127120,24849727798649
24849730127120,24849923530411
24849730127120,24850117885480
24849730127120,24850276180871
24849730127120,24850520899663
24849730127120,24850916111775
24851051871955,24850916111775
24851051871955,24851344499077
24851051871955,24851497121389
24851051871955,24851661239710
24851051871955,24851982270330
24851984083178,24851982270330
24851984083178,24852193591634
24851984083178,24852357518012
24851984083178,24852507797455
24852510670065,24852507797455
24852510670065,24852760012940
24852510670065,24852934269522
24852510670065,24853130373811
24852510670065,24853446646338
24853450724280,24853446646338
24853450724280,24853709277488
24853450724280,24853866613920
24853450724280,24854046050607
24853450724280,24854343091392
24853450724280,24854630251401
24854663487316,24854630251401
24854663487316,24854954493720
24854663487316,24855126370732
24854663487316,24855310233318
24854663487316,24855495571281
24855505857866,24855495571281
24855505857866,24855981306281
24855505857866,24856177314520
24855505857866,24856349897689
24855505857866,24856708638391
24856711000664,24856708638391
24856711000664,24856928125383
24856711000664,24857118977365
24856711000664,24857299266813
24856711000664,24857603079272
24857638877128,24857603079272
24857638877128,24857840257010
24857638877128,24858034488209
24857638877128,24858163904381
24857638877128,24858333036515
24858167050354,24858333036515
24858167050354,24858551401198
24858167050354,24858687972845
24858167050354,24859027824622
24859030404088,24859027824622
24859030404088,24859217882610
24859030404088,24859426911108
24859030404088,24859637042237
24859030404088,24859946237265
24859030404088,24860348971855
24860369990385,24860348971855
24860369990385,24860511890255
24860369990385,24860780739023
24860369990385,24860917468604
24860369990385,24861296215308
24861368174243,24861296215308
24861368174243,24861653027421
24861368174243,24861778803627
24861368174243,24861997374989
24862001977425,24861997374989
24862001977425,24862216171757
24862001977425,24862360841237
24862001977425,24862536056695
24862001977425,24862806376129
24862001977425,24863572795573
24863575851027,24863572795573
24863575851027,24863727417934
24863575851027,24863936660692
24863575851027,24864125288800
24863575851027,24864517253092
24864519430237,24864517253092
24864519430237,24864747048160
24864519430237,24864961896561
24864519430237,24865165525608
24865168397329,24865165525608
24865168397329,24865348919923
24865168397329,24865475296085
24865168397329,24865630716238
24865168397329,24865907314285
24865168397329,24866278446522
24866371908951,24866278446522
24866371908951,24866587333711
24866371908951,24866792101898
24866371908951,24866959472832
24866371908951,24867272497556
24867348545300,24867272497556
24867348545300,24867557484630
24867348545300,24867925709348
24867348545300,24868096928279
24867348545300,24868314996655
24868318995952,24868314996655
24868318995952,24868532687577
24868318995952,24868704109148
24868318995952,24868931758908
24868318995952,24869234566185
24869236427424,24869234566185
24869236427424,24869420276991
24869236427424,24869605024285
24869236427424,24869777028805
24869236427424,24870114785396
24870221514007,24870114785396
24870221514007,24870520295030
24870221514007,24870674952252
24870221514007,24870811141510
24870221514007,24871182475965
24871195128724,24871182475965
24871195128724,24871457585842
24871195128724,24871617840471
24871195128724,24871865231582
24871195128724,24872116800086
24872228699451,24872116800086
24872228699451,24872462328289
24872228699451,24872639312463
24872228699451,24872812270855
24872815015363,24872812270855
24872815015363,24873064096523
24872815015363,24873260467519
24872815015363,24873434637774
24872815015363,24873646389301
24872815015363,24874062252183
24874083258519,24874062252183
24874083258519,24874279543855
24874083258519,24874586129139
24874083258519,24874768709187
24874083258519,24875046071087
24875051529604,24875046071087
24875051529604,24875265406225
24875051529604,24875449469942
24875051529604,24875606149798
24875051529604,24876018258988
24876021149724,24876018258988
24876021149724,24876260613828
24876021149724,24876420109716
24876021149724,24876595179991
24876021149724,24876844143673
24876867812947,24876844143673
24876867812947,24877109676222
24876867812947,24877265920522
24876867812947,24877409451613
24877411672015,24877409451613
24877411672015,24877708570004
24877411672015,24877889127118
24877411672015,24878084084982
24877411672015,24878242265592
24877411672015,24878667267682
24878751308196,24878667267682
24878751308196,24879032869176
24878751308196,24879184531243
24878751308196,24879383395911
24879384835277,24879383395911
24879384835277,24879618328895
24879384835277,24879802870358
24879384835277,24879971436387
24879384835277,24880114714128
24879384835277,24880544020036
24880546293570,24880544020036
24880546293570,24880797001504
24880546293570,24880990148055
24880546293570,24881112864278
24880546293570,24881277795873
24881377221086,24881277795873
24881377221086,24881569265854
24881377221086,24881818625928
24881377221086,24881986599386
24881988749610,24881986599386
24881988749610,24882229969449
24881988749610,24882390106163
24881988749610,24882553326286
24881988749610,24882789901197
24881988749610,24883208127798
24883212826085,24883208127798
24883212826085,24883423819301
24883212826085,24883612340971
24883212826085,24883824149046
24883212826085,24884103337747
24884141673965,24884103337747
24884141673965,24884353188908
24884141673965,24884567555441
24884141673965,24884764684692
24884141673965,24885012052954
24885021216878,24885012052954
24885021216878,24885241263252
24885021216878,24885384625196
24885021216878,24885611196462
24885616665776,24885611196462
24885616665776,24885834122358
24885616665776,24885985296135
24885616665776,24886132308172
24885616665776,24886338123939
24885616665776,24886805270588
24886807694886,24886805270588
24886807694886,24887135218567
24886807694886,24887301680602
24886807694886,24887495740771
24887498879356,24887495740771
24887498879356,24887676771525
24887498879356,24887865268993
24887498879356,24888002216589
24887498879356,24888286624964
24888412053695,24888286624964
24888412053695,24888631270148
24888412053695,24888822475522
24888412053695,24889089845756
24888412053695,24889230476639
24888412053695,24889687787940
24889524248160,24889687787940
24889524248160,24889820505566
24889524248160,24890005740916
24889524248160,24890288725145
24889524248160,24890701256500
24890759141915,24890701256500
24890759141915,24891013704506
24890759141915,24891159250465
24890759141915,24891326472539
24890759141915,24891695935708
24891791071629,24891695935708
24891791071629,24892031975154
24891791071629,24892218689890
24891791071629,24892363191661
24892365239553,24892363191661
24892365239553,24892616435804
24892365239553,24892828501916
24892365239553,24892982367577
24892365239553,24893139542231
24892365239553,24893634235887
24893636100450,24893634235887
24893636100450,24893829782648
24893636100450,24894021606594
24893636100450,24894503217768
24893636100450,24894788077172
24894884094705,24894788077172
24894884094705,24895162414841
24894884094705,24895310610779
24894884094705,24895481832572
24894884094705,24895757404251
24895760749791,24895757404251
24895760749791,24896009461696
24895760749791,24896166065936
24895760749791,24896310588224
24895760749791,24896689116662
24896690662047,24896689116662
24896690662047,24896989337448
24896690662047,24897163294754
24896690662047,24897355929003
24896690662047,24897523853874
24897526591968,24897523853874
24897526591968,24897784275145
24897526591968,24897955952179
24897526591968,24898088962708
24897526591968,24898637540848
24897526591968,24898963768825
24898967770518,24898963768825
24898967770518,24899123500741
24898967770518,24899258626553
24899263513260,24899258626553
24899263513260,24899500418376
24899263513260,24899677449580
24899263513260,24899868841700
24899263513260,24900114102520
24899263513260,24900557291289
24900559431702,24900557291289
24900559431702,24900791092223
24900559431702,24900963129636
24900559431702,24901215542391
24900559431702,24901490160732
24901503528456,24901490160732
24901503528456,24901742035687
24901503528456,24901887352049
24901503528456,24902035126442
24901503528456,24902390100692
24902401114980,24902390100692
24902401114980,24902677848452
24902401114980,24902858951292
24902401114980,24903047374721
24902401114980,24903402946243
24903452096142,24903402946243
24903452096142,24903666961484
24903452096142,24903908385520
24903452096142,24904076935761
24904080335296,24904076935761
24904080335296,24904250416107
24904080335296,24904402465028
24904080335296,24904560986348
24904080335296,24904774400520
24904080335296,24905176598077
24905293861442,24905176598077
24905293861442,24905512544574
24905293861442,24905697116586
24905293861442,24905870212219
24905293861442,24906355139872
24906357674284,24906355139872
24906357674284,24906655903169
24906357674284,24906811527430
24906357674284,24906954078331
24906956556794,24906954078331
24906956556794,24907196305372
24906956556794,24907368413494
24906956556794,24907532044869
24906956556794,24907681384161
24906956556794,24908090455074
24908127147172,24908090455074
24908127147172,24908353108368
24908127147172,24908617219695
24908127147172,24908786348126
24908127147172,24908972653883
24909067275505,24908972653883
24909067275505,24909379683803
24909067275505,24909544882893
24909067275505,24909709347777
24909067275505,24910096142110
24910097526842,24910096142110
24910097526842,24910617297746
24910097526842,24910780687771
24910097526842,24910966505326
24910970756171,24910966505326
24910970756171,24911255824684
24910970756171,24911443382140
24910970756171,24911585929396
24910970756171,24911734723859
24910970756171,24912132542592
24912151476975,24912132542592
24912151476975,24912333936192
24912151476975,24912526029980
24912151476975,24912657613327
24912151476975,24913142824359
24913145269419,24913142824359
24913145269419,24913416294249
24913145269419,24913592665237
24913145269419,24913743878118
24913746381575,24913743878118
24913746381575,24913982361425
24913746381575,24914132634994
24913746381575,24914332239778
24913746381575,24914583228766
24913746381575,24915093043453
24915103155847,24915093043453
24915103155847,24915369295171
24915103155847,24915591645643
24915103155847,24915724608335
24915103155847,24915984406009
24915988302696,24915984406009
24915988302696,24916178561136
24915988302696,24916371914461
24915988302696,24916511394145
24915988302696,24916891016815
24916893784857,24916891016815
24916893784857,24917116132269
24916893784857,24917298956178
24916893784857,24917484546800
24916893784857,24917994241536
24918000305376,24917994241536
24918000305376,24918239871957
24918000305376,24918400106235
24918000305376,24918559088332
24918000305376,24918717489154
24918912275181,24918717489154
24918912275181,24919054349339
24918912275181,24919183932791
24918912275181,24919410791055
24918912275181,24919563530613
24919718870904,24919563530613
24919718870904,24919928168041
24919718870904,24920125747806
24919718870904,24920297767016
24919718870904,24920602901763
24919718870904,24920834544265
24920608320634,24920834544265
24920608320634,24921049889622
24920608320634,24921207297956
24920608320634,24921549112195
24921569841362,24921549112195
24921569841362,24921827556249
24921569841362,24922043930648
24921569841362,24922208843230
24921569841362,24922403466680
24922416438567,24922403466680
24922416438567,24922623518753
24922416438567,24922823179398
24922416438567,24922972348232
24922416438567,24923325552078
24923328313488,24923325552078
24923328313488,24923563764039
24923328313488,24923790324865
24923328313488,24923951589901
24923328313488,24924312254971
24924315405251,24924312254971
24924315405251,24924596324817
24924315405251,24924792806671
24924315405251,24924943248707
24924315405251,24925285799736
24925290783820,24925285799736
24925290783820,24925529573626
24925290783820,24925720926066
24925290783820,24925864273433
24925290783820,24926215606275
24926218588003,24926215606275
24926218588003,24926407846953
24926218588003,24926546091019
24926218588003,24926689634269
24926691986608,24926689634269
24926691986608,24926876736768
24926691986608,24927107486954
24926691986608,24927308191950
24926691986608,24927624278956
24926691986608,24927869163977
24927950861909,24927869163977
24927950861909,24928241965325
24927950861909,24928396313206
24927950861909,24928584996690
24927950861909,24928905089320
24928994517429,24928905089320
24928994517429,24929212970954
24928994517429,24929410164117
24928994517429,24929653166001
24928994517429,24929780101913
24929968065889,24929780101913
24929968065889,24930210274450
24929968065889,24930409112844
24929968065889,24930630756699
24929968065889,24930924041118
24930978893820,24930924041118
24930978893820,24931245857347
24930978893820,24931412504879
24930978893820,24931651786350
24930978893820,24931988411340
24931990943302,24931988411340
24931990943302,24932243095112
24931990943302,24932437360430
24931990943302,24932637821274
24931990943302,24932958925844
24932961864383,24932958925844
24932961864383,24933170215063
24932961864383,24933335228279
24932961864383,24933459514068
24933462108542,24933459514068
24933462108542,24933725383763
24933462108542,24933890422963
24933462108542,24934051307840
24933462108542,24934320875194
24933462108542,24934829113231
24934831523953,24934829113231
24934831523953,24935101200405
24934831523953,24935217241102
24934831523953,24935397709320
24934831523953,24935713145725
24935805411933,24935713145725
24935805411933,24936004585069
24935805411933,24936212444438
24935805411933,24936366988002
24936368299485,24936366988002
24936368299485,24936588502642
24936368299485,24936759817425
24936368299485,24936918560495
24936368299485,24937265138090
24937267920313,24937265138090
24937267920313,24937437275577
24937267920313,24937676259495
24937267920313,24937872469899
24937267920313,24938045082482
24938101395894,24938045082482
24938101395894,24938315628790
24938101395894,24938548792978
24938101395894,24938699050063
24938101395894,24938993768883
24938101395894,24939512905096
24939515577863,24939512905096
24939515577863,24939797185361
24939515577863,24939977174507
24939515577863,24940157982925
24939515577863,24940357788283
24940457913349,24940357788283
24940457913349,24940684103512
24940457913349,24940888828330
24940457913349,24941118479781
24940457913349,24941372264885
24941485819469,24941372264885
24941485819469,24941707365293
24941485819469,24941851045964
24941485819469,24942114341725
24941485819469,24942426502648
24942428586838,24942426502648
24942428586838,24942749154567
24942428586838,24942935319175
24942428586838,24943128421626
24942428586838,24943271866946
24943308546077,24943271866946
24943308546077,24943509404029
24943308546077,24943706201477
24943308546077,24943918348382
24943308546077,24944185567129
24944263421301,24944185567129
24944263421301,24944504731036
24944263421301,24944692555406
24944263421301,24944977383490
24944263421301,24945260312868
24945262350356,24945260312868
24945262350356,24945559121229
24945262350356,24945732358313
24945262350356,24945920291386
24945922524355,24945920291386
24945922524355,24946070138848
24945922524355,24946214846070
24945922524355,24946437055392
24945922524355,24946582124776
24945922524355,24947027423959
24947088678376,24947027423959
24947088678376,24947309152266
24947088678376,24947521192157
24947088678376,24947682935079
24947088678376,24948121989179
24948124183235,24948121989179
24948124183235,24948341367065
24948124183235,24948535108987
24948124183235,24948737403356
24948124183235,24948961915612
24948963629856,24948961915612
24948963629856,24949197549754
24948963629856,24949434167796
24948963629856,24949610494762
24948963629856,24949924609579
24949999854164,24949924609579
24949999854164,24950197509289
24949999854164,24950392950698
24949999854164,24950840245105
24949999854164,24951304568819
24951307147977,24951304568819
24951307147977,24951584389478
24951307147977,24951724901232
24951307147977,24951893422053
24951307147977,24952158682880
24952227116124,24952158682880
24952227116124,24952492878262
24952227116124,24952710240117
24952227116124,24952882463756
24952227116124,24953185556824
24953187885051,24953185556824
24953187885051,24953368912042
24953187885051,24953584043383
24953187885051,24953722968747
24953724314106,24953722968747
24953724314106,24953994238406
24953724314106,24954132358623
24953724314106,24954289167170
24953724314106,24954587219435
24953724314106,24955034438770
24955036092471,24955034438770
24955036092471,24955268029125
24955036092471,24955442388161
24955036092471,24955632089334
24955036092471,24955969781943
24956019071798,24955969781943
24956019071798,24956250535293
24956019071798,24956476269781
24956019071798,24956672789370
24956019071798,24956891497319
24956987484713,24956891497319
24956987484713,24957251744722
24956987484713,24957466811140
24956987484713,24957657866022
24956987484713,24957858235594
24957962157526,24957858235594
24957962157526,24958135543166
24957962157526,24958444176342
24957962157526,24958588168038
24958592085542,24958588168038
24958592085542,24958875906592
24958592085542,24959050386316
24958592085542,24959236273672
24958592085542,24959431843670
24958592085542,24959937883964
24959939184955,24959937883964
24959939184955,24960172676589
24959939184955,24960374685505
24959939184955,24960601070376
24959939184955,24960840642195
24960870412391,24960840642195
24960870412391,24961052080674
24960870412391,24961289381226
24960870412391,24961472296493
24961474782909,24961472296493
24961474782909,24961679633848
24961474782909,24961811466369
24961474782909,24962014159724
24961474782909,24962160431558
24961474782909,24962622435801
24962764166410,24962622435801
24962764166410,24962964359480
24962764166410,24963212600846
24962764166410,24963409385827
24962764166410,24963557196263
24963610851590,24963557196263
24963610851590,24963808672116
24963610851590,24963972898234
24963610851590,24964188839754
24963610851590,24964646103550
24964843167585,24964646103550
24964843167585,24965125679211
24964843167585,24965312810693
24964843167585,24965448278403
24964843167585,24965616323023
24964843167585,24965772281438
24965774669247,24965772281438
24965774669247,24965943204591
24965774669247,24966116392246
24965774669247,24966614992769
24966635715297,24966614992769
24966635715297,24966825138821
24966635715297,24967024344634
24966635715297,24967191391778
24967207394158,24967191391778
24967207394158,24967375179304
24967207394158,24967638049405
24967207394158,24967828777112
24967207394158,24968004227246
24967207394158,24968578926223
24968582495730,24968578926223
24968582495730,24968804328145
24968582495730,24968963962597
24968582495730,24969180649445
24969182195771,24969180649445
24969182195771,24969451058498
24969182195771,24969612343655
24969182195771,24969758560329
24969182195771,24969962653484
24969182195771,24970356909709
24970481443750,24970356909709
24970481443750,24970712123599
24970481443750,24970869939681
24970481443750,24971123910593
24970481443750,24971336115343
24971439750009,24971336115343
24971439750009,24971664222654
24971439750009,24971898099319
24971439750009,24972087111338
24972088549168,24972087111338
24972088549168,24972238699511
24972088549168,24972376222079
24972088549168,24972547183290
24972088549168,24972740949182
24972088549168,24973477204363
24973590819526,24973477204363
24973590819526,24973777314917
24973590819526,24974007939324
24973590819526,24974229901371
24973590819526,24974479129597
24974483300088,24974479129597
24974483300088,24974711031554
24974483300088,24974910602849
24974483300088,24975097048880
24974483300088,24975374357213
24975419101544,24975374357213
24975419101544,24975673769701
24975419101544,24975813174343
24975419101544,24976010032865
24975419101544,24976310110241
24976313499390,24976310110241
24976313499390,24976610947186
24976313499390,24976755995000
24976313499390,24976931149198
24976313499390,24977303996505
24977311814510,24977303996505
24977311814510,24977595468016
24977311814510,24977742690072
24977311814510,24977873144286
24977311814510,24978193978325
24978267261597,24978193978325
24978267261597,24978546162386
24978267261597,24978710159585
24978267261597,24978989347615
24978267261597,24979259431729
24979261640170,24979259431729
24979261640170,24979523274148
24979261640170,24979697994351
24979261640170,24979946892823
24979261640170,24980218337716
24980242091619,24980218337716
24980242091619,24980483283745
24980242091619,24980624464115
24980242091619,24980839355854
24980242091619,24981119093912
24981321544275,24981119093912
24981321544275,24981503747565
24981321544275,24981654597355
24981321544275,24981801327387
24981321544275,24982041868234
24981321544275,24982323183464
24982119621596,24982323183464
24982119621596,24982528677841
24982119621596,24982740248710
24982119621596,24983179036512
24983186660167,24983179036512
24983186660167,24983451448285
24983186660167,24983593671019
24983186660167,24983789679792
24983793076965,24983789679792
24983793076965,24984036299955
24983793076965,24984157306788
24983793076965,24984295160538
24983793076965,24984544857516
24983793076965,24984987334986
24985004545758,24984987334986
24985004545758,24985236614145
24985004545758,24985442130294
24985004545758,24985645418666
24985004545758,24985840195273
24985648344389,24985840195273
24985648344389,24985994410147
24985648344389,24986176141946
24985648344389,24986442243939
24985648344389,24986845742388
24986920565710,24986845742388
24986920565710,24987177730863
24986920565710,24987335771839
24986920565710,24987540253296
24986920565710,24987993370345
24988224234418,24987993370345
24988224234418,24988476197351
24988224234418,24988683911235
24988224234418,24988872997782
24988875248377,24988872997782
24988875248377,24989036001236
24988875248377,24989208629641
24988875248377,24989420288744
24988875248377,24989566414506
24988875248377,24990122877761
24990154876570,24990122877761
24990154876570,24990420038263
24990154876570,24990606105421
24990154876570,24990795211580
24990799540675,24990795211580
24990799540675,24990975514897
24990799540675,24991116935790
24990799540675,24991306660537
24990799540675,24991487152065
24990799540675,24991981251873
24992005652856,24991981251873
24992005652856,24992196680719
24992005652856,24992347338441
24992005652856,24992547835467
24992550654619,24992547835467
24992550654619,24992787675087
24992550654619,24992961721554
24992550654619,24993190178747
24992550654619,24993486804802
24992550654619,24993855668615
24993857930165,24993855668615
24993857930165,24994107230613
24993857930165,24994409155516
24993857930165,24994607647871
24993857930165,24994751550735
24994831128927,24994751550735
24994831128927,24995081548701
24994831128927,24995264075127
24994831128927,24995415778810
24995419227396,24995415778810
24995419227396,24995685482536
24995419227396,24995903790494
24995419227396,24996071064281
24995419227396,24996215451666
24995419227396,24996578088770
24996644244101,24996578088770
24996644244101,24996899796556
24996644244101,24997083530410
24996644244101,24997203924084
24997205391830,24997203924084
24997205391830,24997451380288
24997205391830,24997693517514
24997205391830,24997936313951
24997205391830,24998104564328
24997205391830,24998469683321
24998502822663,24998469683321
24998502822663,24998737800017
24998502822663,24998936868111
24998502822663,24999157367955
24998502822663,24999390310049
24999393245158,24999390310049
24999393245158,24999625355533
24999393245158,24999842094432
24999393245158,25000023561696
24999393245158,25000204402477
25000218106495,25000204402477
25000218106495,25000404242957
25000218106495,25000642187567
25000218106495,25000816342076
25000218106495,25001055317138
25001104701052,25001055317138
25001104701052,25001310840322
25001104701052,25001532892216
25001104701052,25001749316855
25001104701052,25001972688123
25002077957474,25001972688123
25002077957474,25002375112208
25002077957474,25002546568307
25002077957474,25002693586348
25002696111874,25002693586348
25002696111874,25002935319496
25002696111874,25003158093001
25002696111874,25003306564643
25002696111874,25003468941821
25002696111874,25003900619745
25003908413643,25003900619745
25003908413643,25004151528686
25003908413643,25004375567962
25003908413643,25004543434641
25003908413643,25004837666877
25004852927424,25004837666877
25004852927424,25005065322765
25004852927424,25005282976849
25004852927424,25005485574078
25005488930383,25005485574078
25005488930383,25005669886566
25005488930383,25005843284587
25005488930383,25006020780607
25005488930383,25006284949239
25006287583444,25006284949239
25006287583444,25006518382346
25006287583444,25006832618034
25006287583444,25006984401294
25006287583444,25007239041932
25006287583444,25007602416638
25007604798451,25007602416638
25007604798451,25007835677585
25007604798451,25008026991427
25007604798451,25008261483833
25007604798451,25008519242167
25008586961327,25008519242167
25008586961327,25008859979720
25008586961327,25009067433224
25008586961327,25009284755076
25008586961327,25009426433273
25009432876882,25009426433273
25009432876882,25009605442166
25009432876882,25010215611926
25009432876882,25010504401574
25009432876882,25010708924173
25009432876882,25010849645449
25010851845135,25010849645449
25010851845135,25011014690962
25010851845135,25011187251923
25010851845135,25011328942117
25011330307178,25011328942117
25011330307178,25011599907286
25011330307178,25011744998417
25011330307178,25011926122867
25011330307178,25012417103018
25012419903641,25012417103018
25012419903641,25012722393149
25012419903641,25012866105352
25012419903641,25013040630103
25012419903641,25013207352116
25013237995784,25013207352116
25013237995784,25013504872383
25013237995784,25013708326737
25013237995784,25013921748186
25013237995784,25014288442194
25014332730857,25014288442194
25014332730857,25014512351105
25014332730857,25014713893356
25014332730857,25014872387942
25014874553056,25014872387942
25014874553056,25015083774153
25014874553056,25015308382466
25014874553056,25015457149635
25014874553056,25015670132666
25014874553056,25016229871837
25016233534654,25016229871837
25016233534654,25016466068337
25016233534654,25016604739331
25016233534654,25016734299290
25016736884655,25016734299290
25016736884655,25016921079432
25016736884655,25017120284540
25016736884655,25017316967391
25016736884655,25017644678038
25017649951228,25017644678038
25017649951228,25017837176347
25017649951228,25018004284657
25017649951228,25018205730187
25017649951228,25018518426642
25017649951228,25018912545530
25018922781601,25018912545530
25018922781601,25019144500648
25018922781601,25019346586212
25018922781601,25019501418786
25018922781601,25019815684637
25019871824700,25019815684637
25019871824700,25020103424923
25019871824700,25020257748234
25019871824700,25020454550604
25019871824700,25020876126431
25019871824700,25021083523623
25020885103483,25021083523623
25020885103483,25021392895491
25020885103483,25021542982080
25020885103483,25021684374782
25021703618155,25021684374782
25021703618155,25022008872476
25021703618155,25022174063253
25021703618155,25022342658088
25021703618155,25022701340134
25021703618155,25022836191261
25022703105915,25022836191261
25022703105915,25023057938097
25022703105915,25023200427880
25022703105915,25023539735652
25023667341344,25023539735652
25023667341344,25023910665595
25023667341344,25024199142050
25023667341344,25024399152974
25023667341344,25024581468163
25024660244009,25024581468163
25024660244009,25024910585181
25024660244009,25025128417507
25024660244009,25025323272862
25024660244009,25025590030971
25024660244009,25025801900688
25025592888622,25025801900688
25025592888622,25025990964264
25025592888622,25026143344199
25026145050230,25026143344199
25026145050230,25026410304598
25026145050230,25026575193626
25026145050230,25026795087436
25026145050230,25027007814833
25027010341323,25027007814833
25027010341323,25027204432904
25027010341323,25027379341946
25027010341323,25027609486613
25027010341323,25027826031769
25027010341323,25028309133902
25028368275640,25028309133902
25028368275640,25028612357672
25028368275640,25028853372003
25028368275640,25029061532455
25028368275640,25029360050150
25029365684090,25029360050150
25029365684090,25029603162394
25029365684090,25029726971623
25029365684090,25029814727256
25029365684090,25030461701207
25030691371650,25030461701207
25030691371650,25030874927357
25030691371650,25031001152635
25030691371650,25031195166721
25030691371650,25031358658501
25031196486605,25031358658501
25031196486605,25031516129601
25031196486605,25031727935859
25031196486605,25031908737562
25031196486605,25032472513885
25032474278330,25032472513885
25032474278330,25032738037407
25032474278330,25032908906782
25032474278330,25033049516723
25032474278330,25033357916660
25033396330181,25033357916660
25033396330181,25033645637250
25033396330181,25033826881194
25033396330181,25033953383786
25033396330181,25034199160889
25034236436930,25034199160889
25034236436930,25034410069280
25034236436930,25034583137269
25034236436930,25034777156784
25034236436930,25035209351037
25035212709047,25035209351037
25035212709047,25035470256193
25035212709047,25035667962371
25035212709047,25035844201583
25035848228758,25035844201583
25035848228758,25036070942842
25035848228758,25036244565916
25035848228758,25036411467291
25035848228758,25036529782465
25036617723230,25036529782465
25036617723230,25036918192525
25036617723230,25037048724968
25036617723230,25037240677836
25036617723230,25037500840406
25037608762593,25037500840406
25037608762593,25037899936378
25037608762593,25038064842282
25037608762593,25038218700645
25037608762593,25038534778245
25038537118563,25038534778245
25038537118563,25038750795743
25038537118563,25038937733659
25038537118563,25039147300524
25038537118563,25039332198966
25039457141447,25039332198966
25039457141447,25039708501685
25039457141447,25039874418301
25039457141447,25040030579829
25039457141447,25040221728301
25039457141447,25040633140162
25040752773785,25040633140162
25040752773785,25040973015373
25040752773785,25041130325314
25040752773785,25041346803767
25040752773785,25041614361425
25041692211680,25041614361425
25041692211680,25041978301495
25041692211680,25042135973179
25041692211680,25042279135682
25042282823805,25042279135682
25042282823805,25042465974261
25042282823805,25042639948329
25042282823805,25042874757115
25042282823805,25043012693231
25042282823805,25043442067788
25043539527971,25043442067788
25043539527971,25043782200964
25043539527971,25043929825880
25043539527971,25044107326650
25043539527971,25044371544360
25044433377747,25044371544360
25044433377747,25044692241685
25044433377747,25044846761776
25044433377747,25045066513678
25045070178197,25045066513678
25045070178197,25045292061032
25045070178197,25045438001899
25045070178197,25045630256768
25045070178197,25045906305027
25045070178197,25046447682629
25046450599431,25046447682629
25046450599431,25046691793362
25046450599431,25046853630332
25046450599431,25046997758624
25046450599431,25047173863429
25047175399546,25047173863429
25047175399546,25047432829921
25047175399546,25047673432260
25047175399546,25047860763977
25047175399546,25048404975044
25048486221669,25048404975044
25048486221669,25048755901739
25048486221669,25048929246594
25048486221669,25049137126166
25048486221669,25049330746041
25049340105471,25049330746041
25049340105471,25049587411786
25049340105471,25049808156958
25049340105471,25050068260039
25049340105471,25050272203006
25050299803727,25050272203006
25050299803727,25050537049535
25050299803727,25050731246121
25050299803727,25050886291097
25050299803727,25051245217559
25051263586548,25051245217559
25051263586548,25051459537603
25051263586548,25051626730693
25051263586548,25051825114359
25051263586548,25052252284185
25052316600238,25052252284185
25052316600238,25052556290949
25052316600238,25052831564612
25052316600238,25053054827592
25053056763941,25053054827592
25053056763941,25053230735043
25053056763941,25053351794090
25053056763941,25053523327217
25053056763941,25053732909732
25053743214632,25053732909732
25053743214632,25054024763212
25053743214632,25054192993895
25053743214632,25054386401273
25053743214632,25054648156334
25053743214632,25054860045717
25054691310518,25054860045717
25054691310518,25055136167261
25054691310518,25055306796592
25054691310518,25055570265885
25054691310518,25056080748557
25056101308547,25056080748557
25056101308547,25056292139901
25056101308547,25056464177661
25056101308547,25056647385618
25056101308547,25057046912392
25057162215823,25057046912392
25057162215823,25057443282814
25057162215823,25057638523309
25057162215823,25057819347842
25057825413468,25057819347842
25057825413468,25058084886543
25057825413468,25058231234119
25057825413468,25058397351539
25057825413468,25058687941822
25057825413468,25059078124221
25059170712048,25059078124221
25059170712048,25059407929770
25059170712048,25059539126708
25059170712048,25059781161589
25059170712048,25060113668374
25060138347178,25060113668374
25060138347178,25060400635955
25060138347178,25060576551612
25060138347178,25060766894265
25060138347178,25061091738059
25061179811061,25061091738059
25061179811061,25061447190282
25061179811061,25061590411877
25061179811061,25061734546403
25061736998423,25061734546403
25061736998423,25061884874824
25061736998423,25062099146634
25061736998423,25062238932031
25061736998423,25062701620479
25061736998423,25063043582435
25063045615856,25063043582435
25063045615856,25063206088113
25063045615856,25063384102975
25063045615856,25063616410679
25063045615856,25063858499709
25063907972816,25063858499709
25063907972816,25064125867481
25063907972816,25064272392336
25063907972816,25064442383412
25063907972816,25064689793750
25064815013091,25064689793750
25064815013091,25065034314911
25064815013091,25065185116886
25064815013091,25065370697531
25065373340159,25065370697531
25065373340159,25065553576874
25065373340159,25065743480306
25065373340159,25066013309948
25065373340159,25066126931931
25065373340159,25066630287988
25066633199969,25066630287988
25066633199969,25066880144142
25066633199969,25067025331689
25066633199969,25067259045208
25066633199969,25067479401852
25067736900486,25067479401852
25067736900486,25067907316126
25067736900486,25068065184381
25067736900486,25068185612726
25067736900486,25068487047241
25068544061725,25068487047241
25068544061725,25068759147916
25068544061725,25068919370565
25068544061725,25069125865254
25068544061725,25069564365951
25069566379587,25069564365951
25069566379587,25069746571949
25069566379587,25069914665095
25069566379587,25070130946813
25069566379587,25070418684409
25070536973249,25070418684409
25070536973249,25070752720296
25070536973249,25070904628243
25070536973249,25071078948402
25070536973249,25071543990533
25071545484339,25071543990533
25071545484339,25071718238521
25071545484339,25071863697255
25071545484339,25072022870542
25072024655530,25072022870542
25072024655530,25072227766453
25072024655530,25072359649804
25072024655530,25072475213249
25072024655530,25072771456505
25072024655530,25073397344656
25073399680230,25073397344656
25073399680230,25073606414973
25073399680230,25073789037048
25073399680230,25073956683994
25073399680230,25074287566611
25074289238388,25074287566611
25074289238388,25074545282873
25074289238388,25074824447394
25074289238388,25074999265187
25075004458534,25074999265187
25075004458534,25075225689547
25075004458534,25075426971921
25075004458534,25075578402476
25075004458534,25075744340205
25075746863479,25075744340205
25075746863479,25075979588280
25075746863479,25076160694089
25075746863479,25076320284146
25075746863479,25076614735176
25075746863479,25077019996767
25077073039978,25077019996767
25077073039978,25077350693639
25077073039978,25077510671719
25077073039978,25077689476821
25077073039978,25078007146478
25078009703585,25078007146478
25078009703585,25078210026052
25078009703585,25078370492316
25078009703585,25078618030030
25078009703585,25078875667525
25078911496287,25078875667525
25078911496287,25079100648496
25078911496287,25079329852876
25079332774696,25079329852876
25079332774696,25079533185643
25079332774696,25079716108831
25079332774696,25079907216984
25079332774696,25080055800318
25079332774696,25080245297216
25079332774696,25080584179193
25080668199466,25080584179193
25080668199466,25080914582184
25080668199466,25081102856833
25080668199466,25081272464881
25081274611423,25081272464881
25081274611423,25081577609542
25081274611423,25081776092016
25081274611423,25081921463047
25081274611423,25082079715309
25081274611423,25082529681144
25082538357994,25082529681144
25082538357994,25082735299194
25082538357994,25082892408435
25082538357994,25083067987005
25082538357994,25083419163673
25083531708309,25083419163673
25083531708309,25083756130953
25083531708309,25083934057862
25083531708309,25084119260099
25084121499773,25084119260099
25084121499773,25084544036683
25084121499773,25084732304015
25084121499773,25084897883829
25084121499773,25085222826695
25085304645015,25085222826695
25085304645015,25085634531214
25085304645015,25085812121099
25085304645015,25086016305599
25085304645015,25086162901960
25086165783994,25086162901960
25086165783994,25086334181269
25086165783994,25086535128682
25086165783994,25086749073806
25086165783994,25087057709183
25086165783994,25087565679810
25087571460265,25087565679810
25087571460265,25087806610399
25087571460265,25088042704379
25087571460265,25088291048846
25087571460265,25088482305191
25088535209790,25088482305191
25088535209790,25088727408711
25088535209790,25088945046789
25088535209790,25089136327755
25088535209790,25089338552443
25089440693952,25089338552443
25089440693952,25089631774923
25089440693952,25089797176621
25089440693952,25089975264677
25089977675486,25089975264677
25089977675486,25090207744498
25089977675486,25090408337115
25089977675486,25090570978978
25089977675486,25090689431085
25089977675486,25091130216818
25091199097454,25091130216818
25091199097454,25091460044432
25091199097454,25091654874943
25091199097454,25091800019852
25091199097454,25092167059988
25092169604349,25092167059988
25092169604349,25092359261016
25092169604349,25092546579638
25092169604349,25092699563889
25092169604349,25093200250653
25093202925897,25093200250653
25093202925897,25093450656600
25093202925897,25093615139921
25093202925897,25093814973844
25093202925897,25094158682341
25094162417171,25094158682341
25094162417171,25094370286418
25094162417171,25094510837128
25094162417171,25094692390856
25094162417171,25094932772687
25094937030862,25094932772687
25094937030862,25095200287390
25094937030862,25095355469182
25094937030862,25095568668432
25094937030862,25096013373245
25094937030862,25096206292860
25096015760176,25096206292860
25096015760176,25096357236309
25096015760176,25096515300921
25096015760176,25096997385060
25097000644933,25096997385060
25097000644933,25097192162436
25097000644933,25097391256399
25097000644933,25097556163636
25097000644933,25097928312037
25097937775399,25097928312037
25097937775399,25098183915173
25097937775399,25098393651551
25097937775399,25098612917135
25097937775399,25098891397205
25098894913995,25098891397205
25098894913995,25099095434962
25098894913995,25099335277045
25098894913995,25099561216270
25098894913995,25099838373741
25099852629189,25099838373741
25099852629189,25100135791971
25099852629189,25100293058412
25099852629189,25100461810636
25099852629189,25100833209497
25099852629189,25101028215268
25100849269352,25101028215268
25100849269352,25101186108066
25100849269352,25101396068774
25100849269352,25101716786176
25101727163868,25101716786176
25101727163868,25101989917586
25101727163868,25102298392500
25101727163868,25102452355256
25101727163868,25102634312146
25102637543733,25102634312146
25102637543733,25102838384674
25102637543733,25103008868134
25103044074280,25103008868134
25103044074280,25103203094810
25103044074280,25103342339208
25103044074280,25103483556386
25103044074280,25103681387732
25103044074280,25103946966071
25103044074280,25104361427162
25103044074280,25104659730529
25104460921264,25104659730529
25104460921264,25104841125517
25104460921264,25105005712770
25105008592762,25105005712770
25105008592762,25105222134890
25105008592762,25105380289933
25105008592762,25105540027735
25105008592762,25106146377763
25105008592762,25106557000915
25106558376825,25106557000915
25106558376825,25106745087083
25106558376825,25106926148150
25106558376825,25107149351832
25106558376825,25107419002143
25107505526998,25107419002143
25107505526998,25107748940099
25107505526998,25107963135943
25107505526998,25108159817282
25107965280368,25108159817282
25107965280368,25108332372388
25107965280368,25108512201047
25107965280368,25108704227259
25107965280368,25108911757163
25107965280368,25109353524925
25109354849522,25109353524925
25109354849522,25109562240141
25109354849522,25109746168037
25109354849522,25109973828423
25109354849522,25110170271836
25110232371652,25110170271836
25110232371652,25110538896427
25110232371652,25110759957826
25110232371652,25110914763539
25110919095286,25110914763539
25110919095286,25111124895403
25110919095286,25111245416782
25110919095286,25111473542854
25110919095286,25111770835080
25110919095286,25112225254640
25112250216147,25112225254640
25112250216147,25112487270158
25112250216147,25112620600343
25112250216147,25112809267645
25112250216147,25113088356386
25113440139131,25113088356386
25113440139131,25113606592746
25113440139131,25113853826924
25113440139131,25113974807558
25113440139131,25114111570656
25114150403859,25114111570656
25114150403859,25114350651922
25114150403859,25114534485514
25114150403859,25114805370707
25114150403859,25114985972131
25115054751129,25114985972131
25115054751129,25115264976964
25115054751129,25115443744957
25115054751129,25115625478073
25115627912116,25115625478073
25115627912116,25115842351786
25115627912116,25116032752166
25115627912116,25116170147642
25115627912116,25116384716894
25115627912116,25116821827374
25116924581382,25116821827374
25116924581382,25117153551614
25116924581382,25117342860239
25116924581382,25117529790403
25116924581382,25117771324284
25117873798097,25117771324284
25117873798097,25118081339870
25117873798097,25118286330026
25117873798097,25118493454877
25117873798097,25118796461942
25118872944440,25118796461942
25118872944440,25119133638609
25118872944440,25119299494835
25118872944440,25119575690952
25118872944440,25119780271647
25119782501223,25119780271647
25119782501223,25120018889986
25119782501223,25120319878804
25119782501223,25120500999652
25119782501223,25120661469984
25120762221068,25120661469984
25120762221068,25121012229469
25120762221068,25121176993790
25120762221068,25121359277353
25120762221068,25121549283554
25121635193591,25121549283554
25121635193591,25121954626934
25121635193591,25122098608380
25121635193591,25122236842635
25122241425466,25122236842635
25122241425466,25122489399537
25122241425466,25122687493405
25122241425466,25122884115245
25122241425466,25123011225277
25122241425466,25123430582358
25123434058167,25123430582358
25123434058167,25123606502695
25123434058167,25123880690809
25123434058167,25123994977979
25123998296403,25123994977979
25123998296403,25124201304283
25123998296403,25124423408800
25123998296403,25124546541518
25123998296403,25124848570314
25123998296403,25125170513025
25125178068181,25125170513025
25125178068181,25125375597034
25125178068181,25125519662529
25125178068181,25125620650044
25125749076041,25125620650044
25125749076041,25125922218399
25125749076041,25126010692945
25125749076041,25126130464975
25125749076041,25126238063927
25125749076041,25126341072408
25125749076041,25126443634340
25126342403596,25126443634340
25126342403596,25126544467867
25126342403596,25126642545000
25126342403596,25126726316729
25126727930426,25126726316729
25126727930426,25126822717117
25126727930426,25126915858946
25126727930426,25127013587859
25126727930426,25127153892515
25126727930426,25127221780477
