24636704249981,24637941577950
24637945598642,24637941577950
24637945598642,24638127557095
24637945598642,24638296872240
24637945598642,24638571269261
24637945598642,24638824541600
24638827215640,24638824541600
24638827215640,24639062219807
24638827215640,24639229273371
24638827215640,24639473131849
24639476857656,24639473131849
24639476857656,24639747306545
24639476857656,24639918066407
24639476857656,24640074054320
24639476857656,24640260377691
24640262019402,24640260377691
24640262019402,24640523846458
24640262019402,24640682351977
24640262019402,24640889564365
24640262019402,24641192292889
24640262019402,24641592941885
24641638214970,24641592941885
24641638214970,24641905558372
24641638214970,24642094730207
24641638214970,24642278535841
24642287406539,24642278535841
24642287406539,24642486880293
24642287406539,24642640184399
24642287406539,24642817433542
24642287406539,24643067778463
24642287406539,24643494130152
24643538528155,24643494130152
24643538528155,24643810229722
24643538528155,24643983165491
24644004196604,24643983165491
24644004196604,24644244200579
24644004196604,24644418686226
24644004196604,24644590782718
24644004196604,24644745273528
24644004196604,24645006280135
24645009510949,24645006280135
24645009510949,24645273108905
24645009510949,24645426071063
24645009510949,24645603690847
24645009510949,24645943304980
24645009510949,24646397117086
24646399905393,24646397117086
24646399905393,24646640647605
24646399905393,24646782519109
24646399905393,24646909425280
24646911753225,24646909425280
24646911753225,24647131847444
24646911753225,24647269793178
24646911753225,24647434646744
24646911753225,24647719301148
24646911753225,24648104451005
24648254545326,24648104451005
24648254545326,24648516380193
24648254545326,24648641411348
24648254545326,24648786587469
24648254545326,24649225122459
24649227571749,24649225122459
24649227571749,24649419120526
24649227571749,24649698766229
24649227571749,24649905179459
24649227571749,24650120461119
24650199324675,24650120461119
24650199324675,24650457117778
24650199324675,24650616532056
24650199324675,24650841615860
24650199324675,24651149765523
24651183278830,24651149765523
24651183278830,24651431049978
24651183278830,24651569375486
24651183278830,24651775173368
24651183278830,24652167584662
24652186099934,24652167584662
24652186099934,24652423158841
24652186099934,24652638955269
24652186099934,24652789957478
24652186099934,24652972437572
24653020597111,24652972437572
24653020597111,24653227285244
24653020597111,24653424740307
24653020597111,24653628999647
24653020597111,24653948327041
24654004886053,24653948327041
24654004886053,24654314685035
24654004886053,24654522836114
24654004886053,24654668987895
24654004886053,24655109284481
24655112450986,24655109284481
24655112450986,24655312188470
24655112450986,24655471440438
24655112450986,24655637801089
24655112450986,24655869359219
24656000107536,24655869359219
24656000107536,24656173209653
24656000107536,24656319774894
24656000107536,24656793131250
24656796565411,24656793131250
24656796565411,24656943272033
24656796565411,24657067049765
24656796565411,24657327397692
24656796565411,24657574027102
24656796565411,24657882913853
24657980760905,24657882913853
24657980760905,24658271281378
24657980760905,24658410711218
24657980760905,24658611441390
24658613670574,24658611441390
24658613670574,24658812245898
24658613670574,24659052296902
24658613670574,24659358672557
24658613670574,24659601895470
24658613670574,24660076715372
24660083603190,24660076715372
24660083603190,24660348418426
24660083603190,24660525089649
24660556921630,24660525089649
24660556921630,24660712129412
24660556921630,24660847216817
24660556921630,24661034420891
24660556921630,24661214209658
24660556921630,24661435575193
24660556921630,24661915043923
24662025444638,24661915043923
24662025444638,24662262770508
24662025444638,24662446999793
24662025444638,24662725951972
24662728807510,24662725951972
24662728807510,24662949256833
24662728807510,24663152582595
24662728807510,24663300304099
24662728807510,24663439572222
24662728807510,24663868854185
24663901482163,24663868854185
24663901482163,24664066627834
24663901482163,24664342485330
24663901482163,24664574165471
24663901482163,24664739885399
24664798610945,24664739885399
24664798610945,24664983538944
24664798610945,24665294561563
24664798610945,24665441285019
24665445350825,24665441285019
24665445350825,24665663257617
24665445350825,24665818151177
24665445350825,24666044301534
24665445350825,24666172507462
24665445350825,24666675321302
24666679880772,24666675321302
24666679880772,24666868466893
24666679880772,24667053114971
24666679880772,24667234319180
24666679880772,24667575726848
24667643264297,24667575726848
24667643264297,24667875213562
24667643264297,24668093964445
24667643264297,24668402069147
24667643264297,24668549077144
24667643264297,24668721988270
24668553383298,24668721988270
24668553383298,24668909474692
24668553383298,24669071102526
24668553383298,24669405822012
24669489098557,24669405822012
24669489098557,24669754158019
24669489098557,24669918917380
24669489098557,24670149930313
24669489098557,24670462259973
24670469212795,24670462259973
24670469212795,24670807115845
24670469212795,24670983288814
24670469212795,24671165552913
24670469212795,24671358322401
24671442099929,24671358322401
24671442099929,24671641313429
24671442099929,24671808715191
24671442099929,24672124459910
24671442099929,24672365746372
24672419271369,24672365746372
24672419271369,24672608900601
24672419271369,24672848746945
24672419271369,24673054183411
24673059050157,24673054183411
24673059050157,24673201502368
24673059050157,24673418231647
24673059050157,24673558430050
24673059050157,24673740308139
24673059050157,24674166127553
24674168455895,24674166127553
24674168455895,24674401911726
24674168455895,24674635649461
24674168455895,24674863280897
24674168455895,24675095373472
24675097688947,24675095373472
24675097688947,24675357312909
24675097688947,24675497332011
24675097688947,24675649280015
24675097688947,24676054919195
24676056611993,24676054919195
24676056611993,24676286518120
24676056611993,24676526503201
24676056611993,24676743783661
24676056611993,24676889105961
24676747947888,24676889105961
24676747947888,24677007336857
24676747947888,24677199741780
24676747947888,24677394415813
24677466028527,24677394415813
24677466028527,24677694735792
24677466028527,24677933706976
24677466028527,24678119049380
24677466028527,24678328122076
24677466028527,24678778451911
24678780712928,24678778451911
24678780712928,24678978753736
24678780712928,24679242930424
24678780712928,24679461387305
24679463557307,24679461387305
24679463557307,24679689618109
24679463557307,24679834197373
24679463557307,24679992322932
24679463557307,24680246727224
24679463557307,24680678653506
24680681376754,24680678653506
24680681376754,24680888063471
24680681376754,24681034187823
24681052044276,24681034187823
24681052044276,24681240771256
24681052044276,24681424330177
24681052044276,24681621838179
24681052044276,24681786001794
24681052044276,24681965467125
24681052044276,24682421343042
24682433862847,24682421343042
24682433862847,24682671232984
24682433862847,24682802212311
24682433862847,24682921671891
24682433862847,24683347179866
24683368453168,24683347179866
24683368453168,24683628357864
24683368453168,24683784620943
24683368453168,24683959118735
24683368453168,24684327721988
24684346795334,24684327721988
24684346795334,24684560001030
24684346795334,24684714857942
24684346795334,24684945491488
24684346795334,24685192224588
24685272074914,24685192224588
24685272074914,24685524261142
24685272074914,24685747615821
24685272074914,24685969833555
24685272074914,24686195720775
24686216102248,24686195720775
24686216102248,24686471311905
24686216102248,24686869756728
24686216102248,24687062083970
24687063990176,24687062083970
24687063990176,24687204163016
24687063990176,24687376210493
24687063990176,24687582668738
24687063990176,24687833447615
24687063990176,24688174763915
24688295639183,24688174763915
24688295639183,24688591670661
24688295639183,24688784772431
24688295639183,24689063331294
24688295639183,24689238295391
24689319798728,24689238295391
24689319798728,24689573030059
24689319798728,24689746703119
24689319798728,24689918968654
24689319798728,24690275110513
24690283461120,24690275110513
24690283461120,24690514900424
24690283461120,24690666327059
24690283461120,24690807253828
24690809942188,24690807253828
24690809942188,24691065045384
24690809942188,24691189155378
24690809942188,24691348952601
24690809942188,24691689809990
24691691153020,24691689809990
24691691153020,24691881409780
24691691153020,24692019607103
24691691153020,24692295938443
24691691153020,24692452290157
24691691153020,24692902083093
24692953002235,24692902083093
24692953002235,24693211791709
24692953002235,24693406169567
24692953002235,24693580369188
24692953002235,24693845849950
24693919732719,24693845849950
24693919732719,24694109717846
24693919732719,24694351713108
24693919732719,24694499740027
24693919732719,24694781377246
24694842630362,24694781377246
24694842630362,24695049047839
24694842630362,24695318673752
24694842630362,24695483304555
24695484869958,24695483304555
24695484869958,24695649037967
24695484869958,24695798740331
24695484869958,24695962797320
24695484869958,24696254434338
24695484869958,24696757780309
24696759727525,24696757780309
24696759727525,24697066552202
24696759727525,24697206744595
24696759727525,24697350930542
24696759727525,24697679885345
24697683220010,24697679885345
24697683220010,24698029070569
24697683220010,24698173290752
24697683220010,24698333147286
24697683220010,24698594415846
24698707502619,24698594415846
24698707502619,24698941742547
24698707502619,24699114996080
24698707502619,24699318137133
24699322248647,24699318137133
24699322248647,24699546139456
24699322248647,24699731875461
24699322248647,24699965051264
24699322248647,24700119271038
24699322248647,24701008970631
24699322248647,24701211789890
24701011489354,24701211789890
24701011489354,24701412426932
24701011489354,24701582960281
24701011489354,24701935211648
24701937429277,24701935211648
24701937429277,24702156373216
24701937429277,24702347283223
24701937429277,24702569227971
24702571870919,24702569227971
24702571870919,24702878076682
24702571870919,24703015224993
24702571870919,24703181755175
24702571870919,24703365032107
24702571870919,24703646791368
24703694669739,24703646791368
24703694669739,24703983206016
24703694669739,24704176994135
24703694669739,24704426016813
24703694669739,24704692175301
24704863271063,24704692175301
24704863271063,24705068908406
24704863271063,24705247949118
24704863271063,24705427211607
24705428808591,24705427211607
24705428808591,24705672915559
24705428808591,24705804992164
24705428808591,24705958475877
24705428808591,24706128324238
24706140150343,24706128324238
24706140150343,24706448726441
24706140150343,24706747472441
24706140150343,24706870138198
24706140150343,24707021167352
24706140150343,24707379382870
24707455323455,24707379382870
24707455323455,24707697630915
24707455323455,24707905592024
24707455323455,24708048928260
24708051940767,24708048928260
24708051940767,24708223862508
24708051940767,24708367289310
24708051940767,24708557868734
24708051940767,24708805834846
24708051940767,24709303614536
24709386114409,24709303614536
24709386114409,24709558947092
24709386114409,24709788152110
24709386114409,24710014334031
24710021727893,24710014334031
24710021727893,24710270207510
24710021727893,24710433225619
24710021727893,24710577084719
24710021727893,24710829142127
24710021727893,24711291681629
24711417342033,24711291681629
24711417342033,24711647304144
24711417342033,24711846762084
24711417342033,24712020999799
24711417342033,24712312824937
24712359647409,24712312824937
24712359647409,24712795222490
24712359647409,24713024465492
24712359647409,24713159729319
24712359647409,24713538148466
24713611815719,24713538148466
24713611815719,24713812235867
24713611815719,24714012740514
24713611815719,24714168019943
24713611815719,24714452107456
24714557750707,24714452107456
24714557750707,24714790881210
24714557750707,24715058424023
24714557750707,24715251763946
24715254198069,24715251763946
24715254198069,24715438949755
24715254198069,24715635109851
24715254198069,24715802709416
24715254198069,24715953273296
24715254198069,24716340426683
24716355371301,24716340426683
24716355371301,24716537593791
24716355371301,24716759079013
24716355371301,24716984963300
24716355371301,24717257615008
24717318152850,24717257615008
24717318152850,24717563674577
24717318152850,24717746271476
24717318152850,24717949721359
24717318152850,24718169891442
24718291277309,24718169891442
24718291277309,24718497014032
24718291277309,24718698708721
24718291277309,24718899061550
24718901852742,24718899061550
24718901852742,24719149226192
24718901852742,24719287633116
24718901852742,24719450941576
24718901852742,24719710753752
24718901852742,24720094361234
24720096291633,24720094361234
24720096291633,24720242295246
24720096291633,24720502858184
24720096291633,24720698943945
24720096291633,24720986964963
24721051615512,24720986964963
24721051615512,24721302076293
24721051615512,24721432872797
24721051615512,24721626183591
24721051615512,24721909068111
24721987109849,24721909068111
24721987109849,24722195278949
24721987109849,24722365315894
24721987109849,24722509473680
24722514720336,24722509473680
24722514720336,24722692079196
24722514720336,24722824752731
24722514720336,24722977575141
24722514720336,24723346882031
24722514720336,24723780310237
24723782662415,24723780310237
24723782662415,24724009212160
24723782662415,24724261891515
24723782662415,24724631857131
24723782662415,24724813139800
24723782662415,24724982331804
24724984705820,24724982331804
24724984705820,24725159071531
24724984705820,24725311337745
24724984705820,24725727745850
24725747868304,24725727745850
24725747868304,24725946266967
24725747868304,24726139861416
24725747868304,24726271447731
24725747868304,24726694048431
24726695918233,24726694048431
24726695918233,24726961062085
24726695918233,24727190353303
24726695918233,24727366325035
24726695918233,24727515081579
24727623638216,24727515081579
24727623638216,24727879053796
24727623638216,24728032228653
24727623638216,24728160218093
24728166296698,24728160218093
24728166296698,24728415337476
24728166296698,24728598276243
24728166296698,24728827338732
24728166296698,24729107945616
24728166296698,24729484794596
24729557220423,24729484794596
24729557220423,24729724447736
24729557220423,24730016626457
24729557220423,24730208476748
24729557220423,24730408599301
24730425879783,24730408599301
24730425879783,24730678889290
24730425879783,24730846013102
24730425879783,24731011854252
24730425879783,24731361235076
24731369039165,24731361235076
24731369039165,24731563043244
24731369039165,24731725241978
24731369039165,24731946518453
24731966195493,24731946518453
24731966195493,24732174202502
24731966195493,24732317853103
24731966195493,24732514267695
24731966195493,24732687545285
24731966195493,24733122340959
24733126043033,24733122340959
24733126043033,24733362290230
24733126043033,24733537608563
24733126043033,24733739412086
24733126043033,24734129257599
24734132182402,24734129257599
24734132182402,24734406601020
24734132182402,24734546001093
24734132182402,24734653924705
24734132182402,24735062541037
24735079473868,24735062541037
24735079473868,24735352247614
24735079473868,24735554495320
24735079473868,24735780266370
24735782506554,24735780266370
24735782506554,24735969948484
24735782506554,24736132112370
24735782506554,24736353201118
24735782506554,24736567394772
24735782506554,24736955528752
24736981705395,24736955528752
24736981705395,24737241300998
24736981705395,24737423101447
24736981705395,24737557472008
24736981705395,24737929671749
24737932411335,24737929671749
24737932411335,24738097211811
24737932411335,24738391059042
24737932411335,24738563968844
24737932411335,24738868069436
24738919200154,24738868069436
24738919200154,24739120577519
24738919200154,24739264442249
24738919200154,24739493670283
24739495743810,24739493670283
24739495743810,24739696089392
24739495743810,24739820453002
24739495743810,24740014817308
24739495743810,24740169327206
24739495743810,24740580376504
24740609159335,24740580376504
24740609159335,24740779787810
24740609159335,24741018325144
24740609159335,24741194569003
24740609159335,24741405157840
24741509451509,24741405157840
24741509451509,24741761265463
24741509451509,24741949282800
24741509451509,24742098430640
24742100774854,24742098430640
24742100774854,24742314362563
24742100774854,24742465425959
24742100774854,24742614390296
24742100774854,24742882772573
24742100774854,24743188730236
24743297397578,24743188730236
24743297397578,24743560224666
24743297397578,24743774924320
24743297397578,24743947356316
24743297397578,24744264239051
24744334290737,24744264239051
24744334290737,24744568888181
24744334290737,24744751349096
24744334290737,24744892893539
24744334290737,24745163742149
24745260896581,24745163742149
24745260896581,24745469981889
24745260896581,24745724814246
24745260896581,24745876161724
24745260896581,24746019057017
24746019938088,24746019057017
24746019938088,24746187511944
24746019938088,24746294455031
24746019938088,24746603663357
24746019938088,24747091342470
24747093698525,24747091342470
24747093698525,24747269648001
24747093698525,24747488201713
24747093698525,24747758023547
24747093698525,24747961292462
24748028095542,24747961292462
24748028095542,24748259438366
24748028095542,24748479578606
24748028095542,24748615034463
24748028095542,24749013944005
24749017032716,24749013944005
24749017032716,24749186239457
24749017032716,24749467989909
24749017032716,24749669730594
24749017032716,24749818779616
24749877027681,24749818779616
24749877027681,24750122369863
24749877027681,24750328365308
24749877027681,24750475437176
24749877027681,24750687023755
24750689972417,24750687023755
24750689972417,24750970408045
24750689972417,24751133375549
24750689972417,24751323292442
24750689972417,24751588076334
24751627405032,24751588076334
24751627405032,24751843812312
24751627405032,24752085972254
24751627405032,24752320247278
24752322292758,24752320247278
24752322292758,24752602762971
24752322292758,24752765059670
24752322292758,24752894501079
24752322292758,24753064993241
24752322292758,24753485199205
24753503499026,24753485199205
24753503499026,24753712200316
24753503499026,24753859903293
24753503499026,24754084753009
24754087361172,24754084753009
24754087361172,24754271528685
24754087361172,24754439473493
24754087361172,24754645183513
24754087361172,24754885118056
24754927747948,24754885118056
24754927747948,24755205254073
24754927747948,24755413310798
24754927747948,24755576458592
24754927747948,24755801532075
24754927747948,24756200314778
24756257414976,24756200314778
24756257414976,24756516627219
24756257414976,24756725333671
24756257414976,24756943960435
24756257414976,24757110466026
24757140495708,24757110466026
24757140495708,24757315150253
24757140495708,24757523899414
24757140495708,24757693036580
24757140495708,24758031082723
24758056222557,24758031082723
24758056222557,24758198454487
24758056222557,24758425224809
24758056222557,24758563851645
24758566940900,24758563851645
24758566940900,24758837359782
24758566940900,24758994207316
24758566940900,24759151598703
24758566940900,24759418582201
24759428813538,24759418582201
24759428813538,24759635738829
24759428813538,24759811501055
24759428813538,24759963625612
24759428813538,24760182844923
24760511820238,24760182844923
24760511820238,24760766400881
24760511820238,24760972344905
24760511820238,24761131235758
24760511820238,24761321500032
24760511820238,24761719279308
24761809067133,24761719279308
24761809067133,24762076441039
24761809067133,24762354302846
24761809067133,24762489822809
24761809067133,24762722185941
24762758749251,24762722185941
24762758749251,24762984061351
24762758749251,24763243308421
24762758749251,24763407521646
24762758749251,24763759560160
24763761145087,24763759560160
24763761145087,24763928910628
24763761145087,24764054814893
24763761145087,24764222307771
24764224987621,24764222307771
24764224987621,24764516490029
24764224987621,24764712966682
24764224987621,24764870190831
24764224987621,24765000333457
24764224987621,24765460213407
24765494812602,24765460213407
24765494812602,24765759177399
24765494812602,24765941283977
24765494812602,24766092184607
24765494812602,24766432687785
24766435186020,24766432687785
24766435186020,24766650773711
24766435186020,24766949951471
24766435186020,24767078285489
24766435186020,24767327369410
24767346324739,24767327369410
24767346324739,24767660668930
24767346324739,24767801049232
24767346324739,24767988506021
24767990063919,24767988506021
24767990063919,24768144826612
24767990063919,24768321559906
24767990063919,24768493492230
24767990063919,24768823220794
24767990063919,24769195662603
24767990063919,24769426121369
24769231903747,24769426121369
24769231903747,24769625235466
24769231903747,24769849694191
24769231903747,24770113224419
24770200457989,24770113224419
24770200457989,24770395495345
24770200457989,24770638279023
24770200457989,24770809167076
24770813135177,24770809167076
24770813135177,24771281043700
24770813135177,24771467448653
24770813135177,24771652159590
24770813135177,24771980349123
24770813135177,24772329649973
24772506408917,24772329649973
24772506408917,24772766422985
24772506408917,24772937267644
24772506408917,24773108088081
24772506408917,24773458529430
24773499880772,24773458529430
24773499880772,24773749476135
24773499880772,24773973672251
24773499880772,24774110961611
24773499880772,24774405508217
24774408095261,24774405508217
24774408095261,24774566639384
24774408095261,24774754627611
24774408095261,24774882615280
24774408095261,24775297394864
24775300851062,24775297394864
24775300851062,24775502985939
24775300851062,24775745917432
24775300851062,24775882639768
24775300851062,24776048211617
24775300851062,24776228562560
24776230793032,24776228562560
24776230793032,24776464440652
24776230793032,24776666424307
24776670144023,24776666424307
24776670144023,24776870455214
24776670144023,24777017156988
24776670144023,24777165628662
24776670144023,24777481952673
24777492031761,24777481952673
24777492031761,24777746497802
24777492031761,24778006357779
24777492031761,24778195452384
24777492031761,24778387389621
24777492031761,24778911151848
24778967781843,24778911151848
24778967781843,24779214191901
24778967781843,24779401743740
24778967781843,24779555270235
24779556880043,24779555270235
24779556880043,24779699341065
24779556880043,24779833732174
24779556880043,24780029553711
24779556880043,24780294916184
24780296887296,24780294916184
24780296887296,24780505642019
24780296887296,24780679152212
24780296887296,24780955129601
24780296887296,24781304584364
24780296887296,24781729479622
24781733653869,24781729479622
24781733653869,24781918116959
24781733653869,24782051808569
24781733653869,24782186258538
24782188493529,24782186258538
24782188493529,24782409586403
24782188493529,24782548654101
24782188493529,24782698607114
24782188493529,24783015471874
24782188493529,24783414338325
24783479854044,24783414338325
24783479854044,24783747083173
24783479854044,24783902234671
24783479854044,24784129736615
24783479854044,24784455535585
24784478656230,24784455535585
24784478656230,24784741268998
24784478656230,24784914514211
24784478656230,24785140972164
24784478656230,24785311870598
24785330991468,24785311870598
24785330991468,24785597348853
24785330991468,24785739444025
24785330991468,24785905055484
24785909568989,24785905055484
24785909568989,24786184993374
24785909568989,24786345217421
24785909568989,24786502014298
24785909568989,24786681534381
24785909568989,24787046351276
24787058158931,24787046351276
24787058158931,24787271177593
24787058158931,24787435244796
24787058158931,24787632225456
24787058158931,24787968481152
24787971199674,24787968481152
24787971199674,24788152862011
24787971199674,24788334387773
24787971199674,24788478822889
24787971199674,24788822933792
24788882449247,24788822933792
24788882449247,24789088483465
24788882449247,24789260158421
24788882449247,24789490041230
24788882449247,24789866818495
24789868383650,24789866818495
24789868383650,24790102029803
24789868383650,24790235176389
24789868383650,24790335817324
24789868383650,24790635436654
24790764385976,24790635436654
24790764385976,24791067699417
24790764385976,24791210451473
24790764385976,24791398498119
24790764385976,24791686428336
24791733919429,24791686428336
24791733919429,24791982221716
24791733919429,24792217202678
24791733919429,24792471299867
24791733919429,24792676827741
24792693623818,24792676827741
24792693623818,24792895694547
24792693623818,24793081947167
24792693623818,24793296917109
24792693623818,24793660060906
24793694943183,24793660060906
24793694943183,24793912671677
24793694943183,24794106139703
24793694943183,24794311467294
24793694943183,24794481834010
24794579836089,24794481834010
24794579836089,24794833821564
24794579836089,24795095204324
24794579836089,24795278449692
24795280447195,24795278449692
24795280447195,24795464523161
24795280447195,24795642345819
24795280447195,24795825454968
24795280447195,24795984249961
24795280447195,24796222860152
24796706611197,24796222860152
24796706611197,24796919330396
24796706611197,24797148197980
24796706611197,24797330589578
24797333719642,24797330589578
24797333719642,24797485388929
24797333719642,24797621343275
24797333719642,24797792217668
24797333719642,24797986169258
24797333719642,24798537300447
24798554611499,24798537300447
24798554611499,24798824320229
24798554611499,24798964563368
24798554611499,24799121749591
24798554611499,24799502518285
24799591271189,24799502518285
24799591271189,24799894295674
24799591271189,24800064281429
24799591271189,24800246165906
24799591271189,24800536526336
24800596619077,24800536526336
24800596619077,24800881826082
24800596619077,24801033985356
24800596619077,24801276232168
24800596619077,24801453313544
24801532611462,24801453313544
24801532611462,24801781264754
24801532611462,24801936014458
24801532611462,24802120256929
24802122667443,24802120256929
24802122667443,24802368889516
24802122667443,24802529370228
24802122667443,24802664472283
24802122667443,24802835696331
24802122667443,24803247517370
24803501688199,24803247517370
24803501688199,24803661974252
24803501688199,24803820196731
24803501688199,24804021828427
24803501688199,24804274283261
24804278395376,24804274283261
24804278395376,24804524313292
24804278395376,24804738192683
24804278395376,24804899467629
24804278395376,24805047740303
24805088886897,24805047740303
24805088886897,24805305052274
24805088886897,24805462692117
24805088886897,24805687758140
24805088886897,24805886422491
24805983957727,24805886422491
24805983957727,24806227827542
24805983957727,24806383265408
24805983957727,24806599084922
24805983957727,24806863724621
24806914809214,24806863724621
24806914809214,24807127829437
24806914809214,24807271362594
24806914809214,24807498031303
24807500274724,24807498031303
24807500274724,24807645042888
24807500274724,24807813709036
24807500274724,24807997545854
24807500274724,24808283405429
24807500274724,24808674315626
24808751278621,24808674315626
24808751278621,24808934030020
24808751278621,24809091928988
24808751278621,24809344388953
24808751278621,24809695616703
24809749972891,24809695616703
24809749972891,24809942157514
24809749972891,24810096550886
24809749972891,24810296732291
24810299861156,24810296732291
24810299861156,24810553975077
24810299861156,24810735299029
24810299861156,24810875492275
24810299861156,24811044790588
24810299861156,24811393974255
24811479938859,24811393974255
24811479938859,24811733105572
24811479938859,24811888801231
24811479938859,24812133558220
24811479938859,24812444551106
24812446366361,24812444551106
24812446366361,24812707409456
24812446366361,24812928841442
24812446366361,24813094779180
24812446366361,24813300538341
24813350865950,24813300538341
24813350865950,24813521691704
24813350865950,24813765250845
24813350865950,24813886137028
24813350865950,24814216740442
24814219855589,24814216740442
24814219855589,24814441256228
24814219855589,24814657060188
24814219855589,24814821338557
24814219855589,24815102454828
24815163014243,24815102454828
24815163014243,24815403117965
24815163014243,24815576811457
24815163014243,24815714081703
24815163014243,24816030952755
24816090151801,24816030952755
24816090151801,24816259503687
24816090151801,24816621929456
24816090151801,24816796975967
24816090151801,24817007393991
24817116976906,24817007393991
24817116976906,24817388544484
24817116976906,24817517373031
24817116976906,24817793379439
24817797453013,24817793379439
24817797453013,24817959104834
24817797453013,24818090552173
24817797453013,24818281944235
24817797453013,24818541130756
24817797453013,24818927342868
24818971448407,24818927342868
24818971448407,24819190059621
24818971448407,24820002258329
24818971448407,24820164585565
24818971448407,24820583573894
24820588667011,24820583573894
24820588667011,24820814229985
24820588667011,24820992118861
24820588667011,24821152755748
24820588667011,24821478971136
24821499175890,24821478971136
24821499175890,24821686428508
24821499175890,24821877491920
24821499175890,24822025210356
24821499175890,24822388884668
24822391500994,24822388884668
24822391500994,24822610935374
24822391500994,24822782266994
24822391500994,24822973153431
24822975962953,24822973153431
24822975962953,24823204964492
24822975962953,24823406689063
24822975962953,24823583761684
24822975962953,24823748524581
24822975962953,24824191098989
24824193381469,24824191098989
24824193381469,24824426811190
24824193381469,24824583551362
24824193381469,24824707575558
24824193381469,24825222887649
24824193381469,24825326642192
24824193381469,24825422130033
24825225923968,24825422130033
24825225923968,24825677473692
24825963705798,24825677473692
24825963705798,24826252251795
24825963705798,24826379687910
24825963705798,24826506546391
24825963705798,24826893123604
24825963705798,24827290713132
24827313884145,24827290713132
24827313884145,24827528266078
24827313884145,24827701966615
24827313884145,24827836870501
24827839161742,24827836870501
24827839161742,24828033687775
24827839161742,24828209499518
24827839161742,24828389138361
24827839161742,24828705879441
24827839161742,24829322438365
24829325026978,24829322438365
24829325026978,24829519865662
24829325026978,24829660023017
24829325026978,24829816537929
24829325026978,24830100246081
24830166652279,24830100246081
24830166652279,24830342365430
24830166652279,24830552146735
24830166652279,24830726186065
24830166652279,24831150444209
24831198267189,24831150444209
24831198267189,24831432195515
24831198267189,24831626244351
24831198267189,24831875393088
24831198267189,24832025455726
24832130914224,24832025455726
24832130914224,24832403599899
24832130914224,24832539950512
24832130914224,24832750495730
24832753015426,24832750495730
24832753015426,24832961171012
24832753015426,24833131449450
24832753015426,24833278816322
24832753015426,24833521824733
24832753015426,24833971470584
24833981726434,24833971470584
24833981726434,24834233892919
24833981726434,24834376165903
24833981726434,24834557281203
24833981726434,24834870376525
24834945572575,24834870376525
24834945572575,24835184396396
24834945572575,24835380742503
24834945572575,24835571067779
24835573421043,24835571067779
24835573421043,24835773451257
24835573421043,24835931536254
24835573421043,24836081670754
24835573421043,24836286665569
24835573421043,24836798198871
24836850263666,24836798198871
24836850263666,24837126152833
24836850263666,24837273523870
24836850263666,24837410953999
24836850263666,24837675427282
24837760606919,24837675427282
24837760606919,24838102752254
24837760606919,24838231234018
24837760606919,24838359469711
24838361429496,24838359469711
24838361429496,24838627548349
24838361429496,24838822417850
24838361429496,24838967926256
24838361429496,24839199358984
24838361429496,24839581937551
24839644536550,24839581937551
24839644536550,24839897193213
24839644536550,24840083461428
24839644536550,24840292729600
24839644536550,24840737342514
24840740382403,24840737342514
24840740382403,24841003434818
24840740382403,24841210565085
24840740382403,24841415313267
24840740382403,24841642947816
24841718516235,24841642947816
24841718516235,24841957091046
24841718516235,24842184973633
24841718516235,24842348376632
24842351477695,24842348376632
24842351477695,24842566286835
24842351477695,24842681893592
24842351477695,24842846854270
24842351477695,24843025926238
24842351477695,24843532585926
24843641993914,24843532585926
24843641993914,24843956867189
24843641993914,24844138252942
24843641993914,24844337750390
24844339752310,24844337750390
24844339752310,24844538203258
24844339752310,24844678349622
24844339752310,24844877312694
24844339752310,24845107129510
24844339752310,24845653807586
24845656789337,24845653807586
24845656789337,24845913975496
24845656789337,24846067920035
24845656789337,24846188229186
24845656789337,24846413219357
24846494708721,24846413219357
24846494708721,24846696601893
24846494708721,24846967289343
24846494708721,24847154761521
24847158797723,24847154761521
24847158797723,24847365210937
24847158797723,24847570597843
24847158797723,24847733859458
24847158797723,24847865515116
24847158797723,24848270249145
24848317738382,24848270249145
24848317738382,24848527746042
24848317738382,24848771980805
24848317738382,24848911295353
24848914909884,24848911295353
24848914909884,24849105579095
24848914909884,24849252085338
24848914909884,24849407516805
24848914909884,24849693923967
24848914909884,24850061932659
24850153818898,24850061932659
24850153818898,24850412638113
24850153818898,24850708137028
24850153818898,24850909622773
24850153818898,24851068051710
24851089218966,24851068051710
24851089218966,24851338473724
24851089218966,24851489911430
24851089218966,24851653382401
24851655036501,24851653382401
24851655036501,24851823205339
24851655036501,24851957503567
24851655036501,24852119271125
24851655036501,24852481202495
24851655036501,24852894918250
24851655036501,24853160352294
24852950476434,24853160352294
24852950476434,24853425431010
24852950476434,24853607050747
24852950476434,24853853343679
24853855459031,24853853343679
24853855459031,24854122276464
24853855459031,24854328593431
24853855459031,24854465323496
24853855459031,24854763402705
24854765633074,24854763402705
24854765633074,24854958320118
24854765633074,24855143432676
24854765633074,24855311598878
24854765633074,24855600532937
24856013210682,24855600532937
24856013210682,24856235804167
24856013210682,24856431447545
24856013210682,24856617426983
24856013210682,24856945315919
24856947528637,24856945315919
24856947528637,24857144874439
24856947528637,24857342226447
24856947528637,24857500468015
24856947528637,24857729779600
24857830158817,24857729779600
24857830158817,24858076959500
24857830158817,24858300180054
24857830158817,24858455438152
24857830158817,24858716751100
24858917264376,24858716751100
24858917264376,24859175410075
24858917264376,24859328794000
24858917264376,24859491876615
24858917264376,24859636277784
24859730796486,24859636277784
24859730796486,24860034726470
24859730796486,24860242914169
24859730796486,24860419874046
24859730796486,24860575196593
24860627382684,24860575196593
24860627382684,24860859463443
24860627382684,24861032935651
24860627382684,24861227860990
24861231254110,24861227860990
24861231254110,24861387528644
24861231254110,24861618224697
24861231254110,24861806881520
24861231254110,24862022138114
24861231254110,24862465463016
24862476221748,24862465463016
24862476221748,24862717172728
24862476221748,24862870273228
24862476221748,24863040993185
24863043655465,24863040993185
24863043655465,24863185220811
24863043655465,24863763839239
24863043655465,24863953136659
24863043655465,24864180617305
24863043655465,24864539740081
24864649711629,24864539740081
24864649711629,24864955343763
24864649711629,24865171987235
24864649711629,24865384122034
24864649711629,24865575754050
24865578997960,24865575754050
24865578997960,24865780270885
24865578997960,24865941423721
24865578997960,24866172943014
24865578997960,24866383577876
24866481661925,24866383577876
24866481661925,24866715275481
24866481661925,24866871902211
24866481661925,24867009839524
24866481661925,24867355721953
24867440778633,24867355721953
24867440778633,24867717328877
24867440778633,24867921444424
24867923908035,24867921444424
24867923908035,24868114632504
24867923908035,24868235031103
24867923908035,24868378252801
24867923908035,24868561046516
24867923908035,24868816020921
24867923908035,24869214349529
24869294439846,24869214349529
24869294439846,24869526103770
24869294439846,24869714163539
24869294439846,24869867984223
24869870603974,24869867984223
24869870603974,24870077758668
24869870603974,24870257366563
24869870603974,24870441706843
24869870603974,24870735850289
24869870603974,24871160506749
24871233252100,24871160506749
24871233252100,24871480432583
24871233252100,24871590588016
24871233252100,24871870411712
24871233252100,24872041748251
24872044149685,24872041748251
24872044149685,24872293468752
24872044149685,24872460349292
24872044149685,24872601649077
24872044149685,24873032178501
24873074381945,24873032178501
24873074381945,24873368991230
24873074381945,24873502746886
24873074381945,24873642896443
24873074381945,24874049815392
24874093393956,24874049815392
24874093393956,24874360585509
24874093393956,24874512033194
24874093393956,24874682426159
24874093393956,24874945633365
24875050134469,24874945633365
24875050134469,24875275321477
24875050134469,24875451985161
24875050134469,24875603146329
24875050134469,24876054113952
24875050134469,24876357494846
24876185271238,24876357494846
24876185271238,24876514414507
24876185271238,24876719264425
24876185271238,24876936449649
24877019704053,24876936449649
24877019704053,24877248369752
24877019704053,24877473766296
24877019704053,24877655648732
24877659340850,24877655648732
24877659340850,24877826309776
24877659340850,24877980666172
24877659340850,24878147836452
24877659340850,24878422545359
24877659340850,24878712483031
24878808933109,24878712483031
24878808933109,24879082143779
24878808933109,24879223301813
24878808933109,24879367268069
24878808933109,24879884421414
24879886220530,24879884421414
24879886220530,24880055670046
24879886220530,24880160141005
24879886220530,24880376867028
24879886220530,24880704723132
24880706878209,24880704723132
24880706878209,24880884141846
24880706878209,24881087730404
24880706878209,24881278064226
24880706878209,24881574620278
24881577704637,24881574620278
24881577704637,24881805351985
24881577704637,24881999216625
24881577704637,24882118595182
24882120621445,24882118595182
24882120621445,24882334313365
24882120621445,24882509794428
24882120621445,24882680786226
24882120621445,24882914989625
24882120621445,24883318435275
24883356574481,24883318435275
24883356574481,24883581451380
24883356574481,24883838023821
24883356574481,24883971825678
24883356574481,24884247566003
24884307170545,24884247566003
24884307170545,24884490681112
24884307170545,24884768200803
24884307170545,24884912971132
24884307170545,24885236668967
24885240291723,24885236668967
24885240291723,24885515495166
24885240291723,24885735162262
24885240291723,24885874756141
24885240291723,24886011207150
24886090588769,24886011207150
24886090588769,24886295965094
24886090588769,24886539297596
24886090588769,24886673716981
24886090588769,24887127406776
24886090588769,24887288889590
24887291607141,24887288889590
24887291607141,24887447033444
24887291607141,24887609433711
24887291607141,24887772819685
24887891047030,24887772819685
24887891047030,24888134130090
24887891047030,24888285037303
24887891047030,24888451826315
24887891047030,24888823863042
24888826110213,24888823863042
24888826110213,24889102314627
24888826110213,24889231713682
24888826110213,24889377597679
24889380056354,24889377597679
24889380056354,24889659304921
24889380056354,24889810244764
24889380056354,24889999268194
24889380056354,24890330991622
24889380056354,24890732405758
24890817612258,24890732405758
24890817612258,24891036643517
24890817612258,24891213863684
24890817612258,24891402208109
24890817612258,24891669626160
24891688087348,24891669626160
24891688087348,24891952583860
24891688087348,24892075200321
24891688087348,24892239326541
24891688087348,24892616249899
24892629854228,24892616249899
24892629854228,24892938748304
24892629854228,24893135001294
24892629854228,24893355480489
24892629854228,24893518342759
24893565713801,24893518342759
24893565713801,24893765681451
24893565713801,24893916040364
24893565713801,24894111287682
24893565713801,24894941245672
24894943002154,24894941245672
24894943002154,24895164218800
24894943002154,24895344525031
24894943002154,24895576838040
24894943002154,24895833433193
24895834957605,24895833433193
24895834957605,24896079590131
24895834957605,24896221137417
24895834957605,24896421836185
24895834957605,24896616210994
24896702296645,24896616210994
24896702296645,24896903471768
24896702296645,24897035192178
24896702296645,24897241530585
24896702296645,24897740864492
24897744677226,24897740864492
24897744677226,24898017916287
24897744677226,24898170036766
24897744677226,24898372016285
24897744677226,24898653617968
24898681176924,24898653617968
24898681176924,24898962097391
24898681176924,24899141089982
24898681176924,24899278492020
24898681176924,24899604109821
24899652476484,24899604109821
24899652476484,24899882170854
24899652476484,24900047088964
24899652476484,24900259120632
24899652476484,24900557323171
24900558778062,24900557323171
24900558778062,24900775132544
24900558778062,24901120535604
24900558778062,24901291840326
24901293285283,24901291840326
24901293285283,24901481843261
24901293285283,24901631714499
24901293285283,24901798031636
24901293285283,24901943177872
24901293285283,24902391638464
24902440545473,24902391638464
24902440545473,24902740737270
24902440545473,24902865901451
24902440545473,24903022230122
24902440545473,24903405511742
24903435736069,24903405511742
24903435736069,24903662748912
24903435736069,24903887398062
24903435736069,24904082822865
24903435736069,24904259845403
24904347183846,24904259845403
24904347183846,24904600286012
24904347183846,24904790483984
24904347183846,24904931119301
24904347183846,24905182882103
24905253517607,24905182882103
24905253517607,24905527614720
24905253517607,24905724203367
24905253517607,24905888370897
24905253517607,24906109906106
24906111950488,24906109906106
24906111950488,24906350150863
24906111950488,24906653202975
24906111950488,24906825176633
24906111950488,24907118889956
24907120790138,24907118889956
24907120790138,24907354534512
24907120790138,24907544335614
24907120790138,24907710436787
24907120790138,24908017211218
24908020864825,24908017211218
24908020864825,24908187382840
24908020864825,24908413532635
24908020864825,24908540110311
24908020864825,24908918491816
24908986872867,24908918491816
24908986872867,24909155088824
24908986872867,24909441117440
24908986872867,24909624474621
24909627736168,24909624474621
24909627736168,24909862195276
24909627736168,24910028401952
24909627736168,24910536344421
24909627736168,24910690042534
24909627736168,24911253726520
24911299645870,24911253726520
24911299645870,24911504489052
24911299645870,24911733545252
24911299645870,24911956259846
24911958436439,24911956259846
24911958436439,24912171956268
24911958436439,24912326798443
24911958436439,24912479762450
24911958436439,24912716037732
24911958436439,24913143488345
24913146236141,24913143488345
24913146236141,24913355242145
24913146236141,24913581494331
24913146236141,24913743967686
24913746377086,24913743967686
24913746377086,24913960055414
24913746377086,24914124029327
24913746377086,24914263076586
24913746377086,24914560796447
24913746377086,24914927165712
24915041276640,24914927165712
24915041276640,24915363984616
24915041276640,24915608104168
24915041276640,24915744284752
24915041276640,24915957725246
24916030991615,24915957725246
24916030991615,24916209603488
24916030991615,24916457834758
24916030991615,24916638324905
24916030991615,24916885220432
24916887143207,24916885220432
24916887143207,24917126750600
24916887143207,24917332534800
24916887143207,24917507594083
24916887143207,24917753045197
24917757536767,24917753045197
24917757536767,24918011389211
24917757536767,24918208973227
24917757536767,24918401584089
24917757536767,24918688899378
24918696026158,24918688899378
24918696026158,24918955423926
24918696026158,24919098171562
24918696026158,24919270285059
24919298877234,24919270285059
24919298877234,24919486999283
24919298877234,24919620392254
24919298877234,24919791987983
24919298877234,24920084930107
24919298877234,24920603052677
24919298877234,24920823278957
24920605589292,24920823278957
24920605589292,24921095709357
24920605589292,24921279021591
24921281530495,24921279021591
24921281530495,24921458168474
24921281530495,24921621898971
24921281530495,24921769160108
24921281530495,24922053614921
24921281530495,24922553318652
24922555394507,24922553318652
24922555394507,24922771933396
24922555394507,24923053310813
24922555394507,24923195291711
24923196942783,24923195291711
24923196942783,24923372895605
24923196942783,24923553246744
24923196942783,24923744258395
24923196942783,24923904903384
24923196942783,24924324526474
24924352300148,24924324526474
24924352300148,24924596474344
24924352300148,24924826344486
24924352300148,24925074475376
24924352300148,24925259770114
24925264087934,24925259770114
24925264087934,24925496043675
24925264087934,24925692982305
24925264087934,24925837807312
24925264087934,24926156350266
24926159187918,24926156350266
24926159187918,24926389316883
24926159187918,24926546405756
24926159187918,24926718604306
24926159187918,24927047219297
24927051019159,24927047219297
24927051019159,24927297180503
24927051019159,24927438298300
24927051019159,24927623438663
24927051019159,24927917645711
24927919723219,24927917645711
24927919723219,24928135106428
24927919723219,24928341811085
24927919723219,24928539690465
24927919723219,24928835070507
24928890518140,24928835070507
24928890518140,24929126996202
24928890518140,24929328423173
24928890518140,24929478332795
24928890518140,24929827914151
24929902485268,24929827914151
24929902485268,24930126365514
24929902485268,24930383368617
24929902485268,24930566414834
24930569881294,24930566414834
24930569881294,24930816326936
24930569881294,24930990335094
24930569881294,24931154795961
24930569881294,24931362371958
24930569881294,24931812118863
24931814452842,24931812118863
24931814452842,24932027547089
24931814452842,24932186960694
24931814452842,24932357416707
24932358818043,24932357416707
24932358818043,24932719683039
24932358818043,24932879431399
24932358818043,24933029237220
24932358818043,24933200095854
24932358818043,24933502761784
24933538741802,24933502761784
24933538741802,24933775013304
24933538741802,24934043713119
24933538741802,24934218818264
24933538741802,24934469782536
24934475747113,24934469782536
24934475747113,24934714841891
24934475747113,24934853946836
24934475747113,24935001031245
24934475747113,24935330619858
24935380861706,24935330619858
24935380861706,24935634143028
24935380861706,24935815104947
24935380861706,24936016867754
24935380861706,24936358056489
24936360814954,24936358056489
24936360814954,24936585394503
24936360814954,24936853258881
24936360814954,24937042642059
24936360814954,24937319942045
24937444199802,24937319942045
24937444199802,24937684227697
24937444199802,24937934893798
24937444199802,24938077074652
24937444199802,24938502973596
24938505377529,24938502973596
24938505377529,24938784098853
24938505377529,24938905476532
24938505377529,24939036367692
24939038038784,24939036367692
24939038038784,24939284767379
24939038038784,24939426347941
24939038038784,24939530766057
24939038038784,24939977270947
24939038038784,24940317240698
24940319978470,24940317240698
24940319978470,24940573484034
24940319978470,24940745045762
24940319978470,24940915998574
24940319978470,24941148295986
24941228125071,24941148295986
24941228125071,24941493966317
24941228125071,24941699839846
24941228125071,24941853648033
24941228125071,24942028837752
24942149452467,24942028837752
24942149452467,24942386435409
24942149452467,24942748973894
24942149452467,24942957939201
24942149452467,24943150404571
24943216911671,24943150404571
24943216911671,24943432495167
24943216911671,24943574307873
24943216911671,24943720143685
24943722434140,24943720143685
24943722434140,24943968652734
24943722434140,24944256125073
24943722434140,24944427854551
24943722434140,24944551815492
24943722434140,24944992152844
24944994071120,24944992152844
24944994071120,24945257731809
24944994071120,24945454487365
24944994071120,24945592402207
24944994071120,24945771324437
24945818110233,24945771324437
24945818110233,24946063149122
24945818110233,24946213705052
24945818110233,24946368338235
24945818110233,24946754958168
24946757345458,24946754958168
24946757345458,24946979873473
24946757345458,24947143408645
24946757345458,24947358163488
24946757345458,24947648852848
24947651795387,24947648852848
24947651795387,24947875439130
24947651795387,24948040596081
24947651795387,24948212113121
24947651795387,24948538236246
24948555570232,24948538236246
24948555570232,24948786330306
24948555570232,24948950111799
24948555570232,24949099934706
24948555570232,24949670609216
24949672977335,24949670609216
24949672977335,24949912327273
24949672977335,24950070960094
24949672977335,24950260431000
24950263424143,24950260431000
24950263424143,24950768840583
24950263424143,24950929201058
24950263424143,24951108559413
24950263424143,24951507370830
24950263424143,24951870665639
24951898747577,24951870665639
24951898747577,24952124164733
24951898747577,24952283714929
24951898747577,24952421180537
24951898747577,24952765091433
24952857180602,24952765091433
24952857180602,24953110139650
24952857180602,24953314532876
24952857180602,24953552496291
24952857180602,24953794157344
24953798598983,24953794157344
24953798598983,24953994261082
24953798598983,24954178759418
24953798598983,24954308252959
24953798598983,24954726779870
24954738443910,24954726779870
24954738443910,24954996199114
24954738443910,24955259517191
24954738443910,24955430837440
24954738443910,24955657799214
24955740225871,24955657799214
24955740225871,24955977616617
24955740225871,24956185193005
24955740225871,24956326357383
24956328333671,24956326357383
24956328333671,24956504374105
24956328333671,24956674368482
24956328333671,24956984714748
24956328333671,24957230278295
24956328333671,24957516291446
24957545190378,24957516291446
24957545190378,24957757427247
24957545190378,24957948454933
24957545190378,24958149299803
24958153900932,24958149299803
24958153900932,24958342294556
24958153900932,24958466476229
24958153900932,24958648838295
24958153900932,24958941570064
24958153900932,24959318188747
24959422301001,24959318188747
24959422301001,24959696064972
24959422301001,24959910313888
24959422301001,24960167304992
24959422301001,24960369953633
24960371909420,24960369953633
24960371909420,24960594654259
24960371909420,24960816634975
24960371909420,24961027241760
24960371909420,24961256253272
24961316557662,24961256253272
24961316557662,24961578442588
24961316557662,24961774093441
24961316557662,24961953209015
24961316557662,24962134019506
24962241184961,24962134019506
24962241184961,24962493240121
24962241184961,24962613013693
24962699284471,24962613013693
24962699284471,24962893619276
24962699284471,24963060330607
24962699284471,24963225956051
24962699284471,24963401252576
24962699284471,24963548743340
24962699284471,24963973310912
24963975092704,24963973310912
24963975092704,24964234067548
24963975092704,24964415301389
24963975092704,24964584422278
24964586855714,24964584422278
24964586855714,24964816396059
24964586855714,24964973230970
24964586855714,24965128933266
24964586855714,24965367038276
24964586855714,24965769838704
24965814319267,24965769838704
24965814319267,24965986118034
24965814319267,24966177427852
24965814319267,24966340386960
24966342826965,24966340386960
24966342826965,24966617182187
24966342826965,24966768042999
24966342826965,24966905746584
24966342826965,24967090532647
24966342826965,24967638115987
24966342826965,24967919266808
24967728303778,24967919266808
24967728303778,24968154677671
24967728303778,24968319424675
24967728303778,24968603255543
24968605458234,24968603255543
24968605458234,24968834320380
24968605458234,24969002367786
24968605458234,24969206662142
24969214246465,24969206662142
24969214246465,24969444230971
24969214246465,24969640502222
24969214246465,24969772310944
24969214246465,24969950709195
24969214246465,24970408997101
24969214246465,24970610153644
24970443411895,24970610153644
24970443411895,24970784651834
24970443411895,24970934389497
24970443411895,24971337333680
24971346197540,24971337333680
24971346197540,24971565711852
24971346197540,24971695531231
24971346197540,24971869050189
24971346197540,24972243065618
24972290322286,24972243065618
24972290322286,24972557036893
24972290322286,24972695174241
24972290322286,24972870295321
24972290322286,24973004304851
24972290322286,24973347722131
24972872837162,24973347722131
24972872837162,24973574658545
24972872837162,24973969217737
24972872837162,24974352414978
24974409594212,24974352414978
24974409594212,24974690425634
24974409594212,24974872970532
24974409594212,24974995345842
24974409594212,24975282249662
24975306823101,24975282249662
24975306823101,24975548348749
24975306823101,24975684081209
24975306823101,24975886271021
24975306823101,24976209385059
24975306823101,24976349566051
24976212550854,24976349566051
24976212550854,24976609593086
24976212550854,24976903070541
24976212550854,24977176293208
24977179453563,24977176293208
24977179453563,24977383025472
24977179453563,24977587151445
24977179453563,24977721592358
24977725682515,24977721592358
24977725682515,24977994857970
24977725682515,24978158852563
24977725682515,24978292840807
24977725682515,24978534113335
24977725682515,24978964208772
24978966332813,24978964208772
24978966332813,24979220403788
24978966332813,24979362123273
24978966332813,24979518829923
24978966332813,24979977296452
24979979975030,24979977296452
24979979975030,24980203789514
24979979975030,24980414961538
24979979975030,24980571732997
24979979975030,24980726726088
24980845835278,24980726726088
24980845835278,24981114376307
24980845835278,24981267391611
24980845835278,24981462203135
24980845835278,24981710674289
24981808171790,24981710674289
24981808171790,24981995343557
24981808171790,24982209115647
24981808171790,24982400333150
24982402483642,24982400333150
24982402483642,24982606390261
24982402483642,24982745515675
24982402483642,24982943813104
24982402483642,24983188886321
24983191154349,24983188886321
24983191154349,24983400865932
24983191154349,24983633285416
24983191154349,24983805812035
24983191154349,24984267450314
24983191154349,24984615021735
24984719528287,24984615021735
24984719528287,24984929485647
24984719528287,24985079548331
24984719528287,24985275495966
24984719528287,24985632582217
24985682628355,24985632582217
24985682628355,24985913424801
24985682628355,24986169240369
24985682628355,24986351627872
24985682628355,24986561795535
24986669994522,24986561795535
24986669994522,24986845293681
24986669994522,24987073786189
24986669994522,24987257254223
24986669994522,24987570974534
24986669994522,24987653490504
24987572529743,24987653490504
24987572529743,24988160042553
24987572529743,24988323069323
24987572529743,24988655999015
24988676492834,24988655999015
24988676492834,24988917931660
24988676492834,24989066615143
24988676492834,24989274381213
24989275526545,24989274381213
24989275526545,24989437581464
24989275526545,24989616541386
24989275526545,24989760409384
24989275526545,24990111284724
24989275526545,24990538931608
24990576985131,24990538931608
24990576985131,24990802330303
24990576985131,24990970713417
24990576985131,24991120449340
24990576985131,24991488490051
24991566888308,24991488490051
24991566888308,24991791469929
24991566888308,24992012957350
24991566888308,24992162305950
24991566888308,24992487072110
24992534890681,24992487072110
24992534890681,24992773618396
24992534890681,24992937517631
24992534890681,24993193244184
24992534890681,24993441681417
24992534890681,24993642854344
24993493693184,24993642854344
24993493693184,24993851719994
24993493693184,24994098134417
24993493693184,24994277794292
24994100530543,24994277794292
24994100530543,24994409660633
24994100530543,24994577555873
24994100530543,24994733493418
24994100530543,24995273048172
24995328541934,24995273048172
24995328541934,24995570304385
24995328541934,24995747638653
24995328541934,24995905210925
24995328541934,24996099580865
24995908860629,24996099580865
24995908860629,24996256607978
24995908860629,24996440548499
24995908860629,24996663905087
24995908860629,24997142231475
24997196533248,24997142231475
24997196533248,24997413389980
24997196533248,24997556105902
24997196533248,24997744433815
24997196533248,24998079343363
24998149310255,24998079343363
24998149310255,24998411907662
24998149310255,24998568352774
24998149310255,24998728152349
24998729790476,24998728152349
24998729790476,24998920670994
24998729790476,24999184413066
24998729790476,24999305552836
24998729790476,24999498554085
24998729790476,24999980641876
24999982208092,24999980641876
24999982208092,25000259094947
24999982208092,25000433083898
24999982208092,25000618834736
24999982208092,25000931134031
25000972170142,25000931134031
25000972170142,25001271651986
25000972170142,25001441277425
25000972170142,25001687909225
25001691349182,25001687909225
25001691349182,25001950094099
25001691349182,25002115556091
25001691349182,25002282379144
25001691349182,25002413927234
25001691349182,25002931731813
25002934684463,25002931731813
25002934684463,25003186110954
25002934684463,25003331012535
25002934684463,25003493058015
25002934684463,25003729579567
25003803243344,25003729579567
25003803243344,25004050207860
25003803243344,25004229235482
25003803243344,25004473606659
25003803243344,25004745383373
25004932937585,25004745383373
25004932937585,25005190491321
25004932937585,25005363293849
25004932937585,25005522333051
25004932937585,25005679962071
25005681760295,25005679962071
25005681760295,25005872347018
25005681760295,25006075089369
25005681760295,25006235801866
25005681760295,25006576510023
25005681760295,25006759202889
25006595512215,25006759202889
25006595512215,25007050416940
25006595512215,25007233556350
25006595512215,25007399806924
25007402223635,25007399806924
25007402223635,25007579706308
25007402223635,25007700877264
25007402223635,25007891317697
25007975019102,25007891317697
25007975019102,25008275505628
25007975019102,25008438112847
25007975019102,25008627231175
25007975019102,25008860588736
25007975019102,25009335767339
25007975019102,25009612315322
25009419795768,25009612315322
25009419795768,25010011075561
25009419795768,25010189258173
25009419795768,25010365180829
25010381803518,25010365180829
25010381803518,25010620198694
25010381803518,25010768334223
25010381803518,25010952364181
25010381803518,25011252248148
25011306791005,25011252248148
25011306791005,25011606330969
25011306791005,25011770570063
25011306791005,25011947252460
25011306791005,25012382766040
25012385171417,25012382766040
25012385171417,25012603020134
25012385171417,25012774106642
25012385171417,25013047375870
25012385171417,25013186310077
25013235899056,25013186310077
25013235899056,25013438857883
25013235899056,25013723666655
25013235899056,25013914148251
25013235899056,25014183635039
25014337861924,25014183635039
25014337861924,25014516803485
25014337861924,25014685914537
25014337861924,25014848071027
25014850202213,25014848071027
25014850202213,25015037515754
25014850202213,25015304372982
25014850202213,25015493439066
25014850202213,25015718788132
25014850202213,25015989627659
25016039113178,25015989627659
25016039113178,25016251093137
25016039113178,25016442693322
25016039113178,25016636459982
25016039113178,25016897309547
25016920429815,25016897309547
25016920429815,25017167584568
25016920429815,25017352139154
25016920429815,25017518018415
25016920429815,25017826622655
25017986660234,25017826622655
25017986660234,25018260611461
25017986660234,25018424081704
25017986660234,25018614292482
25017986660234,25018795422643
25018798815201,25018795422643
25018798815201,25019071148704
25018798815201,25019252984954
25018798815201,25019429460947
25018798815201,25019738457739
25019815259811,25019738457739
25019815259811,25020108133319
25019815259811,25020257930527
25020270014859,25020257930527
25020270014859,25020449548955
25020270014859,25020608978172
25020270014859,25020739306190
25020270014859,25020969968670
25020270014859,25021201441694
25020270014859,25021619089560
25021638905698,25021619089560
25021638905698,25021888634280
25021638905698,25022059319456
25021638905698,25022274026866
25021638905698,25022572083343
25022652285860,25022572083343
25022652285860,25022860793351
25022652285860,25023037746104
25022652285860,25023200712353
25022652285860,25023544666786
25023664710246,25023544666786
25023664710246,25023931274118
25023664710246,25024185191141
25023664710246,25024384311764
25024385578737,25024384311764
25024385578737,25024503235905
25024385578737,25024669178448
25024385578737,25024799213802
25024385578737,25024973561263
25024385578737,25025425462144
25025521047542,25025425462144
25025521047542,25025809287887
25025521047542,25025991063257
25025521047542,25026187239801
25025521047542,25026324773897
25026375769523,25026324773897
25026375769523,25026574156030
25026375769523,25026799938716
25026375769523,25026957970838
25026375769523,25027316283315
25027377412436,25027316283315
25027377412436,25027617161728
25027377412436,25027818519054
25027377412436,25027999738138
25027377412436,25028309108401
25028356863572,25028309108401
25028356863572,25028585342263
25028356863572,25028797199343
25028356863572,25029035425139
25028356863572,25029352393569
25029353707318,25029352393569
25029353707318,25029515659238
25029353707318,25029988640074
25029353707318,25030150318963
25029353707318,25030520872754
25030549120330,25030520872754
25030549120330,25030784791858
25030549120330,25030958402361
25030549120330,25031134076888
25030549120330,25031485841283
25031492147670,25031485841283
25031492147670,25031768376319
25031492147670,25031908219108
25031492147670,25032047597751
25031492147670,25032461821531
25032464645335,25032461821531
25032464645335,25032740334338
25032464645335,25032917288426
25032464645335,25033097413219
25032464645335,25033373170158
25033416861569,25033373170158
25033416861569,25033651910643
25033416861569,25033856903933
25033416861569,25034071785760
25033416861569,25034390287419
25034402736173,25034390287419
25034402736173,25034649220848
25034402736173,25034792396549
25034402736173,25034961392952
25034965221215,25034961392952
25034965221215,25035183661213
25034965221215,25035352460953
25034965221215,25035497443526
25034965221215,25035911915730
25034965221215,25036324822467
25036327395319,25036324822467
25036327395319,25036579417605
25036327395319,25036739448989
25036327395319,25036928730833
25036327395319,25037248062645
25037277478366,25037248062645
25037277478366,25037475926060
25037277478366,25037665899026
25037277478366,25037898897552
25037277478366,25038129859166
25038162081164,25038129859166
25038162081164,25038395700097
25038162081164,25038558505010
25038162081164,25038721427926
25038724045418,25038721427926
25038724045418,25038913378662
25038724045418,25039133277725
25038724045418,25039305892464
25038724045418,25039502200349
25038724045418,25039945450445
25039949122611,25039945450445
25039949122611,25040179669868
25039949122611,25040366796868
25039949122611,25040618850090
25039949122611,25040976309394
25040979001576,25040976309394
25040979001576,25041127939700
25040979001576,25041353146093
25040979001576,25041557264304
25040979001576,25041711175290
25041746533917,25041711175290
25041746533917,25041938537736
25041746533917,25042167020022
25041746533917,25042338193696
25041746533917,25042705638762
25042708556108,25042705638762
25042708556108,25042906855443
25042708556108,25043091919969
25042708556108,25043301773317
25042708556108,25043482022417
25043305640672,25043482022417
25043305640672,25043644305018
25043305640672,25043798315898
25043305640672,25044081471835
25044083792778,25044081471835
25044083792778,25044345306754
25044083792778,25044487369729
25044083792778,25044669899058
25044083792778,25044846726670
25044083792778,25045367589682
25045421983594,25045367589682
25045421983594,25045620472614
25045421983594,25045884412948
25045421983594,25046047203674
25045421983594,25046435493595
25046437967517,25046435493595
25046437967517,25046658957777
25046437967517,25046853652806
25046437967517,25047001110858
25046437967517,25047290058364
25047291670484,25047290058364
25047291670484,25047543273837
25047291670484,25047708969643
25047291670484,25047898893751
25047291670484,25048307333094
25048569091529,25048307333094
25048569091529,25048759093821
25048569091529,25048921562870
25048569091529,25049132043060
25048569091529,25049358163737
25049405586927,25049358163737
25049405586927,25049669618047
25049405586927,25049802969378
25049405586927,25049964407814
25049405586927,25050138069693
25049967468330,25050138069693
25049967468330,25050321306170
25049967468330,25050537062152
25049967468330,25050719079440
25049967468330,25051122681221
25051194914659,25051122681221
25051194914659,25051370295888
25051194914659,25051539907489
25051194914659,25051733830944
25051736323389,25051733830944
25051736323389,25051973340882
25051736323389,25052148208206
25051736323389,25052307088394
25051736323389,25052540653833
25052543407894,25052540653833
25052543407894,25052799257212
25052543407894,25052973802747
25052543407894,25053123591548
25052543407894,25053331746599
25052543407894,25053749285805
25053804492509,25053749285805
25053804492509,25054025001810
25053804492509,25054229478917
25053804492509,25054363782973
25054367591916,25054363782973
25054367591916,25054661924679
25054367591916,25054799270368
25054367591916,25054980755753
25054367591916,25055184247382
25054367591916,25055569554907
25055637631380,25055569554907
25055637631380,25055854117503
25055637631380,25056065538785
25055637631380,25056192018857
25055637631380,25056554970180
25056668552645,25056554970180
25056668552645,25056858788529
25056668552645,25057065368684
25056668552645,25057240216206
25057242097556,25057240216206
25057242097556,25057461178841
25057242097556,25057607717098
25057242097556,25057783345136
25057242097556,25058085780652
25057242097556,25058480344279
25058522894395,25058480344279
25058522894395,25058768882326
25058522894395,25058972757730
25058522894395,25059124251564
25058522894395,25059406222710
25059596499354,25059406222710
25059596499354,25059794443722
25059596499354,25059945342391
25059596499354,25060111416635
25059596499354,25060494397155
25060578158526,25060494397155
25060578158526,25060833584216
25060578158526,25061006647826
25060578158526,25061216582222
25061218940269,25061216582222
25061218940269,25061472305825
25061218940269,25061590115507
25061218940269,25061748422570
25061218940269,25061964640989
25062004654889,25061964640989
25062004654889,25062161974343
25062004654889,25062466046255
25062004654889,25062639249299
25062004654889,25062884207219
25062886200658,25062884207219
25062886200658,25063075668788
25062886200658,25063286647717
25062886200658,25063430087857
25062886200658,25063791943801
25062886200658,25064222025672
25064243192787,25064222025672
25064243192787,25064513838767
25064243192787,25064670370563
25064243192787,25064830137930
25064243192787,25065207454196
25065209817182,25065207454196
25065209817182,25065454474643
25065209817182,25065621988797
25065209817182,25065817974237
25065209817182,25066214472772
25066218276137,25066214472772
25066218276137,25066386743769
25066218276137,25066629340974
25066218276137,25066816347212
25066218276137,25067123030527
25067131681290,25067123030527
25067131681290,25067330839471
25067131681290,25067505399935
25067131681290,25067752419720
25067131681290,25068016329402
25068138219419,25068016329402
25068138219419,25068352879218
25068138219419,25068620538061
25068138219419,25068881479516
25068138219419,25069055062495
25069079280506,25069055062495
25069079280506,25069360897016
25069079280506,25069506270826
25069079280506,25069642210109
25069079280506,25070180555903
25070183150602,25070180555903
25070183150602,25070448522800
25070183150602,25070633281763
25070183150602,25070838267675
25070183150602,25071003994866
25071015788914,25071003994866
25071015788914,25071329373238
25071015788914,25071570169091
25071015788914,25071729313437
25071015788914,25071968725807
25071971321429,25071968725807
25071971321429,25072213395732
25071971321429,25072368303236
25071971321429,25072544638910
25071971321429,25072871031951
25072874315584,25072871031951
25072874315584,25073047227727
25072874315584,25073190426057
25072874315584,25073635998133
25072874315584,25073838505660
25073864796403,25073838505660
25073864796403,25074096501177
25073864796403,25074306464537
25073864796403,25074520430963
25073864796403,25074739713732
25075004081172,25074739713732
25075004081172,25075213793420
25075004081172,25075396370959
25075398498474,25075396370959
25075398498474,25075575971657
25075398498474,25075744796087
25075398498474,25075931075067
25075398498474,25076088118227
25075398498474,25076229950187
25075398498474,25076616267680
25076627996641,25076616267680
25076627996641,25076917402106
25076627996641,25077175223639
25076627996641,25077340309976
25077342647113,25077340309976
25077342647113,25077568445386
25077342647113,25077816230511
25077342647113,25077994306763
25077342647113,25078129515303
25077342647113,25078469261284
25078555189005,25078469261284
25078555189005,25078805078477
25078555189005,25078983189357
25078555189005,25079174717454
25078555189005,25079586480235
25079611616170,25079586480235
25079611616170,25079879684802
25079611616170,25080080523573
25079611616170,25080332158018
25079611616170,25080497243510
25080610697065,25080497243510
25080610697065,25080767515328
25080610697065,25080982271071
25080610697065,25081173207354
25080610697065,25081567982646
25081570408586,25081567982646
25081570408586,25081815624946
25081570408586,25082018391144
25081570408586,25082144486644
25081570408586,25082358020718
25082463033442,25082358020718
25082463033442,25082797805799
25082463033442,25082984700166
25082463033442,25083136627209
25082463033442,25083332017293
25083431647029,25083332017293
25083431647029,25083610664148
25083431647029,25083817295359
25083431647029,25084022325857
25083431647029,25084517453747
25084520915355,25084517453747
25084520915355,25084732207810
25084520915355,25084906498426
25084520915355,25085118090294
25084520915355,25085316625037
25085377173079,25085316625037
25085377173079,25085645374091
25085377173079,25085832155728
25085377173079,25086028224340
25085377173079,25086184755698
25086237407424,25086184755698
25086237407424,25086455617041
25086237407424,25086735270556
25086237407424,25086897188684
25086237407424,25087100852297
25087103861656,25087100852297
25087103861656,25087336313951
25087103861656,25087521434894
25087103861656,25087714616035
25087103861656,25088043032957
25088050921224,25088043032957
25088050921224,25088295104749
25088050921224,25088502091714
25088050921224,25088644769642
25088050921224,25088971289677
25088973899077,25088971289677
25088973899077,25089186870643
25088973899077,25089368737434
25088973899077,25089547703174
25088973899077,25089966453661
25088973899077,25090166651836
25089970048079,25090166651836
25089970048079,25090379929667
25089970048079,25090549575461
25089970048079,25090963420446
25090964502073,25090963420446
25090964502073,25091142321298
25090964502073,25091318270588
25090964502073,25091533060366
25090964502073,25091676281414
25091723044819,25091676281414
25091723044819,25091972334296
25091723044819,25092164979278
25091723044819,25092399931169
25091723044819,25092545173532
25092620342430,25092545173532
25092620342430,25092905994018
25092620342430,25093046593536
25092620342430,25093202226477
25093206638160,25093202226477
25093206638160,25093430350960
25093206638160,25093704153589
25093206638160,25093924633475
25093206638160,25094198839723
25093206638160,25094722152068
25094727389579,25094722152068
25094727389579,25095018984391
25094727389579,25095202695139
25094727389579,25095333054519
25095335382023,25095333054519
25095335382023,25095601267169
25095335382023,25095768903541
25095335382023,25095959916432
25095335382023,25096112230578
25095335382023,25096510025689
25096511923333,25096510025689
25096511923333,25096728128961
25096511923333,25096875816922
25096511923333,25097002904043
25097005087176,25097002904043
25097005087176,25097208151225
25097005087176,25097419262080
25097005087176,25097623327148
25097005087176,25097832228009
25097005087176,25098188430896
25098203291519,25098188430896
25098203291519,25098438662980
25098203291519,25098632712110
25098203291519,25098825246608
25098203291519,25099111209335
25099185272247,25099111209335
25099185272247,25099421126476
25099185272247,25099619154463
25099185272247,25099802221052
25099185272247,25100136457186
25100138920866,25100136457186
25100138920866,25100315521032
25100138920866,25100517303718
25100138920866,25100666829221
25100138920866,25101080251975
25101082380284,25101080251975
25101082380284,25101303430572
25101082380284,25101450395099
25101082380284,25101608424568
25101612176516,25101608424568
25101612176516,25101829156618
25101612176516,25101982601993
25101612176516,25102187163230
25101612176516,25102346332967
25101612176516,25102764098366
25102821097792,25102764098366
25102821097792,25103040368501
25102821097792,25103284658918
25102821097792,25103462699469
25102821097792,25103698252256
25103766492743,25103698252256
25103766492743,25103944677892
25103766492743,25104190876305
25103766492743,25104355190393
25104358590470,25104355190393
25104358590470,25104537126787
25104358590470,25104672283011
25104358590470,25104888298213
25104358590470,25105125155982
25104358590470,25105532180390
25105685680948,25105532180390
25105685680948,25105792415749
25105685680948,25106137675151
25105685680948,25106305496490
25105685680948,25106842388975
25106919096493,25106842388975
25106919096493,25107174792610
25106919096493,25107406119471
25106919096493,25107574186147
25106919096493,25107729587456
25107838025679,25107729587456
25107838025679,25108079832837
25107838025679,25108333939690
25107838025679,25108544789147
25107838025679,25108703403814
25108711516672,25108703403814
25108711516672,25108982719316
25108711516672,25109125284852
25108711516672,25109307497816
25108711516672,25109610873249
25109643666606,25109610873249
25109643666606,25109869329311
25109643666606,25110142419052
25109643666606,25110308244216
25109643666606,25110528173701
25110548631672,25110528173701
25110548631672,25110805205446
25110548631672,25111072509944
25110548631672,25111239487183
25110548631672,25111576315913
25111579048971,25111576315913
25111579048971,25111840392784
25111579048971,25111982203454
25111579048971,25112157335273
25111579048971,25112468624686
25112494138129,25112468624686
25112494138129,25112800905381
25112494138129,25112957053270
25112494138129,25113139885089
25113143167641,25113139885089
25113143167641,25113362260361
25113143167641,25113523041244
25113143167641,25113757404292
25113143167641,25113957833372
25113143167641,25114457341699
25114484117138,25114457341699
25114484117138,25114609036720
25114484117138,25114851339208
25114484117138,25115008849109
25114484117138,25115354907022
25115365308293,25115354907022
25115365308293,25115564175963
25115365308293,25115813087004
25115365308293,25116057038045
25115365308293,25116224112358
25116304082314,25116224112358
25116304082314,25116574197077
25116304082314,25116744084736
25116304082314,25116908080865
25116304082314,25117196350246
25117245119392,25117196350246
25117245119392,25117518383679
25117245119392,25117691897838
25117245119392,25117859021021
25117245119392,25118181144097
25118183242239,25118181144097
25118183242239,25118385839694
25118183242239,25118619770052
25118183242239,25118824078083
25118183242239,25119111068136
25119116649514,25119111068136
25119116649514,25119341989461
25119116649514,25119582274603
25119116649514,25119763878659
25119116649514,25120016263060
25120018343541,25120016263060
25120018343541,25120227936234
25120018343541,25120413239878
25120018343541,25120549264470
25120552345046,25120549264470
25120552345046,25120722540923
25120552345046,25120910392819
25120552345046,25121062316013
25120552345046,25121342729391
25120552345046,25121629286613
25121716060905,25121629286613
25121716060905,25121964065201
25121716060905,25122164553443
25121716060905,25122323111632
25122325295372,25122323111632
25122325295372,25122507172507
25122325295372,25122682276994
25122325295372,25122857200115
25122325295372,25123121788761
25122325295372,25123559337840
25123586770357,25123559337840
25123586770357,25123852197251
25123586770357,25124043176342
25123586770357,25124217070464
25123586770357,25124632702739
25124702378472,25124632702739
25124702378472,25124874698408
25124702378472,25125035844226
25124702378472,25125198093303
25124702378472,25125374568972
25124702378472,25125601099942
