24636711880890,24637887882737
24636711880890,24638273591959
24638304831171,24638273591959
24638304831171,24638563733792
24638304831171,24638716038174
24638304831171,24638995885677
24638304831171,24639217558444
24639237152630,24639217558444
24639237152630,24639479659163
24639237152630,24639738737314
24639237152630,24639898274959
24639237152630,24640275053858
24640307420045,24640275053858
24640307420045,24640620320875
24640307420045,24640882556115
24640307420045,24641028087511
24640307420045,24641293021080
24640307420045,24641489098360
24641298154281,24641489098360
24641298154281,24641690493728
24641298154281,24641918015291
24641298154281,24642089478348
24642196197750,24642089478348
24642196197750,24642429615042
24642196197750,24642725060947
24642196197750,24642870046098
24642196197750,24643024147733
24643032722708,24643024147733
24643032722708,24643283224884
24643032722708,24643495140902
24643032722708,24643686692213
24643032722708,24644134914364
24644143252450,24644134914364
24644143252450,24644358419148
24644143252450,24644542054387
24644143252450,24644700126491
24644143252450,24645020438551
24645030090449,24645020438551
24645030090449,24645314359297
24645030090449,24645533890062
24645030090449,24645716942859
24645719268399,24645716942859
24645719268399,24645943326628
24645719268399,24646191416789
24645719268399,24646323148942
24645719268399,24646479353695
24645719268399,24646809230566
24646851254532,24646809230566
24646851254532,24647120213829
24646851254532,24647267740734
24646851254532,24647465628504
24646851254532,24647756176107
24647810843521,24647756176107
24647810843521,24648047052766
24647810843521,24648255038860
24647810843521,24648437199791
24647810843521,24648621685349
24648721346864,24648621685349
24648721346864,24648994734547
24648721346864,24649238250405
24648721346864,24649411342012
24648721346864,24649671076062
24649896717464,24649671076062
24649896717464,24650120649119
24649896717464,24650262730832
24649896717464,24650451386304
24649896717464,24650633374859
24650636612195,24650633374859
24650636612195,24650856495966
24650636612195,24650991140187
24650636612195,24651175072799
24650636612195,24651478035128
24651480347941,24651478035128
24651480347941,24651775328780
24651480347941,24651962152182
24651480347941,24652096518636
24651480347941,24652497391792
24652499068988,24652497391792
24652499068988,24652676683245
24652499068988,24652849681540
24652499068988,24653013296018
24652499068988,24653373101270
24653402049789,24653373101270
24653402049789,24653648329983
24653402049789,24653840381137
24653402049789,24654038668497
24654040657432,24654038668497
24654040657432,24654321014268
24654040657432,24654524720114
24654040657432,24654673430825
24654040657432,24654837244962
24654040657432,24655312177447
24655314980468,24655312177447
24655314980468,24655557462082
24655314980468,24655728386244
24655314980468,24655864952406
24655314980468,24656197562843
24656262693559,24656197562843
24656262693559,24656616400773
24656262693559,24656778118262
24656262693559,24656918261609
24656262693559,24657390071450
24657392664958,24657390071450
24657392664958,24657578854060
24657392664958,24657807822263
24657392664958,24657949304366
24657392664958,24658203372518
24658207077438,24658203372518
24658207077438,24658411669906
24658207077438,24658596893354
24658207077438,24658836130569
24658838741055,24658836130569
24658838741055,24659034907381
24658838741055,24659157487598
24658838741055,24659376374451
24658838741055,24659613571842
24658838741055,24660073683474
24660077499219,24660073683474
24660077499219,24660351998015
24660077499219,24660516333817
24660077499219,24660696141942
24660077499219,24661038084717
24661053272902,24661038084717
24661053272902,24661264521047
24661053272902,24661388213006
24661053272902,24661562222020
24661053272902,24661929941575
24661987659549,24661929941575
24661987659549,24662276199482
24661987659549,24662461397604
24661987659549,24662730776386
24661987659549,24662949135277
24662950896937,24662949135277
24662950896937,24663148468688
24662950896937,24663294501877
24662950896937,24663439841417
24663442393492,24663439841417
24663442393492,24663669297977
24663442393492,24663794521611
24663442393492,24663923675816
24663442393492,24664147096842
24663442393492,24664784454675
24663442393492,24664998656167
24664787664493,24664998656167
24664787664493,24665169021052
24664787664493,24665322352031
24664787664493,24665682771574
24665686717072,24665682771574
24665686717072,24665863269601
24665686717072,24666062260869
24665686717072,24666219584647
24665686717072,24666493891610
24666601307017,24666493891610
24666601307017,24666747103056
24666601307017,24666976239400
24666601307017,24667117814901
24666601307017,24667477541387
24667553849258,24667477541387
24667553849258,24667763884569
24667553849258,24668041744384
24667553849258,24668162487376
24667553849258,24668429300699
24668587148228,24668429300699
24668587148228,24668830183034
24668587148228,24668950159934
24668587148228,24669110829235
24668587148228,24669326782562
24669408090075,24669326782562
24669408090075,24669669860846
24669408090075,24669804108352
24669408090075,24669987380551
24669408090075,24670480319562
24670482721216,24670480319562
24670482721216,24670833134851
24670482721216,24670983273488
24670482721216,24671184311655
24671186291889,24671184311655
24671186291889,24671342226907
24671186291889,24671479104985
24671186291889,24671635241055
24671186291889,24671824608219
24671842804334,24671824608219
24671842804334,24672120183759
24671842804334,24672355693844
24671842804334,24672489319116
24671842804334,24672622977321
24671842804334,24673155303595
24673159854336,24673155303595
24673159854336,24673407675494
24673159854336,24673659202298
24673159854336,24673877164446
24673159854336,24674115665707
24674205339580,24674115665707
24674205339580,24674485157813
24674205339580,24674649146027
24674205339580,24674821041222
24674205339580,24675006611711
24675121657614,24675006611711
24675121657614,24675363198177
24675121657614,24675557378981
24675121657614,24675822829333
24675121657614,24676052460333
24676060457057,24676052460333
24676060457057,24676309596855
24676060457057,24676516144558
24676060457057,24676712315144
24676060457057,24676906532560
24676992660116,24676906532560
24676992660116,24677230909149
24676992660116,24677403812532
24676992660116,24677513305046
24677515675460,24677513305046
24677515675460,24677721249392
24677515675460,24677936429048
24677515675460,24678075861507
24677515675460,24678457502662
24677515675460,24679042264772
24679045663952,24679042264772
24679045663952,24679243582969
24679045663952,24679358632872
24679045663952,24679508495856
24679045663952,24679955107990
24679973617957,24679955107990
24679973617957,24680145062671
24679973617957,24680342423269
24679973617957,24680475887234
24679973617957,24680875580504
24680893948720,24680875580504
24680893948720,24681161253099
24680893948720,24681361102117
24680893948720,24681539723192
24680893948720,24681881340776
24681884078748,24681881340776
24681884078748,24682117493837
24681884078748,24682284091860
24681884078748,24682431983258
24681884078748,24682696580801
24682853998990,24682696580801
24682853998990,24683094064076
24682853998990,24683215089318
24682853998990,24683347637970
24682853998990,24683568963844
24683715936229,24683568963844
24683715936229,24683896662989
24683715936229,24684105859548
24683715936229,24684288101040
24683715936229,24684588275315
24684659009945,24684588275315
24684659009945,24684938622838
24684659009945,24685072650766
24684659009945,24685211821223
24685214255260,24685211821223
24685214255260,24685450799923
24685214255260,24685747562604
24685214255260,24685954832903
24685214255260,24686268337179
24686272522097,24686268337179
24686272522097,24686480299190
24686272522097,24686602826187
24686272522097,24686680203157
24686272522097,24687345912980
24686272522097,24687721273182
24687745423930,24687721273182
24687745423930,24687930968902
24687745423930,24688139125107
24687745423930,24688312858550
24687745423930,24688584834481
24688679823076,24688584834481
24688679823076,24688831684168
24688679823076,24688986505178
24688679823076,24689123292756
24688679823076,24689425966999
24689529677617,24689425966999
24689529677617,24689775669122
24689529677617,24689961285878
24689529677617,24690117212676
24689529677617,24690461101848
24690464628162,24690461101848
24690464628162,24690630621564
24690464628162,24690779086888
24690464628162,24691001552412
24690464628162,24691251076888
24691307045189,24691251076888
24691307045189,24691543780262
24691307045189,24691770284658
24691307045189,24691933102006
24691307045189,24692155456390
24692177444747,24692155456390
24692177444747,24692452024994
24692177444747,24692639252119
24692177444747,24692825146912
24692177444747,24693095059214
24693122601751,24693095059214
24693122601751,24693386685117
24693122601751,24693610147059
24693122601751,24693808274485
24693122601751,24694070409130
24694088663515,24694070409130
24694088663515,24694264340384
24694088663515,24694566781869
24694088663515,24694757193556
24694088663515,24695030969339
24695032646660,24695030969339
24695032646660,24695294094933
24695032646660,24695488360319
24695032646660,24695665594502
24695668870880,24695665594502
24695668870880,24695861993209
24695668870880,24695995551059
24695668870880,24696172716501
24695668870880,24696338000053
24696425130316,24696338000053
24696425130316,24696687029000
24696425130316,24696841138491
24696425130316,24696982189559
24696425130316,24697294630534
24697297323787,24697294630534
24697297323787,24697520280847
24697297323787,24697681923846
24697297323787,24697949863865
24697297323787,24698182314632
24697297323787,24698609341995
24698612044405,24698609341995
24698612044405,24698754473300
24698612044405,24699021379975
24698612044405,24699222437247
24698612044405,24699528784194
24699549215860,24699528784194
24699549215860,24699804405322
24699549215860,24699968537113
24699549215860,24700128178956
24699549215860,24700497168189
24701024831891,24700497168189
24701024831891,24701233870914
24701024831891,24701370247617
24701024831891,24701574146212
24701024831891,24701754532858
24701761750311,24701754532858
24701761750311,24701935042932
24701761750311,24702126919928
24701761750311,24702374267397
24701761750311,24702666232146
24702697826352,24702666232146
24702697826352,24702940340460
24702697826352,24703152169635
24702697826352,24703291733104
24702697826352,24703616924208
24703620664090,24703616924208
24703620664090,24703882218172
24703620664090,24704068056269
24703620664090,24704231530443
24704233762266,24704231530443
24704233762266,24704386981061
24704233762266,24704516414406
24704233762266,24704689695365
24704233762266,24704917280460
24704233762266,24705430873681
24705494981963,24705430873681
24705494981963,24705761114587
24705494981963,24705934962180
24705494981963,24706069950071
24705494981963,24706439889594
24706443472184,24706439889594
24706443472184,24706745274075
24706443472184,24706931675605
24706443472184,24707124306214
24706443472184,24707343154800
24707354539833,24707343154800
24707354539833,24707671728733
24707354539833,24707818791865
24707354539833,24707959406546
24707354539833,24708305221860
24708423791994,24708305221860
24708423791994,24708660193833
24708423791994,24708906704666
24708423791994,24709070383070
24708423791994,24709372675350
24709376296170,24709372675350
24709376296170,24709671428350
24709376296170,24709808842729
24709376296170,24709955077296
24709376296170,24710159186639
24710258516197,24710159186639
24710258516197,24710498780189
24710258516197,24710656220099
24710258516197,24710773353616
24710775160852,24710773353616
24710775160852,24710998797533
24710775160852,24711216137107
24710775160852,24711413620409
24710775160852,24711639755650
24711645519180,24711639755650
24711645519180,24711850224719
24711645519180,24712048825315
24711645519180,24712189120527
24711645519180,24712867667500
24711645519180,24713186290998
24713231963852,24713186290998
24713231963852,24713445031615
24713231963852,24713566611754
24713231963852,24713732411452
24713231963852,24714125060037
24714128507529,24714125060037
24714128507529,24714341596070
24714128507529,24714466184570
24714128507529,24714760145384
24714128507529,24715007242721
24715011612381,24715007242721
24715011612381,24715233232122
24715011612381,24715415451090
24715011612381,24715659382733
24715011612381,24715803945104
24715890195696,24715803945104
24715890195696,24716128210476
24715890195696,24716319852236
24715890195696,24716491367562
24716494838191,24716491367562
24716494838191,24716741104463
24716494838191,24716975571412
24716494838191,24717151933184
24716494838191,24717318766916
24716494838191,24717636364103
24717639123633,24717636364103
24717639123633,24717862982481
24717639123633,24718020197763
24717639123633,24718169977188
24718230553523,24718169977188
24718230553523,24718515035441
24718230553523,24718681301736
24718230553523,24718805650667
24718230553523,24719052839633
24718230553523,24719705443222
24719707496083,24719705443222
24719707496083,24719907191424
24719707496083,24720041416121
24719707496083,24720301931060
24720305799316,24720301931060
24720305799316,24720493498675
24720305799316,24720674834216
24720305799316,24720841493609
24720305799316,24721098086329
24720305799316,24721596688045
24721602919423,24721596688045
24721602919423,24721812230561
24721602919423,24722002679265
24721602919423,24722149122964
24721602919423,24722463252372
24722482301571,24722463252372
24722482301571,24722680910290
24722482301571,24722911227671
24722482301571,24723057997760
24723062197598,24723057997760
24723062197598,24723269789632
24723062197598,24723501612333
24723062197598,24723664283138
24723062197598,24723793172150
24723062197598,24724200960039
24724290672312,24724200960039
24724290672312,24724578388853
24724290672312,24724717078973
24724290672312,24724906048528
24724290672312,24725271642653
24725289237179,24725271642653
24725289237179,24725513309884
24725289237179,24725747183185
24725289237179,24725942626036
24725289237179,24726226860773
24726327752279,24726226860773
24726327752279,24726510303922
24726327752279,24726707159267
24726327752279,24726954303632
24726327752279,24727094648026
24727232082991,24727094648026
24727232082991,24727460769325
24727232082991,24727644199043
24727232082991,24727860098431
24727232082991,24728153182190
24728154740348,24728153182190
24728154740348,24728396041744
24728154740348,24728538420725
24728154740348,24728737170297
24728740505321,24728737170297
24728740505321,24728931246855
24728740505321,24729111015611
24728740505321,24729289912638
24728740505321,24729496268957
24728740505321,24730196401462
24730198963608,24730196401462
24730198963608,24730429430435
24730198963608,24730604123912
24730198963608,24730799623022
24730801798625,24730799623022
24730801798625,24730992750684
24730801798625,24731141274327
24730801798625,24731266520073
24730801798625,24731430115112
24731431863165,24731430115112
24731431863165,24731682789054
24731431863165,24731831331645
24731431863165,24731983591759
24731431863165,24732384055115
24731431863165,24732779257921
24732822831195,24732779257921
24732822831195,24733104375566
24732822831195,24733354539401
24732822831195,24733545573619
24732822831195,24733696936388
24733753900750,24733696936388
24733753900750,24733998131340
24733753900750,24734200104847
24733753900750,24734400305264
24733753900750,24734562804813
24734754703677,24734562804813
24734754703677,24734976600291
24734754703677,24735106270618
24734754703677,24735308666259
24734754703677,24735487844468
24735550050777,24735487844468
24735550050777,24735831711790
24735550050777,24735995509501
24735550050777,24736165252366
24735550050777,24736388293986
24736169718140,24736388293986
24736169718140,24736533085569
24736169718140,24736752320954
24736169718140,24736948226074
24736951080090,24736948226074
24736951080090,24737212849093
24736951080090,24737402060773
24736951080090,24737541159250
24736951080090,24737731754839
24736951080090,24738243305420
24738269386490,24738243305420
24738269386490,24738535129746
24738269386490,24738661192952
24738269386490,24738830709626
24738269386490,24739276745373
24739278775472,24739276745373
24739278775472,24739484872194
24739278775472,24739621124907
24739278775472,24739783710315
24739278775472,24740052201367
24740160015854,24740052201367
24740160015854,24740421635485
24740160015854,24740594029989
24740160015854,24740753135515
24740160015854,24741018439479
24741020756928,24741018439479
24741020756928,24741229138986
24741020756928,24741391946310
24741020756928,24741617180085
24741619391749,24741617180085
24741619391749,24741831752621
24741619391749,24742007466102
24741619391749,24742203671879
24741619391749,24742488209760
24741619391749,24742855405588
24742859175463,24742855405588
24742859175463,24743036729390
24742859175463,24743302488785
24742859175463,24743507468784
24742859175463,24743783555889
24743785643357,24743783555889
24743785643357,24743993321475
24743785643357,24744181794309
24743785643357,24744377827106
24743785643357,24744567565450
24744637221281,24744567565450
24744637221281,24744862147113
24744637221281,24745085547297
24744637221281,24745262725682
24744637221281,24745508263442
24745527229327,24745508263442
24745527229327,24745751599002
24745527229327,24745900440874
24745527229327,24746055287471
24745527229327,24746404153897
24746406267643,24746404153897
24746406267643,24746579022614
24746406267643,24746830215318
24746406267643,24747011937875
24747015375345,24747011937875
24747015375345,24747265926991
24747015375345,24747400769728
24747015375345,24747562621046
24747015375345,24747775124922
24747015375345,24748128289719
24748182106442,24748128289719
24748182106442,24748445507282
24748182106442,24748671159677
24748182106442,24748804522294
24748182106442,24748955303853
24749000654918,24748955303853
24749000654918,24749174868379
24749000654918,24749356255033
24749000654918,24749521848375
24749000654918,24749922026119
24749924221307,24749922026119
24749924221307,24750160805839
24749924221307,24750395274571
24749924221307,24750531238814
24750533531773,24750531238814
24750533531773,24750709797308
24750533531773,24750963134982
24750533531773,24751155549044
24750533531773,24751413885122
24750533531773,24751880974357
24751910455330,24751880974357
24751910455330,24752101419746
24751910455330,24752404829222
24752406729783,24752404829222
24752406729783,24752573550272
24752406729783,24752740196358
24752406729783,24752892269580
24752406729783,24753018849397
24752406729783,24753268514249
24753341566006,24753268514249
24753341566006,24753631491684
24753341566006,24753782587749
24753341566006,24753956436138
24753341566006,24754161107108
24753341566006,24754611050485
24754614974552,24754611050485
24754614974552,24754809163958
24754614974552,24754934597725
24754614974552,24755203403837
24754614974552,24755397217402
24755462306854,24755397217402
24755462306854,24755701451228
24755462306854,24755863842342
24755462306854,24756047050634
24755462306854,24756443332411
24756445385278,24756443332411
24756445385278,24756635074577
24756445385278,24756789124307
24756445385278,24756963264177
24756445385278,24757338256637
24757340138505,24757338256637
24757340138505,24757526753186
24757340138505,24757691531123
24757340138505,24757930761933
24757340138505,24758076507700
24758149800952,24758076507700
24758149800952,24758353710992
24758149800952,24758522619832
24758149800952,24758743197135
24758745267463,24758743197135
24758745267463,24758968071449
24758745267463,24759089360339
24758745267463,24759255302986
24758745267463,24759540571827
24758745267463,24759915379749
24759993363742,24759915379749
24759993363742,24760231319623
24759993363742,24760560335647
24759993363742,24760751677814
24760849542943,24760751677814
24760849542943,24761027313839
24760849542943,24761197890915
24760849542943,24761331403289
24760849542943,24761729095857
24760849542943,24762127118610
24762198179824,24762127118610
24762198179824,24762463103139
24762198179824,24762617410726
24762198179824,24762778852552
24762198179824,24762990747097
24762781232721,24762990747097
24762781232721,24763184294302
24762781232721,24763297521291
24762781232721,24763527052244
24762781232721,24763955732099
24762781232721,24764201289923
24763992565043,24764201289923
24763992565043,24764398173970
24763992565043,24764597128246
24763992565043,24764883608407
24764969229967,24764883608407
24764969229967,24765188364923
24764969229967,24765480382997
24764969229967,24765652568467
24765654939148,24765652568467
24765654939148,24765879280205
24765654939148,24766033826012
24765654939148,24766239260961
24765654939148,24766430068993
24765654939148,24766780155198
24766932829874,24766780155198
24766932829874,24767207197286
24766932829874,24767352946500
24766932829874,24767522052321
24766932829874,24767885130662
24767946259958,24767885130662
24767946259958,24768203776108
24767946259958,24768362429959
24767946259958,24768522061840
24767946259958,24768900572919
24768903329151,24768900572919
24768903329151,24769159570287
24768903329151,24769434383105
24768903329151,24769595710311
24768903329151,24769804020806
24769838224417,24769804020806
24769838224417,24769970348905
24769838224417,24770229254125
24769838224417,24770369653487
24769838224417,24770734492701
24769838224417,24770901636353
24769838224417,24771033289161
24770736557453,24771033289161
24770736557453,24771132368066
24770736557453,24772076650372
24772078170661,24772076650372
24772078170661,24772291384247
24772078170661,24772477572633
24772078170661,24772693178974
24772078170661,24772835021242
24772078170661,24772990224395
24772991921072,24772990224395
24772991921072,24773128637557
24772991921072,24773300321082
24772991921072,24773662344684
24773729564580,24773662344684
24773729564580,24773977573841
24773729564580,24774106991331
24773729564580,24774241220551
24773729564580,24774509811211
24774768096634,24774509811211
24774768096634,24775011250375
24774768096634,24775155878585
24774768096634,24775306108867
24774768096634,24775499499391
24775510724484,24775499499391
24775510724484,24775738799701
24775510724484,24775953920613
24775956084533,24775953920613
24775956084533,24776208319406
24775956084533,24776368318349
24775956084533,24776515412711
24775956084533,24776689680266
24775956084533,24776872872842
24775956084533,24777259733921
24777269677250,24777259733921
24777269677250,24777489138081
24777269677250,24777756104986
24777269677250,24777959673214
24777269677250,24778207718449
24778223664818,24778207718449
24778223664818,24778440478941
24778223664818,24778602771387
24778223664818,24778738855471
24778223664818,24779184164539
24779225600781,24779184164539
24779225600781,24779424639201
24779225600781,24779599212140
24779225600781,24779793064926
24779225600781,24780146851279
24780238380016,24780146851279
24780238380016,24780430898205
24780238380016,24780836072070
24780238380016,24781010874111
24780238380016,24781183921640
24781225215374,24781183921640
24781225215374,24781445157636
24781225215374,24781696290203
24781225215374,24781876565502
24781225215374,24782136130520
24782139628011,24782136130520
24782139628011,24782361463883
24782139628011,24782529497852
24782139628011,24782722814679
24782139628011,24783020902490
24783081540333,24783020902490
24783081540333,24783321618517
24783081540333,24783474124572
24783081540333,24783615734945
24783617946130,24783615734945
24783617946130,24783795303015
24783617946130,24783987498236
24783617946130,24784143808097
24783617946130,24784389444433
24783617946130,24784812969942
24784876029015,24784812969942
24784876029015,24785173215163
24784876029015,24785294100435
24784876029015,24785506038735
24784876029015,24785869144503
24785990064422,24785869144503
24785990064422,24786247473806
24785990064422,24786406256437
24785990064422,24786587086321
24786588420531,24786587086321
24786588420531,24786829012336
24786588420531,24786987330133
24786588420531,24787224656474
24786588420531,24787433668205
24787435363436,24787433668205
24787435363436,24787688579945
24787435363436,24787845638589
24787435363436,24788004404179
24787435363436,24788200885747
24787435363436,24788749116622
24788765603696,24788749116622
24788765603696,24788983402165
24788765603696,24789173734095
24788765603696,24789338334613
24789340413888,24789338334613
24789340413888,24789533422524
24789340413888,24789710569062
24789340413888,24789929245032
24789340413888,24790146685436
24789340413888,24790639098410
24790681059495,24790639098410
24790681059495,24790876185924
24790681059495,24791074451958
24790681059495,24791266827847
24790681059495,24791757812504
24791762202726,24791757812504
24791762202726,24791998167726
24791762202726,24792197191999
24791762202726,24792439837670
24791762202726,24792722211028
24792729975216,24792722211028
24792729975216,24793008331567
24792729975216,24793145275352
24792729975216,24793327568028
24792729975216,24793718476966
24793726743024,24793718476966
24793726743024,24793977408670
24793726743024,24794180284692
24793726743024,24794335201754
24793726743024,24794652103866
24794653700930,24794652103866
24794653700930,24794896781999
24794653700930,24795030422998
24794653700930,24795260255479
24794653700930,24795558579155
24795560994506,24795558579155
24795560994506,24795817914584
24795560994506,24795973115848
24795560994506,24796493020364
24795560994506,24796630361845
24796773958290,24796630361845
24796773958290,24797023592386
24796773958290,24797151635412
24796773958290,24797301508942
24796773958290,24797798162363
24797801471089,24797798162363
24797801471089,24798013239353
24797801471089,24798237191912
24797801471089,24798409383609
24797801471089,24798681495985
24798698312621,24798681495985
24798698312621,24798910259978
24798698312621,24799035839531
24798698312621,24799188362536
24798698312621,24799639197093
24799641409511,24799639197093
24799641409511,24799891322044
24799641409511,24800071148328
24799641409511,24800240022457
24799641409511,24800593899706
24800613430290,24800593899706
24800613430290,24800877372351
24800613430290,24801050712460
24800613430290,24801297708994
24801106749843,24801297708994
24801106749843,24801447810189
24801106749843,24801596053109
24801106749843,24801795648404
24801106749843,24802132854934
24801106749843,24802576474207
24802601090787,24802576474207
24802601090787,24802845927465
24802601090787,24802965213047
24802601090787,24803183409324
24802601090787,24803581000890
24803583435104,24803581000890
24803583435104,24803816373137
24803583435104,24804020421768
24803583435104,24804278413368
24804282279605,24804278413368
24804282279605,24804499848550
24804282279605,24804765483378
24804282279605,24804943675036
24804282279605,24805081780166
24804282279605,24805548042125
24805552019705,24805548042125
24805552019705,24805766119704
24805552019705,24805932815670
24805552019705,24806118860200
24805552019705,24806442934185
24806446516773,24806442934185
24806446516773,24806682259149
24806446516773,24806831197704
24806446516773,24806999221257
24807003791325,24806999221257
24807003791325,24807170993629
24807003791325,24807324398311
24807003791325,24807554238765
24807003791325,24807697105809
24807003791325,24808283259925
24808285898725,24808283259925
24808285898725,24808551372112
24808285898725,24808730796774
24808285898725,24808863630422
24808865538565,24808863630422
24808865538565,24809085243231
24808865538565,24809226975033
24808865538565,24809370285313
24808865538565,24809633559234
24808865538565,24810063040419
24810088727620,24810063040419
24810088727620,24810298705455
24810088727620,24810494610866
24810088727620,24810670314196
24810088727620,24811013786260
24811017734639,24811013786260
24811017734639,24811210449800
24811017734639,24811460974606
24811017734639,24811641039586
24811643179367,24811641039586
24811643179367,24811816186589
24811643179367,24811975721576
24811643179367,24812142342439
24811643179367,24812444197789
24812447110571,24812444197789
24812447110571,24812654756978
24812447110571,24812881310001
24812447110571,24813037192536
24812447110571,24813370001222
24812447110571,24813795465917
24813826975986,24813795465917
24813826975986,24814070059854
24813826975986,24814239068911
24813826975986,24814426189975
24814428663640,24814426189975
24814428663640,24814601514948
24814428663640,24814735047813
24814428663640,24814934585989
24814428663640,24815075653483
24814428663640,24815706440287
24815709564074,24815706440287
24815709564074,24815946572435
24815709564074,24816081444885
24815709564074,24816207708426
24815709564074,24816547792756
24816616181801,24816547792756
24816616181801,24816885961553
24816616181801,24817050329820
24816616181801,24817255035875
24816616181801,24817561299954
24817584886828,24817561299954
24817584886828,24817825505467
24817584886828,24818087959440
24817584886828,24818275747465
24817584886828,24818449629048
24818559952586,24818449629048
24818559952586,24818780139386
24818559952586,24818950343960
24818559952586,24819190989006
24818559952586,24819575864182
24819193335646,24819575864182
24819193335646,24819997276705
24819193335646,24820163345616
24819193335646,24820583497115
24819193335646,24821050117043
24821054587119,24821050117043
24821054587119,24821257060962
24821054587119,24821520080619
24821054587119,24821673916006
24821054587119,24821972120896
24821977382661,24821972120896
24821977382661,24822158190239
24821977382661,24822399228569
24821977382661,24822581691220
24821977382661,24822848177117
24822920710315,24822848177117
24822920710315,24823193635812
24822920710315,24823405348905
24822920710315,24823599037878
24822920710315,24823842904621
24823872816341,24823842904621
24823872816341,24824110293731
24823872816341,24824266845629
24823872816341,24824458154973
24824460300410,24824458154973
24824460300410,24824694352006
24824460300410,24824872416202
24824460300410,24825026963196
24824460300410,24825155761754
24824460300410,24825495790007
24826006511428,24825495790007
24826006511428,24826225608636
24826006511428,24826392308230
24826006511428,24826577545978
24826006511428,24826898454643
24826900674421,24826898454643
24826900674421,24827166579325
24826900674421,24827301928757
24826900674421,24827466566978
24826900674421,24827820120215
24827822187287,24827820120215
24827822187287,24828034358344
24827822187287,24828205337421
24827822187287,24828347530992
24827822187287,24828772586432
24828860605365,24828772586432
24828860605365,24829064385066
24828860605365,24829203207356
24828860605365,24829362104523
24828860605365,24829629414465
24828860605365,24829821435994
24829663151499,24829821435994
24829663151499,24830092104923
24829663151499,24830269615971
24829663151499,24830683817026
24830685881279,24830683817026
24830685881279,24830942967571
24830685881279,24831059488973
24830685881279,24831215184355
24831216823631,24831215184355
24831216823631,24831473993273
24831216823631,24831643284933
24831216823631,24831860249026
24831216823631,24832016814312
24831216823631,24832421196977
24832463549598,24832421196977
24832463549598,24832654333419
24832463549598,24832839136789
24832463549598,24832989363605
24832463549598,24833339089983
24833432055502,24833339089983
24833432055502,24833714830722
24833432055502,24833889151551
24833432055502,24834038780645
24833432055502,24834312639284
24834316545444,24834312639284
24834316545444,24834466743899
24834316545444,24834735018449
24834316545444,24834940948576
24834942340026,24834940948576
24834942340026,24835173764589
24834942340026,24835341314330
24834942340026,24835514191620
24834942340026,24835741449259
24834942340026,24836163926166
24836171277644,24836163926166
24836171277644,24836381540206
24836171277644,24836608320941
24836171277644,24836772137177
24836171277644,24837064824148
24837135819700,24837064824148
24837135819700,24837421067346
24837135819700,24837552381693
24837135819700,24837694566008
24837702760595,24837694566008
24837702760595,24838037639362
24837702760595,24838174720385
24837702760595,24838341654659
24837702760595,24838514610280
24837702760595,24838985921620
24839017025717,24838985921620
24839017025717,24839232653030
24839017025717,24839413259845
24839017025717,24839641948422
24839651433082,24839641948422
24839651433082,24839871043206
24839651433082,24840056930254
24839651433082,24840263461461
24839651433082,24840429608277
24839651433082,24840679190082
24840740119392,24840679190082
24840740119392,24840985614664
24840740119392,24841201645809
24840740119392,24841353337219
24841356457986,24841353337219
24841356457986,24841582841618
24841356457986,24841730902874
24841356457986,24841875462753
24841356457986,24842141106790
24841356457986,24842521443711
24842598507017,24842521443711
24842598507017,24842803326645
24842598507017,24843010666491
24842598507017,24843168025867
24842598507017,24843620238559
24843622153656,24843620238559
24843622153656,24843933155342
24843622153656,24844111719837
24843622153656,24844289742900
24843622153656,24844615826494
24844623598160,24844615826494
24844623598160,24844879024865
24844623598160,24845097891878
24844623598160,24845257949391
24844623598160,24845595782103
24844623598160,24845755213621
24845597797342,24845755213621
24845597797342,24845931449776
24845597797342,24846104358306
24845597797342,24846485854977
24846493525750,24846485854977
24846493525750,24846725059239
24846493525750,24846943565437
24846493525750,24847072659479
24847074939892,24847072659479
24847074939892,24847234176350
24847074939892,24847412771061
24847074939892,24847598803522
24847074939892,24847830799256
24847074939892,24848323466179
24848425770512,24848323466179
24848425770512,24848689357684
24848425770512,24848911276501
24848425770512,24849087625423
24848425770512,24849446202209
24849464204104,24849446202209
24849464204104,24849700427503
24849464204104,24849846302354
24849464204104,24850031418866
24849464204104,24850358152416
24850418907417,24850358152416
24850418907417,24850678348911
24850418907417,24850903055888
24850418907417,24851058425962
24850418907417,24851484099837
24851542715892,24851484099837
24851542715892,24851764809246
24851542715892,24851983951200
24851542715892,24852138520707
24851542715892,24852465939635
24852531529154,24852465939635
24852531529154,24852740598201
24852531529154,24852958497992
24852531529154,24853172268677
24853174622836,24853172268677
24853174622836,24853456297568
24853174622836,24853621208531
24853174622836,24853842420005
24853174622836,24854192288094
24854193846789,24854192288094
24854193846789,24854420392800
24854193846789,24854580446693
24854193846789,24854750160667
24854193846789,24854964852657
24854193846789,24855311932805
24855384597439,24855311932805
24855384597439,24855974938336
24855384597439,24856192292711
24855384597439,24856407687803
24855384597439,24856613330720
24856664121407,24856613330720
24856664121407,24856954156727
24856664121407,24857137820299
24856664121407,24857335384240
24856664121407,24857529903240
24857747076622,24857529903240
24857747076622,24857915140870
24857747076622,24858094115264
24857747076622,24858248247672
24858249940319,24858248247672
24858249940319,24858407805080
24858249940319,24858539060870
24858249940319,24858676771450
24858249940319,24858823215638
24858249940319,24859340388150
24859343628350,24859340388150
24859343628350,24859622603728
24859343628350,24859761407663
24859343628350,24859918795272
24859343628350,24860268267700
24860324877002,24860268267700
24860324877002,24860503137358
24860324877002,24860851395826
24860324877002,24861026863143
24860324877002,24861193933272
24860324877002,24861348536123
24861350752376,24861348536123
24861350752376,24861540474228
24861350752376,24861676495426
24861350752376,24862091778578
24862108426048,24862091778578
24862108426048,24862311422910
24862108426048,24862463414219
24862108426048,24862686086361
24862688440892,24862686086361
24862688440892,24862878387548
24862688440892,24863019960338
24862688440892,24863175999200
24862688440892,24863796230453
24862688440892,24864184130427
24864197898188,24864184130427
24864197898188,24864486915382
24864197898188,24864671389338
24864197898188,24864806698057
24864197898188,24865175293378
24865177265017,24865175293378
24865177265017,24865435074310
24865177265017,24865568591354
24865177265017,24865742928773
24865745728004,24865742928773
24865745728004,24865920226016
24865745728004,24866063065786
24865745728004,24866243344695
24865745728004,24866472625188
24866473998670,24866472625188
24866473998670,24866764322530
24866473998670,24866942773722
24866473998670,24867088128704
24866473998670,24867382240912
24867384074305,24867382240912
24867384074305,24867716843870
24867384074305,24868031179506
24867384074305,24868189464717
24867384074305,24868349138308
24867384074305,24868695754830
24868770221359,24868695754830
24868770221359,24868955241369
24868770221359,24869228886840
24868770221359,24869370246541
24868770221359,24869739325233
24869767996641,24869739325233
24869767996641,24870044046431
24869767996641,24870235086049
24869767996641,24870435284007
24870437202255,24870435284007
24870437202255,24870589907273
24870437202255,24870758030095
24870437202255,24870946475106
24870437202255,24871182304304
24870437202255,24871528233801
24871603695684,24871528233801
24871603695684,24871906239891
24871603695684,24872043262143
24871603695684,24872271967938
24872274370552,24872271967938
24872274370552,24872438342881
24872274370552,24872593950160
24872274370552,24872746698732
24872274370552,24872939445568
24873017053291,24872939445568
24873017053291,24873305221249
24873017053291,24873484677433
24873017053291,24873648188021
24873017053291,24873835691357
24873017053291,24874277583979
24874279211404,24874277583979
24874279211404,24874457465500
24874279211404,24874656754954
24874279211404,24874869682978
24874279211404,24875150590941
24875154771793,24875150590941
24875154771793,24875400543997
24875154771793,24875535259813
24875154771793,24875825191142
24875827486821,24875825191142
24875827486821,24876030228388
24875827486821,24876273360638
24875827486821,24876463269703
24875827486821,24876625758788
24875827486821,24876965044634
24877031358191,24876965044634
24877031358191,24877209580102
24877031358191,24877480026419
24877031358191,24877688294137
24877031358191,24877883766934
24877957078225,24877883766934
24877957078225,24878181409351
24877957078225,24878405237859
24877957078225,24878571207364
24877957078225,24878826324838
24878844955549,24878826324838
24878844955549,24879048646446
24878844955549,24879296186015
24878844955549,24879455277366
24879457969442,24879455277366
24879457969442,24879681285931
24879457969442,24879882836449
24879457969442,24880057613726
24879457969442,24880322478077
24879457969442,24880704841363
24880744896312,24880704841363
24880744896312,24880901190428
24880744896312,24881123843169
24880744896312,24881277993684
24880744896312,24881776668937
24881779908424,24881776668937
24881779908424,24882058885417
24881779908424,24882209317687
24881779908424,24882365859667
24881779908424,24882729402384
24882730721705,24882729402384
24882730721705,24882951019454
24882730721705,24883078801777
24882730721705,24883234542185
24883238250446,24883234542185
24883238250446,24883446158263
24883238250446,24883614073277
24883238250446,24883771041275
24883238250446,24884039238270
24883238250446,24884467897591
24884551479483,24884467897591
24884551479483,24884788798187
24884551479483,24884991889118
24884551479483,24885169258095
24884551479483,24885480979227
24885483291429,24885480979227
24885483291429,24885728313324
24885483291429,24885970191446
24885483291429,24886132895694
24885483291429,24886372090643
24886394361647,24886372090643
24886394361647,24886585414017
24886394361647,24886768844427
24886394361647,24887088582645
24887090265607,24887088582645
24887090265607,24887253623753
24887090265607,24887419657017
24887090265607,24887578436249
24887090265607,24887749459021
24887090265607,24888217074796
24888219362992,24888217074796
24888219362992,24888398042802
24888219362992,24888605134239
24888219362992,24888807156922
24888219362992,24889194165554
24889222097941,24889194165554
24889222097941,24889365895452
24889222097941,24889633161332
24889222097941,24889773319321
24889222097941,24890339053645
24890342277715,24890339053645
24890342277715,24890507751506
24890342277715,24890655675668
24890342277715,24890823406176
24890342277715,24891110602932
24891164191833,24891110602932
24891164191833,24891420286948
24891164191833,24891602468257
24891164191833,24891785181802
24891164191833,24892120792891
24892122815128,24892120792891
24892122815128,24892330988883
24892122815128,24892505548141
24892122815128,24892696423247
24892698474502,24892696423247
24892698474502,24892903496332
24892698474502,24893052597869
24892698474502,24893232965647
24892698474502,24893414488277
24892698474502,24893817191096
24893925626110,24893817191096
24893925626110,24894503289224
24893925626110,24894664555960
24893925626110,24894775053889
24894776811660,24894775053889
24894776811660,24894978319480
24894776811660,24895162474620
24894776811660,24895347097653
24894776811660,24895606271915
24894776811660,24896028114647
24896151020244,24896028114647
24896151020244,24896421369958
24896151020244,24896553703393
24896151020244,24896710376008
24896151020244,24897025158299
24897162234252,24897025158299
24897162234252,24897354394546
24897162234252,24897518366967
24897162234252,24897746899746
24897162234252,24898068732155
24898083047432,24898068732155
24898083047432,24898294707095
24898083047432,24898520218841
24898083047432,24898661968796
24898663959934,24898661968796
24898663959934,24898897081430
24898663959934,24899053312110
24898663959934,24899242556744
24898663959934,24899419657554
24899484268144,24899419657554
24899484268144,24899682736554
24899484268144,24899866134793
24899484268144,24900040022742
24899484268144,24900340768185
24899484268144,24900878666050
24900906269240,24900878666050
24900906269240,24901113910447
24900906269240,24901339356678
24900906269240,24901487738447
24900906269240,24901851425406
24901900810143,24901851425406
24901900810143,24902093839070
24901900810143,24902242504908
24901900810143,24902384078740
24902465068514,24902384078740
24902465068514,24902772600859
24902465068514,24902961531994
24902465068514,24903146568720
24902465068514,24903414703864
24903420180278,24903414703864
24903420180278,24903625276715
24903420180278,24903893062462
24903420180278,24904076519927
24903420180278,24904246688349
24903420180278,24904803026590
24904843925172,24904803026590
24904843925172,24905098111824
24904843925172,24905275240484
24904843925172,24905405598652
24904843925172,24905689579705
24905850143724,24905689579705
24905850143724,24906098732887
24905850143724,24906348437628
24906353908062,24906348437628
24906353908062,24906656916470
24906353908062,24906849260385
24906353908062,24907016710063
24906353908062,24907141368516
24906353908062,24907339118015
24906353908062,24907700179882
24907710360201,24907700179882
24907710360201,24907948327725
24907710360201,24908152845006
24907710360201,24908363285171
24908367234750,24908363285171
24908367234750,24908541343954
24908367234750,24908745639147
24908367234750,24908880370740
24908367234750,24909116073435
24908367234750,24909646340400
24909649625051,24909646340400
24909649625051,24909895246613
24909649625051,24910115188556
24909649625051,24910591188518
24909649625051,24910796490071
24910799725783,24910796490071
24910799725783,24911065602491
24910799725783,24911308797546
24910799725783,24911521274943
24911526284392,24911521274943
24911526284392,24911730940113
24911526284392,24911903833193
24911526284392,24912050136985
24911526284392,24912205859605
24911526284392,24912636515642
24912690746629,24912636515642
24912690746629,24912891294945
24912690746629,24913019547832
24912690746629,24913267932465
24912690746629,24913597360651
24913608378297,24913597360651
24913608378297,24913908299102
24913608378297,24914060176022
24913608378297,24914240134313
24913608378297,24914546176350
24914646431446,24914546176350
24914646431446,24914868439963
24914646431446,24915037024956
24914646431446,24915336236433
24914646431446,24915617235933
24915624465553,24915617235933
24915624465553,24915866032139
24915624465553,24916068340076
24915624465553,24916268394837
24915624465553,24916570461816
24916765988489,24916570461816
24916765988489,24916999284938
24916765988489,24917164835508
24916765988489,24917373717157
24916765988489,24917564918137
24917681550876,24917564918137
24917681550876,24917965154861
24917681550876,24918213347008
24917681550876,24918362510231
24917681550876,24918589482362
24918674561029,24918589482362
24918674561029,24918951433079
24918674561029,24919190418805
24918674561029,24919367708400
24919369387239,24919367708400
24919369387239,24919564042768
24919369387239,24919704865633
24919369387239,24919865665293
24919369387239,24920138075522
24919369387239,24920497063814
24920523126476,24920497063814
24920523126476,24920816496069
24920523126476,24921038114022
24920523126476,24921181358164
24920523126476,24921423925751
24921426407496,24921423925751
24921426407496,24921621600432
24921426407496,24921824874761
24921426407496,24922049464705
24921426407496,24922345114209
24922527012959,24922345114209
24922527012959,24922746283249
24922527012959,24922912712491
24922527012959,24923071708593
24922527012959,24923229262126
24923231520797,24923229262126
24923231520797,24923429423916
24923231520797,24923571414302
24923231520797,24923765021620
24923231520797,24924030148828
24924088064835,24924030148828
24924088064835,24924317977064
24924088064835,24924548057989
24924088064835,24924692329439
24924697854651,24924692329439
24924697854651,24924847310847
24924697854651,24925016252966
24924697854651,24925198548679
24924697854651,24925551296880
24924697854651,24925916431446
24926020172843,24925916431446
24926020172843,24926224304002
24926020172843,24926438099335
24926020172843,24926609442468
24926020172843,24926923327171
24927027272135,24926923327171
24927027272135,24927270065617
24927027272135,24927435669853
24927027272135,24927629506626
24927027272135,24927935155822
24927937247457,24927935155822
24927937247457,24928120928561
24927937247457,24928362048385
24927937247457,24928615293738
24927937247457,24928868620816
24928871177641,24928868620816
24928871177641,24929147175348
24928871177641,24929291179651
24928871177641,24929470224600
24929473242057,24929470224600
24929473242057,24929716977506
24929473242057,24929870167652
24929473242057,24930069273172
24929473242057,24930221183858
24929473242057,24930537476167
24930653141991,24930537476167
24930653141991,24930892443420
24930653141991,24931068423612
24931084583176,24931068423612
24931084583176,24931259668523
24931084583176,24931418527710
24931084583176,24931665633516
24931084583176,24931811531263
24931084583176,24932032054879
24931084583176,24932378264013
24932452117140,24932378264013
24932452117140,24932696308525
24932452117140,24932983126082
24932452117140,24933179288376
24932452117140,24933382470193
24933503604581,24933382470193
24933503604581,24933761197166
24933503604581,24933909763576
24933503604581,24934144307017
24933503604581,24934463106584
24934466048686,24934463106584
24934466048686,24934674025961
24934466048686,24934899220929
24934466048686,24935052035468
24934466048686,24935317321881
24935350222168,24935317321881
24935350222168,24935618907032
24935350222168,24935815108686
24935350222168,24936010336448
24935350222168,24936176709752
24936237042775,24936176709752
24936237042775,24936536254056
24936237042775,24936661452977
24936237042775,24936836564443
24936840020817,24936836564443
24936840020817,24937119225012
24936840020817,24937363291916
24936840020817,24937512456204
24936840020817,24937722267405
24936840020817,24938145083533
24938243927094,24938145083533
24938243927094,24938474876556
24938243927094,24938612480294
24938243927094,24938779313690
24938781441016,24938779313690
24938781441016,24938994691920
24938781441016,24939184664999
24938781441016,24939360001578
24938781441016,24939523260562
24938781441016,24940044084330
24940159420763,24940044084330
24940159420763,24940448120366
24940159420763,24940595267591
24940159420763,24940747882570
24940159420763,24941105269948
24941109224723,24941105269948
24941109224723,24941387195618
24941109224723,24941530121602
24941109224723,24941715086133
24941109224723,24941855336385
24941858722741,24941855336385
24941858722741,24942102088384
24941858722741,24942266870837
24941858722741,24942442422984
24942445096885,24942442422984
24942445096885,24942749301941
24942445096885,24942962550082
24942445096885,24943117634763
24942445096885,24943279248552
24942445096885,24943586502133
24943714492369,24943586502133
24943714492369,24943885152004
24943714492369,24944222561227
24943714492369,24944365279066
24943714492369,24944742829289
24944757192919,24944742829289
24944757192919,24945034340469
24944757192919,24945204202112
24944757192919,24945432520349
24944757192919,24945750037484
24945770536367,24945750037484
24945770536367,24946047182446
24945770536367,24946222244254
24945770536367,24946413201322
24945770536367,24946742879885
24946746609943,24946742879885
24946746609943,24946969306382
24946746609943,24947143457228
24946746609943,24947343551737
24946746609943,24947764748639
24947766690028,24947764748639
24947766690028,24947965069831
24947766690028,24948126021733
24947766690028,24948413827163
24948415968840,24948413827163
24948415968840,24948737340668
24948415968840,24948881334512
24948415968840,24949005226272
24948415968840,24949208572855
24948415968840,24949921033641
24949922794201,24949921033641
24949922794201,24950198752865
24949922794201,24950346394247
24949922794201,24950848028535
24949922794201,24951107343615
24951109842185,24951107343615
24951109842185,24951321410137
24951109842185,24951526020211
24951109842185,24951689154583
24951109842185,24952108863235
24951109842185,24952290669804
24952112155143,24952290669804
24952112155143,24952543608413
24952112155143,24952712120412
24952112155143,24952881247817
24953030835175,24952881247817
24953030835175,24953358726094
24953030835175,24953533159463
24953030835175,24953650728860
24953654165820,24953650728860
24953654165820,24953889365916
24953654165820,24954074594272
24953654165820,24954308389302
24953654165820,24954532815640
24954535724868,24954532815640
24954535724868,24954731441478
24954535724868,24954965824911
24954535724868,24955127348407
24954535724868,24955267261512
24954535724868,24955697253442
24955767667839,24955697253442
24955767667839,24955996171012
24955767667839,24956251017757
24955767667839,24956443953948
24955767667839,24956749446079
24956757297086,24956749446079
24956757297086,24956933227253
24956757297086,24957193900726
24956757297086,24957357013211
24956757297086,24957646207343
24957648026337,24957646207343
24957648026337,24957877082397
24957648026337,24958003453082
24957648026337,24958228389470
24957648026337,24958435957917
24958608125421,24958435957917
24958608125421,24958898131627
24958608125421,24959065037393
24959067198592,24959065037393
24959067198592,24959264272952
24959067198592,24959431999715
24959067198592,24959584844556
24959067198592,24959725346376
24959067198592,24959927723440
24959067198592,24960372172671
24960376794192,24960372172671
24960376794192,24960584862138
24960376794192,24960723860880
24960376794192,24960962104924
24960964876997,24960962104924
24960964876997,24961164893959
24960964876997,24961304723822
24960964876997,24961525549536
24960964876997,24961744334602
24960964876997,24962168529566
24962217394198,24962168529566
24962217394198,24962509788039
24962217394198,24962667539242
24962217394198,24962809173500
24962217394198,24963105897720
24963221467446,24963105897720
24963221467446,24963461200938
24963221467446,24963671911869
24963221467446,24963855416634
24963860060007,24963855416634
24963860060007,24964056173834
24963860060007,24964249934363
24963860060007,24964422357101
24963860060007,24964635625848
24963860060007,24965090232899
24965096138469,24965090232899
24965096138469,24965322304393
24965096138469,24965449721782
24965096138469,24965674911496
24965677604108,24965674911496
24965677604108,24965879032458
24965677604108,24966040032389
24965677604108,24966183488304
24965677604108,24966654403930
24965677604108,24966992359067
24967057696976,24966992359067
24967057696976,24967287466720
24967057696976,24967441171433
24967057696976,24967637041597
24967057696976,24968160088892
24968163129359,24968160088892
24968163129359,24968432558406
24968163129359,24968612627171
24968163129359,24968808197992
24968163129359,24968964962226
24968966350154,24968964962226
24968966350154,24969206519943
24968966350154,24969372273844
24968966350154,24969537992672
24968966350154,24969944248331
24969951979208,24969944248331
24969951979208,24970165105772
24969951979208,24970307366028
24969951979208,24970485716629
24969951979208,24970935195786
24970936606680,24970935195786
24970936606680,24971138723470
24970936606680,24971297742817
24970936606680,24971475241645
24970936606680,24971801052023
24971803719708,24971801052023
24971803719708,24972025093122
24971803719708,24972229397705
24971803719708,24972395692863
24971803719708,24972633566050
24972722982631,24972633566050
24972722982631,24972937025534
24972722982631,24973351218642
24972722982631,24973497220337
24972722982631,24973768571948
24973770774595,24973768571948
24973770774595,24973978576529
24973770774595,24974231337074
24973770774595,24974364731959
24974367928018,24974364731959
24974367928018,24974527889765
24974367928018,24974788789399
24974367928018,24974953966385
24974367928018,24975138714324
24974367928018,24975638686789
24975644232936,24975638686789
24975644232936,24975855408539
24975644232936,24976022537984
24976035258829,24976022537984
24976035258829,24976238286942
24976035258829,24976404088470
24976035258829,24976594413808
24976035258829,24976770502417
24976035258829,24976959453209
24976962311970,24976959453209
24976962311970,24977182431215
24976962311970,24977344594630
24976962311970,24977581364269
24976962311970,24977835866604
24976962311970,24978275770055
24978281982677,24978275770055
24978281982677,24978578035166
24978281982677,24978739993926
24978281982677,24978918102225
24978281982677,24979154282034
24979470243920,24979154282034
24979470243920,24979678472818
24979470243920,24979836325243
24979470243920,24980021960037
24979470243920,24980241511050
24980274348948,24980241511050
24980274348948,24980522026872
24980274348948,24980659483584
24980274348948,24980839804656
24980274348948,24981304032942
24981305570340,24981304032942
24981305570340,24981488358508
24981305570340,24981647893807
24981305570340,24981823520173
24981305570340,24982058514319
24982166057334,24982058514319
24982166057334,24982439446663
24982166057334,24982574872683
24982166057334,24982735372567
24982166057334,24983189691701
24982166057334,24983372504544
24983191352323,24983372504544
24983191352323,24983521486570
24983191352323,24983729160927
24983755026632,24983729160927
24983755026632,24983940316116
24983755026632,24984101279767
24983755026632,24984291636713
24983755026632,24984621079076
24983755026632,24985030093573
24985080297370,24985030093573
24985080297370,24985318096777
24985080297370,24985467055131
24985080297370,24985621330958
24985624014306,24985621330958
24985624014306,24985857445674
24985624014306,24986002078649
24985624014306,24986219351909
24985624014306,24986430496834
24986510714133,24986430496834
24986510714133,24986735388688
24986510714133,24986911842612
24986510714133,24987165963343
24986510714133,24987439775436
24986510714133,24987998153249
24988152758802,24987998153249
24988152758802,24988383629486
24988152758802,24988546291723
24988152758802,24988742211872
24988152758802,24989051961655
24989143127630,24989051961655
24989143127630,24989378246547
24989143127630,24989535220534
24989143127630,24989757442014
24989760646176,24989757442014
24989760646176,24989945462838
24989760646176,24990142507804
24989760646176,24990306083428
24989760646176,24990456490416
24989760646176,24990965782481
24991021882896,24990965782481
24991021882896,24991285098296
24991021882896,24991419031584
24991021882896,24991560250747
24991021882896,24991872684674
24991889254717,24991872684674
24991889254717,24992088285167
24991889254717,24992275260906
24991889254717,24992500921377
24991889254717,24992810555747
24992814541779,24992810555747
24992814541779,24993035220065
24992814541779,24993295105452
24992814541779,24993448897287
24992814541779,24993836129913
24993843742965,24993836129913
24993843742965,24994113505089
24993843742965,24994275454095
24993843742965,24994429172888
24993843742965,24994673403629
24994689478392,24994673403629
24994689478392,24994883669623
24994689478392,24995078977840
24994689478392,24995280408950
24995282874667,24995280408950
24995282874667,24995508382431
24995282874667,24995688584557
24995282874667,24995811117928
24995282874667,24996099282804
24995282874667,24996564761204
24996673099541,24996564761204
24996673099541,24996916029276
24996673099541,24997081159839
24996673099541,24997227308969
24997229482405,24997227308969
24997229482405,24997461401574
24997229482405,24997653504572
24997229482405,24997843276628
24997229482405,24998103422012
24997229482405,24998568277415
24998584594371,24998568277415
24998584594371,24998908537736
24998584594371,24999153321691
24998584594371,24999294889656
24998584594371,24999637357602
24999639204187,24999637357602
24999639204187,24999817450442
24999639204187,24999966369740
24999639204187,25000258976259
24999639204187,25000515707458
24999639204187,25000729002307
25000543190558,25000729002307
25000543190558,25000923310812
25000543190558,25001045651320
25000543190558,25001437274247
25001521227184,25001437274247
25001521227184,25001773059287
25001521227184,25001942767898
25001521227184,25002110191226
25002114273655,25002110191226
25002114273655,25002344317250
25002114273655,25002506194435
25002114273655,25002682197002
25002114273655,25002903868008
25002114273655,25003382522701
25003393469931,25003382522701
25003393469931,25003658793677
25003393469931,25003785352328
25003393469931,25004039348478
25004044638322,25004039348478
25004044638322,25004243195876
25004044638322,25004375992648
25004044638322,25004534501409
25004044638322,25004739925832
25004044638322,25005294973067
25005296964909,25005294973067
25005296964909,25005576037004
25005296964909,25005708058757
25005296964909,25005873952043
25005876083935,25005873952043
25005876083935,25006081752108
25005876083935,25006274174345
25005876083935,25006476380859
25005876083935,25006829583116
25005876083935,25007301549005
25007305477984,25007301549005
25007305477984,25007522761785
25007305477984,25007663650553
25007305477984,25007829361235
25007305477984,25008071492458
25007305477984,25008333392840
25008144379847,25008333392840
25008144379847,25008497289109
25008144379847,25008714441953
25008144379847,25009002136669
25009088836642,25009002136669
25009088836642,25009330067330
25009088836642,25009524459944
25009088836642,25009712395039
25009714919811,25009712395039
25009714919811,25010033193956
25009714919811,25010269234376
25009714919811,25010471260604
25009714919811,25010652430445
25009714919811,25010825889798
25010944493170,25010825889798
25010944493170,25011160149243
25010944493170,25011327052872
25010944493170,25011485161027
25010944493170,25011833575845
25011932082325,25011833575845
25011932082325,25012181692782
25011932082325,25012383314978
25011932082325,25012569300040
25011932082325,25012981834114
25012986126574,25012981834114
25012986126574,25013177814851
25012986126574,25013306665806
25012986126574,25013507959573
25012986126574,25013709742337
25013748144322,25013709742337
25013748144322,25014004961324
25013748144322,25014137972292
25013748144322,25014292432342
25013748144322,25014600890387
25014621444634,25014600890387
25014621444634,25014816534200
25014621444634,25015030566420
25014621444634,25015305495067
25014621444634,25015529933793
25015586938680,25015529933793
25015586938680,25015781900112
25015586938680,25015984037556
25015586938680,25016199876619
25016203159488,25016199876619
25016203159488,25016466449673
25016203159488,25016686401208
25016203159488,25016849311582
25016203159488,25016995114255
25017101538586,25016995114255
25017101538586,25017380766178
25017101538586,25017520885390
25017101538586,25017697858519
25017101538586,25017888498149
25017101538586,25018453478126
25018486913028,25018453478126
25018486913028,25018782176224
25018486913028,25019043426917
25018486913028,25019195332306
25018486913028,25019452461466
25019454856860,25019452461466
25019454856860,25019676364548
25019454856860,25019815668880
25019454856860,25020046110847
25020048581514,25020046110847
25020048581514,25020222162848
25020048581514,25020395417294
25020048581514,25020578639833
25020048581514,25020712346019
25020048581514,25021375569705
25021377812375,25021375569705
25021377812375,25021628050721
25021377812375,25021863510428
25021377812375,25022025041324
25022027897671,25022025041324
25022027897671,25022270538238
25022027897671,25022405427726
25022027897671,25022571246063
25022027897671,25022773837556
25022776457298,25022773837556
25022776457298,25022957273427
25022776457298,25023154256455
25022776457298,25023269069315
25022776457298,25023557624147
25022776457298,25024105322847
25024133336991,25024105322847
25024133336991,25024400191405
25024133336991,25024594644891
25024133336991,25024754372959
25024133336991,25025117289526
25025120846407,25025117289526
25025120846407,25025414065958
25025120846407,25025588923148
25025120846407,25025763568131
25025767439901,25025763568131
25025767439901,25026031452159
25025767439901,25026206954239
25025767439901,25026389490116
25025767439901,25026551374300
25026558421241,25026551374300
25026558421241,25026775867068
25026558421241,25026898354960
25026558421241,25027079469919
25026558421241,25027343432088
25026558421241,25027821712416
25027823548673,25027821712416
25027823548673,25028059315617
25027823548673,25028216406046
25027823548673,25028395136696
25027823548673,25028704426407
25028717315499,25028704426407
25028717315499,25028918606979
25028717315499,25029107145350
25028717315499,25029355830363
25028717315499,25029973961080
25029976491621,25029973961080
25029976491621,25030224938027
25029976491621,25030406760032
25029976491621,25030574273653
25029976491621,25030928257856
25030964249451,25030928257856
25030964249451,25031233202951
25030964249451,25031435038389
25030964249451,25031622155008
25030964249451,25031796963449
25031871708162,25031796963449
25031871708162,25032143193001
25031871708162,25032271484562
25031871708162,25032461331819
25031871708162,25032775260036
25032800646485,25032775260036
25032800646485,25032976994611
25032800646485,25033224761302
25032800646485,25033411594220
25032800646485,25033654314758
25033729072947,25033654314758
25033729072947,25033944244409
25033729072947,25034188471516
25033729072947,25034342627308
25033729072947,25034596050323
25034694766545,25034596050323
25034694766545,25034952628579
25034694766545,25035201857816
25034694766545,25035380231026
25035383238851,25035380231026
25035383238851,25035636167253
25035383238851,25035804409143
25035383238851,25035956358873
25035383238851,25036117372633
25035383238851,25036502367976
25036614541478,25036502367976
25036614541478,25036899495504
25036614541478,25037024824169
25036614541478,25037263260912
25037265176997,25037263260912
25037265176997,25037474522391
25037265176997,25037666495275
25037265176997,25037839714832
25037265176997,25038128346978
25037265176997,25038534962051
25038622245668,25038534962051
25038622245668,25038895164783
25038622245668,25039057439325
25038622245668,25039215257723
25039218054273,25039215257723
25039218054273,25039479268313
25039218054273,25039660100139
25039218054273,25039805671880
25039218054273,25040010892617
25039218054273,25040599380120
25040602144391,25040599380120
25040602144391,25040768534683
25040602144391,25040955223795
25040602144391,25041126628756
25041129512797,25041126628756
25041129512797,25041378459069
25041129512797,25041534875435
25041129512797,25041691666215
25041129512797,25041959139730
25041129512797,25042326213731
25042433831124,25042326213731
25042433831124,25042707509784
25042433831124,25042880679340
25042433831124,25043021399434
25042433831124,25043464072074
25043482852949,25043464072074
25043482852949,25043699102846
25043482852949,25043845096617
25043482852949,25044046807563
25043482852949,25044357422542
25044363120061,25044357422542
25044363120061,25044638230667
25044363120061,25044764417118
25044363120061,25044954451416
25044956367894,25044954451416
25044956367894,25045189956602
25044956367894,25045327642237
25044956367894,25045510531791
25044956367894,25045687370048
25044956367894,25046202820831
25046204931666,25046202820831
25046204931666,25046480109758
25046204931666,25046680963288
25046204931666,25046872146583
25046883303050,25046872146583
25046883303050,25047101530661
25046883303050,25047290353349
25046883303050,25047491222406
25046883303050,25047658180830
25046883303050,25048307289846
25048308921175,25048307289846
25048308921175,25048514244742
25048308921175,25048735203361
25048308921175,25048886182157
25048889806825,25048886182157
25048889806825,25049163905846
25048889806825,25049330235917
25048889806825,25049540567724
25048889806825,25049699927981
25048889806825,25049990483704
25050118126472,25049990483704
25050118126472,25050319846666
25050118126472,25050534272001
25050118126472,25050679750301
25050118126472,25050996920079
25051047802813,25050996920079
25051047802813,25051250020356
25051047802813,25051514780143
25051047802813,25051658592305
25051047802813,25051954542424
25051957435534,25051954542424
25051957435534,25052157326919
25051957435534,25052376216151
25051957435534,25052556064445
25052558429149,25052556064445
25052558429149,25052732937892
25052558429149,25052857778029
25052558429149,25053020344326
25052558429149,25053303428284
25053334741685,25053303428284
25053334741685,25053589106880
25053334741685,25053803770239
25053334741685,25054025562279
25053334741685,25054223416171
25054391346392,25054223416171
25054391346392,25054663192925
25054391346392,25054870599941
25054391346392,25055051769311
25054391346392,25055235047025
25054391346392,25055714124711
25055716506207,25055714124711
25055716506207,25055978315465
25055716506207,25056131175057
25056171188156,25056131175057
25056171188156,25056359285433
25056171188156,25056546416688
25056171188156,25056684147854
25056171188156,25056893705304
25056171188156,25057060239028
25056171188156,25057656240360
25057657698322,25057656240360
25057657698322,25057847299003
25057657698322,25058029337422
25057657698322,25058143101375
25057657698322,25058474194536
25058487239214,25058474194536
25058487239214,25058687494779
25058487239214,25058884824407
25058487239214,25059055796840
25059058825791,25059055796840
25059058825791,25059327381435
25059058825791,25059483640155
25059058825791,25059656221743
25059058825791,25059856942242
25059058825791,25060354979831
25060359017470,25060354979831
25060359017470,25060595856049
25060359017470,25060830404343
25060359017470,25060990436466
25060992736318,25060990436466
25060992736318,25061145132794
25060992736318,25061307302392
25060992736318,25061535645374
25060992736318,25061728332478
25060992736318,25062105824747
25062162723756,25062105824747
25062162723756,25062446026649
25062162723756,25062610132617
25062162723756,25062754208921
25062162723756,25063092204964
25063172227628,25063092204964
25063172227628,25063425761138
25063172227628,25063620240212
25063172227628,25063791549018
25063172227628,25064097218849
25064193150771,25064097218849
25064193150771,25064434110730
25064193150771,25064600440999
25064193150771,25064807252485
25064193150771,25065085846426
25065159779619,25065085846426
25065159779619,25065348827624
25065159779619,25065621987006
25065159779619,25065758123047
25065760767718,25065758123047
25065760767718,25065927316770
25065760767718,25066036245988
25065760767718,25066214940945
25065760767718,25066518210912
25065760767718,25066946625099
25067000227676,25066946625099
25067000227676,25067252088059
25067000227676,25067450747468
25067000227676,25067637518150
25067639906924,25067637518150
25067639906924,25067844423772
25067639906924,25067989965212
25067639906924,25068146726009
25067639906924,25068371258232
25068377421438,25068371258232
25068377421438,25068629966865
25068377421438,25068869942344
25068377421438,25069059374004
25068377421438,25069362117380
25068377421438,25069638255821
25069640849266,25069638255821
25069640849266,25069862518598
25069640849266,25070027731114
25069640849266,25070212087330
25069640849266,25070536209968
25070623609783,25070536209968
25070623609783,25070862407583
25070623609783,25071077491058
25070623609783,25071224318317
25071227702132,25071224318317
25071227702132,25071490786604
25071227702132,25071653925197
25071227702132,25071812379549
25071227702132,25071957652645
25071227702132,25072458050120
25072460918000,25072458050120
25072460918000,25072692745273
25072460918000,25072861459038
25072460918000,25073053353834
25073055464272,25073053353834
25073055464272,25073395486567
25073055464272,25073542650394
25073055464272,25073685663312
25073055464272,25074096588434
25073055464272,25074566312177
25074590274001,25074566312177
25074590274001,25074807108153
25074590274001,25075004533549
25074590274001,25075225265269
25074590274001,25075463348556
25075606737260,25075463348556
25075606737260,25075803847976
25075606737260,25075988254011
25075606737260,25076163306562
25075606737260,25076614904896
25076616766752,25076614904896
25076616766752,25076809310596
25076616766752,25077018241014
25076616766752,25077183089174
25076616766752,25077584727578
25077587498208,25077584727578
25077587498208,25077821029751
25077587498208,25078006360214
25077587498208,25078160317891
25078162991994,25078160317891
25078162991994,25078399568567
25078162991994,25078546307660
25078162991994,25078710371618
25078162991994,25078984134809
25078162991994,25079496151490
25079561836772,25079496151490
25079561836772,25079864329463
25079561836772,25080035209716
25079561836772,25080156320281
25080161777031,25080156320281
25080161777031,25080373365031
25080161777031,25080553399975
25080161777031,25080685996206
25080161777031,25080922201754
25080161777031,25081347707047
25081350515571,25081347707047
25081350515571,25081578664562
25081350515571,25081742916358
25081350515571,25081926126650
25081350515571,25082256351045
25082263944563,25082256351045
25082263944563,25082423284557
25082263944563,25082730872963
25082263944563,25082959249764
25082960606808,25082959249764
25082960606808,25083123118331
25082960606808,25083295790354
25082960606808,25083438991137
25082960606808,25083599988068
25082960606808,25084018856001
25082960606808,25084217977742
25084020907088,25084217977742
25084020907088,25084732214937
25084020907088,25084919449199
25084020907088,25085197303463
25085339587674,25085197303463
25085339587674,25085632670249
25085339587674,25085831840346
25085339587674,25086055958829
25085339587674,25086246242291
25086249319514,25086246242291
25086249319514,25086500115998
25086249319514,25086643298177
25086249319514,25086775128239
25086776892700,25086775128239
25086776892700,25086972749927
25086776892700,25087146933500
25086776892700,25087304246491
25086776892700,25087556086038
25087567623631,25087556086038
25087567623631,25087813912571
25087567623631,25088011272095
25087567623631,25088265987438
25087567623631,25088516467125
25087567623631,25088962353063
25088965437790,25088962353063
25088965437790,25089183184363
25088965437790,25089324922405
25088965437790,25089520399107
25088965437790,25089751048344
25089963551615,25089751048344
25089963551615,25090157393752
25089963551615,25090373568988
25089963551615,25090513198045
25089963551615,25090674072913
25090674935809,25090674072913
25090674935809,25090941449379
25090674935809,25091107583829
25090674935809,25091261947807
25090674935809,25091626570702
25091738733427,25091626570702
25091738733427,25091992230608
25091738733427,25092150745464
25091738733427,25092371263010
25091738733427,25092668738220
25092670997542,25092668738220
25092670997542,25092890339986
25092670997542,25093017592349
25092670997542,25093200640263
25092670997542,25093687227650
25093689489711,25093687227650
25093689489711,25093910960928
25093689489711,25094064544064
25093689489711,25094276651635
25093689489711,25094549487921
25094651224642,25094549487921
25094651224642,25094956201960
25094651224642,25095176317176
25094651224642,25095343234225
25094651224642,25095667044851
25095669270703,25095667044851
25095669270703,25095871452343
25095669270703,25096067411004
25095669270703,25096282884080
25095669270703,25096607169096
25096729928802,25096607169096
25096729928802,25096987332942
25096729928802,25097196929325
25097213014622,25097196929325
25097213014622,25097403735212
25097213014622,25097576264316
25097213014622,25097685510711
25097213014622,25097850115944
25097213014622,25098083699552
25097213014622,25098617290325
25098620281243,25098617290325
25098620281243,25098847092067
25098620281243,25099037339245
25098620281243,25099170414532
25098620281243,25099400666979
25099491678936,25099400666979
25099491678936,25099740572780
25099491678936,25099901751733
25099909174914,25099901751733
25099909174914,25100102060343
25099909174914,25100279852737
25099909174914,25100438129923
25099909174914,25100608847894
25099909174914,25100843039753
25099909174914,25101178967888
25101291304274,25101178967888
25101291304274,25101515066992
25101291304274,25101741128170
25101291304274,25101964938239
25101967199528,25101964938239
25101967199528,25102285342221
25101967199528,25102434398254
25101967199528,25102652463805
25101967199528,25102835124269
25101967199528,25103127851965
25103153909151,25103127851965
25103153909151,25103332033981
25103153909151,25103505208277
25103153909151,25103703206578
25103153909151,25104169408754
25104171127304,25104169408754
25104171127304,25104455340150
25104171127304,25104631474650
25104171127304,25104801233609
25104171127304,25105083288313
25105085927337,25105083288313
25105085927337,25105353249298
25105085927337,25105513316062
25105085927337,25105678430564
25105085927337,25105849871237
25106313270657,25105849871237
25106313270657,25106543193985
25106313270657,25106763189454
25106313270657,25106910220121
25106912725580,25106910220121
25106912725580,25107176404697
25106912725580,25107350942313
25106912725580,25107550670702
25106912725580,25107720587896
25106912725580,25108149398035
25108154905304,25108149398035
25108154905304,25108351163058
25108154905304,25108544808045
25108154905304,25108741795293
25108154905304,25109069040548
25109070146685,25109069040548
25109070146685,25109297761658
25109070146685,25109475093944
25109070146685,25109656192325
25109070146685,25109883100240
25109953804654,25109883100240
25109953804654,25110138602577
25109953804654,25110342207057
25109953804654,25110561394453
25110563492091,25110561394453
25110563492091,25110794029450
25110563492091,25110944544604
25110563492091,25111090012225
25110563492091,25111232600219
25110563492091,25111745978273
25111813290230,25111745978273
25111813290230,25112052736735
25111813290230,25112231071898
25111813290230,25112476733082
25112478834907,25112476733082
25112478834907,25112658655151
25112478834907,25112809312809
25112478834907,25112954674003
25112478834907,25113099641414
25112478834907,25113606659208
25113613725783,25113606659208
25113613725783,25113873015905
25113613725783,25114038500835
25113613725783,25114284772967
25113613725783,25114448791638
25114530579504,25114448791638
25114530579504,25114798109438
25114530579504,25114972621217
25114530579504,25115151671466
25114530579504,25115617650244
25115743247474,25115617650244
25115743247474,25115940405248
25115743247474,25116068655318
25115743247474,25116218938999
25115743247474,25116559914952
25116644518329,25116559914952
25116644518329,25116880652384
25116644518329,25117112819764
25116644518329,25117279772167
25117281756257,25117279772167
25117281756257,25117516577789
25117281756257,25117679379415
25117281756257,25117842491002
25117281756257,25117980420682
25117281756257,25118333416356
25118416105525,25118333416356
25118416105525,25118633650049
25118416105525,25118848069408
25118416105525,25119022665287
25119028868539,25119022665287
25119028868539,25119303099960
25119028868539,25119555079842
25119028868539,25119733078307
25119028868539,25119883114690
25119028868539,25120222633396
25120225840624,25120222633396
25120225840624,25120450210742
25120225840624,25120611782027
25120225840624,25120749969004
25120225840624,25121107183058
25121132443006,25121107183058
25121132443006,25121373596577
25121132443006,25121537606697
25121132443006,25121674222495
25121132443006,25122097262926
25122106948229,25122097262926
25122106948229,25122347104262
25122106948229,25122506299090
25122106948229,25122706786597
25122106948229,25123117009216
25123138158783,25123117009216
25123138158783,25123358419234
25123138158783,25123567337795
25123138158783,25123874537550
25123138158783,25124137683611
25124140727636,25124137683611
25124140727636,25124347836929
25124140727636,25124521412535
25124140727636,25124703318997
25124705656654,25124703318997
25124705656654,25125007436332
25124705656654,25125183959553
25124705656654,25125346612649
25124705656654,25125464457477
25124705656654,25125709702261
25124705656654,25125867718294
