21571903671158,21572659663866
21571903671158,21573073793094
21573075558000,21573073793094
21573075558000,21573344971228
21573075558000,21573481661743
21573075558000,21573700805295
21573702767926,21573700805295
21573702767926,21573909953374
21573702767926,21574068260432
21573702767926,21574276406036
21573702767926,21574534114403
21573702767926,21574957706136
21574960019343,21574957706136
21574960019343,21575164061350
21574960019343,21575453508720
21574960019343,21575636351639
21574960019343,21575879931545
21575892725029,21575879931545
21575892725029,21576147195529
21575892725029,21576372705628
21575892725029,21576589688123
21575892725029,21576763492844
21576766237299,21576763492844
21576766237299,21577026790836
21576766237299,21577293517330
21576766237299,21577451422143
21576766237299,21577659432150
21577762318565,21577659432150
21577762318565,21577929706283
21577762318565,21578203161050
21577762318565,21578414222364
21577762318565,21578571260041
21578700602847,21578571260041
21578700602847,21578940363660
21578700602847,21579184634216
21578700602847,21579386471842
21579388681384,21579386471842
21579388681384,21579648266673
21579388681384,21579823841280
21579388681384,21580006308992
21579388681384,21580206427438
21579388681384,21580467108731
21580499481398,21580467108731
21580499481398,21580698706994
21580499481398,21580894826169
21580499481398,21581082941318
21580499481398,21581332296497
21581445584429,21581332296497
21581445584429,21581729305702
21581445584429,21581881761493
21581445584429,21582088964275
21581445584429,21582278973122
21582336561689,21582278973122
21582336561689,21582587909962
21582336561689,21582756283307
21582336561689,21582933538849
21582935200344,21582933538849
21582935200344,21583222364799
21582935200344,21583416855906
21582935200344,21583625266595
21582935200344,21583761276083
21582935200344,21584291307634
21584293276611,21584291307634
21584293276611,21584411893625
21584293276611,21584637613809
21584293276611,21584898908332
21584293276611,21585125334900
21585127838147,21585125334900
21585127838147,21585659807730
21585127838147,21585833022418
21585127838147,21585964440505
21585127838147,21586351248518
21586355173550,21586351248518
21586355173550,21586566959549
21586355173550,21586786322284
21586355173550,21586909861821
21586911676044,21586909861821
21586911676044,21587144328989
21586911676044,21587269796277
21586911676044,21587468224715
21586911676044,21587613925467
21587792196576,21587613925467
21587792196576,21588077159725
21587792196576,21588275160811
21587792196576,21588454234064
21587792196576,21588692494039
21587792196576,21589195494019
21589197816011,21589195494019
21589197816011,21589391374793
21589197816011,21589578617785
21589197816011,21589874803105
21589880558020,21589874803105
21589880558020,21590138316324
21589880558020,21590340675239
21589880558020,21590533315702
21589880558020,21590701524167
21589880558020,21591113359228
21591148140055,21591113359228
21591148140055,21591403466418
21591148140055,21591545177487
21591148140055,21591717397413
21591148140055,21591873034362
21591874756864,21591873034362
21591874756864,21592123825231
21591874756864,21592283060087
21591874756864,21592477626224
21592561676952,21592477626224
21592561676952,21592838520592
21592561676952,21592994486947
21592561676952,21593136507071
21592561676952,21593527489510
21593536012581,21593527489510
21593536012581,21593766609648
21593536012581,21594034842271
21593536012581,21594195179994
21593536012581,21594393862517
21593536012581,21594992285239
21594994447839,21594992285239
21594994447839,21595264026548
21594994447839,21595473310803
21594994447839,21595645526191
21595648476540,21595645526191
21595648476540,21595807478927
21595648476540,21595960361512
21595648476540,21596166835858
21595648476540,21596316317892
21595648476540,21596742675697
21596818832233,21596742675697
21596818832233,21597044899919
21596818832233,21597325021007
21596818832233,21597471265859
21596818832233,21597723580756
21597802908181,21597723580756
21597802908181,21598056269932
21597802908181,21598208285155
21597802908181,21598381128752
21597802908181,21598863343837
21598867268666,21598863343837
21598867268666,21599143420710
21598867268666,21599371550456
21598867268666,21599514550655
21598867268666,21599724568897
21599866124614,21599724568897
21599866124614,21600086803577
21599866124614,21600225562169
21599866124614,21600383821470
21599866124614,21600880818631
21600882485615,21600880818631
21600882485615,21601078653747
21600882485615,21601244076419
21600882485615,21601435171877
21601438648924,21601435171877
21601438648924,21601696344887
21601438648924,21601886331347
21601438648924,21602047417862
21601438648924,21602216361427
21601438648924,21602559312218
21602594424664,21602559312218
21602594424664,21602816238598
21602594424664,21603070034341
21602594424664,21603262772961
21602594424664,21603464615231
21603560521711,21603464615231
21603560521711,21603805224609
21603560521711,21604078713663
21603560521711,21604235463803
21603560521711,21604515470783
21604557812781,21604515470783
21604557812781,21604841027287
21604557812781,21604976153172
21604557812781,21605168902274
21604557812781,21605610245680
21605611674515,21605610245680
21605611674515,21605826786292
21605611674515,21606026330834
21605611674515,21606230176921
21606231678600,21606230176921
21606231678600,21606397204664
21606231678600,21606565766819
21606231678600,21606736466101
21606231678600,21607032212039
21606231678600,21607394804770
21607588428638,21607394804770
21607588428638,21607810233033
21607588428638,21607962205179
21607588428638,21608111616001
21607588428638,21608323201157
21608332173702,21608323201157
21608332173702,21608524354507
21608332173702,21608732161913
21608332173702,21608954103253
21608332173702,21609220222018
21609297882452,21609220222018
21609297882452,21609531249518
21609297882452,21609756218068
21609297882452,21609911803433
21609297882452,21610145954730
21610183549238,21610145954730
21610183549238,21610367242200
21610183549238,21610579208441
21610183549238,21610796275995
21610803107568,21610796275995
21610803107568,21611061720870
21610803107568,21611180246388
21610803107568,21611382070989
21610803107568,21611546795634
21610803107568,21612057530906
21612101782799,21612057530906
21612101782799,21612444072407
21612101782799,21612588959043
21612101782799,21612759051247
21612101782799,21612934544231
21613031200194,21612934544231
21613031200194,21613281641588
21613031200194,21613507411883
21613031200194,21613675167756
21613676663329,21613675167756
21613676663329,21613817923178
21613676663329,21613977243976
21613676663329,21614188667408
21613676663329,21614393941071
21614398607128,21614393941071
21614398607128,21614590257117
21614398607128,21614777633357
21614398607128,21615022586632
21614398607128,21615289431195
21614398607128,21615680306866
21615765475678,21615680306866
21615765475678,21615993314080
21615765475678,21616174274816
21615765475678,21616341451967
21616345184823,21616341451967
21616345184823,21616599280434
21616345184823,21616740462561
21616345184823,21616949367459
21616345184823,21617199645532
21616345184823,21617600550330
21617619986455,21617600550330
21617619986455,21617784129379
21617619986455,21617933369667
21617619986455,21618036619495
21617619986455,21618621566357
21618435451422,21618621566357
21618435451422,21618825295934
21618435451422,21618997505490
21618435451422,21619333322293
21618435451422,21619505671301
21619353166374,21619505671301
21619353166374,21619840364005
21619353166374,21620013053209
21619353166374,21620232775593
21619353166374,21620752860035
21619353166374,21621085310403
21621087643830,21621085310403
21621087643830,21621262201658
21621087643830,21621398620007
21621401837910,21621398620007
21621401837910,21621634702576
21621401837910,21621783343189
21621401837910,21621919077342
21621401837910,21622156858568
21621401837910,21622681318973
21622702997343,21622681318973
21622702997343,21622977817975
21622702997343,21623199911351
21622702997343,21623391370974
21622702997343,21623737624251
21623740396531,21623737624251
21623740396531,21623973380113
21623740396531,21624200042772
21623740396531,21624389808236
21623740396531,21624522290559
21624618616630,21624522290559
21624618616630,21624885721149
21624618616630,21625035670120
21624618616630,21625202792122
21625205644247,21625202792122
21625205644247,21625422631280
21625205644247,21625580864046
21625205644247,21625753817087
21625205644247,21625997865458
21625205644247,21626538483018
21626540482144,21626538483018
21626540482144,21626781498753
21626540482144,21626925247051
21626540482144,21627051229720
21626540482144,21627425549642
21627718841388,21627425549642
21627718841388,21627968383290
21627718841388,21628179399151
21627718841388,21628381654612
21627718841388,21628642361563
21628748686486,21628642361563
21628748686486,21629004672304
21628748686486,21629149468538
21628748686486,21629329096836
21628748686486,21629667301841
21629760204717,21629667301841
21629760204717,21629982743770
21629760204717,21630173824235
21629760204717,21630418141262
21629760204717,21630792773335
21629760204717,21630989351153
21630799233566,21630989351153
21630799233566,21631128175877
21630799233566,21631382558029
21630799233566,21631660325096
21631703244927,21631660325096
21631703244927,21631928983751
21631703244927,21632119023378
21631703244927,21632273480209
21632280339554,21632273480209
21632280339554,21632491585496
21632280339554,21632651824470
21632280339554,21632804792616
21632280339554,21632969152043
21632280339554,21633486321890
21633487787197,21633486321890
21633487787197,21633702374389
21633487787197,21633881068869
21633487787197,21634110345267
21633487787197,21634411739100
21634413754750,21634411739100
21634413754750,21634691475512
21634413754750,21634916676309
21634413754750,21635073307324
21634413754750,21635305694297
21635075358428,21635305694297
21635075358428,21635453381083
21635075358428,21635615408213
21635075358428,21635754157206
21635075358428,21636187972349
21636189223568,21636187972349
21636189223568,21636428299006
21636189223568,21636620749848
21636189223568,21636772026006
21636189223568,21637104798451
21637131936187,21637104798451
21637131936187,21637389297783
21637131936187,21637643280835
21637131936187,21637841838361
21637131936187,21638019567062
21638025135773,21638019567062
21638025135773,21638253956171
21638025135773,21638407267421
21638025135773,21638589493728
21638025135773,21638891232908
21639018526437,21638891232908
21639018526437,21639251047152
21639018526437,21639392076266
21639018526437,21639533707612
21639018526437,21639809813365
21639929997018,21639809813365
21639929997018,21640238252719
21639929997018,21640415989272
21639929997018,21640640541370
21639929997018,21640756150886
21640758000693,21640756150886
21640758000693,21640951115337
21640758000693,21641149309693
21640758000693,21641397496826
21641399664999,21641397496826
21641399664999,21641603084487
21641399664999,21641725569970
21641399664999,21641858567050
21641399664999,21642164453253
21641399664999,21642596150835
21642711568628,21642596150835
21642711568628,21642877746727
21642711568628,21643169016171
21642711568628,21643321373629
21642711568628,21643724372196
21643725747722,21643724372196
21643725747722,21643894022563
21643725747722,21644036287450
21643725747722,21644212397782
21643725747722,21644604395761
21644606317446,21644604395761
21644606317446,21644825728835
21644606317446,21644963797536
21644606317446,21645105158432
21644606317446,21645449627981
21645502637106,21645449627981
21645502637106,21645954291979
21645502637106,21646173864664
21645502637106,21646327739707
21645502637106,21646618500468
21646723790137,21646618500468
21646723790137,21646916785796
21646723790137,21647114784285
21646723790137,21647343776754
21646723790137,21647622890442
21647744456725,21647622890442
21647744456725,21647920577172
21647744456725,21648120223547
21647744456725,21648353320371
21647744456725,21648714946201
21648716383170,21648714946201
21648716383170,21648937196235
21648716383170,21649072619207
21648716383170,21649224170946
21648716383170,21649650574323
21649677102017,21649650574323
21649677102017,21649900485183
21649677102017,21650063760653
21649677102017,21650250257463
21649677102017,21650551516695
21650553367091,21650551516695
21650553367091,21650716537989
21650553367091,21650950233280
21650553367091,21651098111555
21651100611882,21651098111555
21651100611882,21651437175582
21651100611882,21651596529990
21651100611882,21651761332738
21651100611882,21651901786414
21651100611882,21652353858942
21652435406678,21652353858942
21652435406678,21652741529554
21652435406678,21652889375081
21652435406678,21653035841969
21652435406678,21653359219845
21653444855890,21653359219845
21653444855890,21653686199593
21653444855890,21653865071261
21653444855890,21654038278723
21653444855890,21654392389475
21654430798799,21654392389475
21654430798799,21654712058601
21654430798799,21654894204230
21654430798799,21655056618252
21654430798799,21655222865872
21655321541115,21655222865872
21655321541115,21655590319365
21655321541115,21655725926122
21655321541115,21655955968822
21655321541115,21656092205546
21656197994176,21656092205546
21656197994176,21656410467358
21656197994176,21656734188446
21656197994176,21656908696220
21656197994176,21657238651569
21657241147518,21657238651569
21657241147518,21657530354852
21657241147518,21657680769481
21657241147518,21657839600597
21657241147518,21658191181644
21658193909779,21658191181644
21658193909779,21658401335536
21658193909779,21658568907307
21658193909779,21658787342160
21658193909779,21658998903318
21659043336544,21658998903318
21659043336544,21659338987339
21659043336544,21659520285582
21659043336544,21659690221700
21659043336544,21660023675983
21660028038532,21660023675983
21660028038532,21660244293551
21660028038532,21660426361356
21660028038532,21660548715388
21660028038532,21660796577800
21660810820295,21660796577800
21660810820295,21661073347326
21660810820295,21661305290663
21660810820295,21661488052106
21660810820295,21661687172974
21661800135354,21661687172974
21661800135354,21662053763026
21661800135354,21662184358307
21661800135354,21662325034399
21662333139757,21662325034399
21662333139757,21662565104816
21662333139757,21662773372090
21662333139757,21662940522816
21662333139757,21663226204222
21663228228275,21663226204222
21663228228275,21663432727655
21663228228275,21663558809400
21663228228275,21663686821703
21663228228275,21664179817103
21663228228275,21664429812852
21664549150874,21664429812852
21664549150874,21664773436809
21664549150874,21664954347607
21664549150874,21665143869085
21664549150874,21665467040716
21665534824280,21665467040716
21665534824280,21665758556359
21665534824280,21665922717924
21665534824280,21666126937745
21665534824280,21666472327253
21666475070113,21666472327253
21666475070113,21666653438306
21666475070113,21666790041731
21666475070113,21666947624384
21666475070113,21667236109279
21667330357522,21667236109279
21667330357522,21667572588407
21667330357522,21667728325749
21667330357522,21667899480955
21667903250589,21667899480955
21667903250589,21668171472595
21667903250589,21668349554425
21667903250589,21668517495823
21667903250589,21668684430495
21667903250589,21669345859798
21669347507381,21669345859798
21669347507381,21669591584903
21669347507381,21669762594637
21669347507381,21669967212630
21669969018870,21669967212630
21669969018870,21670168394972
21669969018870,21670409714629
21669969018870,21670578267221
21669969018870,21670810991104
21669969018870,21671174027622
21671201613927,21671174027622
21671201613927,21671372500822
21671201613927,21671560576248
21671201613927,21671737503895
21671739143783,21671737503895
21671739143783,21671984108526
21671739143783,21672131282084
21671739143783,21672325292422
21671739143783,21672453361462
21672614080488,21672453361462
21672614080488,21672800375251
21672614080488,21672977640182
21672614080488,21673231764025
21672614080488,21673505301006
21672614080488,21673812888955
21672614080488,21674135904214
21673914227344,21674135904214
21673914227344,21674423633640
21673914227344,21674641416885
21673914227344,21674868561111
21674889973721,21674868561111
21674889973721,21675145173752
21674889973721,21675314372125
21674889973721,21675482837657
21674889973721,21675645433227
21675484419891,21675645433227
21675484419891,21675872446627
21675484419891,21676068260314
21675484419891,21676331940646
21675484419891,21676715115881
21676716871897,21676715115881
21676716871897,21676996420083
21676716871897,21677150587174
21676716871897,21677320834490
21676716871897,21677517586301
21677657635950,21677517586301
21677657635950,21677899111143
21677657635950,21678064314120
21677657635950,21678261846553
21678264350980,21678261846553
21678264350980,21678483180782
21678264350980,21678720510264
21678264350980,21678920632887
21678264350980,21679099504057
21678264350980,21679581463643
21679586792223,21679581463643
21679586792223,21679770767910
21679586792223,21679945108503
21679586792223,21680101376696
21679586792223,21680434083928
21680650120795,21680434083928
21680650120795,21680873842874
21680650120795,21681060035580
21680650120795,21681205518799
21680650120795,21681628015774
21681629933837,21681628015774
21681629933837,21681841415228
21681629933837,21682140055843
21681629933837,21682309137808
21681629933837,21682680330450
21682682547166,21682680330450
21682682547166,21682904281991
21682682547166,21683046234860
21682682547166,21683187368314
21682682547166,21683469156461
21683541789716,21683469156461
21683541789716,21683730494704
21683541789716,21683945265474
21683541789716,21684203304804
21683541789716,21684371860172
21684541188946,21684371860172
21684541188946,21684718484487
21684541188946,21684994707983
21684541188946,21685195834628
21684541188946,21685400767256
21685489883193,21685400767256
21685489883193,21685711192725
21685489883193,21685939497941
21685489883193,21686137310503
21685489883193,21686371781686
21686503881684,21686371781686
21686503881684,21686721039323
21686503881684,21686908580956
21686503881684,21687129060228
21687132033160,21687129060228
21687132033160,21687346848618
21687132033160,21687512333266
21687132033160,21687653925207
21687132033160,21687825876229
21687897465498,21687825876229
21687897465498,21688154016720
21687897465498,21688313389534
21687897465498,21688520341932
21687897465498,21688920755952
21687897465498,21689371889610
21689374079633,21689371889610
21689374079633,21689616874796
21689374079633,21689898184519
21689374079633,21690055088740
21689374079633,21690233340115
21690293265830,21690233340115
21690293265830,21690483115237
21690293265830,21690723212749
21690293265830,21690926183360
21690293265830,21691157038548
21691204783795,21691157038548
21691204783795,21691390416364
21691204783795,21691674137631
21691204783795,21691907643180
21691204783795,21692172326958
21692175302343,21692172326958
21692175302343,21692381727584
21692175302343,21692595032632
21692175302343,21692770350944
21692783962395,21692770350944
21692783962395,21692997145989
21692783962395,21693132307050
21692783962395,21693307985287
21692783962395,21693456920116
21692783962395,21693931674138
21694000762009,21693931674138
21694000762009,21694211729923
21694000762009,21694465321630
21694000762009,21694643502096
21694645031044,21694643502096
21694645031044,21694833220893
21694645031044,21694966382051
21694645031044,21695130126719
21694645031044,21695560133881
21694645031044,21695803291670
21695868143969,21695803291670
21695868143969,21696098973468
21695868143969,21696257201101
21695868143969,21696529447544
21695868143969,21696819239436
21696826293380,21696819239436
21696826293380,21696994956185
21696826293380,21697309619246
21696826293380,21697463621158
21696826293380,21697619161131
21697621169134,21697619161131
21697621169134,21697765898223
21697621169134,21697961051012
21697621169134,21698128268501
21697621169134,21698648667721
21698826161200,21698648667721
21698826161200,21699029277575
21698826161200,21699176363375
21698826161200,21699339428665
21698826161200,21699544362902
21699545581123,21699544362902
21699545581123,21699715717090
21699545581123,21699945354300
21699545581123,21700048775761
21699545581123,21700823626330
21700875850029,21700823626330
21700875850029,21701076342249
21700875850029,21701269537106
21700875850029,21701505333306
21700875850029,21701755805514
21701883314824,21701755805514
21701883314824,21702120123958
21701883314824,21702313350882
21701883314824,21702463132113
21701883314824,21702786505476
21702788287521,21702786505476
21702788287521,21703014836434
21702788287521,21703209710235
21702788287521,21703363248087
21702788287521,21703754438132
21703759281752,21703754438132
21703759281752,21703994967711
21703759281752,21704174934797
21704187559645,21704174934797
21704187559645,21704375427070
21704187559645,21704511236496
21704187559645,21704634233394
21704187559645,21704827159337
21704187559645,21704981428781
21704187559645,21705478903564
21705535740273,21705478903564
21705535740273,21705841340878
21705535740273,21706040405292
21705535740273,21706186139398
21705535740273,21706559209190
21706623759683,21706559209190
21706623759683,21706873827669
21706623759683,21707043807891
21706623759683,21707263106055
21706623759683,21707544441351
21707545789469,21707544441351
21707545789469,21707790079255
21707545789469,21708034431684
21707545789469,21708192519446
21707545789469,21708332793700
21708419209939,21708332793700
21708419209939,21708723141529
21708419209939,21708883883044
21708419209939,21709022489504
21708419209939,21709442257102
21709463911208,21709442257102
21709463911208,21709723348642
21709463911208,21709968496426
21709463911208,21710132410875
21709463911208,21710341399257
21710461575912,21710341399257
21710461575912,21710706840777
21710461575912,21710876404678
21710461575912,21711009183794
21711011715689,21711009183794
21711011715689,21711186849942
21711011715689,21711338902323
21711011715689,21711535127920
21711011715689,21711761655738
21711011715689,21712359873420
21712361835982,21712359873420
21712361835982,21712641798244
21712361835982,21712820687905
21712361835982,21713010107840
21712361835982,21713155230370
21713220260843,21713155230370
21713220260843,21713471544574
21713220260843,21713684151595
21713220260843,21713839401069
21713220260843,21714109214285
21714153716435,21714109214285
21714153716435,21714406932806
21714153716435,21714607123743
21714153716435,21714759932973
21714153716435,21715181123532
21715194866991,21715181123532
21715194866991,21715424182690
21715194866991,21715606997948
21715194866991,21715771387914
21715773279137,21715771387914
21715773279137,21715922867692
21715773279137,21716075863980
21715773279137,21716224853452
21715773279137,21716581595709
21715773279137,21717141331299
21717143607222,21717141331299
21717143607222,21717356562756
21717143607222,21717457156146
21717143607222,21717712889243
21717143607222,21718006127566
21718062397377,21718006127566
21718062397377,21718252138047
21718062397377,21718401669694
21718062397377,21718643929350
21718062397377,21718900249969
21718911177161,21718900249969
21718911177161,21719148293644
21718911177161,21719268531684
21718911177161,21719529163486
21718911177161,21719790253298
21719834735781,21719790253298
21719834735781,21720079931279
21719834735781,21720227084206
21719834735781,21720382452194
21720384427999,21720382452194
21720384427999,21720660262405
21720384427999,21720834154234
21720384427999,21720994323623
21720384427999,21721252442242
21720384427999,21721652335069
21721728558096,21721652335069
21721728558096,21722034260661
21721728558096,21722174395575
21721728558096,21722264572916
21721728558096,21722939647407
21722941748022,21722939647407
21722941748022,21723145115454
21722941748022,21723341255466
21722941748022,21723816163811
21722941748022,21723995155096
21724148113350,21723995155096
21724148113350,21724434905268
21724148113350,21724588234192
21724148113350,21724797487732
21724148113350,21725117039699
21725147268784,21725117039699
21725147268784,21725438404365
21725147268784,21725610751423
21725147268784,21725796631964
21725798035107,21725796631964
21725798035107,21725997607918
21725798035107,21726140548388
21725798035107,21726305948944
21725798035107,21726695213269
21725798035107,21727196297937
21727198760238,21727196297937
21727198760238,21727466997137
21727198760238,21727648034535
21727198760238,21727870527321
21727198760238,21728128327632
21728237905416,21728128327632
21728237905416,21728458559708
21728237905416,21728647928525
21728237905416,21728843850164
21728237905416,21729135147947
21729166637624,21729135147947
21729166637624,21729404123471
21729166637624,21729662199984
21729166637624,21729821852578
21729166637624,21730039936066
21730112210184,21730039936066
21730112210184,21730391484824
21730112210184,21730552393816
21730112210184,21730772208214
21730112210184,21730940425889
21731017404350,21730940425889
21731017404350,21731274823525
21731017404350,21731449103927
21731017404350,21731626082981
21731017404350,21731976486588
21731991314120,21731976486588
21731991314120,21732188134340
21731991314120,21732373415863
21731991314120,21732595853743
21732597506036,21732595853743
21732597506036,21732765322779
21732597506036,21732943992357
21732597506036,21733117544792
21732597506036,21733416079843
21732597506036,21733875161590
21733876733747,21733875161590
21733876733747,21734101022602
21733876733747,21734265081301
21733876733747,21734467591963
21733876733747,21734689597336
21734815500282,21734689597336
21734815500282,21735058613680
21734815500282,21735233776011
21734815500282,21735385373282
21735387329692,21735385373282
21735387329692,21735623754108
21735387329692,21735769204088
21735387329692,21735918630876
21735387329692,21736063432276
21735387329692,21736699675093
21736701175850,21736699675093
21736701175850,21736919878174
21736701175850,21737077341499
21736701175850,21737248699714
21736701175850,21737725247025
21737728210931,21737725247025
21737728210931,21737931666873
21737728210931,21738116881542
21737728210931,21738339084667
21737728210931,21738491469689
21738570475792,21738491469689
21738570475792,21738767335391
21738570475792,21738952415891
21738570475792,21739125739052
21738570475792,21739412232992
21739576793532,21739412232992
21739576793532,21739767302729
21739576793532,21740046340311
21739576793532,21740244224515
21739576793532,21740534521692
21740573138845,21740534521692
21740573138845,21740779119582
21740573138845,21740952627837
21740573138845,21741132041181
21740573138845,21741579877884
21741581899940,21741579877884
21741581899940,21741752196661
21741581899940,21742023241313
21741581899940,21742155796226
21741581899940,21742657807538
21742659146691,21742657807538
21742659146691,21742915308041
21742659146691,21743091672904
21742659146691,21743240550685
21742659146691,21743441801144
21743548306310,21743441801144
21743548306310,21743827226140
21743548306310,21743990502549
21743548306310,21744116261894
21744119401189,21744116261894
21744119401189,21744275204085
21744119401189,21744414841963
21744119401189,21744565535522
21744119401189,21744776172808
21744993237683,21744776172808
21744993237683,21745180696633
21744993237683,21745325570696
21744993237683,21745477371164
21744993237683,21745648113170
21744993237683,21746095106389
21746184599216,21746095106389
21746184599216,21746381767949
21746184599216,21746588367029
21746184599216,21746804166574
21746184599216,21747135528796
21747137637234,21747135528796
21747137637234,21747333407948
21747137637234,21747513446845
21747137637234,21747755833425
21747137637234,21747952353829
21747999107636,21747952353829
21747999107636,21748216171208
21747999107636,21748438320982
21747999107636,21748700152171
21747999107636,21749043564602
21747999107636,21749240458850
21749045666900,21749240458850
21749045666900,21749451979555
21749045666900,21749724776767
21749045666900,21749895367860
21749902914921,21749895367860
21749902914921,21750116106374
21749902914921,21750359197743
21749902914921,21750534278988
21749902914921,21750727596407
21750799240351,21750727596407
21750799240351,21751038435987
21750799240351,21751246846663
21750799240351,21751465967040
21750799240351,21751726366399
21751728498377,21751726366399
21751728498377,21751943169670
21751728498377,21752128373925
21751728498377,21752337662819
21752340567167,21752337662819
21752340567167,21752566198406
21752340567167,21752714304810
21752340567167,21752903287490
21752340567167,21753047910822
21752340567167,21753741117499
21753746240397,21753741117499
21753746240397,21753939192509
21753746240397,21754141939327
21753746240397,21754254320598
21754276785442,21754254320598
21754276785442,21754490665968
21754276785442,21754676258444
21754276785442,21754962310637
21754276785442,21755187318239
21754276785442,21755528861455
21755619724253,21755528861455
21755619724253,21755882955027
21755619724253,21756019061718
21755619724253,21756150632251
21755619724253,21756615288168
21756622545550,21756615288168
21756622545550,21756890389444
21756622545550,21757066934253
21756622545550,21757334249732
21756622545550,21757485253738
21757488590348,21757485253738
21757488590348,21757677569682
21757488590348,21757882259258
21757488590348,21758056176181
21757488590348,21758283325743
21758377625609,21758283325743
21758377625609,21758600047657
21758377625609,21758770357483
21758377625609,21758948379787
21758954127971,21758948379787
21758954127971,21759191281786
21758954127971,21759349447365
21758954127971,21759543512157
21758954127971,21759701250360
21758954127971,21760104364282
21760113198365,21760104364282
21760113198365,21760316873745
21760113198365,21760492989212
21760113198365,21760735188844
21760736625006,21760735188844
21760736625006,21760958364504
21760736625006,21761120244618
21760736625006,21761252368641
21760736625006,21761570681110
21761573786047,21761570681110
21761573786047,21761782984479
21761573786047,21762021048104
21761573786047,21762195446236
21761573786047,21762396689414
21761573786047,21762792741425
21762931977720,21762792741425
21762931977720,21763159349910
21762931977720,21763418974819
21762931977720,21763624655422
21762931977720,21763771048143
21763774342022,21763771048143
21763774342022,21763884498308
21763774342022,21764067907586
21763774342022,21764376330149
21763774342022,21764849292642
21764852485544,21764849292642
21764852485544,21765067218948
21764852485544,21765306001769
21764852485544,21765486652746
21765489108678,21765486652746
21765489108678,21765630292583
21765489108678,21765772461215
21765489108678,21766024533297
21765489108678,21766166240972
21765489108678,21766682382140
21766683461184,21766682382140
21766683461184,21766838609212
21766683461184,21767038155742
21766683461184,21767193462877
21766683461184,21767481999560
21767517104554,21767481999560
21767517104554,21767769337057
21767517104554,21768054350887
21767517104554,21768193717152
21768196049156,21768193717152
21768196049156,21768378671920
21768196049156,21768560314590
21768196049156,21768724268076
21768196049156,21768917205010
21768919586678,21768917205010
21768919586678,21769141323567
21768919586678,21769299734972
21768919586678,21769443740297
21768919586678,21769793229006
21769798654742,21769793229006
21769798654742,21769951615691
21769798654742,21770193338057
21769798654742,21770385609811
21769798654742,21770715242243
21769798654742,21771020795842
21771224544415,21771020795842
21771224544415,21771482887867
21771224544415,21771636871438
21771224544415,21771795152609
21771796511633,21771795152609
21771796511633,21771987431117
21771796511633,21772124344314
21771796511633,21772349056075
21771796511633,21772642494505
21771796511633,21773035803223
21773126732949,21773035803223
21773126732949,21773392358586
21773126732949,21773664552536
21773126732949,21773884327435
21773887789304,21773884327435
21773887789304,21774056132853
21773887789304,21774192245972
21773887789304,21774374375668
21773887789304,21774552406148
21774554489566,21774552406148
21774554489566,21774783280403
21774554489566,21774966504666
21774554489566,21775147392345
21774554489566,21775350304128
21775439358628,21775350304128
21775439358628,21775723572691
21775439358628,21775904640874
21775439358628,21776452879142
21775439358628,21776655894805
21776758094283,21776655894805
21776758094283,21776980772062
21776758094283,21777160378701
21776758094283,21777343280021
21776758094283,21777718101475
21777764568934,21777718101475
21777764568934,21777963573207
21777764568934,21778177200600
21777764568934,21778330368732
21777764568934,21778730576414
21777764568934,21779086638289
21779175728345,21779086638289
21779175728345,21779434443675
21779175728345,21779565556094
21779175728345,21779706215529
21779175728345,21780132906011
21780134358587,21780132906011
21780134358587,21780359853495
21780134358587,21780507315208
21780134358587,21780636834935
21780134358587,21781058261899
21781060682270,21781058261899
21781060682270,21781342464152
21781060682270,21781524653836
21781060682270,21781714749309
21781060682270,21782006798894
21782007924771,21782006798894
21782007924771,21782263643333
21782007924771,21782399919615
21782007924771,21782550423996
21782007924771,21782922217807
21782925752825,21782922217807
21782925752825,21783167458011
21782925752825,21783314439960
21782925752825,21783463350981
21782925752825,21783852488566
21783878343962,21783852488566
21783878343962,21784103350012
21783878343962,21784319970285
21783878343962,21784468402747
21783878343962,21784808498668
21784812939089,21784808498668
21784812939089,21785077287563
21784812939089,21785254095302
21784812939089,21785410197534
21784812939089,21785648230056
21785726637534,21785648230056
21785726637534,21785909242544
21785726637534,21786146743449
21785726637534,21786329283258
21785726637534,21786512452947
21786331668201,21786512452947
21786331668201,21786677604605
21786331668201,21786831768271
21786331668201,21786975433450
21786331668201,21787524994289
21787534554828,21787524994289
21787534554828,21787781847451
21787534554828,21787978243386
21787534554828,21788125342643
21787534554828,21788426685660
21788550533188,21788426685660
21788550533188,21788821207750
21788550533188,21789082625476
21788550533188,21789247230225
21788550533188,21789396565260
21789470235227,21789396565260
21789470235227,21789712696439
21789470235227,21789891458108
21789470235227,21790066497142
21790067773459,21790066497142
21790067773459,21790262245209
21790067773459,21790465735796
21790067773459,21790646672565
21790067773459,21790892048612
21790893942607,21790892048612
21790893942607,21791137200911
21790893942607,21791312622792
21790893942607,21791553246446
21790893942607,21791789907047
21790893942607,21792313964197
21792316704577,21792313964197
21792316704577,21792533996098
21792316704577,21792722505394
21792316704577,21792923627101
21792925349479,21792923627101
21792925349479,21793134907034
21792925349479,21793276161118
21792925349479,21793438088335
21792925349479,21793582339506
21792925349479,21794124720953
21794156439155,21794124720953
21794156439155,21794447018948
21794156439155,21794635826491
21794156439155,21794789050630
21794156439155,21795023617353
21795046968755,21795023617353
21795046968755,21795292180638
21795046968755,21795501486593
21795046968755,21795713554423
21795726389408,21795713554423
21795726389408,21795941541870
21795726389408,21796097595160
21795726389408,21796269478039
21795726389408,21796434682379
21795726389408,21796916810406
21796929980407,21796916810406
21796929980407,21797195572352
21796929980407,21797354971919
21796929980407,21797515942723
21796929980407,21797890888067
21797892737400,21797890888067
21797892737400,21798089770633
21797892737400,21798253234759
21797892737400,21798398197330
21797892737400,21798720194559
21798744303982,21798720194559
21798744303982,21799012073916
21798744303982,21799240898903
21798744303982,21799445571610
21799447403560,21799445571610
21799447403560,21799732317940
21799447403560,21799897863497
21799447403560,21800047850610
21799447403560,21800247750116
21799447403560,21800609301783
21800718547030,21800609301783
21800718547030,21800959509373
21800718547030,21801110844516
21800718547030,21801367072952
21801370186306,21801367072952
21801370186306,21801618237206
21801370186306,21801810316331
21801370186306,21801974117341
21801370186306,21802127373179
21801370186306,21802541024175
21802544576219,21802541024175
21802544576219,21802786296863
21802544576219,21802973738055
21802544576219,21803100895486
21803102258402,21803100895486
21803102258402,21803365291756
21803102258402,21803540132988
21803102258402,21803727134019
21803102258402,21803906942172
21803102258402,21804532911513
21804542548746,21804532911513
21804542548746,21804768013284
21804542548746,21804932736541
21804542548746,21805110021195
21805111377392,21805110021195
21805111377392,21805256383385
21805111377392,21805405986202
21805111377392,21805567997422
21805111377392,21805824504995
21805111377392,21806225409389
21806232495627,21806225409389
21806232495627,21806480266101
21806232495627,21806659989630
21806232495627,21806909391793
21806913284672,21806909391793
21806913284672,21807147189326
21806913284672,21807320611617
21806913284672,21807504466718
21806913284672,21807666453071
21806913284672,21808040016982
21808126734201,21808040016982
21808126734201,21808364218875
21808126734201,21808573530549
21808126734201,21808724629807
21808126734201,21808955256138
21809069891933,21808955256138
21809069891933,21809212450997
21809069891933,21809873591666
21809069891933,21810016412880
21810017363180,21810016412880
21810017363180,21810255886167
21810017363180,21810442594394
21810017363180,21810799168032
21810017363180,21811258661220
21810017363180,21811765884296
21811767198285,21811765884296
21811767198285,21811972243054
21811767198285,21812131542161
21811767198285,21812302958156
21812304609537,21812302958156
21812304609537,21812477461802
21812304609537,21812764535582
21812304609537,21812939407611
21812304609537,21813086880581
21812304609537,21813642177833
21813798817481,21813642177833
21813798817481,21813995075601
21813798817481,21814143471652
21813798817481,21814269849421
21813798817481,21814466732483
21814522916164,21814466732483
21814522916164,21814812291083
21814522916164,21814994356145
21814522916164,21815204990906
21814522916164,21815411899822
21815472130851,21815411899822
21815472130851,21815729261615
21815472130851,21816010664744
21815472130851,21816174826220
21815472130851,21816431077966
21816433045792,21816431077966
21816433045792,21816654615074
21816433045792,21816897654647
21816433045792,21817105256782
21816433045792,21817402428301
21817405018325,21817402428301
21817405018325,21817655580081
21817405018325,21817947611761
21817405018325,21818106796341
21817405018325,21818255048876
21818261437890,21818255048876
21818261437890,21818536655313
21818261437890,21818736800462
21818261437890,21818912346644
21818915233675,21818912346644
21818915233675,21819072725727
21818915233675,21819252071316
21818915233675,21819421314172
21818915233675,21819718183242
21818915233675,21820095274098
21820138759556,21820095274098
21820138759556,21820336371984
21820138759556,21820516419697
21820138759556,21820722542352
21820138759556,21821005880472
21821065208026,21821005880472
21821065208026,21821292984716
21821065208026,21821488968013
21821065208026,21821682720738
21821685477578,21821682720738
21821685477578,21821891403563
21821685477578,21822088170716
21821685477578,21822268171188
21821685477578,21822516292361
21821685477578,21822913563090
21822984948244,21822913563090
21822984948244,21823214474615
21822984948244,21823375549085
21822984948244,21823610016037
21822984948244,21823863278738
21823917094800,21823863278738
21823917094800,21824215321449
21823917094800,21824430167432
21823917094800,21824540667777
21823917094800,21824926268224
21824935608365,21824926268224
21824935608365,21825248973775
21824935608365,21825401845337
21824935608365,21825652469601
21824935608365,21825806015475
21825880240998,21825806015475
21825880240998,21826157820333
21825880240998,21826306294442
21825880240998,21826472313235
21826473810448,21826472313235
21826473810448,21826625845559
21826473810448,21826793662381
21826473810448,21827012079133
21826473810448,21827442882596
21826473810448,21827922727834
21827926801835,21827922727834
21827926801835,21828101901407
21827926801835,21828306827216
21827926801835,21828550273790
21827926801835,21828771345231
21827926801835,21829010311883
21828827659116,21829010311883
21828827659116,21829241301296
21828827659116,21829444262603
21828827659116,21829724118839
21829939663486,21829724118839
21829939663486,21830163936261
21829939663486,21830352956755
21829939663486,21830502185963
21829939663486,21830641625850
21830642939250,21830641625850
21830642939250,21830911910673
21830642939250,21831388469389
21830642939250,21831552791832
21830642939250,21831689248873
21831554114462,21831689248873
21831554114462,21831842505273
21831554114462,21832061993070
21831554114462,21832187100164
21831554114462,21832728174611
21832729398085,21832728174611
21832729398085,21833001309298
21832729398085,21833187513204
21832729398085,21833354980612
21832729398085,21833653491442
21833686195708,21833653491442
21833686195708,21833982256421
21833686195708,21834141668801
21833686195708,21834311348652
21833686195708,21834655329351
21834656819777,21834655329351
21834656819777,21834881534021
21834656819777,21835116844447
21834656819777,21835277900103
21835280213829,21835277900103
21835280213829,21835456295404
21835280213829,21835652874527
21835280213829,21835811634728
21835280213829,21836147228264
21835280213829,21836570809923
21836573085001,21836570809923
21836573085001,21836793175553
21836573085001,21836952062025
21836573085001,21837176234081
21836573085001,21837442935000
21837531092382,21837442935000
21837531092382,21837798272050
21837531092382,21837962208576
21837531092382,21838179884702
21837531092382,21838544601137
21838547149986,21838544601137
21838547149986,21838836909888
21838547149986,21839011502661
21838547149986,21839157876677
21839159475879,21839157876677
21839159475879,21839297425810
21839159475879,21839448700104
21839159475879,21839627205898
21839159475879,21839832295752
21839159475879,21840367660924
21840370421027,21840367660924
21840370421027,21840614777714
21840370421027,21840847306361
21840370421027,21841036278018
21840370421027,21841365744621
21841367738068,21841365744621
21841367738068,21841566295547
21841367738068,21841787877718
21841367738068,21841943328315
21841944338109,21841943328315
21841944338109,21842200806615
21841944338109,21842366362117
21841944338109,21842529179721
21841944338109,21842678633062
21841944338109,21843303155935
21843305358338,21843303155935
21843305358338,21843507314472
21843305358338,21843657430491
21843305358338,21843833420098
21843305358338,21844105932659
21844126626981,21844105932659
21844126626981,21844354109319
21844126626981,21844546483170
21844126626981,21844704029367
21844126626981,21845098334129
21845102258906,21845098334129
21845102258906,21845370116419
21845102258906,21845611661125
21845102258906,21845803235274
21845102258906,21845988806142
21846006328528,21845988806142
21846006328528,21846221443816
21846006328528,21846398464438
21846006328528,21846591770450
21846006328528,21846987161732
21846989696513,21846987161732
21846989696513,21847297343116
21846989696513,21847468340954
21846989696513,21847647095357
21846989696513,21847859676295
21847935849603,21847859676295
21847935849603,21848161902729
21847935849603,21848368485923
21847935849603,21848491162565
21847935849603,21848872359650
21848885578281,21848872359650
21848885578281,21849138381473
21848885578281,21849367210740
21848885578281,21849505508293
21848885578281,21849857328576
21849893289496,21849857328576
21849893289496,21850061659162
21849893289496,21850239080653
21849893289496,21850477354074
21849893289496,21850771854058
21850804495297,21850771854058
21850804495297,21851005491544
21850804495297,21851202995429
21850804495297,21851417401440
21850804495297,21851665665364
21851727398263,21851665665364
21851727398263,21852003449722
21851727398263,21852187391411
21851727398263,21852459222365
21852461114894,21852459222365
21852461114894,21852736795982
21852461114894,21852949301195
21852461114894,21853113234813
21852461114894,21853322467565
21852461114894,21853576153363
21853649389859,21853576153363
21853649389859,21853891316859
21853649389859,21854110450040
21854112642213,21854110450040
21854112642213,21854300442801
21854112642213,21854454114516
21854112642213,21854598053514
21854112642213,21854763437254
21854112642213,21855012280645
21854112642213,21855388706138
21855523128533,21855388706138
21855523128533,21855764303766
21855523128533,21855889182939
21855523128533,21856041490228
21855523128533,21856386628000
21856477883493,21856386628000
21856477883493,21856709657073
21856477883493,21856890617842
21856477883493,21857050178822
21856477883493,21857413774092
21857415049645,21857413774092
21857415049645,21857628355971
21857415049645,21857871925365
21857415049645,21858078236499
21857415049645,21858247155990
21858307952583,21858247155990
21858307952583,21858578117926
21858307952583,21858780031854
21858307952583,21858985699388
21858987591805,21858985699388
21858987591805,21859103080779
21858987591805,21859273147716
21858987591805,21859448930915
21858987591805,21859723136920
21858987591805,21860255580250
21860257060542,21860255580250
21860257060542,21860462277989
21860257060542,21860644338612
21860257060542,21860859484007
21860257060542,21861468376835
21861592473525,21861468376835
21861592473525,21861755352666
21861592473525,21861958334021
21861592473525,21862136297959
21861592473525,21862462043554
21862490233355,21862462043554
21862490233355,21862683344857
21862490233355,21862860269597
21862490233355,21863057473497
21862490233355,21863354034385
21863442838444,21863354034385
21863442838444,21863676843783
21863442838444,21863876074949
21863442838444,21864070340142
21864075622929,21864070340142
21864075622929,21864304281209
21864075622929,21864508640528
21864075622929,21864633344845
21864075622929,21864837963559
21864075622929,21865165069190
21865286480070,21865165069190
21865286480070,21865492312176
21865286480070,21865727760242
21865286480070,21865865719779
21865286480070,21866227965434
21866229759031,21866227965434
21866229759031,21866386273246
21866229759031,21866567813968
21866229759031,21866811719292
21866229759031,21866962125780
21867031454706,21866962125780
21867031454706,21867202186417
21867031454706,21867406983251
21867031454706,21867566149607
21867031454706,21867840891166
21867944552749,21867840891166
21867944552749,21868128349897
21867944552749,21868326597921
21867944552749,21868538636396
21868540588584,21868538636396
21868540588584,21868745050794
21868540588584,21868934783372
21868540588584,21869086044376
21868540588584,21869486439680
21868540588584,21869816542445
21869820500153,21869816542445
21869820500153,21870011872057
21869820500153,21870235505527
21870257243717,21870235505527
21870257243717,21870418242536
21870257243717,21870616069536
21870257243717,21870800300011
21870257243717,21870943369949
21870257243717,21871129561553
21871134349147,21871129561553
21871134349147,21871354945055
21871134349147,21871505161435
21871134349147,21871660533232
21871134349147,21872083426308
21871134349147,21872453391919
21872469659225,21872453391919
21872469659225,21872641153924
21872469659225,21872824926020
21872469659225,21872972376578
21872469659225,21873454421389
21873458913679,21873454421389
21873458913679,21873669206766
21873458913679,21873879343055
21873458913679,21874053938546
21874056422900,21874053938546
21874056422900,21874252123576
21874056422900,21874398093056
21874056422900,21874558315967
21874056422900,21874712442220
21874056422900,21875174943626
21875178234766,21875174943626
21875178234766,21875341271201
21875178234766,21875545252440
21875178234766,21875782110728
21875178234766,21876112403781
21876118349632,21876112403781
21876118349632,21876365427286
21876118349632,21876494420093
21876118349632,21876685272358
21876687986176,21876685272358
21876687986176,21876889995698
21876687986176,21877022836479
21876687986176,21877202826632
21876687986176,21877338803355
21876687986176,21877923270460
21877980065732,21877923270460
21877980065732,21878214246078
21877980065732,21878385999037
21877980065732,21878653238206
21877980065732,21878913228381
21878915651411,21878913228381
21878915651411,21879170564506
21878915651411,21879421618227
21878915651411,21879675778059
21878915651411,21879925625368
21879927858938,21879925625368
21879927858938,21880161353938
21879927858938,21880321176784
21879927858938,21880519429105
21880522465856,21880519429105
21880522465856,21880724226633
21880522465856,21880909226903
21880522465856,21881057194109
21880522465856,21881187302699
21880522465856,21881519643433
21881556160610,21881519643433
21881556160610,21881827743896
21881556160610,21882025604077
21881556160610,21882170887695
21882173817120,21882170887695
21882173817120,21882348136114
21882173817120,21882499941418
21882173817120,21882683236662
21882173817120,21882851146144
21882173817120,21883349607133
21883385586751,21883349607133
21883385586751,21883634326379
21883385586751,21883866324983
21883385586751,21884048992158
21883385586751,21884372287478
21884374259385,21884372287478
21884374259385,21884556649772
21884374259385,21884753882168
21884374259385,21884885385780
21884374259385,21884966980638
21884794575494,21884966980638
21884794575494,21885539873274
21884794575494,21885738310479
21884794575494,21885953787634
21884794575494,21886435643486
21886492345745,21886435643486
21886492345745,21886727460910
21886492345745,21886998655349
21886492345745,21887161185709
21886492345745,21887381173864
21886492345745,21887584622717
21887414383624,21887584622717
21887414383624,21887752453560
21887414383624,21888010817389
21887414383624,21888256810961
21888357703678,21888256810961
21888357703678,21888563082308
21888357703678,21888751755049
21888357703678,21888920287469
21888357703678,21889167994935
21889194839573,21889167994935
21889194839573,21889431115958
21889194839573,21889642760358
21889194839573,21889848313993
21889194839573,21890083144895
21890094653172,21890083144895
21890094653172,21890368746162
21890094653172,21890579485944
21890094653172,21890737751175
21890094653172,21891038416276
21891068294485,21891038416276
21891068294485,21891301347909
21891068294485,21891504669304
21891068294485,21891673116931
21891068294485,21892185799181
21892287872484,21892185799181
21892287872484,21892552451520
21892287872484,21892706294230
21892287872484,21892972032701
21892973939227,21892972032701
21892973939227,21893244024737
21892973939227,21893401930525
21892973939227,21893566165554
21892973939227,21893744916851
21893746663282,21893744916851
21893746663282,21893888129208
21893746663282,21894136245468
21893746663282,21894324191691
21893746663282,21894648074395
21893746663282,21895025364582
21895063933909,21895025364582
21895063933909,21895259225495
21895063933909,21895413799631
21895063933909,21895531420118
21895063933909,21895958219395
21895961184926,21895958219395
21895961184926,21896198441668
21895961184926,21896438327511
21895961184926,21896595674028
21895961184926,21896828015765
21896882469435,21896828015765
21896882469435,21897074022635
21896882469435,21897353970527
21896882469435,21897534100725
21897537264656,21897534100725
21897537264656,21897785156894
21897537264656,21897982629848
21897537264656,21898143532523
21897537264656,21898318483034
21898341231061,21898318483034
21898341231061,21898582638667
21898341231061,21898782483323
21898341231061,21898978048044
21898341231061,21899248307101
21898341231061,21899688232832
21899690417175,21899688232832
21899690417175,21899877020616
21899690417175,21900009266324
21899690417175,21900186848814
21899690417175,21900674181644
21900677446106,21900674181644
21900677446106,21900886884338
21900677446106,21901026083644
21900677446106,21901232463825
21901236080415,21901232463825
21901236080415,21901468400611
21901236080415,21901626808377
21901236080415,21901801142094
21901236080415,21901973779929
21901236080415,21902483772584
21902494662322,21902483772584
21902494662322,21902678030698
21902494662322,21902862623268
21902494662322,21903147190085
21902494662322,21903411503899
21903424637772,21903411503899
21903424637772,21903637239908
21903424637772,21903904602588
21903424637772,21904089762335
21903424637772,21904278307296
21903424637772,21904514891983
21904313485134,21904514891983
21904313485134,21904663586208
21904313485134,21904772501600
21904313485134,21905092596586
21905240159229,21905092596586
21905240159229,21905483268272
21905240159229,21905622136230
21905240159229,21905771254258
21905240159229,21906228211026
21906230933586,21906228211026
21906230933586,21906366525515
21906230933586,21906516048485
21906230933586,21906712134700
21906230933586,21906987421782
21907097954649,21906987421782
21907097954649,21907297343161
21907097954649,21907488548422
21907097954649,21907689233991
21907691737543,21907689233991
21907691737543,21907940170036
21907691737543,21908078115798
21907691737543,21908223175588
21907691737543,21908405336013
21907691737543,21908948200793
21909065983628,21908948200793
21909065983628,21909285478563
21909065983628,21909569550592
21909065983628,21909784885551
21909065983628,21909927597189
21909065983628,21910080973232
21910083481347,21910080973232
21910083481347,21910243814846
21910083481347,21910423254595
21910083481347,21910877230744
21910884598772,21910877230744
21910884598772,21911028810384
21910884598772,21911273727329
21910884598772,21911439634146
21910884598772,21911773209495
21911802503772,21911773209495
21911802503772,21912085837321
21911802503772,21912264037967
21911802503772,21912407950820
21911802503772,21912653996062
21912660845206,21912653996062
21912660845206,21912898284161
21912660845206,21913042209336
21912660845206,21913286448662
21912660845206,21913545844903
21913592853251,21913545844903
21913592853251,21913835643815
21913592853251,21914022745625
21913592853251,21914219455304
21914223459449,21914219455304
21914223459449,21914522730631
21914223459449,21914673888638
21914223459449,21914812050319
21914223459449,21914974236562
21914223459449,21915399519206
21915480693721,21915399519206
21915480693721,21915762745817
21915480693721,21915932132515
21915480693721,21916120749522
21915480693721,21916395765068
21916397230598,21916395765068
21916397230598,21916658671063
21916397230598,21916886519298
21916397230598,21917169363287
21916397230598,21917392961030
21917394062715,21917392961030
21917394062715,21917698224653
21917394062715,21917871966657
21917394062715,21918070316224
21917394062715,21918263372186
21918072756136,21918263372186
21918072756136,21918433375799
21918072756136,21918617508211
21918072756136,21918774030027
21918072756136,21919247314107
21919272226520,21919247314107
21919272226520,21919471190328
21919272226520,21919688963133
21919272226520,21919877382935
21919272226520,21920199712396
21920202448783,21920199712396
21920202448783,21920431048660
21920202448783,21920606281047
21920202448783,21920742144236
21920202448783,21921245553952
21921305451115,21921245553952
21921305451115,21921435109435
21921305451115,21921644055440
21921305451115,21921837725274
21921305451115,21922285649814
21922342622573,21922285649814
21922342622573,21922555012029
21922342622573,21922790954097
21922342622573,21923003863402
21923006496408,21923003863402
21923006496408,21923174466443
21923006496408,21923364042104
21923006496408,21923511159009
21923006496408,21923740935022
21923868346339,21923740935022
21923868346339,21924112224325
21923868346339,21924252357159
21923868346339,21924412812549
21923868346339,21924783280287
21924787222439,21924783280287
21924787222439,21925046880764
21924787222439,21925284413402
21924787222439,21925448566856
21924787222439,21925694838657
21924787222439,21926108480216
21926111300233,21926108480216
21926111300233,21926362197924
21926111300233,21926529042169
21926111300233,21926725048884
21926111300233,21927063259944
21927092028234,21927063259944
21927092028234,21927315072297
21927092028234,21927513200774
21927092028234,21927741396620
21927743385730,21927741396620
21927743385730,21928008662691
21927743385730,21928198062120
21927743385730,21928327690437
21927743385730,21928484170031
21927743385730,21928945688537
21929036481088,21928945688537
21929036481088,21929294040795
21929036481088,21929413755583
21929036481088,21929569277901
21929571554152,21929569277901
21929571554152,21929803427894
21929571554152,21929965562237
21929571554152,21930126149928
21929571554152,21930480289589
21930482561002,21930480289589
21930482561002,21930724225744
21930482561002,21930956374730
21930482561002,21931116855935
21930482561002,21931372445334
21930482561002,21931794581825
21931861053707,21931794581825
21931861053707,21932089781379
21931861053707,21932285253240
21931861053707,21932493387661
21931861053707,21932688324542
21932888745359,21932688324542
21932888745359,21933073124302
21932888745359,21933240417342
21932888745359,21933379085535
21932888745359,21933786308402
21933789601846,21933786308402
21933789601846,21934003233111
21933789601846,21934152277677
21933789601846,21934305956490
21933789601846,21934689237542
21934692025784,21934689237542
21934692025784,21934928148365
21934692025784,21935117152239
21934692025784,21935269860855
21934692025784,21935541835566
21935543044263,21935541835566
21935543044263,21935727491700
21935543044263,21935895075984
21935543044263,21936121868767
21935543044263,21936385768381
21936437140295,21936385768381
21936437140295,21936667023090
21936437140295,21936843740184
21936437140295,21937025628740
21936437140295,21937296292347
21937385814013,21937296292347
21937385814013,21937659621831
21937385814013,21937834335276
21937385814013,21937998264510
21937385814013,21938335000664
21938357531899,21938335000664
21938357531899,21938511675866
21938357531899,21938784759886
21938357531899,21938975202435
21938357531899,21939240837310
21939272592058,21939240837310
21939272592058,21939584714138
21939272592058,21939797684563
21939272592058,21940029730781
21939272592058,21940215838679
21940217741889,21940215838679
21940217741889,21940424747691
21940217741889,21940591115171
21940217741889,21940752395683
21940217741889,21940952105008
21941100862484,21940952105008
21941100862484,21941387955648
21941100862484,21941531842001
21941100862484,21941678062835
21941100862484,21942088100565
21942097720502,21942088100565
21942097720502,21942374083719
21942097720502,21942558594467
21942097720502,21942731520022
21942097720502,21943131712421
21943144810351,21943131712421
21943144810351,21943348415090
21943144810351,21943469347332
21943144810351,21943645393808
21943144810351,21944030945708
21944077592380,21944030945708
21944077592380,21944336821141
21944077592380,21944577339276
21944077592380,21944789817136
21944077592380,21945021374879
21945023520633,21945021374879
21945023520633,21945284130962
21945023520633,21945409128855
21945023520633,21945571832876
21945023520633,21945920024755
21945975739091,21945920024755
21945975739091,21946217280181
21945975739091,21946360577872
21945975739091,21946550247036
21945975739091,21946744713968
21946849205008,21946744713968
21946849205008,21947105546265
21946849205008,21947250377051
21946849205008,21947450284784
21946849205008,21947733665504
21947802669934,21947733665504
21947802669934,21948012373114
21947802669934,21948179916201
21947802669934,21948365945457
21947802669934,21948771214307
21948823260021,21948771214307
21948823260021,21949397865662
21948823260021,21949533382115
21948823260021,21949729427665
21949733172518,21949729427665
21949733172518,21949972111584
21949733172518,21950116700094
21949733172518,21950352280111
21949733172518,21950595740915
21949733172518,21951048363277
21951049869709,21951048363277
21951049869709,21951246114110
21951049869709,21951395376810
21951049869709,21951550951043
21951049869709,21951979208667
21951981149102,21951979208667
21951981149102,21952235447641
21951981149102,21952495657438
21951981149102,21952669476876
21952671668687,21952669476876
21952671668687,21952907952521
21952671668687,21953079842467
21952671668687,21953226760398
21952671668687,21953396911214
21953426050736,21953396911214
21953426050736,21953696567936
21953426050736,21953916476366
21953426050736,21954111557221
21953426050736,21954353406133
21953426050736,21954799098009
21954835150465,21954799098009
21954835150465,21955070205686
21954835150465,21955279026141
21954835150465,21955450507690
21955452447416,21955450507690
21955452447416,21955659349655
21955452447416,21955833125223
21955452447416,21956003983228
21955452447416,21956173251957
21956270762292,21956173251957
21956270762292,21956481543318
21956270762292,21956628481827
21956270762292,21956775140447
21956270762292,21957174182696
21956270762292,21957592304521
21957673323495,21957592304521
21957673323495,21957872183643
21957673323495,21958111268135
21957673323495,21958316196777
21957673323495,21958610874126
21958645391171,21958610874126
21958645391171,21959035074966
21958645391171,21959212998418
21958645391171,21959372633014
21958645391171,21959780404002
21959897589516,21959780404002
21959897589516,21960099329247
21959897589516,21960328270303
21959897589516,21960554302728
21960558849445,21960554302728
21960558849445,21960766421207
21960558849445,21960909000046
21960558849445,21961057816190
21960558849445,21961350828511
21960558849445,21961772182708
21961779277448,21961772182708
21961779277448,21962024338930
21961779277448,21962172883529
21961779277448,21962334247951
21961779277448,21962668279210
21962712918996,21962668279210
21962712918996,21962890592659
21962712918996,21963119938407
21962712918996,21963412832197
21963415258220,21963412832197
21963415258220,21963592934659
21963415258220,21963743748916
21963415258220,21963927644531
21963415258220,21964118622483
21963415258220,21964550540085
21964615131141,21964550540085
21964615131141,21964935623558
21964615131141,21965222502213
21964615131141,21965414066252
21964615131141,21965556092638
21965809195837,21965556092638
21965809195837,21965997306312
21965809195837,21966298861905
21965809195837,21966506649346
21966508705197,21966506649346
21966508705197,21966673474963
21966508705197,21966813019392
21966508705197,21967007952257
21966508705197,21967198646546
21966508705197,21967591810490
21966508705197,21967922621039
21967720904221,21967922621039
21967720904221,21968252047943
21967720904221,21968422306410
21968423472295,21968422306410
21968423472295,21968580488566
21968423472295,21968736828736
21968423472295,21968943462916
21968423472295,21969146144365
21968423472295,21969665849709
21969684843059,21969665849709
21969684843059,21969950196272
21969684843059,21970151319216
21969684843059,21970357360443
21969684843059,21970661281753
21970727621656,21970661281753
21970727621656,21970923981720
21970727621656,21971090382550
21970727621656,21971319514223
21970727621656,21971588534490
21971604715285,21971588534490
21971604715285,21971857727789
21971604715285,21972129731029
21971604715285,21972310069708
21971604715285,21972502533392
21972513043705,21972502533392
21972513043705,21972759239064
21972513043705,21972898717516
21972513043705,21973092814206
21972513043705,21973409076137
21973445320322,21973409076137
21973445320322,21973648513345
21973445320322,21973825060781
21973445320322,21974013167639
21973445320322,21974235845903
21974299187206,21974235845903
21974299187206,21974544201180
21974299187206,21974744365995
21974299187206,21974945588267
21974299187206,21975207185688
21975351493864,21975207185688
21975351493864,21975569518608
21975351493864,21975722402487
21975351493864,21975941940686
21975351493864,21976253335279
21976291082406,21976253335279
21976291082406,21976582085287
21976291082406,21976746375344
21976291082406,21976898474089
21976291082406,21977281768408
21977283727882,21977281768408
21977283727882,21977498718828
21977283727882,21977660143264
21977283727882,21977911722282
21977283727882,21978153787092
21978159813004,21978153787092
21978159813004,21978385306237
21978159813004,21978577431725
21978159813004,21978787342962
21978789399506,21978787342962
21978789399506,21978988895587
21978789399506,21979138201911
21978789399506,21979315466935
21978789399506,21979610783651
21979612607997,21979610783651
21979612607997,21979835406549
21979612607997,21979991373697
21979612607997,21980249295566
21979612607997,21980463680853
21979612607997,21980912000510
21980947611177,21980912000510
21980947611177,21981141790019
21980947611177,21981327252595
21980947611177,21981571242589
21981574790453,21981571242589
21981574790453,21981806136962
21981574790453,21982051564346
21981574790453,21982190865905
21981574790453,21982357996891
21981574790453,21982823444862
21983026099094,21982823444862
21983026099094,21983233212161
21983026099094,21983356655515
21983026099094,21983612197545
21983026099094,21983770428798
21983026099094,21983944250717
21983772579658,21983944250717
21983772579658,21984117767063
21983772579658,21984263519439
21983772579658,21984461296347
21984265555094,21984461296347
21984265555094,21984607476608
21984265555094,21984823072863
21984265555094,21985199320685
21984265555094,21985755586873
21985787725076,21985755586873
21985787725076,21985999714132
21985787725076,21986133276053
21985787725076,21986330090642
21986333724662,21986330090642
21986333724662,21986595206142
21986333724662,21986773783876
21986333724662,21986951066341
21986333724662,21987194455347
21986333724662,21987635295273
21987724986619,21987635295273
21987724986619,21987973791341
21987724986619,21988197526050
21987724986619,21988433224957
21987724986619,21988653871913
21988776895269,21988653871913
21988776895269,21988994432258
21988776895269,21989134353114
21988776895269,21989360276266
21988776895269,21989662624479
21989665630128,21989662624479
21989665630128,21989950655292
21989665630128,21990139364706
21989665630128,21990317340759
21990319958342,21990317340759
21990319958342,21990514746830
21990319958342,21990689204760
21990319958342,21990868306956
21990319958342,21991034963373
21990319958342,21991667184266
21991669218590,21991667184266
21991669218590,21991873357628
21991669218590,21992243473318
21991669218590,21992448835084
21991669218590,21992634437134
21992643092034,21992634437134
21992643092034,21992847515210
21992643092034,21993055690286
21992643092034,21993237345688
21992643092034,21993449040145
21993589994065,21993449040145
21993589994065,21993888762158
21993589994065,21994056714622
21993589994065,21994207917654
21993589994065,21994442011225
21994568328393,21994442011225
21994568328393,21994761792088
21994568328393,21994951113849
21994568328393,21995183296199
21994568328393,21995655738545
21995658169960,21995655738545
21995658169960,21995855735710
21995658169960,21996059277686
21995658169960,21996232602731
21995658169960,21996554711987
21996571642119,21996554711987
21996571642119,21996806673640
21996571642119,21996966554573
21996571642119,21997214015302
21997216289779,21997214015302
21997216289779,21997430754559
21997216289779,21997598137342
21997216289779,21997729483030
21997216289779,21997974721991
21998018295037,21997974721991
21998018295037,21998296403290
21998018295037,21998532190446
21998018295037,21998753252129
21998018295037,21999016102218
21999018436908,21999016102218
21999018436908,21999202307347
21999018436908,21999405222359
21999018436908,21999630099250
21999018436908,21999795143595
21999018436908,22000305715865
22000308499658,22000305715865
22000308499658,22000533142552
22000308499658,22000700179608
22000308499658,22000923432788
22000926017561,22000923432788
22000926017561,22001123577129
22000926017561,22001280139671
22000926017561,22001468098013
22000926017561,22001667814011
22001669051144,22001667814011
22001669051144,22001911296543
22001669051144,22002141524663
22001669051144,22002288440269
22001669051144,22002448198216
22001669051144,22002892001659
22001669051144,22003179077773
22003022336187,22003179077773
22003022336187,22003530339243
22003022336187,22003701177573
22003703706777,22003701177573
22003703706777,22003915063098
22003703706777,22004093201844
22003703706777,22004233136097
22003703706777,22004396195408
22003703706777,22004766763042
22004811757010,22004766763042
22004811757010,22005021125894
22004811757010,22005180890993
22004811757010,22005449972664
22004811757010,22005674516360
22004811757010,22005905692406
22005702513686,22005905692406
22005702513686,22006097487384
22005702513686,22006359380517
22005702513686,22006647362773
22006671414838,22006647362773
22006671414838,22006873200038
22006671414838,22007182930901
22006671414838,22007360362577
22007365377963,22007360362577
22007365377963,22007529576049
22007365377963,22007676517289
22007365377963,22007883495049
22007365377963,22008049990800
22007365377963,22008764707705
22008920432222,22008764707705
22008920432222,22009159345735
22008920432222,22009340126708
22008920432222,22009476232632
22008920432222,22009914254047
22009918375950,22009914254047
22009918375950,22010155564881
22009918375950,22010327318130
22009918375950,22010506326509
22009918375950,22010807911487
22010814496440,22010807911487
22010814496440,22011059721628
22010814496440,22011214576887
22010814496440,22011351728754
22011353913915,22011351728754
22011353913915,22011620489152
22011353913915,22011785406983
22011353913915,22011950374356
22011353913915,22012067414005
22011353913915,22012505824038
22012610774627,22012505824038
22012610774627,22012768113607
22012610774627,22013016037609
22012610774627,22013152501651
22012610774627,22013723329139
22013765176416,22013723329139
22013765176416,22013985330660
22013765176416,22014210840501
22013765176416,22014385181853
22013765176416,22014640267812
22014727752096,22014640267812
22014727752096,22014901591129
22014727752096,22015107384380
22014727752096,22015296910721
22014727752096,22015675482529
22015701566278,22015675482529
22015701566278,22015903868338
22015701566278,22016145393982
22015701566278,22016340328391
22015701566278,22016733654933
22015701566278,22016917309829
22016738381183,22016917309829
22016738381183,22017116386573
22016738381183,22017275458963
22017277040593,22017275458963
22017277040593,22017538411244
22017277040593,22017706592964
22017277040593,22017853161885
22017277040593,22018173701759
22018176527496,22018173701759
22018176527496,22018459310048
22018176527496,22018664728294
22018176527496,22018832303434
22018176527496,22019064426285
22018176527496,22019563446637
22018176527496,22019755847869
22019565075515,22019755847869
22019565075515,22019954375856
22019565075515,22020122384912
22019565075515,22020478045742
22020479510894,22020478045742
22020479510894,22020738598200
22020479510894,22020871973775
22020479510894,22021050449941
22021056439249,22021050449941
22021056439249,22021238264673
22021056439249,22021364329353
22021056439249,22021623926399
22021056439249,22021816755299
22021056439249,22022258880256
22022286184882,22022258880256
22022286184882,22022442909512
22022286184882,22022675914303
22022286184882,22022894484996
22022897691696,22022894484996
22022897691696,22023161478815
22022897691696,22023302800114
22022897691696,22023443421196
22022897691696,22023826122440
22023828444128,22023826122440
22023828444128,22024070794892
22023828444128,22024308655320
22023828444128,22024485821483
22023828444128,22024803309522
22023828444128,22025169848947
22025258310635,22025169848947
22025258310635,22025473856189
22025258310635,22025685781737
22025258310635,22025919407125
22025258310635,22026196058571
22026197665682,22026196058571
22026197665682,22026365307735
22026197665682,22026603929051
22026197665682,22026851613275
22026197665682,22027037683859
22027090735955,22027037683859
22027090735955,22027339343643
22027090735955,22027527200969
22027090735955,22027692810986
22027694249656,22027692810986
22027694249656,22027838103434
22027694249656,22027991695150
22027694249656,22028266501300
22027694249656,22028544232807
22027694249656,22029022200161
22029031050761,22029022200161
22029031050761,22029249146662
22029031050761,22029414996141
22029451935486,22029414996141
22029451935486,22029682851324
22029451935486,22029850277668
22029451935486,22030053183848
22029451935486,22030204772859
22029451935486,22030336550168
22029451935486,22030862977817
22030870830579,22030862977817
22030870830579,22031107634349
22030870830579,22031280146908
22030870830579,22031518683518
22030870830579,22031811076037
22031818912771,22031811076037
22031818912771,22032099744743
22031818912771,22032302390801
22031818912771,22032489056946
22031818912771,22032690343949
22032706814227,22032690343949
22032706814227,22032886333740
22032706814227,22033101310488
22032706814227,22033277547567
22033280941026,22033277547567
22033280941026,22033737567248
22033280941026,22033898320903
22033280941026,22034058671515
22033280941026,22034418770959
22034633646121,22034418770959
22034633646121,22034790878477
22034633646121,22034931888168
22034633646121,22035117181703
22034633646121,22035314463924
22034633646121,22035799461353
22035804928225,22035799461353
22035804928225,22036029102352
22035804928225,22036195818945
22035804928225,22036396732052
22035804928225,22036700453325
22036721519241,22036700453325
22036721519241,22036919713820
22036721519241,22037111534423
22036721519241,22037284397413
22037286274489,22037284397413
22037286274489,22037523420479
22037286274489,22037643161313
22037286274489,22037796765217
22037286274489,22038039425066
22037286274489,22038404499787
22038481648127,22038404499787
22038481648127,22038694026062
22038481648127,22038936669563
22038481648127,22039093574623
22038481648127,22039431331446
22039455665854,22039431331446
22039455665854,22039707492814
22039455665854,22039917575169
22039455665854,22040139950307
22039455665854,22040405016034
22040446497796,22040405016034
22040446497796,22040643910147
22040446497796,22040882361225
22040446497796,22041117458260
22040446497796,22041292898048
22041460742593,22041292898048
22041460742593,22041689302501
22041460742593,22041854115337
22041460742593,22042033777990
22041460742593,22042309024544
22042417038235,22042309024544
22042417038235,22042663034618
22042417038235,22042942410941
22042417038235,22043125513842
22043127067057,22043125513842
22043127067057,22043310470835
22043127067057,22043469197968
22043127067057,22043632469131
22043127067057,22043801290690
22043127067057,22044298208013
22044300744311,22044298208013
22044300744311,22044545688958
22044300744311,22044716512292
22044300744311,22044871664542
22044300744311,22045142511488
22045202370522,22045142511488
22045202370522,22045475890419
22045202370522,22045618056579
22045202370522,22045771692804
22045772845771,22045771692804
22045772845771,22045970949614
22045772845771,22046178196057
22045772845771,22046365656366
22045772845771,22046652631992
22045772845771,22047049387320
22047052553626,22047049387320
22047052553626,22047253919257
22047052553626,22047497122215
22047052553626,22047627807310
22047052553626,22047958632060
22048046065634,22047958632060
22048046065634,22048244961813
22048046065634,22048458462114
22048046065634,22048674198485
22048676532639,22048674198485
22048676532639,22048898926529
22048676532639,22049049596281
22048676532639,22049361291433
22048676532639,22049531896125
22049534972799,22049531896125
22049534972799,22049698031672
22049534972799,22049875472337
22049534972799,22050113357956
22049534972799,22050354032630
22050356308161,22050354032630
22050356308161,22050608342397
22050356308161,22050763302292
22050356308161,22050927924411
22050356308161,22051523107975
22050356308161,22051943836994
22051945982855,22051943836994
22051945982855,22052139551976
22051945982855,22052302671602
22051945982855,22052473399300
22051945982855,22052812785208
22052814459339,22052812785208
22052814459339,22053065549187
22052814459339,22053283601835
22052814459339,22053413563973
22052814459339,22053719464853
22053790695597,22053719464853
22053790695597,22054031596319
22053790695597,22054216617752
22053790695597,22054418204463
22054423909472,22054418204463
22054423909472,22054642608789
22054423909472,22054804815114
22054423909472,22054987373316
22054423909472,22055298043727
22055301074129,22055298043727
22055301074129,22055537774372
22055301074129,22055758055429
22055301074129,22055932404003
22055301074129,22056199181592
22055301074129,22056545875965
22056546994738,22056545875965
22056546994738,22056792139475
22056546994738,22057071406999
22056546994738,22057240143309
22056546994738,22057637551885
22057639380730,22057637551885
22057639380730,22057823216150
22057639380730,22058041100650
22057639380730,22058276375242
22058279127446,22058276375242
22058279127446,22058515164922
22058279127446,22058726583171
22058279127446,22058923919001
22058279127446,22059135446266
22058279127446,22059398752155
22059404642727,22059398752155
22059404642727,22059648643200
22059404642727,22059787673998
22059404642727,22060051911928
22059404642727,22060389637797
22060391749603,22060389637797
22060391749603,22060632384437
22060391749603,22060772393124
22060391749603,22060946242258
22060391749603,22061192325621
22061196159378,22061192325621
22061196159378,22061426250082
22061196159378,22061581424913
22061196159378,22061708002109
22061196159378,22061836225558
22061196159378,22061961130479
