21571916327112,21572725826002
21571916327112,21573101019544
21573167363503,21573101019544
21573167363503,21573411022289
21573167363503,21573578338848
21573167363503,21573724138416
21573167363503,21574107613406
21573167363503,21574458140885
21574200215507,21574458140885
21574200215507,21574653573068
21574200215507,21574816759790
21574200215507,21575115655127
21574200215507,21575346000431
21575166594873,21575346000431
21575166594873,21575527812119
21575166594873,21575765849143
21575166594873,21575975932256
21575769114225,21575975932256
21575769114225,21576120029785
21575769114225,21576296264059
21575769114225,21576577795535
21575769114225,21577041323750
21577044147993,21577041323750
21577044147993,21577276956029
21577044147993,21577458032914
21577044147993,21577607653448
21577609683554,21577607653448
21577609683554,21577857249562
21577609683554,21578006726599
21577609683554,21578203220594
21577609683554,21578455892965
21577609683554,21578912229654
21578914216071,21578912229654
21578914216071,21579139988941
21578914216071,21579269701394
21578914216071,21579482147723
21579485299655,21579482147723
21579485299655,21579710298942
21579485299655,21579858183495
21579485299655,21580077189034
21579485299655,21580343667331
21579485299655,21580775259147
21579485299655,21581004956771
21580813790166,21581004956771
21580813790166,21581184632220
21580813790166,21581393941228
21580813790166,21581712963046
21581777716040,21581712963046
21581777716040,21582043102850
21581777716040,21582224295849
21581777716040,21582389091184
21581777716040,21582742788987
21582780307626,21582742788987
21582780307626,21583019322276
21582780307626,21583216901616
21582780307626,21583416647145
21582780307626,21583687585069
21583772213728,21583687585069
21583772213728,21584022319073
21583772213728,21584192922824
21583772213728,21584365701293
21584367161431,21584365701293
21584367161431,21584542706481
21584367161431,21584825031008
21584367161431,21585034645228
21584367161431,21585237241456
21585547533203,21585237241456
21585547533203,21585783179853
21585547533203,21585916770275
21585547533203,21586353218803
21585547533203,21586822221360
21585547533203,21587323724539
21587325888068,21587323724539
21587325888068,21587533391861
21587325888068,21587691809078
21587325888068,21587829987092
21587325888068,21588157569631
21588224094562,21588157569631
21588224094562,21588431401735
21588224094562,21588585731003
21588224094562,21588815210194
21588224094562,21589056467130
21588224094562,21589405144754
21589247397768,21589405144754
21589247397768,21589564725915
21589247397768,21589714061378
21589247397768,21590014699398
21590020012375,21590014699398
21590020012375,21590211478181
21590020012375,21590340943024
21590020012375,21590528663051
21590020012375,21590891016988
21590893480496,21590891016988
21590893480496,21591107369721
21590893480496,21591307208601
21590893480496,21591457431012
21590893480496,21591701469029
21591833158810,21591701469029
21591833158810,21592032204824
21591833158810,21592192231554
21591833158810,21592333022897
21592334826862,21592333022897
21592334826862,21592504349455
21592334826862,21592726760460
21592334826862,21592873179519
21592334826862,21593227047910
21592334826862,21593658667851
21592334826862,21593855286219
21593661080685,21593855286219
21593661080685,21594043546276
21593661080685,21594226854411
21593661080685,21594530200150
21594531546991,21594530200150
21594531546991,21594771288765
21594531546991,21594910042220
21594531546991,21595108659237
21594531546991,21595424831879
21595426952295,21595424831879
21595426952295,21595711131849
21595426952295,21595880052127
21595426952295,21596071447346
21596073214175,21596071447346
21596073214175,21596300046973
21596073214175,21596458905481
21596073214175,21596614476659
21596073214175,21596843220012
21596073214175,21597357879632
21597360014553,21597357879632
21597360014553,21597573633986
21597360014553,21597721684552
21597360014553,21597874648356
21597360014553,21598065759130
21598162981661,21598065759130
21598162981661,21598383248771
21598162981661,21598598184716
21598162981661,21598705183103
21598162981661,21599126263266
21599130710228,21599126263266
21599130710228,21599280871379
21599130710228,21599493591611
21599130710228,21599700281788
21599130710228,21600136030938
21600141023206,21600136030938
21600141023206,21600403117537
21600141023206,21600580296491
21600141023206,21600741246294
21600141023206,21600990614763
21601083942894,21600990614763
21601083942894,21601315114041
21601083942894,21601469679470
21601083942894,21601675698340
21601083942894,21601918401572
21601993768447,21601918401572
21601993768447,21602252536918
21601993768447,21602412578426
21601993768447,21602590312233
21601993768447,21602850870789
21602909201160,21602850870789
21602909201160,21603144144917
21602909201160,21603364485219
21602909201160,21603542137488
21603545014760,21603542137488
21603545014760,21603763743066
21603545014760,21603882901963
21603545014760,21604039377890
21603545014760,21604299535635
21603545014760,21604699099965
21604702107796,21604699099965
21604702107796,21604919930522
21604702107796,21605086269453
21604702107796,21605220584952
21604702107796,21605435139040
21605553615523,21605435139040
21605553615523,21605829749183
21605553615523,21606029245505
21606031731729,21606029245505
21606031731729,21606223240368
21606031731729,21606379066590
21606031731729,21606558348564
21606031731729,21606700086170
21606031731729,21606849745190
21606031731729,21607302622360
21607303975018,21607302622360
21607303975018,21607548395935
21607303975018,21607718420656
21607303975018,21607911495522
21607303975018,21608173560119
21608245687587,21608173560119
21608245687587,21608417121834
21608245687587,21608624226650
21608245687587,21608792917771
21608245687587,21609120995433
21609237617625,21609120995433
21609237617625,21609427935006
21609237617625,21609635429270
21609237617625,21609872608258
21609237617625,21610135731470
21610151336319,21610135731470
21610151336319,21610394149277
21610151336319,21610578754727
21610151336319,21610739033662
21610741196076,21610739033662
21610741196076,21610945435723
21610741196076,21611117260256
21610741196076,21611323379936
21610741196076,21611509076067
21610741196076,21611967210548
21611984806523,21611967210548
21611984806523,21612149021073
21611984806523,21612453714884
21611984806523,21612604628847
21612606529346,21612604628847
21612606529346,21612891885272
21612606529346,21613035882684
21612606529346,21613208180172
21612606529346,21613352133725
21612606529346,21613668516547
21613830732084,21613668516547
21613830732084,21614043471643
21613830732084,21614216951708
21613830732084,21614374263344
21614376876563,21614374263344
21614376876563,21614595393031
21614376876563,21614782882885
21614376876563,21614970837252
21614376876563,21615173586115
21615235842865,21615173586115
21615235842865,21615467267705
21615235842865,21615682753739
21615235842865,21615903608303
21615235842865,21616173923720
21615235842865,21616597806582
21616599554861,21616597806582
21616599554861,21616796849703
21616599554861,21616987090855
21616599554861,21617204817692
21617206185471,21617204817692
21617206185471,21617347311839
21617206185471,21617526507148
21617206185471,21617710139891
21618140473983,21617710139891
21618140473983,21618352482518
21618140473983,21618550188965
21618140473983,21618721842058
21618140473983,21618836896247
21618140473983,21619001448323
21618140473983,21619335953713
21619410806803,21619335953713
21619410806803,21619657191255
21619410806803,21619827286969
21619410806803,21619992239354
21619410806803,21620333383450
21620399224012,21620333383450
21620399224012,21620623902902
21620399224012,21620763359124
21620399224012,21621016397978
21620399224012,21621293161196
21621295996877,21621293161196
21621295996877,21621569063923
21621295996877,21621696182573
21621295996877,21621834291908
21621836341030,21621834291908
21621836341030,21622034280012
21621836341030,21622177288465
21621836341030,21622378089362
21621836341030,21622700424105
21621836341030,21623166180908
21623190630566,21623166180908
21623190630566,21623466335244
21623190630566,21623589222063
21623190630566,21623758177473
21623190630566,21624092927875
21624192451908,21624092927875
21624192451908,21624462229763
21624192451908,21624628457767
21624192451908,21624797506124
21624192451908,21625085902353
21625182440650,21625085902353
21625182440650,21625437961652
21625182440650,21625611332867
21625182440650,21625793151816
21625182440650,21626111738332
21626113824227,21626111738332
21626113824227,21626334932861
21626113824227,21626524091219
21626113824227,21626705371237
21626707531809,21626705371237
21626707531809,21626897688551
21626707531809,21627400324374
21626707531809,21627544062022
21626707531809,21627715423421
21626707531809,21628177990612
21628179875218,21628177990612
21628179875218,21628452900338
21628179875218,21628644553383
21628179875218,21628769703530
21628771569821,21628769703530
21628771569821,21628955086569
21628771569821,21629136864818
21628771569821,21629270200277
21628771569821,21629549113656
21628771569821,21629961081684
21629964684666,21629961081684
21629964684666,21630188785228
21629964684666,21630411189705
21629964684666,21630586151147
21629964684666,21630800597489
21630825106757,21630800597489
21630825106757,21631009156353
21630825106757,21631274264286
21630825106757,21631404077022
21630825106757,21631811465444
21631831259693,21631811465444
21631831259693,21632010891723
21631831259693,21632319835301
21631831259693,21632494441441
21632496884214,21632494441441
21632496884214,21632713103429
21632496884214,21632859281935
21632496884214,21633020026526
21632496884214,21633345780243
21633348385951,21633345780243
21633348385951,21633600246610
21633348385951,21633751269994
21633348385951,21633914342978
21633348385951,21634060593077
21633348385951,21634491163805
21634584828643,21634491163805
21634584828643,21634846792847
21634584828643,21635016200342
21634584828643,21635250278975
21634584828643,21635521459971
21635570598628,21635521459971
21635570598628,21635857649992
21635570598628,21636012223450
21635570598628,21636182819085
21636184310668,21636182819085
21636184310668,21636383242556
21636184310668,21636526616806
21636184310668,21636685745276
21636184310668,21636873049722
21636184310668,21637410600849
21637413000281,21637410600849
21637413000281,21637645635271
21637413000281,21637882339981
21637413000281,21638020871354
21637413000281,21638404079452
21638505069270,21638404079452
21638505069270,21638743242237
21638505069270,21638871484598
21638505069270,21639013250380
21639044175678,21639013250380
21639044175678,21639261678375
21639044175678,21639389771359
21639044175678,21639596553149
21639044175678,21639907755881
21639959970926,21639907755881
21639959970926,21640199111836
21639959970926,21640418092723
21639959970926,21640646434720
21639959970926,21640800123125
21640885105753,21640800123125
21640885105753,21641077081596
21640885105753,21641329279337
21640885105753,21641503926346
21640885105753,21641695662478
21640885105753,21642330066486
21642332919083,21642330066486
21642332919083,21642561795130
21642332919083,21642757710884
21642332919083,21642921258130
21642925245316,21642921258130
21642925245316,21643127784107
21642925245316,21643277373972
21642925245316,21643454340671
21642925245316,21643623602750
21642925245316,21644127343766
21644178752574,21644127343766
21644178752574,21644452846690
21644178752574,21644652865073
21644178752574,21644792023748
21644794136004,21644792023748
21644794136004,21644981316021
21644794136004,21645180473757
21644794136004,21645380290133
21644794136004,21645524079994
21644794136004,21646336959092
21646343632379,21646336959092
21646343632379,21646573594843
21646343632379,21646711488729
21646343632379,21646966806039
21646968647749,21646966806039
21646968647749,21647268917016
21646968647749,21647443478826
21646968647749,21647567376076
21646968647749,21647739079429
21646968647749,21648130651976
21648208800192,21648130651976
21648208800192,21648453329012
21648208800192,21648690294010
21648208800192,21648826693431
21648828066258,21648826693431
21648828066258,21649033095938
21648828066258,21649210220612
21648828066258,21649393303051
21648828066258,21649650850266
21648828066258,21650123868200
21650126198257,21650123868200
21650126198257,21650356392141
21650126198257,21650555509050
21650126198257,21650704625820
21650126198257,21651017300900
21651123403951,21651017300900
21651123403951,21651436766795
21651123403951,21651699228825
21651123403951,21651854241613
21651123403951,21652179302273
21652181569165,21652179302273
21652181569165,21652363315207
21652181569165,21652506682921
21652181569165,21652729106540
21652181569165,21652955285842
21653039736320,21652955285842
21653039736320,21653280022853
21653039736320,21653448342075
21653039736320,21653699726076
21653039736320,21653851215888
21653853691937,21653851215888
21653853691937,21654029191729
21653853691937,21654171355427
21653853691937,21654388117976
21653853691937,21654858308777
21654876085253,21654858308777
21654876085253,21655059423558
21654876085253,21655236345850
21654876085253,21655411541355
21655412780959,21655411541355
21655412780959,21655589911151
21655412780959,21655757894948
21655412780959,21655942610788
21655412780959,21656166578080
21655412780959,21656626816067
21656663466082,21656626816067
21656663466082,21656894164038
21656663466082,21657044320011
21656663466082,21657260515666
21657262961521,21657260515666
21657262961521,21657515385976
21657262961521,21657678354070
21657262961521,21657856290534
21657262961521,21658107518727
21657262961521,21658532446841
21658547348282,21658532446841
21658547348282,21658812101439
21658547348282,21659010647851
21658547348282,21659217705401
21658547348282,21659492272584
21659575478850,21659492272584
21659575478850,21659814234198
21659575478850,21660015349791
21659575478850,21660224188752
21659575478850,21660473199153
21660497822653,21660473199153
21660497822653,21660702766001
21660497822653,21660925306538
21660497822653,21661120702066
21661123537352,21661120702066
21661123537352,21661346365969
21661123537352,21661508225882
21661123537352,21661674900440
21661123537352,21661818517185
21661123537352,21662326287763
21662328979146,21662326287763
21662328979146,21662506027337
21662328979146,21662649303328
21662328979146,21662803972937
21662328979146,21663122433665
21663199994740,21663122433665
21663199994740,21663442715356
21663199994740,21663681153755
21663199994740,21663887287552
21663199994740,21664194138238
21664195999899,21664194138238
21664195999899,21664448846014
21664195999899,21664607422595
21664195999899,21664769825763
21664195999899,21665040112280
21665074404741,21665040112280
21665074404741,21665278598521
21665074404741,21665459071042
21665074404741,21665556273632
21665557667331,21665556273632
21665557667331,21665742847507
21665557667331,21665931812130
21665557667331,21666201358495
21665557667331,21666480052945
21665557667331,21666958372216
21666961112949,21666958372216
21666961112949,21667176356722
21666961112949,21667325496877
21666961112949,21667646177484
21666961112949,21667890018602
21667891888175,21667890018602
21667891888175,21668123282815
21667891888175,21668256809698
21667891888175,21668522877931
21668523832469,21668522877931
21668523832469,21668739084531
21668523832469,21668877972275
21668523832469,21669053733850
21668523832469,21669306066394
21668523832469,21669651984640
21669762074013,21669651984640
21669762074013,21669992534154
21669762074013,21670168496904
21669762074013,21670424371075
21669762074013,21670685121025
21670778221707,21670685121025
21670778221707,21671005760750
21670778221707,21671186468788
21670778221707,21671359466029
21670778221707,21671802177040
21671803939581,21671802177040
21671803939581,21671981572033
21671803939581,21672192297409
21671803939581,21672356495104
21672360021990,21672356495104
21672360021990,21672585051776
21672360021990,21672758403281
21672360021990,21672938935079
21672360021990,21673211869571
21672360021990,21673686865389
21673695298711,21673686865389
21673695298711,21673899935731
21673695298711,21674169044296
21673695298711,21674351525520
21673695298711,21674513878515
21674517597733,21674513878515
21674517597733,21674697299031
21674517597733,21674877178911
21674517597733,21675150314210
21675152332848,21675150314210
21675152332848,21675389362274
21675152332848,21675588417382
21675152332848,21675803273696
21675152332848,21675966929361
21675152332848,21676318891475
21676385189399,21676318891475
21676385189399,21676572075157
21676385189399,21676790338482
21676385189399,21676957597340
21676385189399,21677308508744
21677328423522,21677308508744
21677328423522,21677559179015
21677328423522,21677717406430
21677328423522,21677917917003
21677921020921,21677917917003
21677921020921,21678082244581
21677921020921,21678238826730
21677921020921,21678437019405
21677921020921,21678734140202
21677921020921,21679258473221
21679264557813,21679258473221
21679264557813,21679489314972
21679264557813,21679638024275
21679264557813,21679776882304
21679779243855,21679776882304
21679779243855,21679959333158
21679779243855,21680100383529
21679779243855,21680281702220
21679779243855,21680652187977
21679779243855,21681407553960
21681421693084,21681407553960
21681421693084,21681685227259
21681421693084,21681864800385
21681890333639,21681864800385
21681890333639,21682118352538
21681890333639,21682273834666
21681890333639,21682433162847
21681890333639,21682606314288
21681890333639,21682751255737
21681890333639,21683132881616
21683219080469,21683132881616
21683219080469,21683458611008
21683219080469,21683710564161
21683219080469,21683839584298
21683219080469,21684089390901
21684091465036,21684089390901
21684091465036,21684393948043
21684091465036,21684581730830
21684091465036,21684750853655
21684753987652,21684750853655
21684753987652,21684961954491
21684753987652,21685108385692
21684753987652,21685239775239
21684753987652,21685493233031
21685494590572,21685493233031
21685494590572,21685710402872
21685494590572,21685969145321
21685494590572,21686160277354
21685494590572,21686406160265
21685494590572,21686800215444
21686896421212,21686800215444
21686896421212,21687177441982
21686896421212,21687380378282
21686896421212,21687527087440
21687529442596,21687527087440
21687529442596,21687747991267
21687529442596,21687885335822
21687529442596,21688025343614
21687529442596,21688310945653
21687529442596,21688814063052
21688837916003,21688814063052
21688837916003,21689085508662
21688837916003,21689244984661
21688837916003,21689392148356
21688837916003,21689632638643
21689757077467,21689632638643
21689757077467,21689996270985
21689757077467,21690246697721
21689757077467,21690417870205
21690421524838,21690417870205
21690421524838,21690609558568
21690421524838,21690735841123
21690421524838,21690909644043
21690421524838,21691131953412
21690421524838,21691581080673
21691659243743,21691581080673
21691659243743,21691917156105
21691659243743,21692154450876
21691659243743,21692386337220
21691659243743,21692567864807
21691659243743,21692724297542
21692570205349,21692724297542
21692570205349,21692890822633
21692570205349,21693015360710
21692570205349,21693438437507
21693477568215,21693438437507
21693477568215,21693730623611
21693477568215,21693878545601
21693477568215,21694049722544
21693477568215,21694367056265
21694369214938,21694367056265
21694369214938,21694636839730
21694369214938,21694780295754
21694369214938,21694956928555
21694369214938,21695255365546
21695332988637,21695255365546
21695332988637,21695594236196
21695332988637,21695794746222
21695332988637,21695953126673
21695332988637,21696173774638
21696403703421,21696173774638
21696403703421,21696631787259
21696403703421,21696843879391
21696403703421,21697040272139
21696403703421,21697331569863
21697333650852,21697331569863
21697333650852,21697525220016
21697333650852,21697706305228
21697333650852,21697885185289
21697333650852,21698167858825
21698204124423,21698167858825
21698204124423,21698425235390
21698204124423,21698630154935
21698204124423,21698798391478
21698801630672,21698798391478
21698801630672,21699023573320
21698801630672,21699230167311
21698801630672,21699403317585
21698801630672,21699573496574
21698801630672,21699997078536
21700369037429,21699997078536
21700369037429,21700645361620
21700369037429,21700813782023
21700369037429,21701013327862
21700369037429,21701261531925
21701342199836,21701261531925
21701342199836,21701588443456
21701342199836,21701742088468
21701342199836,21701871205226
21701342199836,21702314138845
21702315475883,21702314138845
21702315475883,21702583987319
21702315475883,21702726559739
21702315475883,21702894765394
21702315475883,21703232762537
21703234109265,21703232762537
21703234109265,21703484542319
21703234109265,21703614158716
21703234109265,21703884737884
21703886941594,21703884737884
21703886941594,21704118919303
21703886941594,21704269373204
21703886941594,21704424452039
21703886941594,21704597512237
21703886941594,21705118330400
21705120649298,21705118330400
21705120649298,21705312815404
21705120649298,21705461315234
21705120649298,21705604174004
21705120649298,21706160561577
21706163339298,21706160561577
21706163339298,21706363711549
21706163339298,21706626095718
21706163339298,21706773672982
21706163339298,21706956224442
21706958329633,21706956224442
21706958329633,21707123564508
21706958329633,21707280296284
21706958329633,21707441054947
21707447265793,21707441054947
21707447265793,21707645465839
21707447265793,21707815781407
21707447265793,21707990597450
21707447265793,21708177209348
21707447265793,21708496607050
21708642890391,21708496607050
21708642890391,21708894054035
21708642890391,21709166450916
21708642890391,21709358407415
21708642890391,21709700392750
21709702718494,21709700392750
21709702718494,21709931208254
21709702718494,21710080942819
21709702718494,21710247228083
21710249025946,21710247228083
21710249025946,21710434651783
21710249025946,21710547332250
21710249025946,21710697101002
21710249025946,21710871770071
21710249025946,21711363649270
21711382541607,21711363649270
21711382541607,21711584757825
21711382541607,21711746570705
21711382541607,21711934970599
21711936474834,21711934970599
21711936474834,21712124078595
21711936474834,21712349572961
21711936474834,21712518198536
21711936474834,21712664332886
21712779919012,21712664332886
21712779919012,21712977295858
21712779919012,21713167365356
21712779919012,21713353812042
21712779919012,21713675122278
21712779919012,21714093484587
21714097136248,21714093484587
21714097136248,21714256181262
21714097136248,21714445150744
21714097136248,21714614250759
21714097136248,21714987977467
21715128042413,21714987977467
21715128042413,21715326557689
21715128042413,21715614374386
21715128042413,21715804740276
21715128042413,21716026730799
21716082790475,21716026730799
21716082790475,21716342856431
21716082790475,21716515535791
21716082790475,21716711386918
21716082790475,21716911130679
21716934644309,21716911130679
21716934644309,21717156848132
21716934644309,21717354212472
21716934644309,21717544200953
21717546738689,21717544200953
21717546738689,21717822405069
21717546738689,21717958629196
21717546738689,21718113881903
21717546738689,21718309515767
21717546738689,21718849982367
21718874136365,21718849982367
21718874136365,21719125128132
21718874136365,21719265453387
21718874136365,21719402714870
21719406157307,21719402714870
21719406157307,21719666125388
21719406157307,21719822938476
21719406157307,21720069297633
21719406157307,21720329139251
21720373648090,21720329139251
21720373648090,21720632352982
21720373648090,21720762261278
21720373648090,21720951428609
21720373648090,21721184548408
21720373648090,21721708863794
21721777061019,21721708863794
21721777061019,21722042876426
21721777061019,21722561206353
21721777061019,21722762410912
21721777061019,21722939557059
21723073803290,21722939557059
21723073803290,21723287947766
21723073803290,21723774354872
21723073803290,21723967015928
21723073803290,21724317430123
21724321088531,21724317430123
21724321088531,21724550702920
21724321088531,21724695212476
21724321088531,21724898808603
21724321088531,21725165352573
21725235540584,21725165352573
21725235540584,21725493828447
21725235540584,21725685328289
21725235540584,21725856344546
21725235540584,21726094951686
21726167487077,21726094951686
21726167487077,21726413168503
21726167487077,21726631754950
21726167487077,21726847299559
21726852369654,21726847299559
21726852369654,21727047597835
21726852369654,21727199496716
21726852369654,21727414334551
21726852369654,21727641280019
21727670085226,21727641280019
21727670085226,21727911944417
21727670085226,21728103448044
21727670085226,21728269284473
21727670085226,21728555861247
21727670085226,21728951602179
21729059645598,21728951602179
21729059645598,21729283092786
21729059645598,21729457112362
21729059645598,21729637606358
21729059645598,21729975192569
21730011318100,21729975192569
21730011318100,21730213572047
21730011318100,21730456584861
21730011318100,21730611956026
21730011318100,21730976542862
21730978238623,21730976542862
21730978238623,21731220481336
21730978238623,21731435108944
21730978238623,21731623523686
21730978238623,21731864927889
21731870090843,21731864927889
21731870090843,21732138742722
21731870090843,21732281550389
21731870090843,21732471320312
21731870090843,21732641526997
21732737609447,21732641526997
21732737609447,21732944360580
21732737609447,21733186444181
21732737609447,21733385123206
21732737609447,21733666381010
21733743779755,21733666381010
21733743779755,21733959683042
21733743779755,21734138907131
21733743779755,21734314195302
21733743779755,21734685774818
21734688897068,21734685774818
21734688897068,21734932967663
21734688897068,21735091625217
21734688897068,21735250416142
21734688897068,21735564353068
21735622706456,21735564353068
21735622706456,21735856401156
21735622706456,21736021372909
21735622706456,21736199290278
21735622706456,21736551001097
21736618106165,21736551001097
21736618106165,21736912515850
21736618106165,21737082641468
21736618106165,21737267651346
21736618106165,21737520341780
21737522254803,21737520341780
21737522254803,21737765545300
21737522254803,21737919419138
21737522254803,21738091311136
21737522254803,21738492221249
21738493390928,21738492221249
21738493390928,21738758278425
21738493390928,21738942198484
21738493390928,21739089386885
21739091795979,21739089386885
21739091795979,21739232467297
21739091795979,21739407433054
21739091795979,21739547022292
21739091795979,21739914879689
21739916830533,21739914879689
21739916830533,21740218650578
21739916830533,21740374578648
21739916830533,21740502527720
21739916830533,21740804602844
21740809952675,21740804602844
21740809952675,21741090625496
21740809952675,21741271324950
21740809952675,21741464332819
21740809952675,21741689630602
21740809952675,21742092566912
21742194488329,21742092566912
21742194488329,21742396232119
21742194488329,21742669626067
21742194488329,21742878655201
21742194488329,21743079199096
21743135978079,21743079199096
21743135978079,21743376202464
21743135978079,21743497516580
21743135978079,21743657151166
21743135978079,21744112502750
21744115022565,21744112502750
21744115022565,21744317454845
21744115022565,21744477691770
21744115022565,21744651056520
21744115022565,21744959824467
21744970131057,21744959824467
21744970131057,21745177094876
21744970131057,21745325405343
21744970131057,21745541080253
21744970131057,21745895551656
21745916418608,21745895551656
21745916418608,21746089648984
21745916418608,21746326223330
21745916418608,21746449741571
21745916418608,21746829475277
21746920647815,21746829475277
21746920647815,21747141649065
21746920647815,21747374409931
21746920647815,21747519536317
21747521062460,21747519536317
21747521062460,21747742686221
21747521062460,21747932853626
21747521062460,21748097934117
21747521062460,21748352526489
21748381586108,21748352526489
21748381586108,21748692410843
21748381586108,21748872990659
21748381586108,21749038499379
21748381586108,21749460358054
21748381586108,21749707313954
21749805359012,21749707313954
21749805359012,21750036250483
21749805359012,21750199441526
21749805359012,21750415914231
21749805359012,21750676285073
21750816570240,21750676285073
21750816570240,21751037315523
21750816570240,21751162322029
21750816570240,21751318520319
21750816570240,21751793163160
21751795788513,21751793163160
21751795788513,21752000339012
21751795788513,21752139888201
21751795788513,21752391351608
21751795788513,21752641481722
21752642841749,21752641481722
21752642841749,21752890866476
21752642841749,21753084308106
21752642841749,21753154394552
21753264073813,21753154394552
21753264073813,21753464271238
21753264073813,21753737294853
21753264073813,21753924882821
21753264073813,21754113316202
21753264073813,21754619613923
21754626364069,21754619613923
21754626364069,21754876983347
21754626364069,21755005330445
21754626364069,21755226740005
21754626364069,21755443805505
21755632304192,21755443805505
21755632304192,21755862932201
21755632304192,21756009995974
21755632304192,21756141951209
21756144471902,21756141951209
21756144471902,21756390826502
21756144471902,21756613227566
21756144471902,21756836453563
21756144471902,21757014133678
21756144471902,21757388376217
21757391074148,21757388376217
21757391074148,21757555622318
21757391074148,21757803722024
21757391074148,21757969607365
21757391074148,21758146233308
21758285955400,21758146233308
21758285955400,21758508180771
21758285955400,21758659421423
21758285955400,21758886895702
21758285955400,21759164101464
21759227420874,21759164101464
21759227420874,21759529112480
21759227420874,21759694677076
21759227420874,21759847741760
21759849285054,21759847741760
21759849285054,21760112224550
21759849285054,21760280650401
21759849285054,21760465321591
21759849285054,21760677173028
21760719881247,21760677173028
21760719881247,21760928387541
21760719881247,21761213922009
21760719881247,21761341375955
21760719881247,21761606972361
21760719881247,21761993285528
21762014632258,21761993285528
21762014632258,21762213686468
21762014632258,21762390273128
21762014632258,21762562767400
21762565808754,21762562767400
21762565808754,21762789416519
21762565808754,21762926422956
21762565808754,21763129293187
21762565808754,21763417178468
21762565808754,21763808567490
21763820965836,21763808567490
21763820965836,21764070860789
21763820965836,21764229170507
21763820965836,21764389374933
21763820965836,21764865707306
21765020136171,21764865707306
21765020136171,21765293325036
21765020136171,21765498852847
21765020136171,21765626358589
21765020136171,21765776559889
21765777928486,21765776559889
21765777928486,21765993051974
21765777928486,21766131055136
21765777928486,21766348750400
21765777928486,21766759941700
21766761303599,21766759941700
21766761303599,21766937167611
21766761303599,21767084995724
21766761303599,21767251705575
21767264643149,21767251705575
21767264643149,21767446636050
21767264643149,21767621210482
21767264643149,21767783385034
21767264643149,21768036366110
21767264643149,21768360605240
21768493407863,21768360605240
21768493407863,21768676367178
21768493407863,21768858436892
21768493407863,21769009543618
21768493407863,21769385343525
21769432550690,21769385343525
21769432550690,21769663168774
21769432550690,21769876396929
21769432550690,21770044355166
21769432550690,21770384569948
21770386737049,21770384569948
21770386737049,21770595082739
21770386737049,21770819233073
21770386737049,21771003030404
21771004103216,21771003030404
21771004103216,21771182389757
21771004103216,21771355671809
21771004103216,21771518312422
21771004103216,21771682803141
21771004103216,21772105784654
21772107116960,21772105784654
21772107116960,21772346422624
21772107116960,21772501830001
21772107116960,21772733024130
21772107116960,21772972866492
21773073850896,21772972866492
21773073850896,21773328899987
21773073850896,21773560106787
21773073850896,21773705892573
21773708597140,21773705892573
21773708597140,21773924097419
21773708597140,21774074133005
21773708597140,21774268875818
21773708597140,21774489157545
21774491298719,21774489157545
21774491298719,21774733180072
21774491298719,21774931294591
21774491298719,21775066195251
21774491298719,21775312510619
21775436542841,21775312510619
21775436542841,21775688352534
21775436542841,21775945968958
21775436542841,21776471113828
21775436542841,21776645353348
21775436542841,21777028285180
21777249400744,21777028285180
21777249400744,21777448043329
21777249400744,21777600105395
21777249400744,21777757486588
21777601689944,21777757486588
21777601689944,21777911420766
21777601689944,21778053982323
21777601689944,21778220365229
21777601689944,21778463144535
21777601689944,21778965250209
21778970973010,21778965250209
21778970973010,21779176461530
21778970973010,21779439604103
21778970973010,21779625279960
21778970973010,21779890873721
21779935818127,21779890873721
21779935818127,21780171500564
21779935818127,21780400145670
21779935818127,21780596049162
21779935818127,21780873222087
21780884017282,21780873222087
21780884017282,21781088248203
21780884017282,21781261467101
21780884017282,21781525816242
21780884017282,21781771542360
21781850379054,21781771542360
21781850379054,21782104943873
21781850379054,21782294812314
21781850379054,21782531358583
21782533890122,21782531358583
21782533890122,21782841979255
21782533890122,21783013194664
21782533890122,21783188175010
21782533890122,21783319432928
21782533890122,21783808153151
21783810496229,21783808153151
21783810496229,21784029607308
21783810496229,21784182462442
21783810496229,21784327115441
21784328595804,21784327115441
21784328595804,21784501699118
21784328595804,21784737176092
21784328595804,21784915665481
21784328595804,21785253814629
21785255435885,21785253814629
21785255435885,21785458301130
21785255435885,21785655740267
21785255435885,21785829340716
21785255435885,21786029789546
21785255435885,21786540064264
21786578474011,21786540064264
21786578474011,21786766240921
21786578474011,21786981248917
21786578474011,21787208454231
21786578474011,21787451549101
21787512565858,21787451549101
21787512565858,21787773550944
21787512565858,21787919317487
21787512565858,21788063901889
21787512565858,21788502632700
21788546993942,21788502632700
21788546993942,21788837476053
21788546993942,21789019048269
21788546993942,21789211481222
21788546993942,21789489376390
21789491426423,21789489376390
21789491426423,21789713689148
21789491426423,21789895114201
21789491426423,21790081857188
21789491426423,21790324531926
21790365658588,21790324531926
21790365658588,21790604599618
21790365658588,21790768169435
21790365658588,21790894699497
21790365658588,21791282495396
21791361515427,21791282495396
21791361515427,21791620512018
21791361515427,21791810624820
21791817165367,21791810624820
21791817165367,21792022102184
21791817165367,21792175274352
21791817165367,21792357144718
21791817165367,21792567345937
21791817165367,21792705306856
21791817165367,21793134659973
21793309056910,21793134659973
21793309056910,21793490720318
21793309056910,21793635046735
21793309056910,21793796425794
21793797821930,21793796425794
21793797821930,21793989670484
21793797821930,21794175035604
21793797821930,21794344250728
21793797821930,21794513387354
21793797821930,21795010213240
21795012020762,21795010213240
21795012020762,21795251375252
21795012020762,21795514044708
21795012020762,21795713232655
21795012020762,21795910731789
21795912759954,21795910731789
21795912759954,21796130363186
21795912759954,21796289416790
21795912759954,21796454919059
21795912759954,21796904420022
21795912759954,21797102147505
21796906632390,21797102147505
21796906632390,21797378713171
21796906632390,21797514752365
21796906632390,21797778842528
21796906632390,21797999906058
21797798111700,21797999906058
21797798111700,21798201788576
21797798111700,21798383771471
21797798111700,21798698952335
21798736531091,21798698952335
21798736531091,21799010595927
21798736531091,21799248911755
21798736531091,21799531669568
21798736531091,21799725832328
21799728673159,21799725832328
21799728673159,21799938377202
21799728673159,21800090305049
21799728673159,21800277309598
21800279278337,21800277309598
21800279278337,21800507027832
21800279278337,21800682995895
21800279278337,21800822870561
21800279278337,21801206181266
21800279278337,21801642761471
21801658146868,21801642761471
21801658146868,21801909294261
21801658146868,21802118498979
21801658146868,21802260695957
21802262588016,21802260695957
21802262588016,21802557016526
21802262588016,21802776187582
21802262588016,21802944373563
21802262588016,21803088269123
21802262588016,21803409197505
21803411508432,21803409197505
21803411508432,21803591816692
21803411508432,21803808791953
21803411508432,21804005440316
21803411508432,21804232709375
21803411508432,21804537801979
21804357170488,21804537801979
21804357170488,21804765815751
21804357170488,21804907655417
21804910662347,21804907655417
21804910662347,21805144534872
21804910662347,21805313355855
21804910662347,21805501790414
21804910662347,21805741490655
21804910662347,21806036781060
21806161268738,21806036781060
21806161268738,21806371374237
21806161268738,21806602546817
21806161268738,21806781437990
21806161268738,21807073428899
21807244356769,21807073428899
21807244356769,21807464098611
21807244356769,21807635746544
21807244356769,21807818200646
21807244356769,21808042509506
21807244356769,21808363999080
21808190607862,21808363999080
21808190607862,21808581086218
21808190607862,21808775690849
21808777222636,21808775690849
21808777222636,21808956591811
21808777222636,21809131714745
21808777222636,21809682282948
21808777222636,21809875421782
21808777222636,21810795165089
21810796291546,21810795165089
21810796291546,21811016015485
21810796291546,21811151401032
21810796291546,21811353178026
21811355042766,21811353178026
21811355042766,21811551813774
21811355042766,21811757377633
21811355042766,21811975571943
21811355042766,21812186599355
21811355042766,21812705893219
21812707040996,21812705893219
21812707040996,21812926317325
21812707040996,21813073787503
21812707040996,21813352709229
21813355215854,21813352709229
21813355215854,21813633818695
21813355215854,21813829924981
21813355215854,21813994911782
21813355215854,21814208970474
21813355215854,21814383394215
21814511201837,21814383394215
21814511201837,21814818132225
21814511201837,21815019368251
21814511201837,21815205309901
21814511201837,21815399194803
21815209386968,21815399194803
21815209386968,21815560752893
21815209386968,21815763414380
21815209386968,21815940939790
21815209386968,21816261259929
21816378663169,21816261259929
21816378663169,21816714224418
21816378663169,21816964461167
21816378663169,21817183268304
21816378663169,21817446981515
21817478642259,21817446981515
21817478642259,21817687681109
21817478642259,21817823319050
21817478642259,21818045671730
21818050225756,21818045671730
21818050225756,21818298230204
21818050225756,21818500547112
21818050225756,21818631448231
21818050225756,21818884482008
21818890635989,21818884482008
21818890635989,21819124282970
21818890635989,21819307131544
21818890635989,21819495722914
21818890635989,21819752398494
21819754092974,21819752398494
21819754092974,21819980159513
21819754092974,21820137072540
21819754092974,21820336688707
21819754092974,21820517873938
21819754092974,21821015860659
21821040721498,21821015860659
21821040721498,21821283807212
21821040721498,21821554784328
21821040721498,21821765657088
21821767638455,21821765657088
21821767638455,21821936131185
21821767638455,21822089784367
21821767638455,21822267583035
21821767638455,21822458269590
21821767638455,21822857580810
21822990416714,21822857580810
21822990416714,21823202462061
21822990416714,21823368386167
21822990416714,21823583982505
21823587771738,21823583982505
21823587771738,21823810514975
21823587771738,21823999475547
21823587771738,21824200164473
21823587771738,21824490664242
21823587771738,21824937884192
21824940261867,21824937884192
21824940261867,21825239638226
21824940261867,21825398063133
21824940261867,21825658440893
21824940261867,21825951777841
21825953271604,21825951777841
21825953271604,21826195743874
21825953271604,21826383415234
21825953271604,21826583715850
21826585747053,21826583715850
21826585747053,21826776538079
21826585747053,21826908289362
21826585747053,21827139159485
21826585747053,21827267227688
21827346101037,21827267227688
21827346101037,21827577413461
21827346101037,21827784469755
21827346101037,21827949091807
21827346101037,21828175264381
21828245247633,21828175264381
21828245247633,21828546024628
21828245247633,21828710685894
21828245247633,21828951474911
21828245247633,21829085140742
21829213940052,21829085140742
21829213940052,21829397154568
21829213940052,21829627157589
21829213940052,21829822203941
21829213940052,21830002654540
21829213940052,21830581019188
21830617448721,21830581019188
21830617448721,21830898842323
21830617448721,21831109881684
21830617448721,21831180603355
21830617448721,21831818351324
21831844444103,21831818351324
21831844444103,21832078309388
21831844444103,21832227550969
21831844444103,21832425950703
21832430018066,21832425950703
21832430018066,21832598786910
21832430018066,21832739560694
21832430018066,21832965191889
21832430018066,21833250975225
21832430018066,21833707815310
21833709533180,21833707815310
21833709533180,21833956589108
21833709533180,21834134427833
21833709533180,21834363266511
21833709533180,21834706649156
21834708424252,21834706649156
21834708424252,21834910100855
21834708424252,21835157236031
21834708424252,21835343844117
21834708424252,21835652755427
21835690532781,21835652755427
21835690532781,21835953549092
21835690532781,21836124566153
21835690532781,21836284531825
21836287716632,21836284531825
21836287716632,21836559230610
21836287716632,21836825278919
21836287716632,21836973399711
21836287716632,21837130391278
21837132987337,21837130391278
21837132987337,21837361171587
21837132987337,21837539188298
21837132987337,21837741304632
21837132987337,21837957829434
21837132987337,21838353402119
21838405804242,21838353402119
21838405804242,21838569328708
21838405804242,21838829758565
21838405804242,21839034086983
21838405804242,21839280236512
21839356152255,21839280236512
21839356152255,21839601446004
21839356152255,21839763519610
21839356152255,21839993853534
21839356152255,21840305418425
21840454629327,21840305418425
21840454629327,21840671310332
21840454629327,21840806370530
21840454629327,21841008669633
21840454629327,21841359769451
21841362254798,21841359769451
21841362254798,21841577418408
21841362254798,21841817775952
21841362254798,21842025363869
21841362254798,21842312346503
21842391529739,21842312346503
21842391529739,21842620321356
21842391529739,21842820903033
21842391529739,21843059827223
21842391529739,21843312367072
21843313857805,21843312367072
21843313857805,21843531938816
21843313857805,21843709241275
21843313857805,21843923751319
21843313857805,21844374149006
21844377092338,21844374149006
21844377092338,21844617190004
21844377092338,21844805327015
21844377092338,21844948385021
21844377092338,21845103381009
21845105247391,21845103381009
21845105247391,21845341195821
21845105247391,21845500925547
21845105247391,21845791398203
21845793909918,21845791398203
21845793909918,21846004070427
21845793909918,21846169837456
21845793909918,21846359525584
21845793909918,21846507576173
21846826775188,21846507576173
21846826775188,21847092571713
21846826775188,21847269383711
21846826775188,21847430152518
21846826775188,21847577377069
21846826775188,21847761539044
21847581454793,21847761539044
21847581454793,21847937307948
21847581454793,21848116880606
21847581454793,21848424303933
21847581454793,21848865338369
21847581454793,21849179507505
21848988225151,21849179507505
21848988225151,21849352648218
21848988225151,21849619830488
21848988225151,21849836681641
21849920238750,21849836681641
21849920238750,21850185027445
21849920238750,21850389972834
21849920238750,21850567431907
21849920238750,21850912661236
21850948566172,21850912661236
21850948566172,21851221126690
21850948566172,21851398325287
21850948566172,21851571118411
21850948566172,21851719177709
21851772502307,21851719177709
21851772502307,21852034955924
21851772502307,21852267073980
21851772502307,21852467924562
21851772502307,21852657594952
21852693557831,21852657594952
21852693557831,21852937486131
21852693557831,21853086313819
21852693557831,21853263434027
21853267588235,21853263434027
21853267588235,21853518281759
21853267588235,21853673527718
21853267588235,21853858489574
21853267588235,21854062213652
21853267588235,21854559297156
21853267588235,21854828399809
21854588229649,21854828399809
21854588229649,21854983169075
21854588229649,21855171623759
21855173476203,21855171623759
21855173476203,21855377305986
21855173476203,21855570550377
21855173476203,21855748447025
21855173476203,21856013820165
21856015316466,21856013820165
21856015316466,21856207750736
21856015316466,21856396791229
21856015316466,21856638456072
21856015316466,21856885778159
21856015316466,21857249806540
21857332846623,21857249806540
21857332846623,21857526816122
21857332846623,21857691899997
21857332846623,21857942208198
21857944403368,21857942208198
21857944403368,21858130849859
21857944403368,21858325858926
21857944403368,21858563294969
21857944403368,21858724282372
21857944403368,21859205441968
21859268172776,21859205441968
21859268172776,21859516835653
21859268172776,21859765195355
21859268172776,21859961761440
21859268172776,21860236124913
21860237919710,21860236124913
21860237919710,21860456720412
21860237919710,21860737598527
21860237919710,21860891707911
21860237919710,21861033036296
21860237919710,21861387842488
21861034816282,21861387842488
21861034816282,21861521775695
21861034816282,21861931480917
21861933305828,21861931480917
21861933305828,21862209125611
21861933305828,21862422321134
21861933305828,21862635128535
21861933305828,21862780383708
21861933305828,21863211372660
21863255403111,21863211372660
21863255403111,21863469389858
21863255403111,21863627958137
21863255403111,21863837440754
21863255403111,21864124743857
21864184137373,21864124743857
21864184137373,21864418120060
21864184137373,21864622076833
21864184137373,21864740851857
21864743403380,21864740851857
21864743403380,21864964312327
21864743403380,21865126644294
21864743403380,21865302353459
21864743403380,21865523355504
21864743403380,21866049145607
21866060387114,21866049145607
21866060387114,21866337339429
21866060387114,21866537464905
21866060387114,21866678865256
21866060387114,21866857408264
21867056978990,21866857408264
21867056978990,21867326850498
21867056978990,21867486195089
21867056978990,21867650315096
21867652598688,21867650315096
21867652598688,21867910515520
21867652598688,21868053606236
21867652598688,21868269101893
21867652598688,21868456077166
21867652598688,21868963696684
21869150819831,21868963696684
21869150819831,21869367212648
21869150819831,21869518761276
21869150819831,21869670043203
21869150819831,21869803345176
21869976360389,21869803345176
21869976360389,21870228000633
21869976360389,21870414037080
21869976360389,21870595203185
21869976360389,21870903921018
21870962094300,21870903921018
21870962094300,21871124488730
21870962094300,21871389243452
21870962094300,21871637579331
21871639866998,21871637579331
21871639866998,21871830767336
21871639866998,21871987066904
21871639866998,21872151106210
21871639866998,21872303684306
21871639866998,21872809111074
21872817022503,21872809111074
21872817022503,21873024884815
21872817022503,21873240448824
21872817022503,21873410327489
21872817022503,21873672754609
21873674078796,21873672754609
21873674078796,21873852199063
21873674078796,21874123806658
21873674078796,21874272826569
21874274626752,21874272826569
21874274626752,21874439831455
21874274626752,21874564361081
21874274626752,21874808261981
21874274626752,21875025876572
21874274626752,21875451104212
21875459687487,21875451104212
21875459687487,21875674327987
21875459687487,21875876708465
21875459687487,21876114147583
21876116328395,21876114147583
21876116328395,21876406500025
21876116328395,21876527130179
21876116328395,21876731210049
21876116328395,21876912752540
21876116328395,21877471415063
21877474831809,21877471415063
21877474831809,21877734304445
21877474831809,21877904541563
21877474831809,21878076383687
21877474831809,21878259971401
21878358165057,21878259971401
21878358165057,21878631528162
21878358165057,21878759203102
21878358165057,21878950327324
21878358165057,21879267546404
21879420610470,21879267546404
21879420610470,21879689435931
21879420610470,21879914099827
21879420610470,21880131696199
21879420610470,21880379733288
21880381860545,21880379733288
21880381860545,21880578372826
21880381860545,21880747289683
21880381860545,21880932935265
21880381860545,21881373549411
21881386695832,21881373549411
21881386695832,21881622963543
21881386695832,21881839516400
21881386695832,21881993746222
21881386695832,21882274219943
21882351769461,21882274219943
21882351769461,21882657321389
21882351769461,21882880203065
21882351769461,21883026476378
21883029309134,21883026476378
21883029309134,21883262798474
21883029309134,21883391546403
21883029309134,21883627798429
21883029309134,21883866639328
21883029309134,21884160348177
21884229505377,21884160348177
21884229505377,21884522980134
21884229505377,21884663355297
21884229505377,21884809091663
21884229505377,21885305212212
21885483334431,21885305212212
21885483334431,21885721374236
21885483334431,21885878871340
21885483334431,21886028169559
21885483334431,21886389715265
21886470635035,21886389715265
21886470635035,21886741467034
21886470635035,21886885461730
21886470635035,21887123800464
21886470635035,21887399380412
21887433411398,21887399380412
21887433411398,21887668255267
21887433411398,21887909187267
21887433411398,21888103709498
21888106024242,21888103709498
21888106024242,21888299684502
21888106024242,21888478475866
21888106024242,21888640815648
21888106024242,21888848917287
21888106024242,21889200435579
21889345135308,21889200435579
21889345135308,21889548869420
21889345135308,21889707455763
21889345135308,21889946858486
21889345135308,21890206021285
21890234683425,21890206021285
21890234683425,21890433689897
21890234683425,21890616273294
21890234683425,21890779287900
21890234683425,21891108321959
21891123275285,21891108321959
21891123275285,21891372145275
21891123275285,21891511306266
21891123275285,21892110917248
21892113660122,21892110917248
21892113660122,21892334409593
21892113660122,21892487646619
21892113660122,21892631159654
21892113660122,21892828848019
21892113660122,21893362201340
21893422017038,21893362201340
21893422017038,21893691543877
21893422017038,21893860344740
21893422017038,21893994956240
21893422017038,21894437130844
21894438793283,21894437130844
21894438793283,21894663223277
21894438793283,21894895849894
21894438793283,21895059992370
21895062377783,21895059992370
21895062377783,21895280488429
21895062377783,21895447907582
21895062377783,21895585415779
21895062377783,21895756269887
21895062377783,21896256954487
21896271199815,21896256954487
21896271199815,21896505246087
21896271199815,21896660848925
21896271199815,21896860330136
21896271199815,21897184191965
21897210055968,21897184191965
21897210055968,21897390883793
21897210055968,21897583478036
21897210055968,21897777851657
21897210055968,21898162799535
21898167625368,21898162799535
21898167625368,21898360103335
21898167625368,21898496304365
21898167625368,21898675173394
21898677660885,21898675173394
21898677660885,21899001294884
21898677660885,21899185284618
21898677660885,21899347672313
21898677660885,21899515786648
21898677660885,21899982202385
21899997993040,21899982202385
21899997993040,21900259347830
21899997993040,21900430672770
21899997993040,21900716181339
21899997993040,21900913961157
21900935266759,21900913961157
21900935266759,21901189573419
21900935266759,21901364258799
21900935266759,21901511556695
21901514414718,21901511556695
21901514414718,21901782447076
21901514414718,21901985027417
21901514414718,21902133228072
21901514414718,21902287343498
21902439304398,21902287343498
21902439304398,21902695261816
21902439304398,21902890888679
21902439304398,21903124176275
21902439304398,21903424153314
21903426898188,21903424153314
21903426898188,21903675264605
21903426898188,21903885797125
21903426898188,21904070668407
21903426898188,21904207144630
21903426898188,21904598156376
21904710446840,21904598156376
21904710446840,21904928773207
21904710446840,21905097226879
21904710446840,21905233070357
21904710446840,21905634467335
21905673514559,21905634467335
21905673514559,21905965354244
21905673514559,21906154898656
21905673514559,21906297201871
21905673514559,21906529517861
21906574449540,21906529517861
21906574449540,21906811374642
21906574449540,21907026407216
21906574449540,21907168076620
21906574449540,21907457306827
21907490153617,21907457306827
21907490153617,21907695970154
21907490153617,21907919091269
21907490153617,21908067412029
21908069257772,21908067412029
21908069257772,21908312927319
21908069257772,21908479638432
21908069257772,21908618275842
21908069257772,21908957420358
21908069257772,21909348368229
21909398095202,21909348368229
21909398095202,21909635111528
21909398095202,21909806180559
21909398095202,21910023124664
21910032881611,21910023124664
21910032881611,21910275390246
21910032881611,21910461662804
21910032881611,21910639508655
21910032881611,21910816645635
21910032881611,21911181974055
21911204449893,21911181974055
21911204449893,21911449398536
21911204449893,21911637729460
21911204449893,21911806206372
21911204449893,21912087459679
21912150648989,21912087459679
21912150648989,21912370404567
21912150648989,21912546477780
21912150648989,21912839259600
21912150648989,21913066555703
21913177507734,21913066555703
21913177507734,21913350926527
21913177507734,21913576475575
21913177507734,21913826756213
21913828712194,21913826756213
21913828712194,21914158658694
21913828712194,21914302178306
21913828712194,21914452252043
21913828712194,21914596294700
21913828712194,21915010912449
21913828712194,21915217894096
21915023710620,21915217894096
21915023710620,21915403981186
21915023710620,21915564435622
21915023710620,21915899359046
21915965989397,21915899359046
21915965989397,21916219248217
21915965989397,21916388340089
21915965989397,21916705182188
21915965989397,21916905111508
21916906898522,21916905111508
21916906898522,21917155141761
21916906898522,21917388543067
21916906898522,21917575553085
21916906898522,21917720295261
21917880794348,21917720295261
21917880794348,21918108482074
21917880794348,21918351314038
21917880794348,21918544352456
21918547858899,21918544352456
21918547858899,21918709278337
21918547858899,21918844492411
21918547858899,21919075704183
21918547858899,21919247720072
21918547858899,21919861328808
21919940566097,21919861328808
21919940566097,21920206976420
21919940566097,21920443116579
21919940566097,21920611395509
21919940566097,21920739285248
21919940566097,21920861617588
21920740602358,21920861617588
21920740602358,21921041642089
21920740602358,21921260341103
21921329619704,21921260341103
21921329619704,21921631203964
21921329619704,21921821696136
21921329619704,21921958713923
21921329619704,21922273753265
21921329619704,21922673879117
21922764671098,21922673879117
21922764671098,21923046306350
21922764671098,21923281729599
21922764671098,21923426550345
21922764671098,21923754787115
21922764671098,21924097261430
21923875296024,21924097261430
21923875296024,21924244306151
21923875296024,21924469598160
21924472169023,21924469598160
21924472169023,21924679259354
21924472169023,21924836523323
21924472169023,21925047571276
21924472169023,21925257081228
21924472169023,21925702265394
21925802251475,21925702265394
21925802251475,21926065253792
21925802251475,21926216818815
21925802251475,21926397385813
21925802251475,21926723586129
21926777999103,21926723586129
21926777999103,21927091852623
21926777999103,21927292152506
21926777999103,21927470656032
21926777999103,21927741813304
21927743194294,21927741813304
21927743194294,21927985114729
21927743194294,21928191952153
21927743194294,21928387505375
21927743194294,21928683360965
21927743194294,21928879496469
21928697714053,21928879496469
21928697714053,21929083141586
21928697714053,21929318555459
21928697714053,21929552803212
21929635578729,21929552803212
21929635578729,21929882749828
21929635578729,21930082385132
21929635578729,21930272579364
21929635578729,21930606441033
21929635578729,21930775395897
21930610078466,21930775395897
21930610078466,21930988335902
21930610078466,21931217359034
21930610078466,21931511419237
21930610078466,21931687191090
21931513453745,21931687191090
21931513453745,21931888133500
21931513453745,21932117414434
21931513453745,21932370133847
21932490158541,21932370133847
21932490158541,21932750196681
21932490158541,21932891315009
21932490158541,21933061204559
21933063279127,21933061204559
21933063279127,21933314604978
21933063279127,21933484514664
21933063279127,21933641568680
21933063279127,21933943267070
21933063279127,21934319211164
21933063279127,21934594375978
21934435891986,21934594375978
21934435891986,21934808923020
21934435891986,21935029101044
21934435891986,21935313902725
21935391440812,21935313902725
21935391440812,21935627379616
21935391440812,21935839505955
21935391440812,21936006321950
21935391440812,21936310129960
21936361151441,21936310129960
21936361151441,21936655381741
21936361151441,21936838735871
21936361151441,21936979467229
21936361151441,21937362253251
21937364423103,21937362253251
21937364423103,21937652431351
21937364423103,21937816346687
21937364423103,21937987697775
21937364423103,21938120831199
21937364423103,21938424068496
21938244879199,21938424068496
21938244879199,21938640634161
21938244879199,21938787157337
21938244879199,21939109265454
21939213505356,21939109265454
21939213505356,21939556705449
21939213505356,21939789218456
21939213505356,21940013422186
21939213505356,21940248721419
21940293905359,21940248721419
21940293905359,21940513084885
21940293905359,21940758907064
21940293905359,21940961329233
21940293905359,21941255118306
21941257058231,21941255118306
21941257058231,21941457878237
21941257058231,21941643887585
21941257058231,21941788241717
21941790372555,21941788241717
21941790372555,21942089879865
21941790372555,21942256943264
21941790372555,21942434195434
21941790372555,21942587185393
21942653572316,21942587185393
21942653572316,21942846127098
21942653572316,21943026785024
21942653572316,21943231585007
21942653572316,21943484590672
21942653572316,21943962040583
21944034532042,21943962040583
21944034532042,21944330594531
21944034532042,21944623718377
21944034532042,21944798014532
21944034532042,21944941177734
21944943085939,21944941177734
21944943085939,21945106350650
21944943085939,21945295291197
21944943085939,21945555413399
21945557360712,21945555413399
21945557360712,21945769812634
21945557360712,21945917385863
21945557360712,21946057199624
21945557360712,21946339559621
21945557360712,21946840725668
21946961511014,21946840725668
21946961511014,21947205926918
21946961511014,21947350250013
21946961511014,21947511114593
21947513065574,21947511114593
21947513065574,21947775368129
21947513065574,21947930152769
21947513065574,21948118944464
21947513065574,21948297077916
21948325979011,21948297077916
21948325979011,21948588733105
21948325979011,21948750967498
21948325979011,21948885205574
21948325979011,21949519305917
21949590432220,21949519305917
21949590432220,21949781286602
21949590432220,21949955497686
21949590432220,21950136704367
21949590432220,21950389940971
21949590432220,21950966892039
21950972393334,21950966892039
21950972393334,21951146539787
21950972393334,21951337715146
21950972393334,21951517144451
21951519546525,21951517144451
21951519546525,21951681101041
21951519546525,21951869222691
21951519546525,21952084549991
21951519546525,21952280382681
21951519546525,21952901843541
21952906696757,21952901843541
21952906696757,21953101783535
21952906696757,21953260316156
21952906696757,21953488506910
21952906696757,21953919060092
21953925258702,21953919060092
21953925258702,21954130072712
21953925258702,21954338097266
21953925258702,21954518843720
21954520588070,21954518843720
21954520588070,21954686192831
21954520588070,21954830439125
21954520588070,21954990395169
21954520588070,21955305099235
21955307069737,21955305099235
21955307069737,21955533389565
21955307069737,21955688258880
21955307069737,21955867998483
21955307069737,21956169268853
21955307069737,21956728152004
21956766309473,21956728152004
21956766309473,21957061542324
21956766309473,21957256955475
21956766309473,21957427139718
21957429209870,21957427139718
21957429209870,21957580419580
21957429209870,21957747379815
21957429209870,21957961186417
21957429209870,21958179596710
21957429209870,21958510130899
21958577281416,21958510130899
21958577281416,21958769757776
21958577281416,21958851215343
21958577281416,21958928539769
21958577281416,21959850647343
21959853915628,21959850647343
21959853915628,21960037199004
21959853915628,21960222227975
21959853915628,21960394397679
21960396167243,21960394397679
21960396167243,21960599885906
21960396167243,21960740632083
21960396167243,21960909000116
21960396167243,21961132216152
21960396167243,21961601243873
21961625973666,21961601243873
21961625973666,21961804264514
21961625973666,21962051549625
21961625973666,21962200218039
21961625973666,21962653755490
21961625973666,21962810302487
21962656654820,21962810302487
21962656654820,21963012583029
21962656654820,21963170016015
21962656654820,21963531775500
21963710814506,21963531775500
21963710814506,21963963277997
21963710814506,21964150938602
21963710814506,21964332117571
21963710814506,21964550434194
21964558090518,21964550434194
21964558090518,21964827541589
21964558090518,21964975297444
21964992996934,21964975297444
21964992996934,21965228139703
21964992996934,21965420977243
21964992996934,21965595964950
21964992996934,21965991341102
21964992996934,21966145450982
21964992996934,21966698845333
21966702377134,21966698845333
21966702377134,21966866351270
21966702377134,21967191499735
21966702377134,21967380653658
21966702377134,21967664805039
21967666814221,21967664805039
21967666814221,21967978819478
21967666814221,21968102504911
21967666814221,21968249694879
21967666814221,21968499128823
21968502493717,21968499128823
21968502493717,21968731997765
21968502493717,21968920223374
21968502493717,21969069934663
21968502493717,21969226203873
21968502493717,21969416220082
21968502493717,21969554833432
21969418573983,21969554833432
21969418573983,21969689157695
21969418573983,21970281903216
21970283425189,21970281903216
21970283425189,21970442718550
21970283425189,21970636291508
21970283425189,21970889193946
21970283425189,21971036889446
21971129943906,21971036889446
21971129943906,21971338362989
21971129943906,21971469290098
21971548161916,21971469290098
21971548161916,21971715206322
21971548161916,21971856314807
21971548161916,21972040500340
21971548161916,21972249985732
21971548161916,21972505450026
21972506915430,21972505450026
21972506915430,21972736365817
21972506915430,21972878718324
21972506915430,21973104846017
21972506915430,21973479569686
21972506915430,21973942528759
21973998803123,21973942528759
21973998803123,21974244817955
21973998803123,21974469834626
21973998803123,21974626532754
21973998803123,21974953553590
21974956379106,21974953553590
21974956379106,21975137368070
21974956379106,21975326320491
21974956379106,21975490086883
21974956379106,21975822290701
21974956379106,21976017705747
21975865782226,21976017705747
21975865782226,21976225387611
21975865782226,21976434955525
21975865782226,21976631506054
21976714688574,21976631506054
21976714688574,21976974023996
21976714688574,21977141700515
21976714688574,21977369510826
21976714688574,21977576595850
21977658748633,21977576595850
21977658748633,21977939689495
21977658748633,21978053714461
21977658748633,21978223237758
21978225534983,21978223237758
21978225534983,21978442523610
21978225534983,21978603613544
21978225534983,21978823731305
21978225534983,21978958977575
21978225534983,21979413925808
21978225534983,21979647243517
21979449378295,21979647243517
21979449378295,21979839948075
21979449378295,21980004803908
21980008107026,21980004803908
21980008107026,21980231720280
21980008107026,21980381402383
21980008107026,21980523921477
21980008107026,21980898397107
21980008107026,21981291601071
21981406623989,21981291601071
21981406623989,21981668660930
21981406623989,21981919411253
21981406623989,21982082888448
21982084729827,21982082888448
21982084729827,21982348123729
21982084729827,21982523352426
21982084729827,21982681478239
21982084729827,21982834477516
21982084729827,21983241997265
21983301145849,21983241997265
21983301145849,21983594187966
21983301145849,21983883809596
21983301145849,21984041431301
21983301145849,21984375301040
21984376843897,21984375301040
21984376843897,21984546265831
21984376843897,21984763959071
21984376843897,21984959069759
21984961691812,21984959069759
21984961691812,21985142176804
21984961691812,21985312991955
21984961691812,21985466815359
21984961691812,21985648355025
21984961691812,21986077046701
21986125468841,21986077046701
21986125468841,21986379363226
21986125468841,21986571157673
21986125468841,21986776201434
21986125468841,21987073445949
21987076531769,21987073445949
21987076531769,21987253733333
21987076531769,21987510417747
21987076531769,21987683533614
21987076531769,21987940723036
21987942579094,21987940723036
21987942579094,21988096247663
21987942579094,21988318475317
21987942579094,21988511185915
21988513641833,21988511185915
21988513641833,21988691204961
21988513641833,21988851376430
21988513641833,21989010738868
21988513641833,21989175411396
21988513641833,21989568044367
21989705885387,21989568044367
21989705885387,21989938780835
21989705885387,21990128274970
21989705885387,21990363400928
21989705885387,21990516545170
21990521746407,21990516545170
21990521746407,21990686162042
21990521746407,21990869777952
21990521746407,21991022431329
21990521746407,21991504454146
21991567304674,21991504454146
21991567304674,21991827478900
21991567304674,21992217471382
21991567304674,21992375778920
21991567304674,21992693495976
21992805066918,21992693495976
21992805066918,21993055689460
21992805066918,21993247570431
21992805066918,21993411747459
21993417660138,21993411747459
21993417660138,21993610095898
21993417660138,21993837302013
21993417660138,21994069578262
21993417660138,21994239740284
21993417660138,21994617813584
21994663186571,21994617813584
21994663186571,21994841193072
21994663186571,21995024354205
21994663186571,21995206364070
21995207719828,21995206364070
21995207719828,21995459272556
21995207719828,21995618474052
21995207719828,21995810185216
21995207719828,21996066446084
21995207719828,21996465300229
21996531200476,21996465300229
21996531200476,21996820938588
21996531200476,21996984837528
21996531200476,21997172750245
21996531200476,21997507878105
21996531200476,21997705261184
21997509160016,21997705261184
21997509160016,21997900270073
21997509160016,21998208253255
21997509160016,21998372190233
21998375095911,21998372190233
21998375095911,21998599832493
21998375095911,21998779429739
21998375095911,21999012657146
21998375095911,21999207619098
21999256367384,21999207619098
21999256367384,21999453332108
21999256367384,21999677415595
21999256367384,21999825502980
21999256367384,22000123344629
22000139185815,22000123344629
22000139185815,22000386805267
22000139185815,22000575333903
22000139185815,22000814582831
22000818318173,22000814582831
22000818318173,22000974458210
22000818318173,22001135481914
22000818318173,22001279588919
22000818318173,22001566884822
22001570292006,22001566884822
22001570292006,22001724938635
22001570292006,22001926201246
22001570292006,22002238294242
22001570292006,22002484933102
22002487205121,22002484933102
22002487205121,22002661733960
22002487205121,22002812359246
22002487205121,22002925937712
22002487205121,22003232215332
22002487205121,22003678525006
22003774710879,22003678525006
22003774710879,22004025736152
22003774710879,22004226240518
22003774710879,22004470532260
22003774710879,22004663976589
22004725386075,22004663976589
22004725386075,22005021194654
22004725386075,22005180495964
22004725386075,22005356911274
22004725386075,22005544381864
22005661761415,22005544381864
22005661761415,22005897283973
22005661761415,22006117852604
22005661761415,22006330214882
22005661761415,22006608271779
22006610495475,22006608271779
22006610495475,22006866773188
22006610495475,22007023429841
22006610495475,22007203365977
22007206221671,22007203365977
22007206221671,22007426416205
22007206221671,22007676418926
22007206221671,22007858561339
22007206221671,22008023463662
22007206221671,22008610482988
22008700793972,22008610482988
22008700793972,22008935182913
22008700793972,22009151056388
22008700793972,22009354282732
22008700793972,22009649128610
22009650735118,22009649128610
22009650735118,22009858530064
22009650735118,22010011441025
22009650735118,22010177314966
22009650735118,22010569517075
22010575459146,22010569517075
22010575459146,22010803337705
22010575459146,22011015215293
22010575459146,22011144342496
22010575459146,22011435146427
22011436883334,22011435146427
22011436883334,22011644632802
22011436883334,22011810040786
22011436883334,22011977563816
22011436883334,22012353473839
22012356943731,22012353473839
22012356943731,22012592411382
22012356943731,22012710313868
22012356943731,22012925386532
22012356943731,22013110443482
22013293991135,22013110443482
22013293991135,22013558092545
22013293991135,22013739331275
22013293991135,22013937179701
22013293991135,22014117434024
22014242867310,22014117434024
22014242867310,22014464636168
22014242867310,22014637599456
22014242867310,22014841221370
22014843563141,22014841221370
22014843563141,22015089926359
22014843563141,22015265936746
22014843563141,22015408317726
22014843563141,22015570764210
22014843563141,22015984355431
22016105978411,22015984355431
22016105978411,22016374373342
22016105978411,22016511315761
22016105978411,22016717328878
22016105978411,22017028663551
22016105978411,22017199211848
22017041312367,22017199211848
22017041312367,22017440437319
22017041312367,22017618788362
22017041312367,22018108429650
22018136858566,22018108429650
22018136858566,22018313141988
22018136858566,22018521311356
22018136858566,22018672869025
22018676072831,22018672869025
22018676072831,22018938560722
22018676072831,22019136926616
22018676072831,22019359466706
22018676072831,22019537080151
22018676072831,22019932081028
22019939810474,22019932081028
22019939810474,22020124077789
22019939810474,22020340228330
22019939810474,22020470636507
22020472231997,22020470636507
22020472231997,22020720734748
22020472231997,22020860503379
22020472231997,22021010455426
22020472231997,22021343164278
22021395646421,22021343164278
22021395646421,22021648337562
22021395646421,22021795840511
22021395646421,22021992048002
22021395646421,22022221143069
22021395646421,22022745789909
22022755000463,22022745789909
22022755000463,22022931183888
22022755000463,22023143029421
22022755000463,22023304539036
22022755000463,22023613153462
22023668930503,22023613153462
22023668930503,22023871564143
22023668930503,22024074552073
22023668930503,22024226961815
22023668930503,22024566361159
22024625893315,22024566361159
22024625893315,22024870279254
22024625893315,22025057443490
22024625893315,22025271832380
22024625893315,22025477829258
22025273503025,22025477829258
22025273503025,22025654784418
22025273503025,22025810917785
22025273503025,22026057623002
22025273503025,22026471595709
22026580789906,22026471595709
22026580789906,22026842322337
22026580789906,22026989307173
22026580789906,22027144474674
22026580789906,22027501776524
22027504024574,22027501776524
22027504024574,22027644774889
22027504024574,22027922944589
22027504024574,22028092157270
22027504024574,22028400024422
22028402485575,22028400024422
22028402485575,22028573033954
22028402485575,22028810875519
22028402485575,22029018721470
22029020271998,22029018721470
22029020271998,22029269191944
22029020271998,22029420124253
22029020271998,22029671555536
22029020271998,22029868305952
22029020271998,22030310223154
22030418049861,22030310223154
22030418049861,22030667978908
22030418049861,22030824301802
22030418049861,22031050340768
22030418049861,22031317459606
22031390773807,22031317459606
22031390773807,22031603683028
22031390773807,22031866084255
22031390773807,22032050230892
22032055387755,22032050230892
22032055387755,22032338448583
22032055387755,22032539312939
22032055387755,22032713403454
22032055387755,22032883585771
22032055387755,22033311549304
22033313590941,22033311549304
22033313590941,22033725586026
22033313590941,22033876854620
22033313590941,22034061921663
22033313590941,22034332628303
22034422319851,22034332628303
22034422319851,22034668803912
22034422319851,22034830813218
22034422319851,22035042715885
22035199113623,22035042715885
22035199113623,22035416334124
22035199113623,22035569174398
22035199113623,22035760225978
22035199113623,22035976376473
22035199113623,22036229385540
22036319185991,22036229385540
22036319185991,22036513419785
22036319185991,22036645332086
22036319185991,22036788934098
22036319185991,22037138656689
22037285821520,22037138656689
22037285821520,22037532251373
22037285821520,22037723933253
22037285821520,22037898227721
22037285821520,22038268140820
22038272909741,22038268140820
22038272909741,22038516843879
22038272909741,22038658438958
22038272909741,22038802497203
22038272909741,22039191409937
22039209052481,22039191409937
22039209052481,22039436172363
22039209052481,22039582839159
22039209052481,22039722422605
22039724181699,22039722422605
22039724181699,22039901691050
22039724181699,22040041532229
22039724181699,22040199150475
22039724181699,22040379410481
22040506596138,22040379410481
22040506596138,22040772660573
22040506596138,22040986435234
22040506596138,22041140585197
22040506596138,22041297495946
22041402327038,22041297495946
22041402327038,22041716731998
22041402327038,22041866189947
22041402327038,22042000517488
22041402327038,22042367626469
22042369284178,22042367626469
22042369284178,22042609087501
22042369284178,22042770148647
22042369284178,22042953457161
22042369284178,22043293840254
22042369284178,22043664763764
22043789912849,22043664763764
22043789912849,22043956104693
22043789912849,22044093015916
22043789912849,22044306344273
22043789912849,22044692045980
22044730244254,22044692045980
22044730244254,22044993166747
22044730244254,22045211375104
22044730244254,22045349611576
22044730244254,22045688416846
22045710341434,22045688416846
22045710341434,22045880065890
22045710341434,22046126649074
22045710341434,22046250864897
22045710341434,22046745523325
22046762262024,22046745523325
22046762262024,22046968208084
22046762262024,22047256207608
22046762262024,22047453898788
22046762262024,22047712096222
22047719422919,22047712096222
22047719422919,22047913232872
22047719422919,22048052118591
22047719422919,22048243315622
22047719422919,22048541950432
22048614348615,22048541950432
22048614348615,22048838797172
22048614348615,22049094352028
22048614348615,22049334532990
22048614348615,22049582054239
22049591497144,22049582054239
22049591497144,22049851370667
22049591497144,22050064389160
22049591497144,22050169095936
22050170563748,22050169095936
22050170563748,22050377176751
22050170563748,22050553385178
22050170563748,22050686896753
22050170563748,22051123726450
22050170563748,22051228811839
22050170563748,22051370935648
22050170563748,22051524646837
22051124840581,22051524646837
22051124840581,22052286400840
22052288597269,22052286400840
22052288597269,22052487809474
22052288597269,22052791359163
22052288597269,22052938124121
22052288597269,22053178553428
22052288597269,22053783060180
22052288597269,22053949842173
22053785290677,22053949842173
22053785290677,22054206346781
22053785290677,22054428074391
22054430381849,22054428074391
22054430381849,22054617391055
22054430381849,22054769616771
22054430381849,22054919195717
22054430381849,22055196320611
22054430381849,22055478787953
22055642490082,22055478787953
22055642490082,22055803501642
22055642490082,22056050476158
22055642490082,22056195478477
22055642490082,22056452288741
22056547053027,22056452288741
22056547053027,22056794449662
22056547053027,22057006097945
22056547053027,22057222891309
22056547053027,22057402150912
22057459544691,22057402150912
22057459544691,22057797916131
22057459544691,22057928923256
22057459544691,22058065966732
22057459544691,22058505410423
22058507272456,22058505410423
22058507272456,22058748271989
22058507272456,22058906827597
22058507272456,22059086614845
22058507272456,22059279804854
22059403597957,22059279804854
22059403597957,22059645655524
22059403597957,22059783840938
22059403597957,22059981505262
22059984066942,22059981505262
22059984066942,22060287134723
22059984066942,22060446352082
22059984066942,22060597478922
22059984066942,22060778107131
22059984066942,22061190893197
22059984066942,22061466185616
