21571933995554,21572723013338
21571933995554,21573087310354
21573144829125,21573087310354
21573144829125,21573402138860
21573144829125,21573586310987
21573144829125,21573736610615
21573738130072,21573736610615
21573738130072,21573930970459
21573738130072,21574165682289
21573738130072,21574427833159
21573738130072,21574661505089
21573738130072,21575061358722
21575120144240,21575061358722
21575120144240,21575346139561
21575120144240,21575533222792
21575120144240,21575670756950
21575673166996,21575670756950
21575673166996,21575894858924
21575673166996,21576041953294
21575673166996,21576302735564
21575673166996,21576550145531
21576567597422,21576550145531
21576567597422,21576761661490
21576567597422,21577029148784
21576567597422,21577244028935
21576567597422,21577434628043
21576567597422,21577866245361
21577868103383,21577866245361
21577868103383,21578082341852
21577868103383,21578239782510
21577868103383,21578433314027
21577868103383,21578743467975
21578748068872,21578743467975
21578748068872,21578958412275
21578748068872,21579165270876
21578748068872,21579388221905
21578748068872,21579714347014
21579741504825,21579714347014
21579741504825,21580000609568
21579741504825,21580193324868
21579741504825,21580337363633
21579741504825,21580708409725
21580710336450,21580708409725
21580710336450,21580984331534
21580710336450,21581139275534
21580710336450,21581277732995
21580710336450,21581554067264
21581555737695,21581554067264
21581555737695,21581764689544
21581555737695,21582026379233
21581555737695,21582218393359
21581555737695,21582496076670
21582517546743,21582496076670
21582517546743,21582797278286
21582517546743,21582994439371
21582517546743,21583171829922
21582517546743,21583406335308
21583408811059,21583406335308
21583408811059,21583625426676
21583408811059,21583781342164
21583408811059,21584022516971
21583408811059,21584320938062
21584345013874,21584320938062
21584345013874,21584616486844
21584345013874,21584809790026
21584345013874,21584978651018
21584345013874,21585233476102
21585546550619,21585233476102
21585546550619,21585794059379
21585546550619,21585982852966
21585546550619,21586352577809
21585546550619,21586818763874
21586819648481,21586818763874
21586819648481,21587085089215
21586819648481,21587279969658
21586819648481,21587484359611
21586819648481,21587766291952
21587802600887,21587766291952
21587802600887,21588133346891
21587802600887,21588287141460
21587802600887,21588478883778
21588482380590,21588478883778
21588482380590,21588665648574
21588482380590,21588836450570
21588482380590,21588989202284
21588482380590,21589155028503
21588482380590,21589621275043
21589625790217,21589621275043
21589625790217,21589784657023
21589625790217,21590071388200
21589625790217,21590192084463
21589625790217,21590516402206
21590561102627,21590516402206
21590561102627,21590898805367
21590561102627,21591147480070
21590561102627,21591322769083
21590561102627,21591554094823
21591556565754,21591554094823
21591556565754,21591812473572
21591556565754,21591956184849
21591556565754,21592129214459
21591556565754,21592330232464
21592425799634,21592330232464
21592425799634,21592579847670
21592425799634,21592841942559
21592425799634,21592994256257
21592425799634,21593288764246
21593316220540,21593288764246
21593316220540,21593529022411
21593316220540,21593815862153
21593316220540,21594002534348
21593316220540,21594170656279
21594172352131,21594170656279
21594172352131,21594353218636
21594172352131,21594503489309
21594172352131,21594708153341
21594172352131,21594961404039
21595018165416,21594961404039
21595018165416,21595253911490
21595018165416,21595399095515
21595018165416,21595610459829
21595018165416,21595987793268
21595989959538,21595987793268
21595989959538,21596298948415
21595989959538,21596426211755
21595989959538,21596568069216
21595989959538,21596919109845
21596922163475,21596919109845
21596922163475,21597135195281
21596922163475,21597329126680
21596922163475,21597572459672
21596922163475,21597817243104
21597830207049,21597817243104
21597830207049,21598066170607
21597830207049,21598235933077
21597830207049,21598399145023
21597830207049,21598850411316
21598955750925,21598850411316
21598955750925,21599143751306
21598955750925,21599283919747
21598955750925,21599453071130
21599455626548,21599453071130
21599455626548,21599674305192
21599455626548,21599871841798
21599455626548,21600064508967
21599455626548,21600358805933
21600420494165,21600358805933
21600420494165,21600680650563
21600420494165,21600869198728
21600420494165,21601053871102
21600420494165,21601366661857
21600420494165,21601750813177
21601753591048,21601750813177
21601753591048,21601954522911
21601753591048,21602187238447
21601753591048,21602369267728
21601753591048,21602624406409
21602690355650,21602624406409
21602690355650,21602873853728
21602690355650,21603076147738
21602690355650,21603264238272
21603266372879,21603264238272
21603266372879,21603491190576
21603266372879,21603625748918
21603266372879,21603840976975
21603266372879,21604117435037
21603266372879,21604486749104
21604522386709,21604486749104
21604522386709,21604683233245
21604522386709,21604940246270
21604522386709,21605081338537
21604522386709,21605379108096
21605398639957,21605379108096
21605398639957,21605599578100
21605398639957,21605805123989
21605839775239,21605805123989
21605839775239,21606047204794
21605839775239,21606199693596
21605839775239,21606326096954
21605839775239,21606463171056
21605839775239,21606698115500
21606811427918,21606698115500
21606811427918,21607096369615
21606811427918,21607277341396
21606811427918,21607512502339
21606811427918,21607665745189
21606811427918,21608131521191
21608133845177,21608131521191
21608133845177,21608335385420
21608133845177,21608509775894
21608133845177,21608718051056
21608133845177,21609044142003
21609045747608,21609044142003
21609045747608,21609202405421
21609045747608,21609406871559
21609045747608,21609627463717
21609045747608,21609828030408
21609917918267,21609828030408
21609917918267,21610140420340
21609917918267,21610391459672
21609917918267,21610598364899
21609917918267,21610889363395
21610907355451,21610889363395
21610907355451,21611142614772
21610907355451,21611388483501
21610907355451,21611538075858
21610907355451,21611768878950
21611813096029,21611768878950
21611813096029,21612046817733
21611813096029,21612304679946
21611813096029,21612449821110
21611813096029,21612703609583
21612772716248,21612703609583
21612772716248,21612943814670
21612772716248,21613182598672
21612772716248,21613339833367
21612772716248,21613782761437
21613783637273,21613782761437
21613783637273,21613964313210
21613783637273,21614209190998
21613783637273,21614376409245
21614377980035,21614376409245
21614377980035,21614584600174
21614377980035,21614721397202
21614377980035,21614885710914
21614377980035,21615068816968
21615189354420,21615068816968
21615189354420,21615450978414
21615189354420,21615638633319
21615189354420,21615781305039
21615189354420,21615986089763
21615189354420,21616553418725
21616555508791,21616553418725
21616555508791,21616810194692
21616555508791,21616993787345
21616555508791,21617132788195
21616555508791,21617312812397
21617335329001,21617312812397
21617335329001,21617615253202
21617335329001,21618162756873
21617335329001,21618329329429
21617335329001,21618484981509
21618511477080,21618484981509
21618511477080,21618696302304
21618511477080,21618910648689
21618511477080,21619098691946
21618511477080,21619390385778
21619455855540,21619390385778
21619455855540,21619722783211
21619455855540,21619971504751
21619455855540,21620170341558
21619455855540,21620324159436
21620343576455,21620324159436
21620343576455,21620533116228
21620343576455,21620753321486
21620343576455,21620923150047
21620343576455,21621119444696
21620925117507,21621119444696
21620925117507,21621369252271
21620925117507,21621569072501
21620925117507,21621764294034
21620925117507,21622159300183
21622267888324,21622159300183
21622267888324,21622529130365
21622267888324,21622708210636
21622267888324,21622857540715
21622267888324,21623194531901
21623195739630,21623194531901
21623195739630,21623473085417
21623195739630,21623699189689
21623195739630,21623867320023
21623195739630,21624069316124
21623195739630,21624238665055
21624075465971,21624238665055
21624075465971,21624476237726
21624075465971,21624630635193
21624075465971,21624882151351
21624915321207,21624882151351
21624915321207,21625120249119
21624915321207,21625301099055
21624915321207,21625437582464
21624915321207,21625798837724
21625808617059,21625798837724
21625808617059,21626015425453
21625808617059,21626316493065
21625808617059,21626471504182
21625808617059,21626779867812
21625808617059,21626931078269
21626782279549,21626931078269
21626782279549,21627075146190
21626782279549,21627161977159
21626782279549,21627960243344
21627981843916,21627960243344
21627981843916,21628187099555
21627981843916,21628405493284
21627981843916,21628557096026
21627981843916,21628839168153
21628910070338,21628839168153
21628910070338,21629207213944
21628910070338,21629409622442
21628910070338,21629546918567
21628910070338,21629760900456
21629772151262,21629760900456
21629772151262,21629985821930
21629772151262,21630151151459
21629772151262,21630415051349
21629772151262,21630619964496
21630695567341,21630619964496
21630695567341,21630882856512
21630695567341,21631046602977
21630695567341,21631274678204
21630695567341,21631430635957
21631553073497,21631430635957
21631553073497,21631851146830
21631553073497,21632081440726
21631553073497,21632274249423
21631553073497,21632518058082
21632520559380,21632518058082
21632520559380,21632693335908
21632520559380,21632871990545
21632520559380,21633043297429
21633045156616,21633043297429
21633045156616,21633258963360
21633045156616,21633382312733
21633045156616,21633581740434
21633045156616,21633808406513
21633830408344,21633808406513
21633830408344,21634111104123
21633830408344,21634265675776
21633830408344,21634492307911
21633830408344,21634707285334
21633830408344,21635206883284
21635209913410,21635206883284
21635209913410,21635433386024
21635209913410,21635590512226
21635209913410,21635777879967
21635209913410,21636048191058
21636141154229,21636048191058
21636141154229,21636313820352
21636141154229,21636607318400
21636141154229,21636769142545
21636141154229,21636954326549
21637067436646,21636954326549
21637067436646,21637383714568
21637067436646,21637685097984
21637067436646,21637827397516
21637067436646,21638015697911
21638024443062,21638015697911
21638024443062,21638246233300
21638024443062,21638423256051
21638024443062,21638569472979
21638606519888,21638569472979
21638606519888,21638806703043
21638606519888,21638954155749
21638606519888,21639092550319
21638606519888,21639312380882
21638606519888,21639911420307
21639914465905,21639911420307
21639914465905,21640111525337
21639914465905,21640414463395
21639914465905,21640541943572
21640543124508,21640541943572
21640543124508,21640680907821
21640543124508,21640806084988
21640543124508,21640932483295
21640543124508,21641327918139
21640543124508,21641787232870
21641814134252,21641787232870
21641814134252,21641988098178
21641814134252,21642214577849
21641814134252,21642375986650
21641814134252,21642878956584
21642881231693,21642878956584
21642881231693,21643106030566
21642881231693,21643268699190
21642881231693,21643470754207
21642881231693,21643736838010
21643738226956,21643736838010
21643738226956,21643917416988
21643738226956,21644124261834
21643738226956,21644255775346
21644258693975,21644255775346
21644258693975,21644497267935
21644258693975,21644635922012
21644258693975,21644894838805
21644258693975,21645192321627
21645218319898,21645192321627
21645218319898,21645427715175
21645218319898,21645929426406
21645218319898,21646151658625
21645218319898,21646423732961
21645218319898,21646813234163
21646814534878,21646813234163
21646814534878,21647068722391
21646814534878,21647245443235
21646814534878,21647381722362
21646814534878,21647600057678
21647734549167,21647600057678
21647734549167,21647953000689
21647734549167,21648144395809
21647734549167,21648313848898
21647734549167,21648637599711
21648642634910,21648637599711
21648642634910,21648817776043
21648642634910,21649030322991
21648642634910,21649178339259
21648642634910,21649499164001
21649629508519,21649499164001
21649629508519,21649840487251
21649629508519,21650035357952
21649629508519,21650227624348
21649629508519,21650536208506
21650631481292,21650536208506
21650631481292,21650866393349
21650631481292,21651052033662
21650631481292,21651193835168
21650631481292,21651665615091
21651669497906,21651665615091
21651669497906,21651862856454
21651669497906,21652012682299
21651669497906,21652185633379
21651669497906,21652437416731
21652440692132,21652437416731
21652440692132,21652729125087
21652440692132,21652947165810
21652440692132,21653136337953
21652440692132,21653432741746
21653513891254,21653432741746
21653513891254,21653701834952
21653513891254,21653979741678
21653513891254,21654117433620
21653513891254,21654417064951
21654451137682,21654417064951
21654451137682,21654724021597
21654451137682,21654877906574
21654451137682,21655050022086
21654451137682,21655411330559
21655445544061,21655411330559
21655445544061,21655717097323
21655445544061,21655959080898
21655445544061,21656165561135
21656173115890,21656165561135
21656173115890,21656411803607
21656173115890,21656626694772
21656173115890,21656831805227
21656173115890,21656979425452
21656982383801,21656979425452
21656982383801,21657211765259
21656982383801,21657390588003
21656982383801,21657530402949
21656982383801,21657679168778
21656982383801,21658123775401
21658172463138,21658123775401
21658172463138,21658382281739
21658172463138,21658585090304
21658172463138,21658739644303
21658172463138,21659103420250
21659105507172,21659103420250
21659105507172,21659337445003
21659105507172,21659537505329
21659539535093,21659537505329
21659539535093,21659688690430
21659539535093,21659846115354
21659539535093,21660018631572
21659539535093,21660190431648
21659539535093,21660433077565
21659539535093,21660894657953
21660897711409,21660894657953
21660897711409,21661122510606
21660897711409,21661413793875
21660897711409,21661596664275
21660897711409,21661717312760
21661719189474,21661717312760
21661719189474,21661874532107
21661719189474,21662113144067
21661719189474,21662280062926
21662282753069,21662280062926
21662282753069,21662565776543
21662282753069,21662752922094
21662282753069,21662891503183
21662282753069,21663065596287
21662282753069,21663520301900
21663562779202,21663520301900
21663562779202,21663745309568
21663562779202,21663924132172
21663562779202,21664149271340
21663562779202,21664454796658
21664456445998,21664454796658
21664456445998,21664604458720
21664456445998,21664862687859
21664456445998,21665041602017
21665043565147,21665041602017
21665043565147,21665280203139
21665043565147,21665446197124
21665043565147,21665688361312
21665043565147,21665829878235
21665874966088,21665829878235
21665874966088,21666083367100
21665874966088,21666254095984
21665874966088,21666417189141
21665874966088,21666758700157
21665874966088,21667166886240
21667277800881,21667166886240
21667277800881,21667456083885
21667277800881,21667669095438
21667277800881,21667862356311
21667277800881,21668169165380
21668254070871,21668169165380
21668254070871,21668512135948
21668254070871,21668672308786
21668254070871,21668874069455
21668254070871,21669137234683
21669199144332,21669137234683
21669199144332,21669347876467
21669199144332,21669618313499
21669199144332,21669778877313
21669199144332,21670090222779
21670091588100,21670090222779
21670091588100,21670312080230
21670091588100,21670486103735
21670091588100,21670693844237
21670091588100,21671006073878
21671061422946,21671006073878
21671061422946,21671334228717
21671061422946,21671493590959
21671061422946,21671618913271
21671061422946,21671982722249
21672017465047,21671982722249
21672017465047,21672153020097
21672017465047,21672401994840
21672017465047,21672564341666
21672565770520,21672564341666
21672565770520,21672813445108
21672565770520,21672960428144
21672565770520,21673099000685
21672565770520,21673391184725
21672565770520,21673816369599
21673826597154,21673816369599
21673826597154,21674033349394
21673826597154,21674216324794
21673826597154,21674423306197
21673826597154,21674777404574
21674826846921,21674777404574
21674826846921,21675006526599
21674826846921,21675185084946
21674826846921,21675339943775
21674826846921,21675722801319
21675802550797,21675722801319
21675802550797,21676068269335
21675802550797,21676251870214
21675802550797,21676399657147
21675802550797,21676552635220
21676694035458,21676552635220
21676694035458,21676929502386
21676694035458,21677076878531
21676694035458,21677250245469
21676694035458,21677571416268
21677661354093,21677571416268
21677661354093,21677863177834
21677661354093,21678078361333
21677661354093,21678251965245
21677661354093,21678677680486
21678688296349,21678677680486
21678688296349,21678872725514
21678688296349,21679077560863
21678688296349,21679247344294
21678688296349,21679593222300
21679595395675,21679593222300
21679595395675,21679758178927
21679595395675,21679960653257
21679595395675,21680100377233
21680101814709,21680100377233
21680101814709,21680251692265
21680101814709,21680504927073
21680101814709,21680661248688
21680101814709,21681222808214
21680101814709,21681661230002
21681664744516,21681661230002
21681664744516,21681880120408
21681664744516,21682006645150
21681664744516,21682181041389
21681664744516,21682625421189
21682674683954,21682625421189
21682674683954,21682912621792
21682674683954,21683100760341
21682674683954,21683233962937
21682674683954,21683576149653
21683673214365,21683576149653
21683673214365,21683952133480
21683673214365,21684091013892
21683673214365,21684389058511
21683673214365,21684592183344
21684666030143,21684592183344
21684666030143,21684985289131
21684666030143,21685152792498
21684666030143,21685293488179
21684666030143,21685710446337
21685713209244,21685710446337
21685713209244,21685948509303
21685713209244,21686148375363
21685713209244,21686300469170
21686303181463,21686300469170
21686303181463,21686516226463
21686303181463,21686673489953
21686303181463,21686828494640
21686303181463,21687173038396
21687175016423,21687173038396
21687175016423,21687427943164
21687175016423,21687601146070
21687175016423,21687739195111
21687175016423,21688065419575
21687175016423,21688438221999
21688464574594,21688438221999
21688464574594,21688654997377
21688464574594,21688868072604
21688464574594,21689081022915
21689083382484,21689081022915
21689083382484,21689366102973
21689083382484,21689586278879
21689083382484,21689745206748
21689083382484,21689963404750
21689083382484,21690147751772
21690233236441,21690147751772
21690233236441,21690462236784
21690233236441,21690641429359
21690233236441,21690773656267
21690233236441,21691179912858
21691201334189,21691179912858
21691201334189,21691464825557
21691201334189,21691683250285
21691685884025,21691683250285
21691685884025,21691910165254
21691685884025,21692099697425
21691685884025,21692257858930
21691685884025,21692393955527
21691685884025,21692631075845
21691685884025,21692889620481
21693014213781,21692889620481
21693014213781,21693286320084
21693014213781,21693464667840
21693014213781,21693616933399
21693014213781,21693889932656
21693941374176,21693889932656
21693941374176,21694234959726
21693941374176,21694365088005
21693941374176,21694633913440
21693941374176,21694878717781
21694927904120,21694878717781
21694927904120,21695190387495
21694927904120,21695387755580
21695399346523,21695387755580
21695399346523,21695601933231
21695399346523,21695729375791
21695399346523,21695864097056
21695399346523,21696027624780
21695399346523,21696331339765
21696365898827,21696331339765
21696365898827,21696669045805
21696365898827,21696848588210
21696365898827,21697043084363
21696365898827,21697331121590
21696365898827,21697715473169
21697724350421,21697715473169
21697724350421,21697920103945
21697724350421,21698166338772
21697724350421,21698455812707
21697724350421,21698648191782
21698720035890,21698648191782
21698720035890,21698992398467
21698720035890,21699188824139
21698720035890,21699352826552
21698720035890,21699618214835
21699810323113,21699618214835
21699810323113,21700399620662
21699810323113,21700584886667
21699810323113,21700712757546
21699810323113,21700866533420
21700867972599,21700866533420
21700867972599,21701118136606
21700867972599,21701271057291
21700867972599,21701461752743
21700867972599,21701644250923
21701707493132,21701644250923
21701707493132,21701971229709
21701707493132,21702132509063
21701707493132,21702317249097
21701707493132,21702546859686
21702623039430,21702546859686
21702623039430,21702897144344
21702623039430,21703074997929
21702623039430,21703246363756
21702623039430,21703488304392
21703582796405,21703488304392
21703582796405,21703864626463
21703582796405,21703995133464
21703582796405,21704172617095
21703582796405,21704601626567
21704603946388,21704601626567
21704603946388,21704799800857
21704603946388,21705003314193
21704603946388,21705155422245
21704603946388,21705382082829
21704603946388,21705598746604
21705427302293,21705598746604
21705427302293,21705856537805
21705427302293,21706013516925
21705427302293,21706281508550
21706324137790,21706281508550
21706324137790,21706555668796
21706324137790,21706750252090
21706324137790,21706921510311
21706324137790,21707273341161
21707294837068,21707273341161
21707294837068,21707545976884
21707294837068,21707788967556
21707294837068,21707975056311
21707294837068,21708137359970
21708282359687,21708137359970
21708282359687,21708281256699
21708282359687,21708428832752
21708282359687,21708614595717
21708282359687,21709144639609
21709147105876,21709144639609
21709147105876,21709413879562
21709147105876,21709691314481
21709147105876,21709848969211
21709147105876,21710013820742
21710251992235,21710013820742
21710251992235,21710452362696
21710251992235,21710668499460
21710251992235,21710807450146
21710251992235,21711025827946
21711061593208,21711025827946
21711061593208,21711275211253
21711061593208,21711443837356
21711061593208,21711686529654
21711061593208,21712024569562
21712086044429,21712024569562
21712086044429,21712283354039
21712086044429,21712472137760
21712086044429,21712627262206
21712086044429,21712972550028
21713013304889,21712972550028
21713013304889,21713180472280
21713013304889,21713402970485
21713013304889,21713537958300
21713013304889,21713846303128
21713878548408,21713846303128
21713878548408,21714105440274
21713878548408,21714244914939
21713878548408,21714482607889
21713878548408,21714679173561
21714484866824,21714679173561
21714484866824,21714857182196
21714484866824,21715020273512
21714484866824,21715151436334
21714484866824,21715573981666
21715665128836,21715573981666
21715665128836,21715901360274
21715665128836,21716087540673
21716094029494,21716087540673
21716094029494,21716342882789
21716094029494,21716511976544
21716094029494,21716707667062
21716094029494,21716852399563
21716094029494,21717028154168
21716094029494,21717426444222
21717434778155,21717426444222
21717434778155,21717702491273
21717434778155,21717875055473
21717434778155,21718035218905
21717434778155,21718311482852
21718398214196,21718311482852
21718398214196,21718608257786
21718398214196,21718796248221
21718398214196,21718962127073
21718398214196,21719314361287
21719368294139,21719314361287
21719368294139,21719647656292
21719368294139,21719819879287
21719368294139,21719975735161
21719368294139,21720212197982
21720317486993,21720212197982
21720317486993,21720501414679
21720317486993,21720713364594
21720317486993,21720964321452
21720317486993,21721253829513
21721289320829,21721253829513
21721289320829,21721553165571
21721289320829,21721706655430
21721289320829,21721853820706
21721857400473,21721853820706
21721857400473,21722063243053
21721857400473,21722192193361
21721857400473,21722266895291
21721857400473,21722910383229
21721857400473,21723407105448
21723833631220,21723407105448
21723833631220,21724060025879
21723833631220,21724183280250
21724230674208,21724183280250
21724230674208,21724373483533
21724230674208,21724560051893
21724230674208,21724705287347
21724230674208,21724870775931
21724230674208,21725088928823
21724230674208,21725620676468
21725622705788,21725620676468
21725622705788,21725796914249
21725622705788,21725956636839
21725622705788,21726184462118
21725622705788,21726509374083
21726511821251,21726509374083
21726511821251,21726723393995
21726511821251,21726936986559
21726511821251,21727134033303
21727136149520,21727134033303
21727136149520,21727371967761
21727136149520,21727514768188
21727136149520,21727669242730
21727136149520,21727911048404
21727136149520,21728372326110
21728374190499,21728372326110
21728374190499,21728554465123
21728374190499,21728744353814
21728374190499,21728906124949
21728374190499,21729283958654
21729286342334,21729283958654
21729286342334,21729487494890
21729286342334,21729648420839
21729286342334,21729823130147
21729825493371,21729823130147
21729825493371,21730033353401
21729825493371,21730214563164
21729825493371,21730391276803
21729825493371,21730638352430
21729825493371,21731034481606
21731112810336,21731034481606
21731112810336,21731375676273
21731112810336,21731522236972
21731112810336,21731683976126
21731685943684,21731683976126
21731685943684,21731875286002
21731685943684,21732100076208
21731685943684,21732302421083
21731685943684,21732584739197
21731685943684,21732993402772
21732996247966,21732993402772
21732996247966,21733187052357
21732996247966,21733410030437
21732996247966,21733596243319
21733599361655,21733596243319
21733599361655,21733779562138
21733599361655,21733941928063
21733599361655,21734102053566
21733599361655,21734349728122
21734351117879,21734349728122
21734351117879,21734597112714
21734351117879,21734862062020
21734351117879,21735043631584
21734351117879,21735310740226
21734351117879,21735676574872
21735744686240,21735676574872
21735744686240,21735998720646
21735744686240,21736187989269
21735744686240,21736367313699
21735744686240,21736684547394
21736689016658,21736684547394
21736689016658,21736915316809
21736689016658,21737108184293
21736689016658,21737288717058
21736689016658,21737709350475
21737713640067,21737709350475
21737713640067,21737921359116
21737713640067,21738116666085
21737713640067,21738278452838
21737713640067,21738576298088
21738697228038,21738576298088
21738697228038,21738913854605
21738697228038,21739143482806
21738697228038,21739291017247
21738697228038,21739701799007
21739725711684,21739701799007
21739725711684,21739927016158
21739725711684,21740125289780
21739725711684,21740286936396
21739725711684,21740586924842
21740672860895,21740586924842
21740672860895,21740908112660
21740672860895,21741154599545
21740672860895,21741327592864
21741330208100,21741327592864
21741330208100,21741520411396
21741330208100,21741674126005
21741330208100,21741874800182
21741330208100,21742161027550
21741330208100,21742644197950
21742646277175,21742644197950
21742646277175,21742867892569
21742646277175,21743049075119
21742646277175,21743202334709
21743205035142,21743202334709
21743205035142,21743452281408
21743205035142,21743610061722
21743205035142,21743742118126
21743205035142,21744064113111
21743205035142,21744565215642
21744577568466,21744565215642
21744577568466,21744812900098
21744577568466,21744983340334
21744577568466,21745231360223
21745234439497,21745231360223
21745234439497,21745445333362
21745234439497,21745608356504
21745234439497,21745801634667
21745234439497,21745922497226
21745234439497,21746314176859
21746417732476,21746314176859
21746417732476,21746667025794
21746417732476,21746811271958
21746417732476,21747017232737
21746417732476,21747327107121
21747396855152,21747327107121
21747396855152,21747540344787
21747396855152,21747740026566
21747396855152,21747952108423
21747396855152,21748337776797
21748464587799,21748337776797
21748464587799,21748740233619
21748464587799,21748886476502
21748464587799,21749141698924
21749146499898,21749141698924
21749146499898,21749431078524
21749146499898,21749581411924
21749146499898,21749739124514
21749146499898,21749912901209
21749146499898,21750363242132
21750364793258,21750363242132
21750364793258,21750606149229
21750364793258,21750777184696
21750364793258,21750948232203
21750364793258,21751230387320
21751232527317,21751230387320
21751232527317,21751464901236
21751232527317,21751608401574
21751232527317,21751744279713
21751232527317,21752145429708
21752159168489,21752145429708
21752159168489,21752434391696
21752159168489,21752644502913
21752159168489,21752859258205
21752159168489,21753276901785
21753410351723,21753276901785
21753410351723,21753590508035
21753410351723,21753853055263
21753410351723,21753998220836
21753410351723,21754144538443
21754234959546,21754144538443
21754234959546,21754492380025
21754234959546,21754697232688
21754234959546,21754875473031
21754234959546,21755154142915
21755209379227,21755154142915
21755209379227,21755398732541
21755209379227,21755653518757
21755209379227,21755820407559
21755209379227,21756043800963
21756123211002,21756043800963
21756123211002,21756377784538
21756123211002,21756619915824
21756123211002,21756783196405
21756123211002,21756952091412
21757049413270,21756952091412
21757049413270,21757225378569
21757049413270,21757481543216
21757049413270,21757679808412
21757681769376,21757679808412
21757681769376,21757862806080
21757681769376,21758013749103
21757681769376,21758183823335
21757681769376,21758500334276
21757681769376,21758793376020
21758870020372,21758793376020
21758870020372,21759076415282
21758870020372,21759307400077
21758870020372,21759510015479
21758870020372,21759849291326
21759851389893,21759849291326
21759851389893,21760075237469
21759851389893,21760253172400
21759851389893,21760419180990
21759851389893,21760719713983
21760723867645,21760719713983
21760723867645,21760982948239
21760723867645,21761214685391
21760723867645,21761375428986
21760723867645,21761603368927
21761681250621,21761603368927
21761681250621,21761875756319
21761681250621,21762136642070
21761681250621,21762282943129
21762284141582,21762282943129
21762284141582,21762512090214
21762284141582,21762691185163
21762284141582,21762860396943
21762284141582,21763171089267
21762284141582,21763418840840
21763420281008,21763418840840
21763420281008,21763664130007
21763420281008,21763819950030
21763420281008,21764023362664
21763420281008,21764368430854
21764370140602,21764368430854
21764370140602,21764568239109
21764370140602,21764706454629
21764370140602,21764867093669
21764370140602,21765282943170
21765348674131,21765282943170
21765348674131,21765552970589
21765348674131,21765735877765
21765348674131,21765855387326
21765348674131,21766013173222
21765857540234,21766013173222
21765857540234,21766260695523
21765857540234,21766417855303
21765857540234,21766741905833
21765857540234,21767141214193
21767200351842,21767141214193
21767200351842,21767446796264
21767200351842,21767596272992
21767200351842,21767776708828
21767200351842,21768157629165
21768159827680,21768157629165
21768159827680,21768348343994
21768159827680,21768562367089
21768159827680,21768750252717
21768159827680,21769184288222
21768159827680,21769367298589
21769195364081,21769367298589
21769195364081,21769592963609
21769195364081,21769746852983
21769195364081,21770070885016
21770149410329,21770070885016
21770149410329,21770375580944
21770149410329,21770545337213
21770149410329,21770742385424
21770744048383,21770742385424
21770744048383,21770990299335
21770744048383,21771159384463
21770744048383,21771312386712
21770744048383,21771698051248
21770744048383,21772194488569
21772225363350,21772194488569
21772225363350,21772502184836
21772225363350,21772656398385
21772225363350,21772830667319
21772832867187,21772830667319
21772832867187,21773030679731
21772832867187,21773246290056
21772832867187,21773457611507
21772832867187,21773639488637
21773646926283,21773639488637
21773646926283,21773864372695
21773646926283,21774048073890
21773646926283,21774259285489
21773646926283,21774522419270
21773646926283,21774888815393
21774995584220,21774888815393
21774995584220,21775262351902
21774995584220,21775435073843
21775470080897,21775435073843
21775470080897,21775721941083
21775470080897,21775878461806
21775470080897,21776008701473
21775470080897,21776490245279
21775470080897,21776644097645
21776764918565,21776644097645
21776764918565,21776968972912
21776764918565,21777132076485
21776764918565,21777362233111
21776764918565,21777615551654
21776764918565,21778124021878
21778215749822,21778124021878
21778215749822,21778461860682
21778215749822,21778637592970
21778215749822,21778814493860
21778215749822,21779164174575
21779166152779,21779164174575
21779166152779,21779360415600
21779166152779,21779668264647
21779166152779,21779824525562
21779166152779,21780112877621
21780114673140,21780112877621
21780114673140,21780409350088
21780114673140,21780612623086
21780114673140,21780768644621
21780770879567,21780768644621
21780770879567,21780944984302
21780770879567,21781076252671
21780770879567,21781267050850
21780770879567,21781485249486
21780770879567,21781861509289
21781943477116,21781861509289
21781943477116,21782233786831
21781943477116,21782431567638
21781943477116,21782673166586
21782675055423,21782673166586
21782675055423,21782915192998
21782675055423,21783082642797
21782675055423,21783227244806
21782675055423,21783391720299
21782675055423,21783688774785
21783774658696,21783688774785
21783774658696,21784029769065
21783774658696,21784276029693
21783774658696,21784439034675
21783774658696,21784595297774
21783774658696,21784806362328
21784623649256,21784806362328
21784623649256,21785054219660
21784623649256,21785231163333
21784623649256,21785495539949
21785526516972,21785495539949
21785526516972,21785717713071
21785526516972,21785918276856
21785526516972,21786091113001
21785526516972,21786369165341
21786458307228,21786369165341
21786458307228,21786740883347
21786458307228,21786882071142
21786458307228,21787047454536
21786458307228,21787311877766
21787342026068,21787311877766
21787342026068,21787523122651
21787342026068,21787787421238
21787342026068,21787951819134
21787954837529,21787951819134
21787954837529,21788149377074
21787954837529,21788304599893
21787954837529,21788476411330
21787954837529,21788676766785
21787954837529,21789058852544
21789145216608,21789058852544
21789145216608,21789388323022
21789145216608,21789560311844
21789145216608,21789786880772
21789145216608,21790181465745
21790232563664,21790181465745
21790232563664,21790484885068
21790232563664,21790711129993
21790232563664,21790881334190
21790232563664,21791334897677
21791337585319,21791334897677
21791337585319,21791553242929
21791337585319,21791685769954
21791337585319,21791827940372
21791337585319,21792113403633
21791337585319,21792323113811
21792168893884,21792323113811
21792168893884,21792594478868
21792168893884,21792798702054
21792168893884,21793013949426
21792168893884,21793234095931
21793073674778,21793234095931
21793073674778,21793498459683
21793073674778,21793754064825
21793073674778,21793988405184
21794042933587,21793988405184
21794042933587,21794291663893
21794042933587,21794435316333
21794042933587,21794642298403
21794042933587,21794900186328
21794960693791,21794900186328
21794960693791,21795248623762
21794960693791,21795447434148
21794960693791,21795636123036
21794960693791,21795819169677
21795952353266,21795819169677
21795952353266,21796196498718
21795952353266,21796434709566
21795952353266,21796627069781
21796629571104,21796627069781
21796629571104,21796785396972
21796629571104,21796936969781
21796629571104,21797119259472
21796629571104,21797289197504
21796629571104,21797713485667
21797716640336,21797713485667
21797716640336,21797872283516
21797716640336,21798114633056
21797716640336,21798398305850
21797716640336,21798614264561
21798728775190,21798614264561
21798728775190,21799063999770
21798728775190,21799247463616
21798728775190,21799445401651
21799449976912,21799445401651
21799449976912,21799715356702
21799449976912,21799851842272
21799449976912,21800016231441
21799449976912,21800252649210
21799449976912,21800666202637
21800790911141,21800666202637
21800790911141,21801002765127
21800790911141,21801149529782
21800790911141,21801345946025
21800790911141,21801619398909
21801622114833,21801619398909
21801622114833,21801855310508
21801622114833,21802036897495
21801622114833,21802211768520
21801622114833,21802569086820
21802584834623,21802569086820
21802584834623,21802864341175
21802584834623,21803064749905
21802584834623,21803249543258
21802584834623,21803555331290
21803608511354,21803555331290
21803608511354,21803844264091
21803608511354,21804051371551
21803608511354,21804208593854
21803608511354,21804552595142
21804554716027,21804552595142
21804554716027,21804764566699
21804554716027,21804965164105
21804554716027,21805147206979
21804554716027,21805553219746
21805555182433,21805553219746
21805555182433,21805773067958
21805555182433,21805942745667
21805555182433,21806086862270
21805555182433,21806479938967
21806484432349,21806479938967
21806484432349,21806668363176
21806484432349,21806889429404
21806484432349,21807096426745
21806484432349,21807390796257
21807393351362,21807390796257
21807393351362,21807657190632
21807393351362,21807831967514
21807393351362,21808005749912
21807393351362,21808162703995
21808338591112,21808162703995
21808338591112,21808583015823
21808338591112,21808808583836
21808338591112,21808981505078
21808338591112,21809708386838
21809710415406,21809708386838
21809710415406,21809990791817
21809710415406,21810135262579
21809710415406,21810296745286
21809710415406,21810513624834
21810794468502,21810513624834
21810794468502,21810983812986
21810794468502,21811229217107
21810794468502,21811449688526
21810794468502,21811753736794
21811755909110,21811753736794
21811755909110,21811990702577
21811755909110,21812187387084
21811755909110,21812331605790
21812333184990,21812331605790
21812333184990,21812505305655
21812333184990,21812722157568
21812333184990,21812926349931
21812333184990,21813086476577
21812333184990,21813642324293
21813668646471,21813642324293
21813668646471,21813859313769
21813668646471,21814111222928
21813668646471,21814273751381
21814278534683,21814273751381
21814278534683,21814453843640
21814278534683,21814613855548
21814278534683,21814790207441
21814278534683,21815016343541
21815042428036,21815016343541
21815042428036,21815281674332
21815042428036,21815448667829
21815042428036,21815654302696
21815042428036,21815949282351
21815980276488,21815949282351
21815980276488,21816200845074
21815980276488,21816435131304
21815980276488,21816664820833
21815980276488,21816944620800
21815980276488,21817356580219
21817365851642,21817356580219
21817365851642,21817663698878
21817365851642,21817838410259
21817365851642,21818000565919
21818002851422,21818000565919
21818002851422,21818194108960
21818002851422,21818304815786
21818002851422,21818490233585
21818002851422,21818735650143
21818806905720,21818735650143
21818806905720,21819037975256
21818806905720,21819249639123
21818806905720,21819455241929
21818806905720,21819756901323
21818806905720,21820141337042
21820198060061,21820141337042
21820198060061,21820467165836
21820198060061,21820660650887
21820198060061,21820866484605
21820198060061,21821313817864
21821315876328,21821313817864
21821315876328,21821565283596
21821315876328,21821713612807
21821315876328,21821891422552
21821315876328,21822129222199
21822193861122,21822129222199
21822193861122,21822411841700
21822193861122,21822604640424
21822193861122,21822774934530
21822776997745,21822774934530
21822776997745,21822935637790
21822776997745,21823125493652
21822776997745,21823289185986
21822776997745,21823602446247
21823604196460,21823602446247
21823604196460,21823803955583
21823604196460,21823999407653
21823604196460,21824127039571
21823604196460,21824497986723
21823604196460,21824942253181
21824943776144,21824942253181
21824943776144,21825228214350
21824943776144,21825422260085
21824943776144,21825658296490
21824943776144,21825923367616
21825925222013,21825923367616
21825925222013,21826205802026
21825925222013,21826352372453
21825925222013,21826479109617
21826480905586,21826479109617
21826480905586,21826672919177
21826480905586,21826903213992
21826480905586,21827138209699
21826480905586,21827443701861
21826480905586,21827786492997
21827898248186,21827786492997
21827898248186,21828104213870
21827898248186,21828307714990
21827898248186,21828538917442
21827898248186,21828827984355
21828850896992,21828827984355
21828850896992,21829073368768
21828850896992,21829321499931
21828850896992,21829482140694
21829485603150,21829482140694
21829485603150,21829656168344
21829485603150,21829833148632
21829485603150,21829977667927
21829485603150,21830157517814
21829485603150,21830610473030
21830623751688,21830610473030
21830623751688,21830888805887
21830623751688,21831107604847
21830623751688,21831353870464
21831366770891,21831353870464
21831366770891,21831576110880
21831366770891,21831723210797
21831366770891,21831954648747
21831366770891,21832229930193
21831366770891,21832638908334
21832752559610,21832638908334
21832752559610,21833004941022
21832752559610,21833177317795
21832752559610,21833324267651
21832752559610,21833529494941
21833714843842,21833529494941
21833714843842,21833947619170
21833714843842,21834149993390
21833714843842,21834346697637
21833714843842,21834666502065
21834675015374,21834666502065
21834675015374,21834923026144
21834675015374,21835066493768
21834675015374,21835224552317
21834675015374,21835561912534
21835595299706,21835561912534
21835595299706,21835862057558
21835595299706,21836059454242
21835595299706,21836212482284
21835595299706,21836436285378
21836491740568,21836436285378
21836491740568,21836814256184
21836491740568,21836973716485
21836491740568,21837172114577
21836491740568,21837564650124
21837795588022,21837564650124
21837795588022,21837996534846
21837795588022,21838102134731
21837795588022,21838289201635
21837795588022,21838413272070
21838540297892,21838413272070
21838540297892,21838812638474
21838540297892,21839018781680
21838540297892,21839240403508
21838540297892,21839391839241
21839414251356,21839391839241
21839414251356,21839662330693
21839414251356,21839809741177
21839414251356,21839990450352
21839414251356,21840249373745
21840380306269,21840249373745
21840380306269,21840614779502
21840380306269,21840799912306
21840380306269,21840949306427
21840380306269,21841348923770
21841351612771,21841348923770
21841351612771,21841619779574
21841351612771,21841780618711
21841351612771,21841980312389
21841985385096,21841980312389
21841985385096,21842196186491
21841985385096,21842410319321
21841985385096,21842561463532
21841985385096,21842821001813
21842822042448,21842821001813
21842822042448,21843055388827
21842822042448,21843277976492
21842822042448,21843477912938
21842822042448,21843622422574
21843691148316,21843622422574
21843691148316,21843926069458
21843691148316,21844122872747
21843691148316,21844370062999
21843691148316,21844628989404
21843691148316,21844989602606
21845090896063,21844989602606
21845090896063,21845375199670
21845090896063,21845610149253
21845090896063,21845784540621
21845090896063,21846004025190
21846073590281,21846004025190
21846073590281,21846347215538
21846073590281,21846508841212
21846073590281,21846741155294
21846073590281,21847060060808
21847062642136,21847060060808
21847062642136,21847304428904
21847062642136,21847463652971
21847062642136,21847631978394
21847633637466,21847631978394
21847633637466,21847847881183
21847633637466,21847975372295
21847633637466,21848140931927
21847633637466,21848353635165
21847633637466,21848872369393
21848874365364,21848872369393
21848874365364,21849115701945
21848874365364,21849354485218
21848874365364,21849518094430
21848874365364,21849687629964
21849762801445,21849687629964
21849762801445,21849977209720
21849762801445,21850193643661
21849762801445,21850408713876
21849762801445,21850647070326
21850678109505,21850647070326
21850678109505,21850845944141
21850678109505,21851057771774
21850678109505,21851250409087
21850678109505,21851701500198
21851720394447,21851701500198
21851720394447,21852028830128
21851720394447,21852184509455
21851720394447,21852429619168
21851720394447,21852645199237
21852648465698,21852645199237
21852648465698,21852932159370
21852648465698,21853089965421
21853092468423,21853089965421
21853092468423,21853346336002
21853092468423,21853508979518
21853092468423,21853675474663
21853092468423,21853858180416
21853092468423,21853988242966
21853092468423,21854386223877
21854455651845,21854386223877
21854455651845,21854712757960
21854455651845,21854897402951
21854455651845,21855082802097
21855084453728,21855082802097
21855084453728,21855336343633
21855084453728,21855502696866
21855084453728,21855661164309
21855084453728,21856003506695
21855084453728,21856319453731
21856366386550,21856319453731
21856366386550,21856668458838
21856366386550,21856892139447
21856366386550,21857037155911
21856366386550,21857381859487
21857405149052,21857381859487
21857405149052,21857649223783
21857405149052,21857818993472
21857405149052,21857974262621
21857405149052,21858344271634
21858345666315,21858344271634
21858345666315,21858565170603
21858345666315,21858766773021
21858345666315,21859007645316
21858345666315,21859264552454
21859266151307,21859264552454
21859266151307,21859470516233
21859266151307,21859765220600
21859266151307,21859967335407
21859969375127,21859967335407
21859969375127,21860214140158
21859969375127,21860405654672
21859969375127,21860563236313
21859969375127,21860765479677
21859969375127,21861445230176
21861453781804,21861445230176
21861453781804,21861709328630
21861453781804,21861839524407
21861453781804,21861974485349
21861453781804,21862417729024
21862419249828,21862417729024
21862419249828,21862666318113
21862419249828,21862807878782
21862419249828,21863010808568
21862419249828,21863316412865
21863349584454,21863316412865
21863349584454,21863531536388
21863349584454,21863765158055
21863349584454,21863929862695
21863931819876,21863929862695
21863931819876,21864092847236
21863931819876,21864302229491
21863931819876,21864481946517
21863931819876,21864699954435
21863931819876,21865165016992
21865217135316,21865165016992
21865217135316,21865453092992
21865217135316,21865619986614
21865217135316,21865836715145
21865839718495,21865836715145
21865839718495,21866047726584
21865839718495,21866242751672
21865839718495,21866386246521
21865839718495,21866531222844
21865839718495,21866995371056
21867065909580,21866995371056
21867065909580,21867230420678
21867065909580,21867536198673
21867550707613,21867536198673
21867550707613,21867746281421
21867550707613,21867907378796
21867550707613,21868058673652
21867550707613,21868244784996
21867550707613,21868428706574
21867550707613,21868959735382
21868966960741,21868959735382
21868966960741,21869237322752
21868966960741,21869435035612
21868966960741,21869653200582
21868966960741,21869954297703
21869983372237,21869954297703
21869983372237,21870250655228
21869983372237,21870457376254
21869983372237,21870652450183
21869983372237,21871033666570
21869983372237,21871214191203
21871035782572,21871214191203
21871035782572,21871437070768
21871035782572,21871590320376
21871035782572,21871955745704
21871964434626,21871955745704
21871964434626,21872218179625
21871964434626,21872339834431
21871964434626,21872534688916
21871964434626,21872815663705
21872913788345,21872815663705
21872913788345,21873103875660
21872913788345,21873361281475
21872913788345,21873489799422
21873491967049,21873489799422
21873491967049,21873699274146
21873491967049,21873901052927
21873491967049,21874077186860
21873491967049,21874381015347
21873491967049,21874864036986
21874866139410,21874864036986
21874866139410,21875073980911
21874866139410,21875273339606
21874866139410,21875462698656
21874866139410,21875793739185
21875809468304,21875793739185
21875809468304,21876054535369
21875809468304,21876208318089
21875809468304,21876402491184
21875809468304,21876727334177
21876734521080,21876727334177
21876734521080,21876987662645
21876734521080,21877210667841
21876734521080,21877423065773
21876734521080,21877752526245
21877754216591,21877752526245
21877754216591,21877908235563
21877754216591,21878076273601
21877754216591,21878217673546
21878219718979,21878217673546
21878219718979,21878388756655
21878219718979,21878533436923
21878219718979,21878670669557
21878219718979,21878909728745
21878219718979,21879388044481
21879430156183,21879388044481
21879430156183,21879702471247
21879430156183,21879914118076
21879430156183,21880078142512
21879430156183,21880320438980
21880336838053,21880320438980
21880336838053,21880613803694
21880336838053,21880785432067
21880336838053,21880921524349
21880336838053,21881343103663
21881377154116,21881343103663
21881377154116,21881620243658
21881377154116,21881880734006
21881377154116,21882082024130
21881377154116,21882268165090
21882084444650,21882268165090
21882084444650,21882398710578
21882084444650,21882643836960
21882084444650,21882783408548
21882084444650,21883269532125
21883321778628,21883269532125
21883321778628,21883655693995
21883321778628,21883811023655
21883321778628,21884010806882
21883321778628,21884285645944
21883321778628,21884562989959
21884348365774,21884562989959
21884348365774,21884796645992
21884348365774,21884921944871
21884348365774,21885427396369
21885547977526,21885427396369
21885547977526,21885798445987
21885547977526,21885961351430
21885547977526,21886106806325
21886113699653,21886106806325
21886113699653,21886363092022
21886113699653,21886487083630
21886113699653,21886688875262
21886113699653,21886871810004
21886113699653,21887265812277
21887506974684,21887265812277
21887506974684,21887676206810
21887506974684,21887785627514
21887506974684,21887956129196
21887506974684,21888093636881
21887958083177,21888093636881
21887958083177,21888236443093
21887958083177,21888378214215
21887958083177,21888636080844
21888683051841,21888636080844
21888683051841,21888888385739
21888683051841,21889095155698
21888683051841,21889227689955
21888683051841,21889654116625
21888683051841,21890027302239
21890082816039,21890027302239
21890082816039,21890346514653
21890082816039,21890631669993
21890082816039,21890853326394
21890082816039,21891033108822
21890082816039,21891187724034
21891189683613,21891187724034
21891189683613,21891375866394
21891189683613,21891518722923
21891189683613,21892163188984
21892207168574,21892163188984
21892207168574,21892383969272
21892207168574,21892534910673
21892207168574,21892722998212
21892207168574,21893172897493
21893174177634,21893172897493
21893174177634,21893329330361
21893174177634,21893537832923
21893174177634,21893711264336
21893174177634,21893950257976
21894021615985,21893950257976
21894021615985,21894241698752
21894021615985,21894461293382
21894021615985,21894655985003
21894021615985,21894954967518
21894957979746,21894954967518
21894957979746,21895136794659
21894957979746,21895381743172
21894957979746,21895519052357
21894957979746,21895914829517
21895938553086,21895914829517
21895938553086,21896185093607
21895938553086,21896327436862
21895938553086,21896477703410
21895938553086,21897011147895
21897013130704,21897011147895
21897013130704,21897180465634
21897013130704,21897374230508
21897013130704,21897561273365
21897013130704,21897956177085
21897983910222,21897956177085
21897983910222,21898143881240
21897983910222,21898358753276
21897983910222,21898587905609
21897983910222,21898969388623
21899047932812,21898969388623
21899047932812,21899248596407
21899047932812,21899517283999
21899047932812,21899727971646
21899047932812,21899934806967
21900015673629,21899934806967
21900015673629,21900271282073
21900015673629,21900447617896
21900015673629,21900648472677
21900015673629,21900892144840
21900999655286,21900892144840
21900999655286,21901181457307
21900999655286,21901363052244
21900999655286,21901579746062
21901581400393,21901579746062
21901581400393,21901783169755
21901581400393,21901962555700
21901581400393,21902109744684
21901581400393,21902452301067
21902497628358,21902452301067
21902497628358,21902711321012
21902497628358,21902882414616
21902497628358,21903124319752
21902497628358,21903419925107
21903422179291,21903419925107
21903422179291,21903678094089
21903422179291,21903876783360
21903422179291,21904093383530
21903422179291,21904278957112
21903422179291,21904632398479
21904769230793,21904632398479
21904769230793,21905019212527
21904769230793,21905193954472
21904769230793,21905347099413
21905348902601,21905347099413
21905348902601,21905546887230
21905348902601,21905718934134
21905348902601,21905959594559
21905348902601,21906198598134
21906373309821,21906198598134
21906373309821,21906534185970
21906373309821,21906716194636
21906373309821,21906897272960
21906373309821,21907203600559
21906373309821,21907713297978
21907714947913,21907713297978
21907714947913,21907948777139
21907714947913,21908111521645
21907714947913,21908244862850
21907714947913,21908759109321
21908761221880,21908759109321
21908761221880,21908916050795
21908761221880,21909067976078
21908761221880,21909239890172
21908761221880,21909536528941
21909552118565,21909536528941
21909552118565,21909792288182
21909552118565,21909993396069
21909552118565,21910197011568
21909552118565,21910467981621
21910549708588,21910467981621
21910549708588,21910781336060
21910549708588,21910922452005
21910549708588,21911163493940
21910549708588,21911426215895
21911585887179,21911426215895
21911585887179,21911793230017
21911585887179,21912028731571
21911585887179,21912212926683
21911585887179,21912554906884
21912576942636,21912554906884
21912576942636,21912861486947
21912576942636,21913059042028
21912576942636,21913261466891
21913264408142,21913261466891
21913264408142,21913469722059
21913264408142,21913630297526
21913264408142,21913883644472
21913264408142,21914142232493
21913264408142,21914519388965
21914526770613,21914519388965
21914526770613,21914769078391
21914526770613,21915016480815
21914526770613,21915218198221
21915220017678,21915218198221
21915220017678,21915389922348
21915220017678,21915542145190
21915220017678,21915756831318
21915220017678,21915934224102
21915220017678,21916388864030
21916390515818,21916388864030
21916390515818,21916682601359
21916390515818,21916905956272
21916390515818,21917096541944
21917098847961,21917096541944
21917098847961,21917367357626
21917098847961,21917521671321
21917098847961,21917679923706
21917098847961,21917878943454
21917880043059,21917878943454
21917880043059,21918135135352
21917880043059,21918309506302
21917880043059,21918449500165
21917880043059,21918749503113
21917880043059,21919173132772
21917880043059,21919336726422
21919176939231,21919336726422
21919176939231,21919524637147
21919176939231,21919744957216
21919176939231,21920012512704
21920071938856,21920012512704
21920071938856,21920225767792
21920071938856,21920520538872
21920071938856,21920700982156
21920071938856,21920858484365
21920871176745,21920858484365
21920871176745,21921099211679
21920871176745,21921350079612
21920871176745,21921523392557
21920871176745,21921820557676
21921822826313,21921820557676
21921822826313,21922052517701
21921822826313,21922267259074
21921822826313,21922435302540
21921822826313,21922649623576
21922763769581,21922649623576
21922763769581,21923043022791
21922763769581,21923289569391
21922763769581,21923419462641
21922763769581,21923811020047
21924006629196,21923811020047
21924006629196,21924197244235
21924006629196,21924370998170
21924006629196,21924495121826
21924006629196,21924667392489
21924765116003,21924667392489
21924765116003,21925029415291
21924765116003,21925179741634
21924765116003,21925330335489
21925331523154,21925330335489
21925331523154,21925534596140
21925331523154,21925713481693
21925331523154,21925905036198
21925331523154,21926171437510
21925331523154,21926428384467
21926254225349,21926428384467
21926254225349,21926606690044
21926254225349,21926738329989
21926254225349,21927182558587
21927184300982,21927182558587
21927184300982,21927483635572
21927184300982,21927636356844
21927184300982,21927814726535
21927184300982,21928023395731
21928110147380,21928023395731
21928110147380,21928410347410
21928110147380,21928574443733
21928110147380,21928735057589
21928110147380,21929080569982
21928110147380,21929494075680
21929502180404,21929494075680
21929502180404,21929676421336
21929502180404,21929876624526
21929502180404,21930011019264
21929502180404,21930398621131
21930426946893,21930398621131
21930426946893,21930714017350
21930426946893,21930936037935
21930426946893,21931096170828
21931099405725,21931096170828
21931099405725,21931282127947
21931099405725,21931514542752
21931099405725,21931670304449
21931099405725,21931855273898
21931099405725,21932303123639
21932304456639,21932303123639
21932304456639,21932491271166
21932304456639,21932700625659
21932304456639,21932876018690
21932304456639,21933228897782
21933231095065,21933228897782
21933231095065,21933479781933
21933231095065,21933643914225
21933231095065,21933786162266
21933231095065,21934132087843
21934135620067,21934132087843
21934135620067,21934410141980
21934135620067,21934593882342
21934135620067,21934777427242
21934779222303,21934777427242
21934779222303,21935005298627
21934779222303,21935166757724
21934779222303,21935308374626
21934779222303,21935442214498
21934779222303,21935905299707
21935907019671,21935905299707
21935907019671,21936112331924
21935907019671,21936302283515
21935907019671,21936500357772
21936502030062,21936500357772
21936502030062,21936661389871
21936502030062,21936806295320
21936502030062,21937071751872
21936502030062,21937310407857
21936502030062,21937713400839
21937715405469,21937713400839
21937715405469,21937948544145
21937715405469,21938113993011
21937715405469,21938286279887
21937715405469,21938599532559
21938683313229,21938599532559
21938683313229,21938956789332
21938683313229,21939226242033
21938683313229,21939453518643
21939459601588,21939453518643
21939459601588,21939636477891
21939459601588,21939824112680
21939459601588,21940005274065
21939459601588,21940186655923
21939459601588,21940752787168
21940756618867,21940752787168
21940756618867,21940937241598
21940756618867,21941109211576
21940756618867,21941281446750
21941283374217,21941281446750
21941283374217,21941507186043
21941283374217,21941657255734
21941283374217,21941812942901
21941283374217,21942087131342
21941283374217,21942665787953
21941283374217,21942846014905
21942667473803,21942846014905
21942667473803,21942996652455
21942667473803,21943137658291
21942667473803,21943446387622
21943509697504,21943446387622
21943509697504,21943779746616
21943509697504,21943926160766
21943509697504,21944081876447
21944083627072,21944081876447
21944083627072,21944332084104
21944083627072,21944519352398
21944083627072,21944688251275
21944083627072,21944901401638
21944083627072,21945260118685
21945365937631,21945260118685
21945365937631,21945597422331
21945365937631,21945783259622
21945365937631,21945994789831
21945365937631,21946256448201
21946337784390,21946256448201
21946337784390,21946552440045
21946337784390,21946806521573
21946337784390,21946941698681
21946337784390,21947226680965
21947473733853,21947226680965
21947473733853,21947705364202
21947473733853,21947848539324
21947473733853,21948048100256
21947473733853,21948196969418
21948308860364,21948196969418
21948308860364,21948523602914
21948308860364,21948772412106
21948308860364,21948919992942
21948308860364,21949361926781
21949678746950,21949361926781
21949678746950,21949867323405
21949678746950,21950115696902
21949678746950,21950339370883
21950343285789,21950339370883
21950343285789,21950597136308
21950343285789,21950811800578
21950343285789,21950976627843
21950343285789,21951173512844
21950343285789,21951386939943
21951446174493,21951386939943
21951446174493,21951721064770
21951446174493,21951927675651
21951446174493,21952130866287
21951446174493,21952292555986
21952360500224,21952292555986
21952360500224,21952616428390
21952360500224,21952804788542
21952360500224,21953032527514
21952360500224,21953285757398
21953390170117,21953285757398
21953390170117,21953683922806
21953390170117,21953945539217
21953390170117,21954156850056
21953390170117,21954371233717
21953390170117,21954547980673
21954372510254,21954547980673
21954372510254,21954715378597
21954372510254,21954832906217
21954834289841,21954832906217
21954834289841,21955089941079
21954834289841,21955255356707
21954834289841,21955431379678
21954834289841,21955659197814
21954834289841,21956113014164
21956178977127,21956113014164
21956178977127,21956432315851
21956178977127,21956639167614
21956178977127,21956807957014
21956809792211,21956807957014
21956809792211,21957071330037
21956809792211,21957211918884
21956809792211,21957416916602
21956809792211,21957652155414
21956809792211,21958070362105
21958089354074,21958070362105
21958089354074,21958294622200
21958089354074,21958459770452
21958089354074,21958649903047
21958089354074,21959092694340
21959401633004,21959092694340
21959401633004,21959552094063
21959401633004,21959756457900
21959401633004,21959963653031
21959401633004,21960289334223
21960292463315,21960289334223
21960292463315,21960503550256
21960292463315,21960713613089
21960292463315,21960873296823
21960292463315,21961183610790
21961212779284,21961183610790
21961212779284,21961418780591
21961212779284,21961563350384
21961212779284,21961805637626
21961212779284,21962102467581
21962146199888,21962102467581
21962146199888,21962410698738
21962146199888,21962544962649
21962146199888,21962746018021
21962146199888,21963014218785
21963054327577,21963014218785
21963054327577,21963324403534
21963054327577,21963466751553
21963054327577,21963610623942
21963612541212,21963610623942
21963612541212,21963797242745
21963612541212,21963970135086
21963612541212,21964160386095
21963612541212,21964408474717
21963612541212,21964990726474
21964994297074,21964990726474
21964994297074,21965214188069
21964994297074,21965400684169
21964994297074,21965566447016
21965568652516,21965566447016
21965568652516,21965979083152
21965568652516,21966137874358
21965568652516,21966299417771
21965568652516,21966492177526
21965568652516,21966754690616
21966762992104,21966754690616
21966762992104,21967032851328
21966762992104,21967218569553
21966762992104,21967401955928
21967403699545,21967401955928
21967403699545,21967591860571
21967403699545,21967751470694
21967403699545,21967978815745
21967403699545,21968224657794
21967403699545,21968741734799
21968743497971,21968741734799
21968743497971,21968992650760
21968743497971,21969218369673
21968743497971,21969420898194
21968743497971,21969608058153
21969610682361,21969608058153
21969610682361,21969848238183
21969610682361,21970005579057
21969610682361,21970247262717
21969610682361,21970436771314
21970533318391,21970436771314
21970533318391,21970868459379
21970533318391,21971009347034
21970533318391,21971215362525
21970533318391,21971387726882
21970533318391,21971620842391
21971465660317,21971620842391
21971465660317,21971899956651
21971465660317,21972058570740
21971465660317,21972429307855
21972431416240,21972429307855
21972431416240,21972634144791
21972431416240,21972846329915
21972431416240,21973011927445
21972431416240,21973507624736
21973510253709,21973507624736
21973510253709,21973777451151
21973510253709,21973956488494
21973510253709,21974096749852
21973510253709,21974279569040
21973510253709,21974470103560
21974471620429,21974470103560
21974471620429,21974634746990
21974471620429,21974774016808
21974775714710,21974774016808
21974775714710,21974953390001
21974775714710,21975203421391
21974775714710,21975351314499
21974775714710,21975624832697
21974775714710,21976237813429
21976362990601,21976237813429
21976362990601,21976604175573
21976362990601,21976756292718
21976362990601,21976906455054
21976362990601,21977066564384
21976908092374,21977066564384
21976908092374,21977226254902
21976908092374,21977411416872
21976908092374,21977571868836
21976908092374,21977918265921
21978021305490,21977918265921
21978021305490,21978267299380
21978021305490,21978431080060
21978021305490,21978627711160
21978021305490,21979086268405
21979105034581,21979086268405
21979105034581,21979290049769
21979105034581,21979497672196
21979105034581,21979658952371
21979105034581,21980012934756
21980104389113,21980012934756
21980104389113,21980337903047
21980104389113,21980511787820
21980104389113,21980694786002
21980698890708,21980694786002
21980698890708,21980895982604
21980698890708,21981070592281
21980698890708,21981217736187
21980698890708,21981557117632
21980698890708,21982054527340
21982056935643,21982054527340
21982056935643,21982271884694
21982056935643,21982410622820
21982056935643,21982573273471
21982575051040,21982573273471
21982575051040,21982840591045
21982575051040,21982994878164
21982575051040,21983145300533
21982575051040,21983318877079
21983327749857,21983318877079
21983327749857,21983604448148
21983327749857,21983772139678
21983327749857,21983954607096
21983327749857,21984246452322
21983327749857,21984638619679
21984708297380,21984638619679
21984708297380,21984956999647
21984708297380,21985149831890
21984708297380,21985321330098
21984708297380,21985557868998
21985615477257,21985557868998
21985615477257,21985883860791
21985615477257,21986067825356
21985615477257,21986229274972
21985615477257,21986484745973
21986498904729,21986484745973
21986498904729,21986658796342
21986498904729,21986884054380
21986498904729,21987041624229
21986498904729,21987416356714
21987419510709,21987416356714
21987419510709,21987693567992
21987419510709,21987884797265
21987419510709,21988042356360
21987419510709,21988210208755
21987419510709,21988497487522
21988284711163,21988497487522
21988284711163,21988721969548
21988284711163,21988955550319
21988284711163,21989203286372
21989252170513,21989203286372
21989252170513,21989467453693
21989252170513,21989604232410
21989252170513,21989849438524
21989252170513,21990235718493
21990238358738,21990235718493
21990238358738,21990408941670
21990238358738,21990632872972
21990238358738,21990814207848
21990238358738,21991119161214
21991142485772,21991119161214
21991142485772,21991393365805
21991142485772,21991628679357
21991142485772,21991821934904
21991142485772,21992258458031
21992474577495,21992258458031
21992474577495,21992654300719
21992474577495,21992850673268
21992474577495,21993122743665
21992474577495,21993442199579
21993444771695,21993442199579
21993444771695,21993644730778
21993444771695,21993805564930
21993444771695,21993949017269
21993444771695,21994260786651
21994311809454,21994260786651
21994311809454,21994550488599
21994311809454,21994690952446
21994311809454,21994953775000
21994957478177,21994953775000
21994957478177,21995183346683
21994957478177,21995402438923
21994957478177,21995544681030
21994957478177,21995807761365
21994957478177,21996287214432
21996289253123,21996287214432
21996289253123,21996477517421
21996289253123,21996720668423
21996289253123,21996887331744
21996289253123,21997193175850
21997221417609,21997193175850
21997221417609,21997509842168
21997221417609,21997695912315
21997221417609,21997876867917
21997221417609,21998227446606
21998229952566,21998227446606
21998229952566,21998489864721
21998229952566,21998704909970
21998229952566,21998827773898
21998229952566,21999221147049
21999238146631,21999221147049
21999238146631,21999489158703
21999238146631,21999665381815
21999238146631,21999898282373
21999238146631,22000083536246
22000110755178,22000083536246
22000110755178,22000306171638
22000110755178,22000522712535
22000110755178,22000697177903
22000698937876,22000697177903
22000698937876,22000923381085
22000698937876,22001128474633
22000698937876,22001274692281
22000698937876,22001471821935
22000698937876,22001824236121
22001937999770,22001824236121
22001937999770,22002270312131
22001937999770,22002427426455
22001937999770,22002615599698
22001937999770,22002869544065
22002884356740,22002869544065
22002884356740,22003065451253
22002884356740,22003276075256
22002884356740,22003437061965
22003439797568,22003437061965
22003439797568,22003683276190
22003439797568,22003838499981
22003439797568,22004034124167
22003439797568,22004255352514
22003439797568,22004661156700
22004713255925,22004661156700
22004713255925,22004967539190
22004713255925,22005092162335
22004713255925,22005239425055
22004713255925,22005666249139
22005668199564,22005666249139
22005668199564,22005881865158
22005668199564,22006014385166
22005668199564,22006183476710
22005668199564,22006486420787
22006493189946,22006486420787
22006493189946,22006683404679
22006493189946,22006897520286
22006493189946,22007137598506
22006493189946,22007314755475
22007406909197,22007314755475
22007406909197,22007672961163
22007406909197,22007855914474
22007406909197,22008047974402
22007406909197,22008627938981
22008637680022,22008627938981
22008637680022,22008839697578
22008637680022,22009029340787
22008637680022,22009212524200
22009214440394,22009212524200
22009214440394,22009438267189
22009214440394,22009577296107
22009214440394,22009699558342
22009214440394,22009916237731
22009214440394,22010474907624
22010541900740,22010474907624
22010541900740,22010807425595
22010541900740,22010992129642
22010541900740,22011132732281
22010541900740,22011449716090
22011519232905,22011449716090
22011519232905,22011736903961
22011519232905,22011968232052
22011519232905,22012089442823
22011519232905,22012460771385
22012465618938,22012460771385
22012465618938,22012654394303
22012465618938,22012903743573
22012465618938,22013090600911
22012465618938,22013268555686
22013270573826,22013268555686
22013270573826,22013534123153
22013270573826,22013780554153
22013270573826,22013960332907
22013962290132,22013960332907
22013962290132,22014117263200
22013962290132,22014264236781
22013962290132,22014415269050
22013962290132,22014659346353
22013962290132,22015069852506
22015147960844,22015069852506
22015147960844,22015391756318
22015147960844,22015566735681
22015147960844,22015749918633
22015147960844,22016073899982
22016087314088,22016073899982
22016087314088,22016374237065
22016087314088,22016510682408
22016087314088,22016698755899
22016087314088,22017025169076
22016087314088,22017199111719
22017027372076,22017199111719
22017027372076,22017395622903
22017027372076,22017599176671
22017027372076,22018020048992
22018029387147,22018020048992
22018029387147,22018204789612
22018029387147,22018460148259
22018029387147,22018645968173
22018029387147,22018936410570
22019000683287,22018936410570
22019000683287,22019199179611
22019000683287,22019395043510
22019000683287,22019639697673
22019000683287,22019993165490
22019996457022,22019993165490
22019996457022,22020241018123
22019996457022,22020371283815
22019996457022,22020528856332
22019996457022,22020839196905
22020964880997,22020839196905
22020964880997,22021123760217
22020964880997,22021419051326
22020964880997,22021628043966
22020964880997,22021884804419
22022000829300,22021884804419
22022000829300,22022232717998
22022000829300,22022423248195
22022000829300,22022607162792
22022610507558,22022607162792
22022610507558,22022825548287
22022610507558,22022982336924
22022610507558,22023150807794
22022610507558,22023347845747
22022610507558,22023868327587
22023870672047,22023868327587
22023870672047,22024079883625
22023870672047,22024352108335
22023870672047,22024507379886
22024509286877,22024507379886
22024509286877,22024652794082
22024509286877,22024806668396
22024509286877,22024951488096
22024509286877,22025104238444
22024509286877,22025617672635
22025737203081,22025617672635
22025737203081,22025941937902
22025737203081,22026143334619
22025737203081,22026311236651
22025737203081,22026781223719
22025737203081,22026935250691
22026784001727,22026935250691
22026784001727,22027099821447
22026784001727,22027268468590
22026784001727,22027603529492
22027618677702,22027603529492
22027618677702,22027849128269
22027618677702,22028069548127
22027618677702,22028266831303
22027618677702,22028412467191
22028572598974,22028412467191
22028572598974,22028792383311
22028572598974,22028967550420
22028572598974,22029171313160
22028572598974,22029405864130
22029202106401,22029405864130
22029202106401,22029559999942
22029202106401,22029731201341
22029202106401,22029903324445
22029202106401,22030384178334
22030399322684,22030384178334
22030399322684,22030657311997
22030399322684,22030796270157
22030399322684,22030910107652
22030399322684,22031391686941
22031393279701,22031391686941
22031393279701,22031622448182
22031393279701,22031820694560
22031393279701,22032039456262
22031393279701,22032200454780
22032041365599,22032200454780
22032041365599,22032344117296
22032041365599,22032534782071
22032041365599,22032691746735
22032041365599,22033100261306
22033103576264,22033100261306
22033103576264,22033256121106
22033103576264,22033434342016
22033103576264,22033701196543
22033103576264,22034416779039
22034420896162,22034416779039
22034420896162,22034675259496
22034420896162,22034865273297
22034420896162,22035048054359
22034420896162,22035213945465
22035275433902,22035213945465
22035275433902,22035487557834
22035275433902,22035771209743
22035275433902,22035955073212
22035275433902,22036138308246
22036217830313,22036138308246
22036217830313,22036443185965
22036217830313,22036704520198
22036217830313,22036905382845
22036217830313,22037175561946
22036217830313,22037444057369
22037243531460,22037444057369
22037243531460,22037572690188
22037243531460,22037817924115
22037243531460,22038084658993
22038111453495,22038084658993
22038111453495,22038373615328
22038111453495,22038530138813
22038111453495,22038732043496
22038111453495,22038961807992
22039083139938,22038961807992
22039083139938,22039333821901
22039083139938,22039496781949
22039083139938,22039700989845
22039703551770,22039700989845
22039703551770,22039956110069
22039703551770,22040121893331
22039703551770,22040319293877
22039703551770,22040512910381
22039703551770,22041008357139
22041047671184,22041008357139
22041047671184,22041255015397
22041047671184,22041443363157
22041047671184,22041696191938
22041699529185,22041696191938
22041699529185,22041912902413
22041699529185,22042067246295
22041699529185,22042216433118
22041699529185,22042436968071
22041699529185,22042840502074
22042893274382,22042840502074
22042893274382,22043148425542
22042893274382,22043311543451
22042893274382,22043585177025
22042893274382,22043852930279
22043875597955,22043852930279
22043875597955,22044063394497
22043875597955,22044297975782
22043875597955,22044504631176
22044507391020,22044504631176
22044507391020,22044791739938
22044507391020,22044961562301
22044507391020,22045122751746
22044507391020,22045270130284
22044507391020,22045673619300
22045772621354,22045673619300
22045772621354,22045994079161
22045772621354,22046229791938
22045772621354,22046377072227
22045772621354,22046641990704
22046733753205,22046641990704
22046733753205,22046999167893
22046733753205,22047188272333
22046733753205,22047361029922
22047363892080,22047361029922
22047363892080,22047550033458
22047363892080,22047681130477
22047363892080,22047844019845
22047363892080,22048052090934
22047363892080,22048455385287
22048548467020,22048455385287
22048548467020,22048826457198
22048548467020,22048976482831
22048548467020,22049172651698
22049408220749,22049172651698
22049408220749,22049629558809
22049408220749,22049862184231
22049408220749,22049996819715
22049408220749,22050138948453
22049408220749,22050345328488
22050347449272,22050345328488
22050347449272,22050585183469
22050347449272,22050779145712
22050347449272,22050929330080
22050931086477,22050929330080
22050931086477,22051082582665
22050931086477,22051527217129
22050931086477,22051681403510
22050931086477,22051943930249
22050931086477,22052422251403
22052430212656,22052422251403
22052430212656,22052661648163
22052430212656,22052798718314
22052824805267,22052798718314
22052824805267,22053011552202
22052824805267,22053147830602
22052824805267,22053287492247
22052824805267,22053445636156
22052824805267,22053712682634
22052824805267,22054235725306
22054237970086,22054235725306
22054237970086,22054460458527
22054237970086,22054651529551
22054237970086,22054820982800
22054823225177,22054820982800
22054823225177,22055030350429
22054823225177,22055250711227
22054823225177,22055448849826
22054823225177,22055719786887
22054823225177,22056154060883
22056229929345,22056154060883
22056229929345,22056400084614
22056229929345,22056646001015
22056229929345,22056834992684
22056229929345,22056984372688
22056836981219,22056984372688
22056836981219,22057148977845
22056836981219,22057317518613
22056836981219,22057713082118
22056836981219,22058038763909
22058079368134,22058038763909
22058079368134,22058311609855
22058079368134,22058491336805
22058079368134,22058731277943
22058079368134,22058923609375
22058733232969,22058923609375
22058733232969,22059072968632
22058733232969,22059248235767
22058733232969,22059416243945
22058733232969,22059779930176
22059921602075,22059779930176
22059921602075,22060141137145
22059921602075,22060380062512
22059921602075,22060543200153
22059921602075,22060789997540
22059921602075,22061118339248
