23105647206276,23106076401150
23105647206276,23106629329495
23106899474518,23106629329495
23106899474518,23107220529526
23106899474518,23107398605877
23106899474518,23107598396051
23107601584702,23107598396051
23107601584702,23107903911635
23107601584702,23108089845060
23107601584702,23108246562146
23107601584702,23108398683564
23107601584702,23108758258531
23108760929541,23108758258531
23108760929541,23109005410096
23108760929541,23109163523083
23108760929541,23109359157982
23109362052754,23109359157982
23109362052754,23109599178053
23109362052754,23109768237081
23109362052754,23109981973674
23109362052754,23110133504385
23109362052754,23110671993518
23110742778048,23110671993518
23110742778048,23111008332799
23110742778048,23111144634691
23110742778048,23111414701038
23110742778048,23111573475500
23111654481953,23111573475500
23111654481953,23111951587937
23111654481953,23112285298282
23111654481953,23112475259893
23111654481953,23112645949620
23112670535170,23112645949620
23112670535170,23112931285362
23112670535170,23113174527501
23112670535170,23113418188246
23112670535170,23113584266167
23112670535170,23113742768051
23112670535170,23113893426265
23113744575864,23113893426265
23113744575864,23114162017056
23113744575864,23114335609272
23114163746034,23114335609272
23114163746034,23114513125360
23114163746034,23114734495298
23114163746034,23114966752937
23114163746034,23115420448465
23115424381609,23115420448465
23115424381609,23115558158030
23115424381609,23115915855889
23115424381609,23116069521994
23115424381609,23116313530669
23116345841112,23116313530669
23116345841112,23116653290911
23116345841112,23116832715068
23116345841112,23116984736441
23116345841112,23117293592072
23117311482198,23117293592072
23117311482198,23117511251301
23117311482198,23117708591672
23117311482198,23117975276271
23117311482198,23118201048251
23118269776371,23118201048251
23118269776371,23118512439018
23118269776371,23118720605797
23118269776371,23118868107773
23118269776371,23119234409071
23119338908031,23119234409071
23119338908031,23119561276849
23119338908031,23119697269753
23119338908031,23119909755543
23119338908031,23120189106398
23120325016322,23120189106398
23120325016322,23120546825553
23120325016322,23120713735077
23120325016322,23120959757425
23120325016322,23121216237893
23121323722678,23121216237893
23121323722678,23121542576625
23121323722678,23121718592799
23121323722678,23121895089095
23121897296194,23121895089095
23121897296194,23122148257911
23121897296194,23122337763879
23121897296194,23122504816055
23121897296194,23122739225140
23121897296194,23123144599476
23123349757877,23123144599476
23123349757877,23123574551820
23123349757877,23123737706381
23123349757877,23123932165261
23123349757877,23124115458707
23123349757877,23124317696914
23124319731144,23124317696914
23124319731144,23124509346764
23124319731144,23124670318465
23124672821215,23124670318465
23124672821215,23124873448166
23124672821215,23125064344818
23124672821215,23125267331910
23124672821215,23125437684608
23124672821215,23125971244772
23125974511850,23125971244772
23125974511850,23126200286091
23125974511850,23126354055750
23125974511850,23126560176727
23125974511850,23126971137515
23127009945191,23126971137515
23127009945191,23127183338569
23127009945191,23127363918400
23127009945191,23127517323957
23127009945191,23127964416861
23128030106220,23127964416861
23128030106220,23128242278915
23128030106220,23128415645296
23128030106220,23128701437592
23128030106220,23128986718537
23129092675925,23128986718537
23129092675925,23129288184151
23129092675925,23129408704959
23129092675925,23129647053944
23129092675925,23129903520871
23130070626218,23129903520871
23130070626218,23130285752286
23130070626218,23130493771159
23130070626218,23130680810205
23130070626218,23130924915118
23130927487187,23130924915118
23130927487187,23131126324248
23130927487187,23131250776453
23130927487187,23131412151727
23130927487187,23131712779475
23131715294659,23131712779475
23131715294659,23132007591837
23131715294659,23132140228913
23131715294659,23132289236776
23131715294659,23132753264365
23132813626720,23132753264365
23132813626720,23133362470562
23132813626720,23133527965437
23132813626720,23133679299363
23132813626720,23134046330665
23134057404762,23134046330665
23134057404762,23134275499241
23134057404762,23134550625412
23134057404762,23134728256003
23134057404762,23135062924607
23135065250219,23135062924607
23135065250219,23135296465549
23135065250219,23135499406245
23135065250219,23135658568387
23135661212160,23135658568387
23135661212160,23135848272399
23135661212160,23136055062045
23135661212160,23136274261661
23135661212160,23136469250416
23136473876674,23136469250416
23136473876674,23136657638953
23136473876674,23136795543934
23136473876674,23137022128536
23136473876674,23137283963792
23136473876674,23137762218125
23137766784532,23137762218125
23137766784532,23137955660945
23137766784532,23138158763408
23137766784532,23138327506766
23137766784532,23138681228935
23138687215351,23138681228935
23138687215351,23138862140126
23138687215351,23139054235047
23138687215351,23139271965786
23138687215351,23139618959028
23139624271999,23139618959028
23139624271999,23139845614180
23139624271999,23140105190098
23139624271999,23140240396318
23139624271999,23140610374369
23140637160593,23140610374369
23140637160593,23140862160044
23140637160593,23141101765766
23140637160593,23141281896698
23140637160593,23141523324885
23141655797200,23141523324885
23141655797200,23141851957040
23141655797200,23142015393937
23141655797200,23142181796214
23141655797200,23142481721454
23142485534656,23142481721454
23142485534656,23142696503544
23142485534656,23142835254190
23142485534656,23143023274668
23143025248900,23143023274668
23143025248900,23143280834666
23143025248900,23143467692353
23143025248900,23143604354815
23143025248900,23143770517366
23143025248900,23144217241663
23144220408505,23144217241663
23144220408505,23144418967422
23144220408505,23144732588940
23144220408505,23144903545882
23144908764051,23144903545882
23144908764051,23145107168990
23144908764051,23145268125561
23144908764051,23145427626948
23144908764051,23145608760810
23145609891858,23145608760810
23145609891858,23145757102951
23145609891858,23145958457287
23145609891858,23146145400182
23145609891858,23146434930681
23145609891858,23146848737304
23146897756554,23146848737304
23146897756554,23147144264658
23146897756554,23147330191492
23146897756554,23147467674366
23146897756554,23147862372549
23147867095046,23147862372549
23147867095046,23148022282827
23147867095046,23148260240409
23147867095046,23148459611440
23147867095046,23148836839504
23148839313446,23148836839504
23148839313446,23149042371202
23148839313446,23149176270647
23148839313446,23149328969660
23148839313446,23149730320374
23149794985076,23149730320374
23149794985076,23150053281127
23149794985076,23150248134699
23150250597163,23150248134699
23150250597163,23150470213110
23150250597163,23150616719175
23150250597163,23150763121486
23150250597163,23150973279988
23150250597163,23151168799210
23150250597163,23151639275469
23151642131074,23151639275469
23151642131074,23151824832718
23151642131074,23151968557158
23151642131074,23152158886554
23151642131074,23152771228602
23152901068963,23152771228602
23152901068963,23153100035724
23152901068963,23153345466599
23153408524752,23153345466599
23153408524752,23153572253864
23153408524752,23153736028866
23153408524752,23153903125861
23153408524752,23154093549990
23153408524752,23154249062502
23153408524752,23154661026504
23154666164471,23154661026504
23154666164471,23154840406630
23154666164471,23155080449659
23154666164471,23155261682656
23154666164471,23155603073435
23155606205217,23155603073435
23155606205217,23155781402284
23155606205217,23156015158097
23155606205217,23156181195963
23156184292202,23156181195963
23156184292202,23156405574221
23156184292202,23156549308254
23156184292202,23156709298073
23156184292202,23156904174287
23156184292202,23157354257722
23157387468213,23157354257722
23157387468213,23157580444988
23157387468213,23157782625796
23157387468213,23157996186530
23157387468213,23158325894934
23158327709319,23158325894934
23158327709319,23158520073160
23158327709319,23158714716644
23158327709319,23158859448304
23158863933465,23158859448304
23158863933465,23159121976408
23158863933465,23159308247311
23158863933465,23159481617587
23158863933465,23159717733446
23158863933465,23160115152667
23160189375613,23160115152667
23160189375613,23160442434184
23160189375613,23160614930732
23160189375613,23160739931154
23160189375613,23161141155880
23161145789190,23161141155880
23161145789190,23161345076729
23161145789190,23161521779049
23161145789190,23161734417518
23161145789190,23162031499073
23162074951528,23162031499073
23162074951528,23162339247034
23162074951528,23162507393534
23162074951528,23162724437356
23162726095612,23162724437356
23162726095612,23162931248543
23162726095612,23163089683793
23162726095612,23163307289126
23162726095612,23163617633320
23162726095612,23164022187659
23164024057630,23164022187659
23164024057630,23164272670075
23164024057630,23164421453230
23164024057630,23164647430459
23164649945831,23164647430459
23164649945831,23164845939316
23164649945831,23164971324063
23164649945831,23165130302496
23164649945831,23165448356817
23164649945831,23165959455501
23165961512148,23165959455501
23165961512148,23166194989729
23165961512148,23166469500454
23165961512148,23166668140588
23166671141215,23166668140588
23166671141215,23166836471773
23166671141215,23166975094970
23166671141215,23167119125898
23166671141215,23167363827149
23166671141215,23167786082634
23167800925502,23167786082634
23167800925502,23168077059010
23167800925502,23168272376172
23167800925502,23168427759424
23168431369171,23168427759424
23168431369171,23168680480932
23168431369171,23169183845992
23168431369171,23169371040898
23168431369171,23169531766346
23168431369171,23169973101397
23169974810155,23169973101397
23169974810155,23170179420106
23169974810155,23170522286457
23169974810155,23170733338026
23169974810155,23170870432161
23170997019012,23170870432161
23170997019012,23171234409809
23170997019012,23171508097468
23170997019012,23171673977446
23171679774756,23171673977446
23171679774756,23171958096324
23171679774756,23172151994096
23171679774756,23172349086480
23171679774756,23172494847619
23171679774756,23172805322547
23172880108996,23172805322547
23172880108996,23173144432917
23172880108996,23173303205769
23172880108996,23173449094860
23173454183313,23173449094860
23173454183313,23173710061381
23173454183313,23173897142366
23173454183313,23173993059210
23173454183313,23174408219285
23174440530772,23174408219285
23174440530772,23174629898717
23174440530772,23174798215516
23174440530772,23175020987683
23174440530772,23175312129461
23174440530772,23175713867578
23175755303025,23175713867578
23175755303025,23175932619543
23175755303025,23176143593625
23175755303025,23176304450734
23175755303025,23176609420883
23176658087804,23176609420883
23176658087804,23176832778731
23176658087804,23177022342986
23176658087804,23177218550422
23177221732121,23177218550422
23177221732121,23177429462095
23177221732121,23177573590418
23177221732121,23177738147695
23177221732121,23177914106669
23177995026898,23177914106669
23177995026898,23178245086547
23177995026898,23178459585024
23177995026898,23178632719783
23177995026898,23178803448247
23177995026898,23179433872438
23179435809574,23179433872438
23179435809574,23179656313444
23179435809574,23179848117666
23179435809574,23180019309500
23179435809574,23180218168204
23180231803507,23180218168204
23180231803507,23180464169643
23180231803507,23180674447767
23180231803507,23180838473842
23180842470345,23180838473842
23180842470345,23181048275465
23180842470345,23181201272183
23180842470345,23181384872335
23180842470345,23181547881766
23180842470345,23182038541599
23182090325589,23182038541599
23182090325589,23182362347777
23182090325589,23182614177210
23182090325589,23182786053110
23182788350316,23182786053110
23182788350316,23182952229141
23182788350316,23183099772447
23182788350316,23183256216892
23182788350316,23183507817373
23182788350316,23184201809831
23184304049235,23184201809831
23184304049235,23184579135326
23184304049235,23184771201627
23184789454641,23184771201627
23184789454641,23184962506301
23184789454641,23185118028095
23184789454641,23185247244230
23184789454641,23185375318848
23184789454641,23185684784058
23184789454641,23186081857803
23186134165750,23186081857803
23186134165750,23186421791271
23186134165750,23186628164897
23186134165750,23186774668608
23186134165750,23187188879541
23187196022362,23187188879541
23187196022362,23187386151310
23187196022362,23187590802915
23187196022362,23187847596419
23187849733854,23187847596419
23187849733854,23188060639431
23187849733854,23188218479637
23187849733854,23188405092010
23187849733854,23188640467188
23187849733854,23189025780338
23189063962596,23189025780338
23189063962596,23189279358037
23189063962596,23189476492584
23189063962596,23189666359304
23189063962596,23189989307294
23190108059524,23189989307294
23190108059524,23190303259784
23190108059524,23190525368426
23190108059524,23190733531649
23190108059524,23191062504427
23190108059524,23191348414684
23191142095285,23191348414684
23191142095285,23191520953288
23191142095285,23191768393698
23191142095285,23192018405524
23192073543658,23192018405524
23192073543658,23192398514503
23192073543658,23192538028965
23192073543658,23192713564069
23192073543658,23193186930407
23193194600774,23193186930407
23193194600774,23193479196169
23193194600774,23193680501982
23193194600774,23193898991358
23193194600774,23194174775386
23194179095256,23194174775386
23194179095256,23194365768038
23194179095256,23194551205603
23194179095256,23194743686089
23194746072112,23194743686089
23194746072112,23194974382818
23194746072112,23195145043972
23194746072112,23195324320034
23194746072112,23195495442549
23194746072112,23195823914655
23195949338720,23195823914655
23195949338720,23196225164844
23195949338720,23196364310213
23195949338720,23196531971583
23195949338720,23196835135955
23196867586617,23196835135955
23196867586617,23197076537416
23196867586617,23197273061984
23196867586617,23197468369844
23196867586617,23197772319778
23198095491907,23197772319778
23198095491907,23198246516606
23198095491907,23198407141106
23198095491907,23198563094738
23198095491907,23198945189100
23198947409174,23198945189100
23198947409174,23199181230306
23198947409174,23199353579261
23198947409174,23199517462547
23198947409174,23199678184190
23199774178910,23199678184190
23199774178910,23200007365352
23199774178910,23200196279936
23199774178910,23200402038164
23199774178910,23200729975604
23200736549424,23200729975604
23200736549424,23200980904221
23200736549424,23201086134603
23200736549424,23201240905307
23200736549424,23201591205712
23201652629948,23201591205712
23201652629948,23201949917530
23201652629948,23202129510384
23202134326641,23202129510384
23202134326641,23202314178098
23202134326641,23202465324730
23202134326641,23202648389172
23202134326641,23202807979091
23202134326641,23203010670510
23202134326641,23203304237829
23203373207833,23203304237829
23203373207833,23203639295450
23203373207833,23203777100720
23203373207833,23204029653998
23203373207833,23204325482119
23204342265084,23204325482119
23204342265084,23204560607770
23204342265084,23204760861005
23204342265084,23204893953772
23204342265084,23205217313159
23205291992330,23205217313159
23205291992330,23205554180865
23205291992330,23205720921485
23205291992330,23205900596911
23205291992330,23206114817416
23206216493349,23206114817416
23206216493349,23206490054478
23206216493349,23206747729921
23206216493349,23206942876899
23206216493349,23207105921791
23206216493349,23207291116654
23207292658507,23207291116654
23207292658507,23207552326360
23207292658507,23207714666252
23207292658507,23207962240146
23207983666509,23207962240146
23207983666509,23208234753589
23207983666509,23208410453224
23207983666509,23208575462950
23207983666509,23208934307506
23208935749868,23208934307506
23208935749868,23209058577593
23208935749868,23209477360148
23208935749868,23209657735569
23209660959741,23209657735569
23209660959741,23209859577375
23209660959741,23210003509015
23209660959741,23210188199072
23209660959741,23210365424366
23209660959741,23210867896663
23211012311032,23210867896663
23211012311032,23211263679173
23211012311032,23211400734471
23211012311032,23211573231730
23211012311032,23211992469567
23211997074831,23211992469567
23211997074831,23212169583255
23211997074831,23212411031252
23211997074831,23212620984408
23212623506436,23212620984408
23212623506436,23212801954718
23212623506436,23212946148049
23212623506436,23213098368237
23212623506436,23213297436772
23212623506436,23213829425826
23213930209280,23213829425826
23213930209280,23214174264321
23213930209280,23214350789985
23213930209280,23214562439645
23213930209280,23214856455388
23214858958666,23214856455388
23214858958666,23215105204128
23214858958666,23215319948454
23214858958666,23215482214625
23214858958666,23215613338088
23215615260284,23215613338088
23215615260284,23215810500486
23215615260284,23215977208297
23215615260284,23216148810374
23215615260284,23216564881901
23216607556033,23216564881901
23216607556033,23216840279355
23216607556033,23217011235697
23216607556033,23217241546936
23216607556033,23217545385964
23217582516798,23217545385964
23217582516798,23217812331244
23217582516798,23217955318766
23217582516798,23218186123991
23217582516798,23218439281253
23218506726866,23218439281253
23218506726866,23218737385050
23218506726866,23218937874275
23218506726866,23219119653936
23218506726866,23219326085093
23219480413785,23219326085093
23219480413785,23219738555524
23219480413785,23219883471216
23219480413785,23220066132316
23219480413785,23220482190871
23220484890633,23220482190871
23220484890633,23220751687652
23220484890633,23220918845374
23220484890633,23221070873585
23220484890633,23221371076296
23221492581980,23221371076296
23221492581980,23221757197868
23221492581980,23221930013929
23221492581980,23222090234619
23222095444834,23222090234619
23222095444834,23222368426362
23222095444834,23222556891244
23222095444834,23222727287282
23222095444834,23222885933086
23222095444834,23223287719347
23223292605869,23223287719347
23223292605869,23223473346183
23223292605869,23223663939565
23223292605869,23223959112880
23223961902680,23223959112880
23223961902680,23224153291924
23223961902680,23224324538578
23223961902680,23224565600652
23223961902680,23224806718284
23223961902680,23225072490595
23225169034072,23225072490595
23225169034072,23225379614306
23225169034072,23225581775034
23225169034072,23225804321043
23225807215997,23225804321043
23225807215997,23225992585433
23225807215997,23226156182911
23225807215997,23226325620314
23225807215997,23226617407158
23225807215997,23227001509941
23227050017313,23227001509941
23227050017313,23227304218815
23227050017313,23227474641968
23227050017313,23227645337593
23227050017313,23228017582932
23228044785928,23228017582932
23228044785928,23228355405944
23228044785928,23228543433986
23228044785928,23228791414853
23228044785928,23229009815533
23229090061374,23229009815533
23229090061374,23229315122958
23229090061374,23229509785669
23229090061374,23229645129211
23229090061374,23230040618120
23230050035963,23230040618120
23230050035963,23230315116274
23230050035963,23230488763926
23230050035963,23230664148680
23230668745666,23230664148680
23230668745666,23230936408387
23230668745666,23231126834427
23230668745666,23231303796527
23230668745666,23231443587811
23230668745666,23231831234645
23231904283104,23231831234645
23231904283104,23232173261285
23231904283104,23232337364953
23231904283104,23232490073858
23232492674223,23232490073858
23232492674223,23232690789057
23232492674223,23232850633000
23232492674223,23232988570774
23232492674223,23233332129366
23233447708025,23233332129366
23233447708025,23233657183408
23233447708025,23233893105579
23233447708025,23234066943356
23233447708025,23234280344627
23233447708025,23234776953364
23234848974989,23234776953364
23234848974989,23235029331073
23234848974989,23235257312721
23234848974989,23235469439541
23235474409978,23235469439541
23235474409978,23235641036126
23235474409978,23235807696660
23235474409978,23235995369742
23235474409978,23236197276415
23235474409978,23236505115600
23237012335091,23236505115600
23237012335091,23237317699713
23237012335091,23237469306774
23237012335091,23237626956519
23237012335091,23237778642355
23237892902098,23237778642355
23237892902098,23238074765214
23237892902098,23238292364481
23237892902098,23238448308879
23237892902098,23238707913194
23238907237075,23238707913194
23238907237075,23239106141914
23238907237075,23239323971966
23238907237075,23239485686678
23238907237075,23239718068408
23239806829523,23239718068408
23239806829523,23239993504488
23239806829523,23240289472851
23239806829523,23240494221605
23239806829523,23240618270370
23240699781343,23240618270370
23240699781343,23240939672556
23240699781343,23241142357193
23240699781343,23241325845100
23241328605571,23241325845100
23241328605571,23241491166918
23241328605571,23241632494566
23241328605571,23241880218015
23241328605571,23242076725765
23242078396439,23242076725765
23242078396439,23242365142764
23242078396439,23242567322334
23242078396439,23242824436926
23242078396439,23243053291981
23243057641574,23243053291981
23243057641574,23243221050677
23243057641574,23243344235105
23243057641574,23243574230666
23243057641574,23243816914573
23243057641574,23244230124106
23244310206291,23244230124106
23244310206291,23244562826909
23244310206291,23244731607543
23244310206291,23244870154810
23244872477859,23244870154810
23244872477859,23245149286461
23244872477859,23245327840560
23244872477859,23245494857189
23244872477859,23245661073673
23244872477859,23246025076821
23246109635010,23246025076821
23246109635010,23246300247211
23246109635010,23246460191008
23246109635010,23246687196583
23246109635010,23246983391160
23247045253732,23246983391160
23247045253732,23247269430230
23247045253732,23247448209898
23247045253732,23247676435649
23247045253732,23247951306736
23248027507718,23247951306736
23248027507718,23248247651549
23248027507718,23248434820889
23248027507718,23248609079612
23248027507718,23248934344670
23248945425012,23248934344670
23248945425012,23249156892372
23248945425012,23249327341240
23248945425012,23249456290156
23248945425012,23249894693615
23249895966751,23249894693615
23249895966751,23250049145846
23249895966751,23250265809075
23249895966751,23250421821645
23250424619781,23250421821645
23250424619781,23250700271543
23250424619781,23250894555485
23250424619781,23251076097765
23250424619781,23251247774310
23250424619781,23251538708078
23251544201648,23251538708078
23251544201648,23251781748754
23251544201648,23251898062939
23251544201648,23252093317853
23252095959113,23252093317853
23252095959113,23252246343092
23252095959113,23252483914610
23252095959113,23252647720754
23252095959113,23252789959978
23252931962965,23252789959978
23252931962965,23253157746292
23252931962965,23253373069236
23252931962965,23253550375750
23252931962965,23253845908944
23252931962965,23254210481530
23254246013858,23254210481530
23254246013858,23254491914354
23254246013858,23254680386672
23254246013858,23254832673044
23254246013858,23255213478130
23255263836821,23255213478130
23255263836821,23255481244456
23255263836821,23255606758897
23255263836821,23255881127437
23255263836821,23256226244313
23256277230617,23256226244313
23256277230617,23256539056445
23256277230617,23256727092650
23256277230617,23256917590207
23256277230617,23257268163872
23257281680819,23257268163872
23257281680819,23257538318121
23257281680819,23257767395848
23257281680819,23257972217631
23257974389517,23257972217631
23257974389517,23258177097687
23257974389517,23258323557692
23257974389517,23258480515545
23257974389517,23258656352484
23258664947655,23258656352484
23258664947655,23258874498442
23258664947655,23259193700382
23258664947655,23259332828774
23258664947655,23259545130628
23258664947655,23259971426480
23259973830706,23259971426480
23259973830706,23260159874408
23259973830706,23260336223331
23259973830706,23260565880970
23259973830706,23260850442383
23260909332286,23260850442383
23260909332286,23261181703953
23260909332286,23261392574238
23260909332286,23261653277842
23261655526817,23261653277842
23261655526817,23261885784063
23261655526817,23262037972289
23261655526817,23262179998774
23261655526817,23262308155402
23261655526817,23262810573581
23262820059184,23262810573581
23262820059184,23263070482785
23262820059184,23263282329729
23262820059184,23263489441695
23262820059184,23263678201283
23263725160603,23263678201283
23263725160603,23264025199689
23263725160603,23264589704784
23263725160603,23264748358424
23263725160603,23264965144513
23263725160603,23265127408576
23265128958709,23265127408576
23265128958709,23265263028106
23265128958709,23265420347433
23265128958709,23265905237288
23265907304251,23265905237288
23265907304251,23266128050433
23265907304251,23266307374807
23265907304251,23266588030132
23265907304251,23266781247568
23266872715409,23266781247568
23266872715409,23267102418727
23266872715409,23267399052326
23266872715409,23267625662055
23266872715409,23267912476346
23267924036625,23267912476346
23267924036625,23268148787778
23267924036625,23268408917147
23267924036625,23268604710786
23268608700828,23268604710786
23268608700828,23268779343598
23268608700828,23269019240119
23268608700828,23269140501862
23268608700828,23269276814127
23269291656838,23269276814127
23269291656838,23269573251283
23269291656838,23269799812919
23269291656838,23270008493771
23269291656838,23270161416336
23269291656838,23270764359701
23270766711726,23270764359701
23270766711726,23270975514906
23270766711726,23271135396386
23270766711726,23271307341801
23271309661995,23271307341801
23271309661995,23271502814244
23271309661995,23271649272226
23271309661995,23271825119640
23271309661995,23271977565478
23272040264987,23271977565478
23272040264987,23272242844871
23272040264987,23272565699157
23272040264987,23272711232894
23272040264987,23273096834167
23272040264987,23273367129028
23273434255282,23273367129028
23273434255282,23273730700152
23273434255282,23273894267159
23273434255282,23274069750420
23273434255282,23274349460346
23274406815583,23274349460346
23274406815583,23274609868215
23274406815583,23274790629798
23274406815583,23275012989236
23275017334505,23275012989236
23275017334505,23275279399757
23275017334505,23275424484224
23275017334505,23275573076328
23275017334505,23275768659838
23275017334505,23276304811494
23276366428097,23276304811494
23276366428097,23276631124522
23276366428097,23276800188297
23276366428097,23277256820653
23276366428097,23277585933174
23277693844810,23277585933174
23277693844810,23277915101223
23277693844810,23278089895425
23277693844810,23278319524489
23277693844810,23278611344441
23278696972107,23278611344441
23278696972107,23278958358443
23278696972107,23279100116271
23278696972107,23279264253697
23278696972107,23279652392659
23279667822673,23279652392659
23279667822673,23279870521227
23279667822673,23280202071604
23279667822673,23280387466723
23279667822673,23280512708276
23280514480466,23280512708276
23280514480466,23280647327542
23280514480466,23280794492356
23280514480466,23281067211826
23280514480466,23281443848472
23281449764413,23281443848472
23281449764413,23281657957356
23281449764413,23281850197856
23281449764413,23282060588581
23281449764413,23282328090639
23282348506691,23282328090639
23282348506691,23282577926690
23282348506691,23282767591195
23282348506691,23282891960127
23282348506691,23283212609576
23283372472537,23283212609576
23283372472537,23283621939919
23283372472537,23283784133538
23283372472537,23283962341669
23283372472537,23284376340237
23284399421216,23284376340237
23284399421216,23284626318941
23284399421216,23284996204161
23284399421216,23285200844823
23284399421216,23285460080017
23285462092868,23285460080017
23285462092868,23285687297265
23285462092868,23285858851592
23285462092868,23286035283968
23285462092868,23286405321818
23286409775634,23286405321818
23286409775634,23286606669420
23286409775634,23286782205195
23286409775634,23286971623054
23286409775634,23287353971538
23287357173223,23287353971538
23287357173223,23287580071332
23287357173223,23287756878597
23287357173223,23287998558576
23288000918041,23287998558576
23288000918041,23288177277056
23288000918041,23288338484829
23288000918041,23288511674385
23288000918041,23288680070979
23288000918041,23289234749137
23289236988573,23289234749137
23289236988573,23289424846443
23289236988573,23289568066160
23289236988573,23289730148322
23289236988573,23290005289563
23290097310812,23290005289563
23290097310812,23290307404981
23290097310812,23290524264695
23290097310812,23290670967239
23290720550603,23290670967239
23290720550603,23290894224147
23290720550603,23291117169576
23290720550603,23291289648440
23290720550603,23291526516114
23291603377428,23291526516114
23291603377428,23291827691012
23291603377428,23291998682547
23291603377428,23292212502375
23291603377428,23292458305188
23292479627679,23292458305188
23292479627679,23292752983089
23292479627679,23292956481607
23292479627679,23293122704680
23292479627679,23293468042311
23292479627679,23293836201895
23292479627679,23294035083122
23293839548703,23294035083122
23293839548703,23294258201922
23293839548703,23294389420037
23293839548703,23294864392128
23294866451335,23294864392128
23294866451335,23295033561995
23294866451335,23295174034126
23294866451335,23295339220765
23294866451335,23295539072547
23295690295873,23295539072547
23295690295873,23295939167704
23295690295873,23296164243634
23295690295873,23296348156661
23296349488089,23296348156661
23296349488089,23296563142784
23296349488089,23296715263116
23296349488089,23296863658213
23296349488089,23297009867687
23296349488089,23297451125136
23297453068140,23297451125136
23297453068140,23297656525839
23297453068140,23297857383332
23297453068140,23298069328263
23297453068140,23298255504218
23298526442813,23298255504218
23298526442813,23298750234112
23298526442813,23298895373643
23298526442813,23299029876060
23298526442813,23299188544598
23299191362400,23299188544598
23299191362400,23299351938791
23299191362400,23299499601928
23299191362400,23299655442352
23299191362400,23300200148492
23300202938473,23300200148492
23300202938473,23300349589563
23300202938473,23300581851379
23300202938473,23300792295899
23300202938473,23301038997935
23301129224109,23301038997935
23301129224109,23301389025143
23301129224109,23301533934170
23301129224109,23301750119216
23301129224109,23302040353703
23302075363353,23302040353703
23302075363353,23302306238919
23302075363353,23302513361723
23302075363353,23302704984132
23302075363353,23302926294280
23303042912607,23302926294280
23303042912607,23303331833045
23303042912607,23303483302379
23303042912607,23303643353455
23303644977494,23303643353455
23303644977494,23303903264970
23303644977494,23304088528293
23303644977494,23304272587169
23303644977494,23304392270318
23303644977494,23304938985172
23304940844857,23304938985172
23304940844857,23305217994490
23304940844857,23305338953325
23304940844857,23305526637312
23304940844857,23305870742279
23305873046951,23305870742279
23305873046951,23306137828053
23305873046951,23306310261730
23305873046951,23306456723678
23305873046951,23306783478013
23306847280769,23306783478013
23306847280769,23307024515786
23306847280769,23307328035558
23306847280769,23307495989529
23306847280769,23307792954435
23307797440065,23307792954435
23307797440065,23308082177920
23307797440065,23308219658979
23307797440065,23308385549775
23307797440065,23308620336935
23308752972391,23308620336935
23308752972391,23308999120801
23308752972391,23309137173907
23308752972391,23309269379984
23308752972391,23309723751820
23309726759952,23309723751820
23309726759952,23310007259853
23309726759952,23310274389986
23309726759952,23310452289556
23309726759952,23310634308169
23310739935311,23310634308169
23310739935311,23310936854503
23310739935311,23311093187507
23310739935311,23311274310821
23310739935311,23311659063291
23311661357807,23311659063291
23311661357807,23311861254540
23311661357807,23312023606580
23311661357807,23312213519865
23311661357807,23312526576040
23312598393179,23312526576040
23312598393179,23312858515838
23312598393179,23313004353209
23312598393179,23313234668300
23312598393179,23313542754358
23313554289100,23313542754358
23313554289100,23313803341009
23313554289100,23314021838898
23313554289100,23314203731224
23314207212190,23314203731224
23314207212190,23314443609012
23314207212190,23314562705608
23314207212190,23314636750189
23314207212190,23315370154604
23314207212190,23315637752761
23315709429027,23315637752761
23315709429027,23315893715195
23315709429027,23316136332435
23315709429027,23316328412819
23316330753848,23316328412819
23316330753848,23316570172333
23316330753848,23316759695272
23316330753848,23316945536145
23316330753848,23317132929013
23316330753848,23317543628983
23317616879616,23317543628983
23317616879616,23317886770395
23317616879616,23318032165873
23317616879616,23318208810401
23317616879616,23318539304271
23318669679931,23318539304271
23318669679931,23318908831381
23318669679931,23319051983521
23318669679931,23319282382908
23318669679931,23319433200137
23319557732071,23319433200137
23319557732071,23319830411880
23319557732071,23320045748532
23319557732071,23320215274695
23319557732071,23320679839592
23320682418855,23320679839592
23320682418855,23320913669385
23320682418855,23321080291689
23320682418855,23321265158704
23320682418855,23321667639081
23321669846061,23321667639081
23321669846061,23321904882644
23321669846061,23322090351871
23321669846061,23322332645858
23321669846061,23322654996881
23322699663603,23322654996881
23322699663603,23322903323236
23322699663603,23323175790778
23322699663603,23323366874414
23322699663603,23323594437415
23323632398509,23323594437415
23323632398509,23323851411401
23323632398509,23323958424458
23323632398509,23324192023468
23323632398509,23324488195981
23324510141335,23324488195981
23324510141335,23324769356884
23324510141335,23324930495831
23324510141335,23325039538986
23325041133457,23325039538986
23325041133457,23325234378022
23325041133457,23325394169366
23325041133457,23325544107617
23325041133457,23325861776058
23325041133457,23326387727535
23326470920609,23326387727535
23326470920609,23326672417454
23326470920609,23326830070122
23326470920609,23326998633973
23327020420665,23326998633973
23327020420665,23327172711263
23327020420665,23327431459705
23327020420665,23327654518267
23327020420665,23327808508580
23327908685194,23327808508580
23327908685194,23328087961312
23327908685194,23328330482688
23327908685194,23328494713208
23327908685194,23328707911659
23327908685194,23329089473334
23329233130597,23329089473334
23329233130597,23329358124324
23329233130597,23329736583731
23329233130597,23329907966387
23329233130597,23330115966918
23330189646920,23330115966918
23330189646920,23330414992638
23330189646920,23330591239739
23330189646920,23330769798859
23330878616765,23330769798859
23330878616765,23331106798555
23330878616765,23331263637156
23330878616765,23331446049268
23330878616765,23331614621678
23330878616765,23331964398566
23332055498088,23331964398566
23332055498088,23332212341655
23332055498088,23332472730947
23332055498088,23332653857161
23332055498088,23332966293177
23333033587313,23332966293177
23333033587313,23333216186938
23333033587313,23333451459900
23333033587313,23333687311100
23333033587313,23333895484637
23333897837162,23333895484637
23333897837162,23334102595239
23333897837162,23334284909403
23333897837162,23334461344285
23333897837162,23334693052517
23334697569205,23334693052517
23334697569205,23334943056422
23334697569205,23335086320591
23334697569205,23335252414088
23334697569205,23335661310529
23335663673426,23335661310529
23335663673426,23335844303551
23335663673426,23336086488030
23335663673426,23336301454643
23336303509674,23336301454643
23336303509674,23336562520075
23336303509674,23336728858308
23336303509674,23336883901101
23336303509674,23337051048999
23336303509674,23337465348914
23337492948825,23337465348914
23337492948825,23337649355535
23337492948825,23337855594903
23337492948825,23338036393297
23338040732708,23338036393297
23338040732708,23338313404290
23338040732708,23338468658342
23338040732708,23338660258809
23338040732708,23338933916391
23338040732708,23339169581812
23339308642322,23339169581812
23339308642322,23339452806443
23339308642322,23339693210078
23339308642322,23339908090770
23339910729620,23339908090770
23339910729620,23340054846792
23339910729620,23340282234417
23339910729620,23340482136385
23339910729620,23340706712307
23340730640873,23340706712307
23340730640873,23341005258536
23340730640873,23341213644030
23340730640873,23341411100228
23340730640873,23341585730288
23340730640873,23341994187729
23342048890366,23341994187729
23342048890366,23342289259507
23342048890366,23342529866437
23342048890366,23342693575714
23342048890366,23342905480639
23342695143098,23342905480639
23342695143098,23343045523752
23342695143098,23343213173191
23342695143098,23343540708792
23342695143098,23343927973717
23343945506800,23343927973717
23343945506800,23344183919663
23343945506800,23344387349403
23343945506800,23344598334228
23344605698935,23344598334228
23344605698935,23344852294389
23344605698935,23345005482643
23344605698935,23345150364897
23344605698935,23345347159045
23345351248025,23345347159045
23345351248025,23345628788529
23345351248025,23345835135395
23345351248025,23346069275878
23345351248025,23346208543361
23346284930423,23346208543361
23346284930423,23346513278785
23346284930423,23346742121397
23346284930423,23346910590254
23346284930423,23347147682871
23346284930423,23347661337790
23347664473273,23347661337790
23347664473273,23347937715881
23347664473273,23348091679371
23347664473273,23348252995428
23347664473273,23348594602381
23347664473273,23348740254770
23348596388808,23348740254770
23348596388808,23348971944251
23348596388808,23349151295016
23348596388808,23349319499806
23349442517822,23349319499806
23349442517822,23349621296477
23349442517822,23349840138874
23349442517822,23350014250640
23349442517822,23350277541482
23350337844864,23350277541482
23350337844864,23350568417963
23350337844864,23350820984781
23350337844864,23351018145253
23350337844864,23351303288510
23351306271896,23351303288510
23351306271896,23351587848278
23351306271896,23351789338418
23351306271896,23351996566204
23351306271896,23352293759740
23352316739731,23352293759740
23352316739731,23352564436629
23352316739731,23352785099957
23352316739731,23352971145072
23352316739731,23353274594511
23353287409308,23353274594511
23353287409308,23353562967327
23353287409308,23353741946514
23353287409308,23353866264447
23353287409308,23354176568427
23354268070424,23354176568427
23354268070424,23354513940749
23354268070424,23354741372541
23354268070424,23354942102784
23354268070424,23355080958058
23354268070424,23355583620064
23355089827440,23355583620064
23355089827440,23355819066930
23355832797505,23355819066930
23355832797505,23355997522676
23355832797505,23356143386593
23355832797505,23356340965787
23355832797505,23356482216301
23355832797505,23356631782639
23356651134326,23356631782639
23356651134326,23356906373108
23356651134326,23357106913634
23356651134326,23357294598097
23356651134326,23357700404289
23356651134326,23358118906167
23358136113750,23358118906167
23358136113750,23358364216926
23358136113750,23358521823995
23358136113750,23358725612349
23358136113750,23359171848488
23359174346953,23359171848488
23359174346953,23359444400220
23359174346953,23359608625632
23359174346953,23359715787769
23359174346953,23360022751221
23360026339601,23360022751221
23360026339601,23360214481606
23360026339601,23360425441396
23360026339601,23360631244563
23360026339601,23360828408384
23360869158871,23360828408384
23360869158871,23361098182030
23360869158871,23361384379442
23360869158871,23361570757732
23360869158871,23361740593336
23361776832193,23361740593336
23361776832193,23362043242072
23361776832193,23362247376974
23361776832193,23362416996652
23362419179944,23362416996652
23362419179944,23362646443677
23362419179944,23362872027569
23362419179944,23363008339663
23362419179944,23363198578503
23362419179944,23363684260526
23363685553979,23363684260526
23363685553979,23363828827946
23363685553979,23364001372775
23363685553979,23364179317634
23363685553979,23364356438524
23364763081180,23364356438524
23364763081180,23365008250768
23364763081180,23365144001954
23364763081180,23365419055139
23364763081180,23365585384730
23365717984878,23365585384730
23365717984878,23365949629173
23365717984878,23366122879289
23365717984878,23366342437311
23366346448954,23366342437311
23366346448954,23366511326374
23366346448954,23366700358822
23366346448954,23366836287856
23366346448954,23367135244553
23367137410112,23367135244553
23367137410112,23367347639177
23367137410112,23367514033043
23367137410112,23367680643177
23367137410112,23367874256617
23367137410112,23368525225799
23368527672126,23368525225799
23368527672126,23368729369910
23368527672126,23368919360468
23368527672126,23369085073896
23368527672126,23369316750618
23369373082057,23369316750618
23369373082057,23369595249756
23369373082057,23369879915090
23369373082057,23370100453178
23370103587549,23370100453178
23370103587549,23370304303413
23370103587549,23370451285246
23370103587549,23370608933318
23370103587549,23370774491481
23370103587549,23371345102974
23371348303484,23371345102974
23371348303484,23371563130408
23371348303484,23371758272388
23371348303484,23371975732096
23371348303484,23372177432575
23371348303484,23372366983038
23372182499719,23372366983038
23372182499719,23372652934637
23372182499719,23372828783693
23372830887917,23372828783693
23372830887917,23373090193467
23372830887917,23373300782188
23372830887917,23373454174392
23372830887917,23373663390774
23373665631234,23373663390774
23373665631234,23373874218978
23373665631234,23374068514869
23373665631234,23374250733892
23373665631234,23374464339863
23373665631234,23374964685921
23375074543809,23374964685921
23375074543809,23375342179065
23375074543809,23375493405763
23375074543809,23375632321988
23375636523013,23375632321988
23375636523013,23375832487315
23375636523013,23376043439953
23375636523013,23376225746054
23375636523013,23376537959561
23376540077703,23376537959561
23376540077703,23376827558417
23376540077703,23377058033313
23376540077703,23377257058902
23376540077703,23377462174133
23376540077703,23377806950964
23377809900413,23377806950964
23377809900413,23378048428101
23377809900413,23378243565474
23377809900413,23378432349308
23377809900413,23378700901875
23378803101626,23378700901875
23378803101626,23379030938375
23378803101626,23379226619763
23378803101626,23379396973961
23378803101626,23379923198317
23379925645067,23379923198317
23379925645067,23380160516589
23379925645067,23380334255964
23379925645067,23380494979777
23380497679805,23380494979777
23380497679805,23380730516705
23380497679805,23380875323177
23380497679805,23381068201320
23380497679805,23381239583019
23380497679805,23381670905741
23381715838660,23381670905741
23381715838660,23381991296680
23381715838660,23382177911166
23381715838660,23382338624246
23381715838660,23382682313947
23382685240907,23382682313947
23382685240907,23382848774417
23382685240907,23383059207737
23382685240907,23383281336671
23382685240907,23383531750980
23383625354689,23383531750980
23383625354689,23383922302038
23383625354689,23384070221944
23383625354689,23384264730505
23383625354689,23384574340481
23384660805151,23384574340481
23384660805151,23384886238624
23384660805151,23385148126585
23384660805151,23385325348017
23384660805151,23385498168875
23385500664037,23385498168875
23385500664037,23385672695649
23385500664037,23385905836215
23385500664037,23386081700525
23385500664037,23386554218555
23385500664037,23386718116499
23386555438289,23386718116499
23386555438289,23386928582785
23386555438289,23387104415086
23386555438289,23387404948908
23387407188002,23387404948908
23387407188002,23387593390774
23387407188002,23387796839770
23387407188002,23388006352083
23388009857693,23388006352083
23388009857693,23388221286687
23388009857693,23388395022484
23388009857693,23388569755225
23388009857693,23388708830762
23388731849898,23388708830762
23388731849898,23388988139405
23388731849898,23389237982852
23388731849898,23389403805959
23388731849898,23389630605884
23389633231603,23389630605884
23389633231603,23389927408120
23389633231603,23390149700325
23389633231603,23390365227715
23389633231603,23390531964935
23390738063942,23390531964935
23390738063942,23390940306134
23390738063942,23391143972131
23390738063942,23391334289996
23390738063942,23391507983271
23390738063942,23391959077456
23392015717008,23391959077456
23392015717008,23392264502570
23392015717008,23392421986323
23392015717008,23392549251986
23392015717008,23392760757249
23392554559834,23392760757249
23392554559834,23392975418634
23392554559834,23393162783597
23392554559834,23393375038170
23392554559834,23393743603235
23393834780211,23393743603235
23393834780211,23394052997522
23393834780211,23394201202850
23393834780211,23394395298817
23393834780211,23394794373747
23394798152766,23394794373747
23394798152766,23395006810775
23394798152766,23395479971858
23395481672976,23395479971858
23395481672976,23395723842071
23395481672976,23395906325285
23395481672976,23396071628274
23395481672976,23396331417262
23395481672976,23396450124107
23395481672976,23396895657761
23396897867502,23396895657761
23396897867502,23397120966503
23396897867502,23397280701367
23396897867502,23397463377413
23396897867502,23397866223269
23397871102353,23397866223269
23397871102353,23398126527072
23397871102353,23398331141645
23397871102353,23398485418606
23397871102353,23398720882731
23398900022237,23398720882731
23398900022237,23399172868804
23398900022237,23399378154081
23398900022237,23399538357059
23398900022237,23399718792933
23399721613926,23399718792933
23399721613926,23399972065386
23399721613926,23400092942585
23399721613926,23400330455001
23399721613926,23400541479001
23400686786784,23400541479001
23400686786784,23400958903948
23400686786784,23401123375191
23400686786784,23401355440992
23401358333082,23401355440992
23401358333082,23401559030386
23401358333082,23401789693365
23401358333082,23401945700117
23401358333082,23402255309007
23401358333082,23402509470563
23402532084328,23402509470563
23402532084328,23402749711150
23402532084328,23402923221940
23402532084328,23403111486447
23403112960499,23403111486447
23403112960499,23403345498372
23403112960499,23403494597403
23403112960499,23403723378729
23403112960499,23403904919808
23403112960499,23404388320539
23404390853313,23404388320539
23404390853313,23404569045796
23404390853313,23404857041934
23404390853313,23405001795942
23404390853313,23405327419357
23405332687559,23405327419357
23405332687559,23405807202301
23405332687559,23405999239525
23405332687559,23406181764119
23405332687559,23406479692153
23406584434369,23406479692153
23406584434369,23406774155014
23406584434369,23406997323080
23406584434369,23407178190690
23407181205908,23407178190690
23407181205908,23407413345292
23407181205908,23407638055310
23407181205908,23407828402982
23407181205908,23407973140966
23407181205908,23408399949538
23408513040289,23408399949538
23408513040289,23408752171883
23408513040289,23408916649048
23408513040289,23409125544983
23409129300877,23409125544983
23409129300877,23409341740166
23409129300877,23409541911955
23409129300877,23409711859161
23409129300877,23409920063531
23409129300877,23410377336689
23410381441605,23410377336689
23410381441605,23410685395937
23410381441605,23410858090397
23410381441605,23410998271121
23410999512127,23410998271121
23410999512127,23411165052618
23410999512127,23411334429398
23410999512127,23411464035244
23410999512127,23411715561892
23411740021363,23411715561892
23411740021363,23411966400273
23411740021363,23412258558826
23411740021363,23412421215246
23411740021363,23412617801548
23411740021363,23413210618220
23413212701914,23413210618220
23413212701914,23413459063214
23413212701914,23413607114051
23413212701914,23413773232909
23413212701914,23414019296353
23414055554537,23414019296353
23414055554537,23414265172266
23414055554537,23414455228656
23414055554537,23414635238766
23414055554537,23414942770918
23415020950622,23414942770918
23415020950622,23415282543086
23415020950622,23415440123984
23415020950622,23415662704854
23415020950622,23415942411036
23415020950622,23416130676981
23415956326313,23416130676981
23415956326313,23416375882118
23415956326313,23416595275704
23415956326313,23416792653032
23415956326313,23417036709086
23416869076711,23417036709086
23416869076711,23417316844410
23416869076711,23417509278602
23416869076711,23417703798871
23417512626193,23417703798871
23417512626193,23417887348508
23417512626193,23418130339623
23417512626193,23418296350655
23418300379951,23418296350655
23418300379951,23418491595402
23418300379951,23418654957780
23418300379951,23418871584413
23418300379951,23419146838697
23419151284541,23419146838697
23419151284541,23419375670580
23419151284541,23419574750094
23419151284541,23419791852411
23419151284541,23419942787112
23419151284541,23420440167214
23420471703685,23420440167214
23420471703685,23420654885017
23420471703685,23420830855649
23420471703685,23421056290324
23420471703685,23421270963672
23421296774042,23421270963672
23421296774042,23421551829952
23421296774042,23421763321169
23421296774042,23421945684937
23421296774042,23422160145815
23421296774042,23422401421912
23422218070972,23422401421912
23422218070972,23422692327762
23422218070972,23422909612055
23422218070972,23423043846501
23423135889134,23423043846501
23423135889134,23423420845289
23423135889134,23423576144386
23423135889134,23423762672606
23423135889134,23424070301013
23424094635076,23424070301013
23424094635076,23424326495796
23424094635076,23424587405141
23424094635076,23424741877908
23424094635076,23425092441916
23425095612752,23425092441916
23425095612752,23425305220166
23425095612752,23425531539539
23425095612752,23425726999715
23425095612752,23426016810996
23426018974397,23426016810996
23426018974397,23426264104422
23426018974397,23426438164809
23426018974397,23426647594272
23426651191505,23426647594272
23426651191505,23426918276269
23426651191505,23427130942313
23426651191505,23427284967187
23426651191505,23427441810936
23426651191505,23427854964635
23427906495523,23427854964635
23427906495523,23428137643671
23427906495523,23428318655039
23427906495523,23428532411937
23427906495523,23428823164838
23428876387385,23428823164838
23428876387385,23429141841883
23428876387385,23429335256350
23428876387385,23429509638345
23429515831793,23429509638345
23429515831793,23429726104166
23429515831793,23429882771139
23429515831793,23430030485008
23429515831793,23430233166504
23429515831793,23430593578721
23430730360729,23430593578721
23430730360729,23430979818199
23430730360729,23431093665102
23430730360729,23431351429826
23430730360729,23431613481181
23431709661837,23431613481181
23431709661837,23431957535733
23431709661837,23432087114199
23431709661837,23432166138919
23431709661837,23432873190402
23432875148958,23432873190402
23432875148958,23433112220716
23432875148958,23433368781908
23432875148958,23433549987261
23433552422305,23433549987261
23433552422305,23433723295197
23433552422305,23433867129834
23433552422305,23434019827249
23433552422305,23434294586020
23433552422305,23434614391062
23434726264117,23434614391062
23434726264117,23434976258427
23434726264117,23435148606150
23434726264117,23435310868731
23434726264117,23435690962142
23435693306595,23435690962142
23435693306595,23435906730226
23435693306595,23436124727904
23435693306595,23436265601667
23435693306595,23436596258700
23436598578331,23436596258700
23436598578331,23436832447419
23436598578331,23437095180167
23436598578331,23437320439633
23436598578331,23437482542730
23437531220508,23437482542730
23437531220508,23437807826951
23437531220508,23437966308534
23437531220508,23438170647687
23437531220508,23438361564819
23437531220508,23438620256463
23438387267793,23438620256463
23438387267793,23438850186147
23438387267793,23439037306679
23438387267793,23439397423844
23439403188505,23439397423844
23439403188505,23439619973982
23439403188505,23439798328579
23439403188505,23439933671837
23439936194406,23439933671837
23439936194406,23440202494793
23439936194406,23440422175960
23439936194406,23440578018005
23439936194406,23440733774349
23440786065659,23440733774349
23440786065659,23441002252257
23440786065659,23441346266982
23440786065659,23441551229705
23440786065659,23441712228139
23441733462534,23441712228139
23441733462534,23441957885478
23441733462534,23442117130085
23441733462534,23442354166239
23441733462534,23442731373183
23441733462534,23443053540046
23443115807575,23443053540046
23443115807575,23443380289825
23443115807575,23443557195460
23443115807575,23443658306255
23443115807575,23444096225476
23444240204398,23444096225476
23444240204398,23444429798472
23444240204398,23444600321318
23444602419658,23444600321318
23444602419658,23444797173281
23444602419658,23444974235151
23444602419658,23445106349158
23444602419658,23445288060736
23444602419658,23445455364016
23444602419658,23445934848445
23446010607984,23445934848445
23446010607984,23446241930296
23446010607984,23446450504685
23446010607984,23446592117040
23446010607984,23446865285981
23446936148091,23446865285981
23446936148091,23447273082403
23446936148091,23447398049779
23446936148091,23447537880672
23446936148091,23447780503315
23447827171677,23447780503315
23447827171677,23448014842948
23447827171677,23448253885079
23447827171677,23448377187703
23447827171677,23448750190208
23448752503055,23448750190208
23448752503055,23448957384864
23448752503055,23449096972992
23448752503055,23449657196504
23448752503055,23449860725797
23448752503055,23450015955094
23450018926997,23450015955094
23450018926997,23450206096287
23450018926997,23450362254335
23450018926997,23450819338477
23450018926997,23451029573865
23450822456159,23451029573865
23450822456159,23451201604523
23450822456159,23451376625808
23450822456159,23451827363792
23451829948216,23451827363792
23451829948216,23452069907862
23451829948216,23452270914058
23451829948216,23452542509336
23451829948216,23452802092238
23452805145749,23452802092238
23452805145749,23453038894421
23452805145749,23453232492402
23452805145749,23453479462276
23452805145749,23453779187734
23453781639598,23453779187734
23453781639598,23453964773708
23453781639598,23454143336042
23453781639598,23454298232908
23453781639598,23454586720270
23454678694102,23454586720270
23454678694102,23454865173667
23454678694102,23455104049685
23454678694102,23455294223453
23454678694102,23455513369275
23455627480833,23455513369275
23455627480833,23455859435469
23455627480833,23456018298965
23455627480833,23456179728200
23455627480833,23456535701520
23456539631882,23456535701520
23456539631882,23456765922423
23456539631882,23456976279264
23456539631882,23457113822092
23456539631882,23457466438739
23457495304678,23457466438739
23457495304678,23457661275383
23457495304678,23457971515542
23457495304678,23458210930835
23457495304678,23458359265759
23458418594200,23458359265759
23458418594200,23458699135181
23458418594200,23458920270206
23458418594200,23459107310254
23458418594200,23459341435587
23459411677801,23459341435587
23459411677801,23459686266216
23459411677801,23459933825834
23459411677801,23460126029813
23459411677801,23460305435411
23460372305549,23460305435411
23460372305549,23460578445794
23460372305549,23460761938492
23460372305549,23460982870688
23460984448043,23460982870688
23460984448043,23461195915613
23460984448043,23461381892758
23460984448043,23461537612832
23460984448043,23461783690918
23460984448043,23462383928346
23462385980238,23462383928346
23462385980238,23462583582912
23462385980238,23462754263539
23462385980238,23462922461027
23462385980238,23463216679464
23462385980238,23463381961192
23463220753489,23463381961192
23463220753489,23463590056670
23463220753489,23463748574198
23463220753489,23464247051625
23464249962735,23464247051625
23464249962735,23464496356592
23464249962735,23464705454463
23464249962735,23464877716767
23464249962735,23465193989678
23465197184073,23465193989678
23465197184073,23465434705938
23465197184073,23465629952670
23465197184073,23465824434627
23465197184073,23466086306294
23465197184073,23466317081840
23466133370580,23466317081840
23466133370580,23466532621163
23466133370580,23466711631127
23466133370580,23467134127287
23467136318119,23467134127287
23467136318119,23467341085687
23467136318119,23467505184676
23467136318119,23467800656731
23467803586042,23467800656731
23467803586042,23467991921946
23467803586042,23468183545100
23467803586042,23468322669845
23467803586042,23468532907384
23468542421668,23468532907384
23468542421668,23468786212857
23468542421668,23469039977582
23468542421668,23469227139342
23468542421668,23469573846029
23469582875909,23469573846029
23469582875909,23469790441953
23469582875909,23469994171273
23469582875909,23470181393757
23469582875909,23470488498100
23469582875909,23470872267874
23470927997672,23470872267874
23470927997672,23471167165541
23470927997672,23471340157754
23470927997672,23471571869527
23470927997672,23471854261354
23471910402976,23471854261354
23471910402976,23472085274458
23471910402976,23472257604178
23471910402976,23472520159410
23472522246160,23472520159410
23472522246160,23472669395561
23472522246160,23472812375399
23472522246160,23473016978304
23472522246160,23473182764525
23472522246160,23473584750906
23473661036663,23473584750906
23473661036663,23473932947626
23473661036663,23474060301903
23473661036663,23474221584150
23473661036663,23474647331861
23474649905943,23474647331861
23474649905943,23474835142583
23474649905943,23475167403247
23474649905943,23475346311284
23475349657003,23475346311284
23475349657003,23475505856838
23475349657003,23475668341742
23475349657003,23475839204952
23475349657003,23476120234605
23475349657003,23476517775428
23476519642881,23476517775428
23476519642881,23476741319659
23476519642881,23476896236561
23476519642881,23477099249777
23476519642881,23477377699901
23477488094114,23477377699901
23477488094114,23477752458992
23477488094114,23477927523913
23477488094114,23478158531375
23477488094114,23478337495990
23478161554033,23478337495990
23478161554033,23478571756705
23478161554033,23478752307612
23478161554033,23478965095041
23478161554033,23479380415602
23479382494631,23479380415602
23479382494631,23479633484433
23479382494631,23479774249302
23479382494631,23479946154060
23479947545898,23479946154060
23479947545898,23480187526862
23479947545898,23480338633427
23479947545898,23480512999440
23479947545898,23480873989943
23479947545898,23481247385946
23481272568807,23481247385946
23481272568807,23481416223464
23481272568807,23481640740673
23481272568807,23481771840913
23481272568807,23482227940777
23482306257126,23482227940777
23482306257126,23482469762293
23482306257126,23482671504700
23482306257126,23482873675338
23482306257126,23483166404848
23483177969802,23483166404848
23483177969802,23483447554081
23483177969802,23483619047147
23483177969802,23483742265137
23483177969802,23484168935177
23484170874350,23484168935177
23484170874350,23484458224303
23484170874350,23484709304621
23484170874350,23484911295358
23484170874350,23485072570145
23485136216659,23485072570145
23485136216659,23485433717362
23485136216659,23485598862286
23485136216659,23485771745230
23485136216659,23486060896026
23486062917278,23486060896026
23486062917278,23486336317632
23486062917278,23486519551354
23486062917278,23486749518076
23486062917278,23486890493739
23486892851539,23486890493739
23486892851539,23487152193991
23486892851539,23487320103882
23486892851539,23487534443429
23486892851539,23487836786576
23487874220455,23487836786576
23487874220455,23488133410872
23487874220455,23488367294067
23487874220455,23488598229510
23487874220455,23488766530622
23487874220455,23488920350534
23488922390955,23488920350534
23488922390955,23489102294480
23488922390955,23489234792732
23488922390955,23489605514332
23489707277494,23489605514332
23489707277494,23489952999343
23489707277494,23490135749458
23489707277494,23490317233258
23489707277494,23490512518294
23490615237426,23490512518294
23490615237426,23490874178475
23490615237426,23491089317234
23490615237426,23491307099799
23490615237426,23491448899977
23491494773647,23491448899977
23491494773647,23491705994585
23491494773647,23491945493005
23491494773647,23492123931360
23492126807784,23492123931360
23492126807784,23492373331475
23492126807784,23492540253627
23492126807784,23492701144954
23492126807784,23492868449074
23492126807784,23493270255344
23493317942814,23493270255344
23493317942814,23493591281372
23493317942814,23493834870175
23493317942814,23493987058814
23493317942814,23494274519356
23493317942814,23494398429915
23494402576594,23494398429915
23494402576594,23494614224189
23494402576594,23494739312884
23494402576594,23495000269157
23495478092324,23495000269157
23495478092324,23495705163227
23495478092324,23495872362145
23495478092324,23496067313375
23496069916870,23496067313375
23496069916870,23496308303788
23496069916870,23496466032311
23496069916870,23496658089369
23496069916870,23496898559392
23496069916870,23497446581572
23497449270508,23497446581572
23497449270508,23497734597143
23497449270508,23497902446582
23497449270508,23498049737518
23497449270508,23498456662020
23498459475272,23498456662020
23498459475272,23498687645987
23498459475272,23498829394430
23498459475272,23499046226026
23498459475272,23499327075608
23499341420527,23499327075608
23499341420527,23499534736418
23499341420527,23499700491252
23499341420527,23499902546655
23499341420527,23500319786165
23500335508481,23500319786165
23500335508481,23500573178158
23500335508481,23500703033963
23500335508481,23500920962557
23500922323193,23500920962557
23500922323193,23501097088630
23500922323193,23501278752800
23500922323193,23501464231786
23500922323193,23501638733782
23500922323193,23502193634823
23502197108545,23502193634823
23502197108545,23502430269340
23502197108545,23502566575063
23502197108545,23502752717181
23502197108545,23502958216516
23503038526003,23502958216516
23503038526003,23503294614652
23503038526003,23503477969879
23503038526003,23503685665895
23503038526003,23503927932843
23504234581237,23503927932843
23504234581237,23504436959271
23504234581237,23504650086922
23504234581237,23504831835209
23504234581237,23504991241676
23504834811068,23504991241676
23504834811068,23505147812913
23504834811068,23505333471936
23504834811068,23505595184284
23505643260952,23505595184284
23505643260952,23505952498624
23505643260952,23506144170088
23505643260952,23506340435937
23505643260952,23506489436855
23505643260952,23506934353399
23506936363903,23506934353399
23506936363903,23507253105067
23506936363903,23507444225361
23506936363903,23507609726363
23507612676329,23507609726363
23507612676329,23507824619498
23507612676329,23507907512333
23507612676329,23508167462845
23507612676329,23508648196469
23507612676329,23508929022629
23508959849880,23508929022629
23508959849880,23509230289603
23508959849880,23509390682407
23508959849880,23509525310941
23508959849880,23509833152182
23509922533067,23509833152182
23509922533067,23510174341553
23509922533067,23510360661318
23509922533067,23510544878069
23509922533067,23510852318484
23510887476228,23510852318484
23510887476228,23511186163768
23510887476228,23511367315328
23510887476228,23511554981402
23510887476228,23511868852293
23511871545634,23511868852293
23511871545634,23512131039614
23511871545634,23512379997405
23511871545634,23512553330098
23511871545634,23512802542651
23512822834510,23512802542651
23512822834510,23513043698541
23512822834510,23513250329142
23512822834510,23513456777786
23512822834510,23513704308183
23513706703816,23513704308183
23513706703816,23513942410224
23513706703816,23514074400677
23513706703816,23514214967594
23514217348215,23514214967594
23514217348215,23514490569426
23514217348215,23514678885551
23514217348215,23514856225175
23514217348215,23514988080464
23514217348215,23515368139726
23514217348215,23515596726444
23515401471824,23515596726444
23515401471824,23515782279618
23515401471824,23516044675660
23515401471824,23516286730748
23516368574764,23516286730748
23516368574764,23516603038622
23516368574764,23516783118240
23516368574764,23517015268233
23517017662769,23517015268233
23517017662769,23517227822568
23517017662769,23517360294553
23517017662769,23517534187534
23517017662769,23517718954745
23517017662769,23518185504535
23518213294343,23518185504535
23518213294343,23518408814708
23518213294343,23518619065442
23518213294343,23518755391262
23518757778733,23518755391262
23518757778733,23518997385746
23518757778733,23519155020163
23518757778733,23519326283596
23518757778733,23519593334850
23519595755571,23519593334850
23519595755571,23519746050353
23519595755571,23520030858282
23519595755571,23520181257671
23519595755571,23520429292001
23519595755571,23520800687972
23520907339274,23520800687972
23520907339274,23521150106620
23520907339274,23521331776258
23520907339274,23521542370142
23520907339274,23521726740668
23521547312790,23521726740668
23521547312790,23521924040249
23521547312790,23522108024450
23521547312790,23522335936990
23521547312790,23522732949805
23522796647445,23522732949805
23522796647445,23522945188782
23522796647445,23523151560095
23522796647445,23523328434905
23523348523687,23523328434905
23523348523687,23523575769412
23523348523687,23523780935990
23523348523687,23523925404766
23523348523687,23524263112730
23523348523687,23524720372106
23524722638453,23524720372106
23524722638453,23525004282733
23524722638453,23525505519379
23524722638453,23525666564856
23524722638453,23525891821709
23525924465318,23525891821709
23525924465318,23526104501116
23525924465318,23526364652133
23525924465318,23526551303858
23526555761463,23526551303858
23526555761463,23526782919636
23526555761463,23526993050409
23526555761463,23527159387761
23526555761463,23527300836167
23526555761463,23527712711764
23527715870320,23527712711764
23527715870320,23527975207229
23527715870320,23528158983432
23527715870320,23528289653542
23528290904265,23528289653542
23528290904265,23528613682284
23528290904265,23528759895369
23528290904265,23528939770175
23528290904265,23529079961726
23528290904265,23529416110724
23529485130873,23529416110724
23529485130873,23529748323754
23529485130873,23529904569322
23529485130873,23530067863853
23529485130873,23530432138214
23530504536058,23530432138214
23530504536058,23530719798214
23530504536058,23530900817559
23530504536058,23531020991457
23530504536058,23531419403655
23531466231407,23531419403655
23531466231407,23531747232475
23531466231407,23531924931418
23531466231407,23532095668852
23531466231407,23532395567059
23532484981231,23532395567059
23532484981231,23532703452623
23532484981231,23532908668770
23532484981231,23533132026405
23532484981231,23533386282639
23533633210251,23533386282639
23533633210251,23533812960919
23533633210251,23533993360461
23533633210251,23534158141221
23533633210251,23534397312616
23534466820597,23534397312616
23534466820597,23534730394279
23534466820597,23534864285777
23534466820597,23535025554782
23534466820597,23535328857060
23535341861016,23535328857060
23535341861016,23535610001896
23535341861016,23535750520808
23535341861016,23535870444648
23535341861016,23536201786671
23536288324123,23536201786671
23536288324123,23536475252711
23536288324123,23536826272210
23536288324123,23537036355615
23536288324123,23537181932883
23537184321910,23537181932883
23537184321910,23537378786396
23537184321910,23537553427303
23537184321910,23537765531910
23537184321910,23538062719667
23538081899048,23538062719667
23538081899048,23538260288047
23538081899048,23538459676244
23538081899048,23538632426439
23538634532666,23538632426439
23538634532666,23538793264806
23538634532666,23538943985729
23538634532666,23539117235180
23538634532666,23539394246941
23538634532666,23539755992382
23539848110775,23539755992382
23539848110775,23539996502558
23539848110775,23540205439688
23539848110775,23540406368910
23540409565849,23540406368910
23540409565849,23540653799930
23540409565849,23540850375276
23540409565849,23541015038756
23540409565849,23541163077240
23540409565849,23541768430008
23541913021931,23541768430008
23541913021931,23542105337628
23541913021931,23542318396456
23541913021931,23542476121043
23541913021931,23542636385421
23542671606765,23542636385421
23542671606765,23542923408698
23542671606765,23543061603693
23542671606765,23543230706328
23542671606765,23543513328532
23543586130062,23543513328532
23543586130062,23543834064256
23543586130062,23543968422836
23543586130062,23544118341764
23543586130062,23544678767682
23544682773573,23544678767682
23544682773573,23544952797564
23544682773573,23545143357191
23544682773573,23545353114070
23544682773573,23545649831820
23545652105363,23545649831820
23545652105363,23545865803855
23545652105363,23545993650261
23545652105363,23546216853826
23546219092807,23546216853826
23546219092807,23546438087587
23546219092807,23546654789132
23546219092807,23546815684208
23546219092807,23547084878567
23546219092807,23547559902076
23547562215444,23547559902076
23547562215444,23547766360431
23547562215444,23548030981750
23547562215444,23548198040075
23547562215444,23548424728538
23548474328192,23548424728538
23548474328192,23548666203663
23548474328192,23548914155096
23548474328192,23549090351566
23548474328192,23549448657051
23549452905789,23549448657051
23549452905789,23549705815282
23549452905789,23549875329651
23549452905789,23550041129824
23549452905789,23550348442565
23550350830851,23550348442565
23550350830851,23550683118988
23550350830851,23550849925426
23550350830851,23550997361513
23550350830851,23551207634063
23551247285210,23551207634063
23551247285210,23551394346223
23551247285210,23551661758404
23551247285210,23551846615918
23551247285210,23552066324475
23552143588838,23552066324475
23552143588838,23552320207636
23552143588838,23552526797302
23552143588838,23552762282642
23552766452213,23552762282642
23552766452213,23552942105568
23552766452213,23553128723546
23552766452213,23553287930964
23552766452213,23553603759717
23552766452213,23553940644247
23554011335588,23553940644247
23554011335588,23554323224263
23554011335588,23554478796709
23554011335588,23554665557682
23554011335588,23554867798600
23554890419958,23554867798600
23554890419958,23555031195707
23554890419958,23555254316624
23554890419958,23555375298454
23555378121307,23555375298454
23555378121307,23555570470670
23555378121307,23555744507446
23555378121307,23555899254718
23555378121307,23556208329397
23555378121307,23556619238828
23556661188343,23556619238828
23556661188343,23556894889138
23556661188343,23557119848221
23556661188343,23557304372183
23557305976687,23557304372183
23557305976687,23557453739860
23557305976687,23557672390692
23557305976687,23557803994972
23557305976687,23557946025616
23557305976687,23558251030552
23558392582073,23558251030552
23558392582073,23558621017931
23558392582073,23558781196351
23558392582073,23559013659732
23558392582073,23559311262862
23559345656253,23559311262862
23559345656253,23559529045561
23559345656253,23559814882672
23559345656253,23559965777131
23559345656253,23560271867148
23560332602428,23560271867148
23560332602428,23560533892410
23560332602428,23560802312478
23560332602428,23560988160275
23560991933032,23560988160275
23560991933032,23561243748675
23560991933032,23561413368574
23560991933032,23561593233613
23560991933032,23561875326938
23561881558492,23561875326938
23561881558492,23562166976113
23561881558492,23562302269903
23561881558492,23562452972093
23561881558492,23562571689290
23561881558492,23563055629977
23563058481581,23563055629977
23563058481581,23563263219316
23563058481581,23563435695658
23563058481581,23563566849205
23563058481581,23563938096359
23564001055084,23563938096359
23564001055084,23564313147117
23564001055084,23564497691594
23564001055084,23564673469200
23564001055084,23564858237217
23564907488282,23564858237217
23564907488282,23565129259383
23564907488282,23565387135640
23564907488282,23565550121944
23565551958139,23565550121944
23565551958139,23565731919038
23565551958139,23565905922049
23565551958139,23566042225886
23565551958139,23566722318841
23566759696374,23566722318841
23566759696374,23567001484172
23566759696374,23567161197538
23566759696374,23567375225110
23566759696374,23567713889818
23566759696374,23568069894569
23568121810314,23568069894569
23568121810314,23568358267475
23568121810314,23568522464200
23568121810314,23568709207919
23568121810314,23569005154850
23569027927884,23569005154850
23569027927884,23569249099359
23569027927884,23569412603312
23569027927884,23569639195993
23569641380101,23569639195993
23569641380101,23569816472612
23569641380101,23569914858113
23569641380101,23570096171640
23569641380101,23570368142367
23569641380101,23570856203488
23570858368358,23570856203488
23570858368358,23571056314147
23570858368358,23571243571882
23570858368358,23571490624960
23571492817207,23571490624960
23571492817207,23571740310945
23571492817207,23571955748622
23571492817207,23572115478188
23571492817207,23572274691466
23571492817207,23572634842275
23572639038061,23572634842275
23572639038061,23572864809005
23572639038061,23573130211125
23572639038061,23573329185359
23572639038061,23573493972803
23573555076188,23573493972803
23573555076188,23573832393359
23573555076188,23573997358119
23573555076188,23574152036991
23573555076188,23574362141518
23574479480387,23574362141518
23574479480387,23574761193108
23574479480387,23575002256287
23574479480387,23575196310151
23574479480387,23575450292667
23575510869012,23575450292667
23575510869012,23575714087563
23575510869012,23575905253697
23575510869012,23576106389701
23575510869012,23576377383404
23576483741638,23576377383404
23576483741638,23576653251708
23576483741638,23576906930574
23576483741638,23577023791916
23576483741638,23577404936581
23577417911575,23577404936581
23577417911575,23577607447400
23577417911575,23577805118749
23577417911575,23577946633171
23577417911575,23578323083525
23578411753591,23578323083525
23578411753591,23578607291256
23578411753591,23578778679486
23578411753591,23578967765805
23578411753591,23579279751762
23579404103952,23579279751762
23579404103952,23579634144537
23579404103952,23579910252785
23579404103952,23580117977293
23579404103952,23580316304158
23580403329890,23580316304158
23580403329890,23580641955342
23580403329890,23580795279358
23580403329890,23580986620108
23580403329890,23581444599795
23581447031718,23581444599795
23581447031718,23581627388454
23581447031718,23581840672160
23581447031718,23581964971836
23581966936443,23581964971836
23581966936443,23582204843463
23581966936443,23582358689956
23581966936443,23582481161302
23581966936443,23582705439904
23581966936443,23583211260594
23583213165882,23583211260594
23583213165882,23583663283451
23583213165882,23583838438093
23583213165882,23584014894928
23583213165882,23584431912735
23584434577524,23584431912735
23584434577524,23584682862566
23584434577524,23584852727116
23584434577524,23585003836693
23584434577524,23585241190486
23584434577524,23585482757719
23585299080485,23585482757719
23585299080485,23585687657277
23585299080485,23585869494927
23585871247360,23585869494927
23585871247360,23586139197019
23585871247360,23586337805805
23585871247360,23586500731748
23585871247360,23586735283456
23586737913303,23586735283456
23586737913303,23587035777550
23586737913303,23587184512537
23586737913303,23587372094574
23586737913303,23587541975880
23586737913303,23587979449667
23587982520876,23587979449667
23587982520876,23588166132514
23587982520876,23588311152262
23587982520876,23588437099778
23587982520876,23588778732753
23588869183853,23588778732753
23588869183853,23589106267563
23588869183853,23589227047683
23588869183853,23589364542657
23588869183853,23589599589322
23589377438040,23589599589322
23589377438040,23589807840242
23589377438040,23589924669276
23589377438040,23590268831370
23589377438040,23590700127586
23590702700895,23590700127586
23590702700895,23590975874494
23590702700895,23591140293414
23590702700895,23591293930440
23590702700895,23591702540636
23591708358870,23591702540636
23591708358870,23591966587561
23591708358870,23592109641962
23591708358870,23592274191381
23591708358870,23592562131568
23592572060988,23592562131568
23592572060988,23592802513628
23592572060988,23592999037907
23592572060988,23593217213708
23592572060988,23593374047735
23593408149155,23593374047735
23593408149155,23593637830261
23593408149155,23593794413069
23593408149155,23594023631260
23593408149155,23594275924227
23594404985888,23594275924227
23594404985888,23594649065682
23594404985888,23594780402880
23594404985888,23594952830832
23594955231816,23594952830832
23594955231816,23595199173931
23594955231816,23595311168945
23594955231816,23595436931100
23594955231816,23595705584441
23594955231816,23596016526325
23594955231816,23596347385390
