23105294826570,23106518562414
23105294826570,23106748305169
23106894233522,23106748305169
23106894233522,23107188293462
23106894233522,23107420571475
23106894233522,23107604246727
23106894233522,23107865964141
23107871925955,23107865964141
23107871925955,23108061328354
23107871925955,23108260921174
23107871925955,23108449050555
23107871925955,23108730469065
23108797103959,23108730469065
23108797103959,23108994345655
23108797103959,23109163858528
23108797103959,23109350181867
23108797103959,23109639430920
23109744411582,23109639430920
23109744411582,23109967416977
23109744411582,23110129247278
23109744411582,23110279616339
23110281451807,23110279616339
23110281451807,23110507592669
23110281451807,23110748710706
23110281451807,23110954561299
23110281451807,23111100247726
23110281451807,23111689058663
23111691813726,23111689058663
23111691813726,23111943477546
23111691813726,23112287725051
23111691813726,23112468740840
23111691813726,23112596514002
23112598924481,23112596514002
23112598924481,23112840393476
23112598924481,23112991171188
23112598924481,23113159396226
23112598924481,23113532414668
23113557927396,23113532414668
23113557927396,23113892799971
23113557927396,23114106418850
23113557927396,23114315527281
23113557927396,23114446219314
23113557927396,23114641137963
23114448556923,23114641137963
23114448556923,23114921311556
23114448556923,23115091161056
23114448556923,23115283286868
23115287416407,23115283286868
23115287416407,23115494220150
23115287416407,23115786921393
23115287416407,23115932627009
23115287416407,23116206483423
23116209388557,23116206483423
23116209388557,23116400895686
23116209388557,23116622230085
23116209388557,23116773641827
23116209388557,23117067019726
23117172098133,23117067019726
23117172098133,23117426422188
23117172098133,23117740537689
23117172098133,23117991192117
23117172098133,23118204015263
23118308117103,23118204015263
23118308117103,23118568196534
23118308117103,23118738469590
23118308117103,23118875270588
23118308117103,23119018162245
23118308117103,23119211438938
23119020982705,23119211438938
23119020982705,23119405698247
23119020982705,23119588372817
23119020982705,23119842092321
23119868799469,23119842092321
23119868799469,23120112853477
23119868799469,23120321413898
23119868799469,23120493394850
23120497324517,23120493394850
23120497324517,23120711688696
23120497324517,23120860644951
23120497324517,23121026849893
23120497324517,23121209488868
23120497324517,23121727699293
23121834184682,23121727699293
23121834184682,23122092639676
23121834184682,23122250492324
23121834184682,23122414482603
23122418447310,23122414482603
23122418447310,23122627910314
23122418447310,23122838955417
23122418447310,23123041256155
23122418447310,23123199888314
23122418447310,23123757047752
23123759376720,23123757047752
23123759376720,23123947920816
23123759376720,23124160680303
23123759376720,23124336792525
23123759376720,23124537118041
23124721282555,23124537118041
23124721282555,23124944729439
23124721282555,23125086176284
23124721282555,23125274253099
23124721282555,23125544318220
23125621646138,23125544318220
23125621646138,23125920133211
23125621646138,23126073045685
23125621646138,23126241926032
23125621646138,23126638243130
23126640310925,23126638243130
23126640310925,23126887533168
23126640310925,23127073730248
23126640310925,23127266957641
23127269592075,23127266957641
23127269592075,23127476265959
23127269592075,23127618665449
23127269592075,23127782455166
23127269592075,23127943599692
23127269592075,23128400661144
23128402543747,23128400661144
23128402543747,23128714414727
23128402543747,23128901942220
23128402543747,23129076146982
23128402543747,23129289222695
23129398637314,23129289222695
23129398637314,23129642953323
23129398637314,23129868909195
23129398637314,23130084333695
23130086429884,23130084333695
23130086429884,23130247872319
23130086429884,23130429952123
23130086429884,23130621914140
23130086429884,23130927743631
23130086429884,23131307237161
23131366747706,23131307237161
23131366747706,23131617315864
23131366747706,23131735380081
23131366747706,23131970368795
23131366747706,23132206413139
23132292392609,23132206413139
23132292392609,23132544388386
23132292392609,23132746641685
23132292392609,23132946242525
23132292392609,23133136290450
23133365914368,23133136290450
23133365914368,23133550289321
23133365914368,23133742102899
23133365914368,23133866274882
23133365914368,23134309276747
23134311685165,23134309276747
23134311685165,23134556080417
23134311685165,23134729583106
23134311685165,23134900956493
23134311685165,23135237218370
23135354683791,23135237218370
23135354683791,23135567658278
23135354683791,23135773068914
23135354683791,23135950754924
23135354683791,23136290500874
23136292773715,23136290500874
23136292773715,23136483697152
23136292773715,23136669472052
23136292773715,23136789171497
23136292773715,23137279341276
23137328512633,23137279341276
23137328512633,23137551386943
23137328512633,23137753907526
23137328512633,23137899554574
23137328512633,23138156987922
23138330028779,23138156987922
23138330028779,23138568456125
23138330028779,23138750729257
23138330028779,23138924492556
23138330028779,23139356229456
23139359638838,23139356229456
23139359638838,23139593877334
23139359638838,23139748544425
23139359638838,23140003685566
23139359638838,23140301402097
23140312779748,23140301402097
23140312779748,23140474458561
23140312779748,23140653026997
23140312779748,23140868409150
23140870130877,23140868409150
23140870130877,23141108464624
23140870130877,23141276185633
23140870130877,23141524992962
23140870130877,23141682212613
23140870130877,23142198379392
23142266199938,23142198379392
23142266199938,23142533858657
23142266199938,23142750341833
23142266199938,23142903058569
23142266199938,23143099082775
23143248406891,23143099082775
23143248406891,23143525052608
23143248406891,23143708747390
23143248406891,23143875094863
23143248406891,23144229588167
23144256176593,23144229588167
23144256176593,23144538333573
23144256176593,23144731422249
23144256176593,23144969518133
23144256176593,23145264543010
23145267244897,23145264543010
23145267244897,23145519075647
23145267244897,23145692313091
23145267244897,23145873648631
23145267244897,23146211672701
23146213645415,23146211672701
23146213645415,23146415927582
23146213645415,23146624936594
23146213645415,23146781901595
23146784084826,23146781901595
23146784084826,23147024184275
23146784084826,23147149693733
23146784084826,23147330386112
23146784084826,23147559794527
23146784084826,23147935609517
23147966956287,23147935609517
23147966956287,23148130355098
23147966956287,23148345607727
23147966956287,23148536976528
23148539922450,23148536976528
23148539922450,23148774133924
23148539922450,23148955249900
23148539922450,23149137837329
23148539922450,23149318833657
23148539922450,23149781429539
23149784377152,23149781429539
23149784377152,23149950089618
23149784377152,23150144275192
23149784377152,23150358338400
23149784377152,23150845208481
23150847977634,23150845208481
23150847977634,23151045011508
23150847977634,23151287094647
23150847977634,23151461102559
23150847977634,23151738815232
23151763232809,23151738815232
23151763232809,23151957937516
23151763232809,23152176980818
23151763232809,23152278650805
23152585783829,23152278650805
23152585783829,23152751706683
23152585783829,23152937302831
23152585783829,23153090475587
23152585783829,23153478865121
23152585783829,23153978123867
23153981617278,23153978123867
23153981617278,23154203002247
23153981617278,23154348819518
23153981617278,23154510916353
23153981617278,23154806294444
23154820628120,23154806294444
23154820628120,23155091307467
23154820628120,23155298680559
23154820628120,23155460969847
23155463370026,23155460969847
23155463370026,23155640538362
23155463370026,23155798225610
23155463370026,23155925361699
23155463370026,23156185092397
23156200298454,23156185092397
23156200298454,23156405294478
23156200298454,23156623645483
23156200298454,23156811314586
23156200298454,23157121949103
23156200298454,23157523345416
23157526336463,23157523345416
23157526336463,23157774166466
23157526336463,23157960994455
23157526336463,23158138179871
23157526336463,23158463776716
23158467207156,23158463776716
23158467207156,23158674293517
23158467207156,23158852297657
23158467207156,23159118676097
23158467207156,23159325284784
23159121196860,23159325284784
23159121196860,23159512875636
23159121196860,23159705317069
23159121196860,23159938153925
23159121196860,23160354165000
23160357241273,23160354165000
23160357241273,23160609098605
23160357241273,23160750571370
23160357241273,23160939606166
23160357241273,23161263648633
23161266851555,23161263648633
23161266851555,23161519361922
23161266851555,23161735427022
23161266851555,23161908506302
23161910901397,23161908506302
23161910901397,23162086155858
23161910901397,23162313625900
23161910901397,23162466190160
23161910901397,23162628825902
23162645798162,23162628825902
23162645798162,23162867463939
23162645798162,23163031936349
23162645798162,23163239370783
23162645798162,23163510379636
23162645798162,23164034539149
23164036851442,23164034539149
23164036851442,23164250396379
23164036851442,23164487178038
23164036851442,23164672888304
23164036851442,23164956514443
23164975499811,23164956514443
23164975499811,23165211586560
23164975499811,23165450688454
23164975499811,23165709370298
23164975499811,23165952472584
23165994554481,23165952472584
23165994554481,23166236865708
23165994554481,23166369882401
23165994554481,23166587070611
23165994554481,23166830399210
23166902694672,23166830399210
23166902694672,23167122073303
23166902694672,23167342494263
23166902694672,23167534589344
23166902694672,23167731338377
23167807058744,23167731338377
23167807058744,23168076543533
23167807058744,23168262197584
23167807058744,23168435311089
23167807058744,23168741624968
23168762798058,23168741624968
23168762798058,23169249121326
23168762798058,23169509683371
23168762798058,23169664887851
23168762798058,23169968115120
23169980370422,23169968115120
23169980370422,23170154030123
23169980370422,23170351565238
23169980370422,23170562130723
23169980370422,23171012781874
23171014710165,23171012781874
23171014710165,23171258634546
23171014710165,23171525556965
23171014710165,23171708236904
23171014710165,23172001159881
23172004017192,23172001159881
23172004017192,23172224560776
23172004017192,23172384987192
23172004017192,23172628309260
23172004017192,23172884886073
23172920169331,23172884886073
23172920169331,23173182538062
23172920169331,23173399149049
23172920169331,23173557364773
23172920169331,23173822075270
23173869633323,23173822075270
23173869633323,23174094098856
23173869633323,23174306673545
23173869633323,23174483120218
23173869633323,23174826337138
23174894628854,23174826337138
23174894628854,23175176164386
23174894628854,23175313183150
23174894628854,23175506293712
23174894628854,23175872464939
23175926401017,23175872464939
23175926401017,23176126286644
23175926401017,23176337375875
23175926401017,23176543059911
23175926401017,23176695495303
23176839690145,23176695495303
23176839690145,23177059813379
23176839690145,23177244403504
23177250044515,23177244403504
23177250044515,23177471437591
23177250044515,23177601664738
23177250044515,23177763289566
23177250044515,23177933024798
23177250044515,23178130193842
23177250044515,23178550173958
23178559256179,23178550173958
23178559256179,23178761302286
23178559256179,23178923273900
23178559256179,23179151278694
23178559256179,23179473957026
23179475260436,23179473957026
23179475260436,23179662177255
23179475260436,23179855989084
23179475260436,23180073294642
23179475260436,23180241399029
23180325463861,23180241399029
23180325463861,23180581186925
23180325463861,23180757344498
23180325463861,23181024770744
23180325463861,23181178233908
23181200668879,23181178233908
23181200668879,23181477914410
23181200668879,23181641384129
23181200668879,23181787998954
23181790673481,23181787998954
23181790673481,23181923169468
23181790673481,23182081432184
23181790673481,23182271746989
23181790673481,23182610016325
23181790673481,23182950405430
23183052884978,23182950405430
23183052884978,23183281515778
23183052884978,23183519033087
23183052884978,23183667197794
23183052884978,23184226377496
23184362281119,23184226377496
23184362281119,23184602264935
23184362281119,23184777671404
23184362281119,23184940791425
23184362281119,23185366788220
23185380554676,23185366788220
23185380554676,23185614383627
23185380554676,23185779600468
23185380554676,23185943668704
23185380554676,23186399750358
23186402383207,23186399750358
23186402383207,23186585667509
23186402383207,23186761319173
23186402383207,23186962456377
23186402383207,23187187492245
23187190390269,23187187492245
23187190390269,23187428779603
23187190390269,23187651652247
23187190390269,23187860192738
23187190390269,23188045987735
23188128393149,23188045987735
23188128393149,23188386390318
23188128393149,23188591364310
23188128393149,23188752304332
23188128393149,23188954185237
23189028182289,23188954185237
23189028182289,23189295067613
23189028182289,23189491190907
23189028182289,23189657131347
23189028182289,23189995289180
23189998453216,23189995289180
23189998453216,23190223165006
23189998453216,23190376218158
23189998453216,23190536058968
23189998453216,23190856583653
23190865309490,23190856583653
23190865309490,23191042014387
23190865309490,23191191962538
23190865309490,23191348375013
23190865309490,23191768522420
23191772515608,23191768522420
23191772515608,23191932095995
23191772515608,23192089908747
23191772515608,23192385116448
23191772515608,23192663380993
23192683709054,23192663380993
23192683709054,23192973857404
23192683709054,23193182238449
23192683709054,23193343193619
23193346110453,23193343193619
23193346110453,23193522254367
23193346110453,23193680445215
23193346110453,23193884767702
23193346110453,23194185322343
23193346110453,23194427186822
23194526702563,23194427186822
23194526702563,23194784678629
23194526702563,23194917982642
23194526702563,23195145419635
23194526702563,23195587255745
23195592196844,23195587255745
23195592196844,23195817291658
23195592196844,23196072569144
23195592196844,23196290668613
23195592196844,23196471339524
23196524577552,23196471339524
23196524577552,23196754827965
23196524577552,23196966761785
23196524577552,23197155813591
23197159308269,23197155813591
23197159308269,23197382890589
23197159308269,23197539403845
23197159308269,23197696875579
23197159308269,23197907311676
23197159308269,23198395072251
23198397572411,23198395072251
23198397572411,23198595153603
23198397572411,23198747462429
23198397572411,23198970237527
23198397572411,23199275116819
23199341428614,23199275116819
23199341428614,23199603318763
23199341428614,23199768897695
23199341428614,23199964530239
23199341428614,23200308505718
23200322594568,23200308505718
23200322594568,23200502966025
23200322594568,23200633062035
23200322594568,23200812446250
23200322594568,23201179215297
23201243144875,23201179215297
23201243144875,23201492326061
23201243144875,23201662418880
23201243144875,23201830744042
23201243144875,23202189381344
23202274561737,23202189381344
23202274561737,23202499339243
23202274561737,23202691296125
23202274561737,23202866458409
23202274561737,23203188439709
23203307719698,23203188439709
23203307719698,23203526504739
23203307719698,23203703226598
23203307719698,23203861467249
23203307719698,23204241112842
23204297177146,23204241112842
23204297177146,23204570161582
23204297177146,23204764398904
23204297177146,23204951178702
23204954244308,23204951178702
23204954244308,23205207347720
23204954244308,23205351232388
23204954244308,23205498388178
23204954244308,23205807158087
23204954244308,23206227887450
23206249337286,23206227887450
23206249337286,23206524458723
23206249337286,23206741723343
23206249337286,23206925428878
23206249337286,23207084336239
23207187280354,23207084336239
23207187280354,23207427079580
23207187280354,23207638198240
23207187280354,23207821119157
23207187280354,23208232185654
23208245580202,23208232185654
23208245580202,23208477593981
23208245580202,23208648742099
23208245580202,23208857955809
23208245580202,23209262564472
23209515897123,23209262564472
23209515897123,23209805927585
23209515897123,23210039016380
23209515897123,23210227229714
23209515897123,23210434447447
23210497166825,23210434447447
23210497166825,23210785263947
23210497166825,23210921434826
23210497166825,23211037374347
23210497166825,23211324897158
23211328179875,23211324897158
23211328179875,23211582167664
23211328179875,23211743922868
23211328179875,23211921773904
23211924193631,23211921773904
23211924193631,23212177566471
23211924193631,23212396057333
23211924193631,23212609532782
23211924193631,23212780726325
23211924193631,23213187851866
23213193858868,23213187851866
23213193858868,23213360032545
23213193858868,23213551522298
23213193858868,23213721561601
23213724009806,23213721561601
23213724009806,23213933712101
23213724009806,23214099127744
23213724009806,23214226383968
23213724009806,23214582656630
23213724009806,23215115195598
23215117849859,23215115195598
23215117849859,23215326922909
23215117849859,23215513236194
23215117849859,23215698742162
23215117849859,23216147243868
23215117849859,23216292130170
23216149436095,23216292130170
23216149436095,23216494606865
23216149436095,23216625673376
23216627925544,23216625673376
23216627925544,23216813358741
23216627925544,23217044853325
23216627925544,23217245559212
23216627925544,23217554126790
23216627925544,23217930280412
23217946433900,23217930280412
23217946433900,23218192616174
23217946433900,23218334287200
23217946433900,23218542696790
23217946433900,23218841456751
23218925064771,23218841456751
23218925064771,23219182483027
23218925064771,23219356113178
23218925064771,23219509816748
23219528748918,23219509816748
23219528748918,23219764358351
23219528748918,23219917232383
23219528748918,23220112145755
23219528748918,23220317120195
23220322438920,23220317120195
23220322438920,23220537689569
23220322438920,23220687648127
23220322438920,23220842554227
23220322438920,23221187090226
23221189605134,23221187090226
23221189605134,23221486397718
23221189605134,23221648117757
23221189605134,23221802500815
23221189605134,23222082815267
23221189605134,23222449173074
23222536933692,23222449173074
23222536933692,23222746302213
23222536933692,23222987996581
23222536933692,23223176514474
23222536933692,23223346221702
23223180161230,23223346221702
23223180161230,23223504043565
23223180161230,23223676985473
23223180161230,23223904053185
23223907082155,23223904053185
23223907082155,23224137948121
23223907082155,23224326765525
23223907082155,23224465255481
23223907082155,23224771307392
23223907082155,23225158883192
23225227239149,23225158883192
23225227239149,23225536502348
23225227239149,23225716943220
23225227239149,23225919167545
23225227239149,23226109565777
23226142561694,23226109565777
23226142561694,23226423320201
23226142561694,23226570608148
23226142561694,23226767957469
23226142561694,23227000019472
23227034240545,23227000019472
23227034240545,23227307332921
23227034240545,23227478876582
23227034240545,23227693636822
23227034240545,23228103254814
23228105949408,23228103254814
23228105949408,23228355257938
23228105949408,23228634797985
23228105949408,23228813845967
23228105949408,23229003789227
23229006449660,23229003789227
23229006449660,23229230422056
23229006449660,23229409065542
23229006449660,23229606677119
23229608958362,23229606677119
23229608958362,23229822784685
23229608958362,23229969215079
23229608958362,23230124972431
23229608958362,23230409327029
23229608958362,23230912745707
23230944404191,23230912745707
23230944404191,23231141029192
23230944404191,23231319683194
23230944404191,23231484045533
23230944404191,23231818566381
23231829954945,23231818566381
23231829954945,23232015294198
23231829954945,23232235798036
23231829954945,23232446303735
23231829954945,23232715240907
23232717266124,23232715240907
23232717266124,23232948132297
23232717266124,23233105472064
23232717266124,23233290172995
23232717266124,23233650092486
23233653774432,23233650092486
23233653774432,23233818804195
23233653774432,23234069255607
23233653774432,23234268653552
23234271339548,23234268653552
23234271339548,23234463717045
23234271339548,23234644453638
23234271339548,23234806380558
23234271339548,23234929086055
23234271339548,23235308583396
23235389397922,23235308583396
23235389397922,23235647065780
23235389397922,23235837524126
23235389397922,23236099793008
23235389397922,23236354447889
23236388142471,23236354447889
23236388142471,23236841455020
23236388142471,23236988204625
23236388142471,23237135971650
23236388142471,23237534531470
23237632672271,23237534531470
23237632672271,23237869765268
23237632672271,23238068241338
23237632672271,23238296232823
23238298480726,23238296232823
23238298480726,23238492817479
23238298480726,23238657821669
23238298480726,23238846436398
23238298480726,23239102038855
23238298480726,23239464859556
23239547762638,23239464859556
23239547762638,23239751109448
23239547762638,23240039864495
23239547762638,23240209572058
23239547762638,23240472535334
23240557818475,23240472535334
23240557818475,23240787254254
23240557818475,23241035326887
23240557818475,23241197868152
23240557818475,23241605668028
23241608548987,23241605668028
23241608548987,23241838377808
23241608548987,23242080227880
23241608548987,23242245659907
23241608548987,23242537696206
23242553450545,23242537696206
23242553450545,23242877197703
23242553450545,23243019674406
23242553450545,23243237204079
23242553450545,23243517057775
23243519774335,23243517057775
23243519774335,23243741219193
23243519774335,23243897383293
23243519774335,23244032500754
23244034753646,23244032500754
23244034753646,23244224415449
23244034753646,23244400323485
23244034753646,23244536401438
23244034753646,23244788243994
23244034753646,23245433595694
23245449781539,23245433595694
23245449781539,23245638922254
23245449781539,23245926370521
23245449781539,23246122269759
23245449781539,23246457108119
23246460812509,23246457108119
23246460812509,23246668137127
23246460812509,23246849746616
23246460812509,23247014785766
23246460812509,23247304151791
23247399216890,23247304151791
23247399216890,23247671259993
23247399216890,23247825020165
23247399216890,23248028645070
23247399216890,23248359896021
23248364825834,23248359896021
23248364825834,23248513070809
23248364825834,23248748231147
23248364825834,23248874677640
23248364825834,23249360174987
23249404150063,23249360174987
23249404150063,23249648306213
23249404150063,23249873555009
23249404150063,23250026356049
23249404150063,23250338625405
23250393146192,23250338625405
23250393146192,23250535075038
23250393146192,23250828792711
23250393146192,23250998202868
23250999688669,23250998202868
23250999688669,23251214070398
23250999688669,23251366669481
23250999688669,23251538783057
23250999688669,23251927374373
23250999688669,23252360764237
23252383106957,23252360764237
23252383106957,23252623359759
23252383106957,23252771649959
23252383106957,23252902029114
23252383106957,23253218781625
23253318769429,23253218781625
23253318769429,23253535272412
23253318769429,23253770625842
23253318769429,23253976606940
23253318769429,23254244804030
23254327535921,23254244804030
23254327535921,23254505772152
23254327535921,23254784071788
23254327535921,23254937058934
23254327535921,23255147284465
23255210872222,23255147284465
23255210872222,23255435351567
23255210872222,23255590206148
23255210872222,23255790335362
23255210872222,23256050149431
23256182104707,23256050149431
23256182104707,23256434449382
23256182104707,23256673444350
23256182104707,23256917332398
23256182104707,23257062135046
23257090263942,23257062135046
23257090263942,23257320099616
23257090263942,23257512838124
23257090263942,23257676779287
23257090263942,23257864448589
23257986947829,23257864448589
23257986947829,23258226772898
23257986947829,23258382525225
23257986947829,23258494449363
23257986947829,23259063317428
23257986947829,23259229614492
23259232560796,23259229614492
23259232560796,23259352367036
23259232560796,23259510210251
23259232560796,23259703980081
23259810138537,23259703980081
23259810138537,23260114457603
23259810138537,23260299548590
23259810138537,23260463314616
23260465334453,23260463314616
23260465334453,23260679085402
23260465334453,23260824316060
23260465334453,23260992200360
23260465334453,23261291634546
23261293599429,23261291634546
23261293599429,23261481213166
23261293599429,23261689757331
23261293599429,23261868199980
23261293599429,23262116021267
23261293599429,23262623514867
23262648144258,23262623514867
23262648144258,23262844926531
23262648144258,23263016472507
23262648144258,23263243232058
23262648144258,23263430608713
23263537245663,23263430608713
23263537245663,23263797022453
23263537245663,23264059565729
23263537245663,23264202273573
23264204916473,23264202273573
23264204916473,23264581306023
23264204916473,23264730960161
23264204916473,23264848090232
23264204916473,23265134132335
23264204916473,23265423705151
23265493807577,23265423705151
23265493807577,23265704096540
23265493807577,23265916427000
23265493807577,23266139914620
23265493807577,23266430372129
23266435212457,23266430372129
23266435212457,23266637397911
23266435212457,23266851984827
23266435212457,23267068245687
23267071712630,23267068245687
23267071712630,23267399900959
23267071712630,23267617129418
23267071712630,23267784221660
23267071712630,23267949050346
23267951693638,23267949050346
23267951693638,23268182249265
23267951693638,23268337552406
23267951693638,23268587320655
23267951693638,23268817291029
23267951693638,23269097818954
23269228124581,23269097818954
23269228124581,23269458081474
23269228124581,23269606940982
23269228124581,23269812082566
23269228124581,23270214763332
23270230997889,23270214763332
23270230997889,23270502156658
23270230997889,23270785098048
23270230997889,23270997982372
23271002130047,23270997982372
23271002130047,23271143827554
23271002130047,23271328546512
23271002130047,23271530378186
23271002130047,23271807342796
23271002130047,23272180182081
23272182543278,23272180182081
23272182543278,23272436172436
23272182543278,23272581321818
23272182543278,23272842514135
23272845673306,23272842514135
23272845673306,23273100465766
23272845673306,23273262847694
23272845673306,23273408192911
23272845673306,23273571057869
23273581046112,23273571057869
23273581046112,23273767040881
23273581046112,23273966312761
23273581046112,23274107192776
23273581046112,23274456579889
23273581046112,23274972050711
23275016288882,23274972050711
23275016288882,23275216254015
23275016288882,23275381885669
23275016288882,23275595409992
23275016288882,23275867048907
23276010220723,23275867048907
23276010220723,23276199087388
23276010220723,23276362642373
23276010220723,23276611191260
23276612641892,23276611191260
23276612641892,23276766202532
23276612641892,23277203363783
23276612641892,23277394670658
23276612641892,23277704564792
23276612641892,23278088705355
23278174574809,23278088705355
23278174574809,23278461834648
23278174574809,23278751741269
23278174574809,23278926832771
23278174574809,23279094875006
23279228111944,23279094875006
23279228111944,23279438208430
23279228111944,23279633323955
23279228111944,23279846348320
23279851826140,23279846348320
23279851826140,23280015727358
23279851826140,23280216120346
23279851826140,23280370650955
23279851826140,23280610876558
23279851826140,23280878964478
23280688949417,23280878964478
23280688949417,23281180551186
23280688949417,23281375041138
23280688949417,23281580535850
23280688949417,23282107505844
23282110383196,23282107505844
23282110383196,23282351489275
23282110383196,23282501881348
23282110383196,23282661583179
23282110383196,23282929726459
23282981377305,23282929726459
23282981377305,23283262125824
23282981377305,23283418835793
23282981377305,23283603084367
23283607456489,23283603084367
23283607456489,23283847157605
23283607456489,23284039753711
23283607456489,23284208737657
23283607456489,23284341249358
23283607456489,23284999540725
23285002073484,23284999540725
23285002073484,23285214140362
23285002073484,23285381633921
23285002073484,23285499147278
23285500901584,23285499147278
23285500901584,23285697132363
23285500901584,23285871231524
23285500901584,23286049927740
23285500901584,23286363221011
23286431801421,23286363221011
23286431801421,23286723317164
23286431801421,23286890248735
23286431801421,23287031119861
23286431801421,23287347140841
23286431801421,23287776468924
23287780474459,23287776468924
23287780474459,23288007850044
23287780474459,23288183924539
23287780474459,23288336922397
23288339455781,23288336922397
23288339455781,23288591590721
23288339455781,23288766194976
23288339455781,23288947200466
23288339455781,23289204979328
23289230504599,23289204979328
23289230504599,23289524233561
23289230504599,23289708805152
23289230504599,23289885084453
23289230504599,23290205749060
23289230504599,23290646032349
23289230504599,23290934578826
23290767143511,23290934578826
23290767143511,23291127888451
23290767143511,23291291644249
23291294353436,23291291644249
23291294353436,23291526396067
23291294353436,23291728784327
23291294353436,23291884536369
23291294353436,23292121139724
23291294353436,23292500376464
23291294353436,23292731808577
23292533982800,23292731808577
23292533982800,23292956537801
23292533982800,23293197670242
23292533982800,23293476222857
23293506496391,23293476222857
23293506496391,23293738799846
23293506496391,23293890122184
23293506496391,23294095923061
23293506496391,23294429349188
23293506496391,23294661367073
23294453563474,23294661367073
23294453563474,23294866809617
23294453563474,23295089489837
23294453563474,23295302267905
23295419931680,23295302267905
23295419931680,23295664584993
23295419931680,23295817774424
23295419931680,23295967555926
23295419931680,23296386047422
23296405422986,23296386047422
23296405422986,23296689647652
23296405422986,23296815197263
23296405422986,23296966759576
23296970887178,23296966759576
23296970887178,23297154996287
23296970887178,23297378644467
23296970887178,23297530453874
23296970887178,23297854391067
23296970887178,23298382099137
23298384998682,23298382099137
23298384998682,23298577965001
23298384998682,23298768044068
23298384998682,23298999475556
23298384998682,23299284209587
23299339094757,23299284209587
23299339094757,23299599693915
23299339094757,23299756918822
23299339094757,23299910575878
23299339094757,23300196664580
23300278265612,23300196664580
23300278265612,23300533159865
23300278265612,23300777321194
23300278265612,23300995265547
23300999545963,23300995265547
23300999545963,23301159066190
23300999545963,23301309324030
23300999545963,23301479333983
23300999545963,23301604988655
23300999545963,23302034035667
23302036100567,23302034035667
23302036100567,23302295931070
23302036100567,23302424097898
23302036100567,23302611352116
23302614656006,23302611352116
23302614656006,23302865309566
23302614656006,23303062265953
23302614656006,23303229540344
23302614656006,23303548796452
23302614656006,23303929315824
23303969449846,23303929315824
23303969449846,23304207702411
23303969449846,23304357601724
23303969449846,23304496837098
23303969449846,23304953090988
23304966986344,23304953090988
23304966986344,23305226286842
23304966986344,23305368717275
23304966986344,23305546586588
23304966986344,23305964260678
23306003054904,23305964260678
23306003054904,23306206466229
23306003054904,23306373179918
23306003054904,23306590973953
23306593680258,23306590973953
23306593680258,23306840881233
23306593680258,23306957809436
23306593680258,23307110311803
23306593680258,23307303131163
23307366104844,23307303131163
23307366104844,23307618584479
23307366104844,23307814305666
23307366104844,23307962570089
23307366104844,23308212482665
23307366104844,23308740857738
23308764149131,23308740857738
23308764149131,23308996583281
23308764149131,23309220721780
23308764149131,23309378218070
23309381525400,23309378218070
23309381525400,23309605142820
23309381525400,23309763109579
23309381525400,23309997534497
23309381525400,23310272984088
23309381525400,23310508303218
23310615724533,23310508303218
23310615724533,23310872821422
23310615724533,23311158644783
23310615724533,23311323428946
23310615724533,23311466808436
23311516025283,23311466808436
23311516025283,23311778928768
23311516025283,23311917652854
23311516025283,23312097179642
23312129668199,23312097179642
23312129668199,23312369463139
23312129668199,23312604253829
23312129668199,23312776142796
23312129668199,23313033329747
23312129668199,23313431334540
23313547211730,23313431334540
23313547211730,23313815890329
23313547211730,23313968388446
23313547211730,23314142083322
23313547211730,23314501166638
23314865395261,23314501166638
23314865395261,23315160219579
23314865395261,23315417532304
23314865395261,23315576924718
23314865395261,23315727721983
23315730844890,23315727721983
23315730844890,23315983461585
23315730844890,23316173273634
23315730844890,23316343495577
23315730844890,23316563990366
23316659258952,23316563990366
23316659258952,23316908757514
23316659258952,23317101485463
23316659258952,23317234979195
23317236223111,23317234979195
23317236223111,23317483264026
23317236223111,23317631802196
23317236223111,23317845637526
23317236223111,23318050069200
23318053220171,23318050069200
23318053220171,23318328859237
23318053220171,23318495471318
23318053220171,23318679552973
23318053220171,23318882236729
23318053220171,23319397498389
23319399088564,23319397498389
23319399088564,23319576023019
23319399088564,23319832783540
23319399088564,23320018433025
23319399088564,23320215970181
23320218591382,23320215970181
23320218591382,23320426330276
23320218591382,23320591247309
23320218591382,23320794823146
23320218591382,23321083610290
23321162311936,23321083610290
23321162311936,23321424122675
23321162311936,23321649789322
23321162311936,23321822837811
23321162311936,23321983897897
23322097531210,23321983897897
23322097531210,23322304357702
23322097531210,23322549084698
23322097531210,23322730101753
23322097531210,23322994272622
23323032770944,23322994272622
23323032770944,23323225669547
23323032770944,23323407609855
23323032770944,23323610211863
23323613202914,23323610211863
23323613202914,23323849088381
23323613202914,23324010164193
23323613202914,23324191938153
23323613202914,23324378408003
23323613202914,23325028944249
23325030921685,23325028944249
23325030921685,23325237892326
23325030921685,23325383048875
23325030921685,23325531057663
23325030921685,23325943309897
23325957817604,23325943309897
23325957817604,23326156896806
23325957817604,23326360439752
23325957817604,23326512796659
23325957817604,23326824452338
23326842183509,23326824452338
23326842183509,23327092746717
23326842183509,23327334764166
23326842183509,23327498470965
23327501707150,23327498470965
23327501707150,23327663205230
23327501707150,23327806820105
23327501707150,23327950921913
23327501707150,23328331242823
23327501707150,23328763159493
23328785666229,23328763159493
23328785666229,23329064523274
23328785666229,23329191314156
23328785666229,23329304375023
23328785666229,23329736684588
23329830624358,23329736684588
23329830624358,23329998747072
23329830624358,23330220341080
23329830624358,23330378428812
23329830624358,23330652386051
23330757488140,23330652386051
23330757488140,23330997118960
23330757488140,23331119049937
23330757488140,23331296144063
23330757488140,23331694045617
23331756412910,23331694045617
23331756412910,23331958636213
23331756412910,23332162223709
23331756412910,23332408445519
23331756412910,23332665149629
23332727423013,23332665149629
23332727423013,23332920316863
23332727423013,23333187706942
23332727423013,23333433125709
23332727423013,23333671317438
23333673719237,23333671317438
23333673719237,23333932317932
23333673719237,23334064678960
23333673719237,23334278678882
23333673719237,23334709781233
23334712566333,23334709781233
23334712566333,23334938838805
23334712566333,23335073017579
23334712566333,23335268621468
23334712566333,23335433519526
23335271207291,23335433519526
23335271207291,23335598792297
23335271207291,23335832917492
23335271207291,23336006275919
23335271207291,23336409057436
23336500508724,23336409057436
23336500508724,23336786001443
23336500508724,23336954035240
23336500508724,23337098132359
23336500508724,23337402379875
23337404452099,23337402379875
23337404452099,23337543282184
23337404452099,23337822536038
23337404452099,23338016993863
23337404452099,23338311775276
23338338628250,23338311775276
23338338628250,23338569173856
23338338628250,23338732510887
23338338628250,23338941147916
23338338628250,23339188371657
23339270385666,23339188371657
23339270385666,23339492529229
23339270385666,23339752323648
23339270385666,23339941298673
23339270385666,23340219447841
23340220788758,23340219447841
23340220788758,23340524424216
23340220788758,23340690307477
23340220788758,23340902287959
23340220788758,23341202814071
23340220788758,23341412111350
23341205228182,23341412111350
23341205228182,23341572816102
23341205228182,23341769209103
23341205228182,23342064629984
23342341515119,23342064629984
23342341515119,23342577056811
23342341515119,23342756647751
23342341515119,23342931848666
23342341515119,23343211090579
23343222513233,23343211090579
23343222513233,23343406717135
23343222513233,23343593124204
23343222513233,23343814388984
23343222513233,23344125586128
23344126951413,23344125586128
23344126951413,23344324211267
23344126951413,23344556336198
23344126951413,23344716517174
23344126951413,23345000376795
23345077926305,23345000376795
23345077926305,23345339510284
23345077926305,23345530343908
23345077926305,23345722501589
23345077926305,23346128181310
23346131041626,23346128181310
23346131041626,23346308018073
23346131041626,23346432546291
23346131041626,23346599303711
23346606997656,23346599303711
23346606997656,23346905342394
23346606997656,23347080851104
23346606997656,23347228137796
23346606997656,23347437642685
23346606997656,23347947097806
23347951133939,23347947097806
23347951133939,23348120841867
23347951133939,23348359727425
23347951133939,23348570628443
23347951133939,23348842830419
23348863604549,23348842830419
23348863604549,23349048990010
23348863604549,23349193963813
23348863604549,23349501058806
23348863604549,23349757576779
23349801365767,23349757576779
23349801365767,23350102660004
23349801365767,23350232716126
23349801365767,23350375605304
23349801365767,23350804836889
23350821110126,23350804836889
23350821110126,23351071168166
23350821110126,23351294981149
23350821110126,23351494573946
23350821110126,23351775554373
23351778609024,23351775554373
23351778609024,23352005372184
23351778609024,23352173344365
23351778609024,23352358098927
23352359970946,23352358098927
23352359970946,23352544867645
23352359970946,23352699439519
23352359970946,23352887852478
23352359970946,23353214904266
23353217110972,23353214904266
23353217110972,23353445433301
23353217110972,23353609824367
23353217110972,23353815486651
23353217110972,23354085307646
23353217110972,23354515470509
23354517805154,23354515470509
23354517805154,23354781189134
23354517805154,23354989331863
23354517805154,23355099807545
23354517805154,23355848230575
23355850624093,23355848230575
23355850624093,23356006167058
23355850624093,23356141352738
23355850624093,23356312288963
23355850624093,23356612696604
23356625501984,23356612696604
23356625501984,23356835571659
23356625501984,23357067022988
23356625501984,23357265483748
23357268375979,23357265483748
23357268375979,23357701883263
23357268375979,23357850141821
23357268375979,23357981929817
23357268375979,23358140376780
23357268375979,23358544596432
23358547019224,23358544596432
23358547019224,23358811304069
23358547019224,23358948993316
23358547019224,23359151434221
23359153645586,23359151434221
23359153645586,23359357421105
23359153645586,23359516763754
23359153645586,23359666890894
23359153645586,23359873388552
23359153645586,23360372123288
23360381731632,23360372123288
23360381731632,23360597324839
23360381731632,23360761421237
23360381731632,23360886096944
23360381731632,23361221173737
23361243873607,23361221173737
23361243873607,23361425383507
23361243873607,23361633082005
23361243873607,23361799847286
23361804635319,23361799847286
23361804635319,23361985872044
23361804635319,23362152112209
23361804635319,23362288942535
23361804635319,23362641224079
23362702377158,23362641224079
23362702377158,23362895799066
23362702377158,23363130409192
23362702377158,23363273355845
23362702377158,23363615035623
23362702377158,23364020819515
23364031117574,23364020819515
23364031117574,23364210249299
23364031117574,23364400412377
23364031117574,23364516869314
23364766192221,23364516869314
23364766192221,23364984921705
23364766192221,23365132339733
23364766192221,23365270119737
23364766192221,23365645062793
23364766192221,23366135738735
23366139300748,23366135738735
23366139300748,23366376273870
23366139300748,23366513148688
23366139300748,23366747810329
23366139300748,23366917199974
23367007233102,23366917199974
23367007233102,23367252919299
23367007233102,23367462792602
23367007233102,23367605964159
23367007233102,23367905438776
23368013445242,23367905438776
23368013445242,23368279326507
23368013445242,23368462932423
23368013445242,23368618994526
23368013445242,23368830060566
23368902146920,23368830060566
23368902146920,23369173478616
23368902146920,23369371693229
23368902146920,23369556186322
23369559495670,23369556186322
23369559495670,23369750604282
23369559495670,23369888404598
23369559495670,23370087195902
23369559495670,23370263797234
23369559495670,23370724559421
23370829365521,23370724559421
23370829365521,23371164412499
23370829365521,23371288272046
23370829365521,23371536083646
23370829365521,23371840041804
23371843941336,23371840041804
23371843941336,23372020298072
23371843941336,23372246671081
23371843941336,23372486184359
23371843941336,23372732811357
23372803539475,23372732811357
23372803539475,23373080031107
23372803539475,23373304433179
23372803539475,23373454432702
23373456902351,23373454432702
23373456902351,23373636028451
23373456902351,23373827825758
23373456902351,23373994705462
23373456902351,23374183713983
23374224074519,23374183713983
23374224074519,23374447202572
23374224074519,23374626921061
23374224074519,23374804348317
23374224074519,23375101108623
23375103153572,23375101108623
23375103153572,23375349449087
23375103153572,23375484082338
23375103153572,23375762075749
23375103153572,23376008300057
23375103153572,23376527696734
23376546885860,23376527696734
23376546885860,23376826160932
23376546885860,23377036765579
23376546885860,23377194579800
23376546885860,23377516633757
23377518949691,23377516633757
23377518949691,23377764195340
23377518949691,23377925119322
23377518949691,23378130539670
23377518949691,23378446678198
23378450626988,23378446678198
23378450626988,23378681053780
23378450626988,23378826627639
23378450626988,23379041187630
23378450626988,23379376329742
23379402137957,23379376329742
23379402137957,23379638510060
23379402137957,23379866639988
23379402137957,23380058747803
23379402137957,23380326257789
23380431314725,23380326257789
23380431314725,23380701366280
23380431314725,23380975567776
23380431314725,23381126808722
23380431314725,23381276935077
23381315488330,23381276935077
23381315488330,23381509830693
23381315488330,23381738355875
23381315488330,23381907479309
23381315488330,23382316402089
23382319478428,23382316402089
23382319478428,23382547046902
23382319478428,23382708302718
23382319478428,23382890055031
23382319478428,23383288916187
23383291297454,23383288916187
23383291297454,23383509593211
23383291297454,23383685065681
23383291297454,23383930757867
23383291297454,23384230469094
23384253694791,23384230469094
23384253694791,23384484555517
23384253694791,23384683400140
23384253694791,23384833934336
23384836929088,23384833934336
23384836929088,23384964363125
23384836929088,23385203418692
23384836929088,23385345379206
23384836929088,23385599018569
23385623904944,23385599018569
23385623904944,23385827304410
23385623904944,23385965057550
23385623904944,23386148356073
23385623904944,23386535508967
23386538369636,23386535508967
23386538369636,23386734408320
23386538369636,23386928426396
23386538369636,23387116408863
23386538369636,23387283239033
23387462111287,23387283239033
23387462111287,23387674499108
23387462111287,23387870084484
23387462111287,23388074902403
23387462111287,23388294342810
23387462111287,23388687402447
23388776966059,23388687402447
23388776966059,23388996208724
23388776966059,23389176262631
23388776966059,23389441286308
23388776966059,23389607173149
23389681293452,23389607173149
23389681293452,23389957463200
23389681293452,23390143095635
23389681293452,23390320030534
23389681293452,23390625223967
23390668071265,23390625223967
23390668071265,23390888031965
23390668071265,23391126317583
23390668071265,23391325429254
23391327888034,23391325429254
23391327888034,23391533466520
23391327888034,23391760139117
23391327888034,23391918629517
23391327888034,23392108516837
23391327888034,23392408237761
23391327888034,23392670432472
23392486251610,23392670432472
23392486251610,23392948222467
23392486251610,23393188591004
23392486251610,23393424537858
23393462268287,23393424537858
23393462268287,23393694197585
23393462268287,23393838581206
23393462268287,23394013469476
23393462268287,23394395152295
23393462268287,23394641170845
23394413140006,23394641170845
23394413140006,23394877540842
23394413140006,23395069201283
23394413140006,23395478397072
23395608891085,23395478397072
23395608891085,23395797510516
23395608891085,23395967740969
23395608891085,23396189268671
23395608891085,23396494285508
23395608891085,23396832928645
23396660361105,23396832928645
23396660361105,23397162276247
23396660361105,23397345355033
23396660361105,23397585549255
23397620713656,23397585549255
23397620713656,23397845142721
23397620713656,23398151287040
23397620713656,23398342399796
23397620713656,23398625014178
23398664548916,23398625014178
23398664548916,23398960890673
23398664548916,23399153040042
23398664548916,23399278143296
23398664548916,23399460255620
23399622843596,23399460255620
23399622843596,23399894136895
23399622843596,23400024577612
23399622843596,23400166141550
23400169130354,23400166141550
23400169130354,23400366231716
23400169130354,23400541682826
23400169130354,23400799455130
23400169130354,23400957450481
23400169130354,23401381992076
23401384414544,23401381992076
23401384414544,23401602592576
23401384414544,23401788197070
23401384414544,23401972100620
23401973981279,23401972100620
23401973981279,23402279298724
23401973981279,23402516385970
23401973981279,23402687023125
23401973981279,23402805602392
23402807838064,23402805602392
23402807838064,23403023474829
23402807838064,23403240989348
23402807838064,23403432065939
23402807838064,23403740087170
23402807838064,23404187191659
23404189226117,23404187191659
23404189226117,23404368415881
23404189226117,23404638439746
23404189226117,23404832422102
23404189226117,23405081932585
23405094733698,23405081932585
23405094733698,23405315052034
23405094733698,23405474965598
23405094733698,23406046339294
23405094733698,23406232362602
23406234604463,23406232362602
23406234604463,23406417493632
23406234604463,23406528965338
23406234604463,23406688317454
23406689912617,23406688317454
23406689912617,23406876735087
23406689912617,23407004625144
23406689912617,23407163134405
23406689912617,23407465599261
23407554684732,23407465599261
23407554684732,23407859631647
23407554684732,23408015744663
23407554684732,23408159551264
23407554684732,23408420248744
23407554684732,23408805194878
23408903528934,23408805194878
23408903528934,23409170973583
23408903528934,23409412180105
23408903528934,23409570317353
23408903528934,23409796111759
23409962103188,23409796111759
23409962103188,23410168342568
23409962103188,23410351492971
23409962103188,23410599529927
23409962103188,23410935975529
23410939455183,23410935975529
23410939455183,23411170143375
23410939455183,23411360344546
23410939455183,23411559192471
23410939455183,23411807183742
23411810615878,23411807183742
23411810615878,23412080775878
23411810615878,23412236792876
23411810615878,23412445629047
23411810615878,23412632223235
23412721231469,23412632223235
23412721231469,23412992355207
23412721231469,23413171242778
23412721231469,23413356539451
23413361061607,23413356539451
23413361061607,23413551206128
23413361061607,23413733247552
23413361061607,23413912641365
23413361061607,23414149719035
23413361061607,23414515494156
23414605948883,23414515494156
23414605948883,23414867560478
23414605948883,23415008538311
23414605948883,23415199696652
23415202953178,23415199696652
23415202953178,23415456429064
23415202953178,23415655759738
23415202953178,23415823346501
23415202953178,23416122829102
23416125707554,23416122829102
23416125707554,23416311983264
23416125707554,23416441440265
23416125707554,23416640720699
23416125707554,23416918195933
23416125707554,23417335380902
23417437706268,23417335380902
23417437706268,23417703801219
23417437706268,23417887089515
23417437706268,23418131400904
23417437706268,23418389373149
23418445939889,23418389373149
23418445939889,23418682906910
23418445939889,23418870245431
23418445939889,23419019642386
23418445939889,23419371123457
23419372403248,23419371123457
23419372403248,23419579391500
23419372403248,23419793124283
23419372403248,23420023779732
23419372403248,23420285749024
23420295529045,23420285749024
23420295529045,23420492369429
23420295529045,23420671777242
23420295529045,23420810145789
23420295529045,23421167337514
23421259033777,23421167337514
23421259033777,23421537336181
23421259033777,23421704408341
23421259033777,23421935692616
23421259033777,23422198197517
23422334990849,23422198197517
23422334990849,23422577157857
23422334990849,23422708059318
23422334990849,23422949335526
23422334990849,23423242352130
23423250994142,23423242352130
23423250994142,23423473328649
23423250994142,23423619135982
23423250994142,23423833137630
23423835214603,23423833137630
23423835214603,23424094419865
23423835214603,23424262571254
23423835214603,23424416653705
23423835214603,23424576703871
23424588314066,23424576703871
23424588314066,23424834443555
23424588314066,23425054377436
23424588314066,23425301785704
23424588314066,23425529541549
23424588314066,23425913276006
23426009023816,23425913276006
23426009023816,23426245443737
23426009023816,23426438062591
23426009023816,23426692356457
23426009023816,23426858058911
23426918595406,23426858058911
23426918595406,23427182409104
23426918595406,23427357617786
23426918595406,23427542466973
23427544778423,23427542466973
23427544778423,23427718369079
23427544778423,23427873443066
23427544778423,23428070863900
23427544778423,23428390626802
23427544778423,23428772401556
23428852781345,23428772401556
23428852781345,23429057953339
23428852781345,23429278156702
23428852781345,23429414052122
23429416430354,23429414052122
23429416430354,23429622280145
23429416430354,23429825287554
23429416430354,23430018887320
23429416430354,23430393052126
23430396891029,23430393052126
23430396891029,23430631225649
23430396891029,23430792364435
23430396891029,23430945912005
23430396891029,23431159855456
23430396891029,23431547815088
23431622452675,23431547815088
23431622452675,23431856677590
23431622452675,23432022226963
23431622452675,23432122382057
23432395595587,23432122382057
23432395595587,23432644975953
23432395595587,23432783361624
23432395595587,23432940498351
23432395595587,23433294694557
23432395595587,23433717584744
23433840670951,23433717584744
23433840670951,23434088662240
23433840670951,23434268720457
23433840670951,23434447265309
23433840670951,23434696417848
23434750450598,23434696417848
23434750450598,23434977210284
23434750450598,23435151172737
23434750450598,23435341793585
23435344140946,23435341793585
23435344140946,23435590393761
23435344140946,23435711262094
23435344140946,23435867621009
23435344140946,23436034292323
23435344140946,23436576871833
23436587741866,23436576871833
23436587741866,23436908209092
23436587741866,23437068629949
23436587741866,23437236019402
23437238307398,23437236019402
23437238307398,23437452815204
23437238307398,23437601116884
23437238307398,23437789935693
23437238307398,23437966867725
23437238307398,23438455331246
23438462975234,23438455331246
23438462975234,23438726689991
23438462975234,23439049825418
23438462975234,23439203805264
23438462975234,23439360371524
23438462975234,23439522240178
23439523987948,23439522240178
23439523987948,23439741705440
23439523987948,23439904347775
23439906627666,23439904347775
23439906627666,23440166209233
23439906627666,23440323765972
23439906627666,23440465721672
23439906627666,23440734018182
23439906627666,23441348164339
23439906627666,23441549843868
23441350019347,23441549843868
23441350019347,23441720299445
23441350019347,23441878002201
23441882866566,23441878002201
23441882866566,23442129925020
23441882866566,23442251205783
23441882866566,23442395934193
23441882866566,23442651593952
23442725316373,23442651593952
23442725316373,23442969581679
23442725316373,23443268089601
23442725316373,23443445000979
23442725316373,23443639068791
23443640811441,23443639068791
23443640811441,23443879220827
23443640811441,23444091093092
23443640811441,23444285732399
23443640811441,23444493443268
23443640811441,23444981047407
23444983255770,23444981047407
23444983255770,23445151109602
23444983255770,23445398848610
23444983255770,23445570476164
23444983255770,23445833664524
23445919808432,23445833664524
23445919808432,23446224524993
23445919808432,23446385949151
23445919808432,23446554794434
23445919808432,23446970151430
23447016530750,23446970151430
23447016530750,23447241770542
23447016530750,23447514183082
23447016530750,23447727207751
23447016530750,23448032033295
23448033951035,23448032033295
23448033951035,23448316341712
23448033951035,23448495142513
23448033951035,23448678933794
23448033951035,23448849376203
23448853110360,23448849376203
23448853110360,23449078434377
23448853110360,23449201803567
23448853110360,23449609222061
23449612046202,23449609222061
23449612046202,23449831141691
23449612046202,23449984178806
23449612046202,23450206394840
23449612046202,23450398219265
23449612046202,23450893030293
23450895018686,23450893030293
23450895018686,23451132578910
23450895018686,23451295514140
23450895018686,23451414395859
23450895018686,23451682172773
23451832230623,23451682172773
23451832230623,23452050809255
23451832230623,23452322041184
23451832230623,23452535274043
23451832230623,23452767306147
23452769864203,23452767306147
23452769864203,23452931158783
23452769864203,23453088250699
23452769864203,23453229793249
23452769864203,23453709656018
23453713462891,23453709656018
23453713462891,23453946390884
23453713462891,23454072112450
23453713462891,23454249837918
23453713462891,23454526454193
23454589277860,23454526454193
23454589277860,23454845272630
23454589277860,23455003201295
23454589277860,23455176526270
23455178973297,23455176526270
23455178973297,23455349491489
23455178973297,23455499570912
23455178973297,23455637372465
23455178973297,23455937097445
23455178973297,23456333313978
23456416104772,23456333313978
23456416104772,23456708374449
23456416104772,23456958196831
23456416104772,23457116658987
23456416104772,23457306730946
23457455020542,23457306730946
23457455020542,23457672328245
23457455020542,23457824177134
23457455020542,23457990349686
23457455020542,23458474649333
23458478095919,23458474649333
23458478095919,23458723144543
23458478095919,23458928766171
23458478095919,23459142144814
23458478095919,23459423262866
23459424636003,23459423262866
23459424636003,23459612051288
23459424636003,23459752988251
23459424636003,23459919958648
23459933844194,23459919958648
23459933844194,23460189368405
23459933844194,23460356311759
23459933844194,23460502575663
23459933844194,23460907287657
23459933844194,23461382910372
23461385107587,23461382910372
23461385107587,23461548176186
23461385107587,23461695250820
23461385107587,23461883661336
23461385107587,23462213808082
23462215235476,23462213808082
23462215235476,23462405089491
23462215235476,23462602523995
23462215235476,23462859028380
23462215235476,23463116158892
23463119120670,23463116158892
23463119120670,23463313998137
23463119120670,23463489579477
23463119120670,23463618632115
23463621872539,23463618632115
23463621872539,23463811390798
23463621872539,23464013560246
23463621872539,23464211727862
23463621872539,23464363132154
23464465219964,23464363132154
23464465219964,23464653217889
23464465219964,23464949992832
23464465219964,23465129058025
23464465219964,23465458068887
23464465219964,23465859898213
23465861861863,23465859898213
23465861861863,23466041256382
23465861861863,23466226775495
23465861861863,23466398727490
23465861861863,23466747092807
23466748303323,23466747092807
23466748303323,23466967811381
23466748303323,23467145948586
23466748303323,23467321083429
23466748303323,23467639040972
23467641542438,23467639040972
23467641542438,23467835900049
23467641542438,23468055957688
23467641542438,23468225566523
23467641542438,23468553770902
23468556358657,23468553770902
23468556358657,23468789455308
23468556358657,23469007700674
23468556358657,23469143025555
23469145171176,23469143025555
23469145171176,23469367571292
23469145171176,23469551471838
23469145171176,23469705075631
23469145171176,23469999033713
23470001127166,23469999033713
23470001127166,23470169950627
23470001127166,23470349292547
23470001127166,23470540233501
23470001127166,23470875344911
23470001127166,23471277905325
23471315623253,23471277905325
23471315623253,23471548496199
23471315623253,23471762576905
23471315623253,23471909901034
23471912669331,23471909901034
23471912669331,23472089818026
23471912669331,23472267455058
23471912669331,23472424116597
23471912669331,23472645588420
23471912669331,23473064648062
23473128762881,23473064648062
23473128762881,23473347875369
23473128762881,23473486560878
23473128762881,23473702343066
23473128762881,23473969364912
23474010610232,23473969364912
23474010610232,23474221656276
23474010610232,23474412540543
23474010610232,23474621269657
23474010610232,23474933293644
23474935613730,23474933293644
23474935613730,23475158250232
23474935613730,23475328287173
23474935613730,23475481677904
23474935613730,23475792998558
23475863452356,23475792998558
23475863452356,23476028277943
23475863452356,23476246510277
23475863452356,23476378614541
23475863452356,23476813273204
23476852620709,23476813273204
23476852620709,23477059563194
23476852620709,23477239480418
23476852620709,23477371168992
23476852620709,23477738721698
23477924461279,23477738721698
23477924461279,23478145083114
23477924461279,23478286036235
23477924461279,23478461341747
23477924461279,23478745192400
23478748991696,23478745192400
23478748991696,23478972175430
23478748991696,23479213020609
23478748991696,23479388040724
23478748991696,23479501402410
23478748991696,23479685878335
23479687239683,23479685878335
23479687239683,23479833796277
23479687239683,23479961940301
23480052973318,23479961940301
23480052973318,23480276289230
23480052973318,23480419361457
23480052973318,23480572415752
23480052973318,23480858079836
23480052973318,23481355858570
23481362136366,23481355858570
23481362136366,23481619416943
23481362136366,23481771928120
23481362136366,23481942215847
23481944326221,23481942215847
23481944326221,23482155476394
23481944326221,23482324513954
23481944326221,23482466029034
23481944326221,23482882511775
23481944326221,23483148597305
23483199617161,23483148597305
23483199617161,23483476652081
23483199617161,23483684807586
23483199617161,23483845030692
23483199617161,23484073581175
23484145057842,23484073581175
23484145057842,23484443283709
23484145057842,23484560402848
23484145057842,23484792705821
23484145057842,23485181418225
23485192056096,23485181418225
23485192056096,23485429348035
23485192056096,23485586160657
23485192056096,23485728860356
23485192056096,23486050572387
23486129811079,23486050572387
23486129811079,23486352368410
23486129811079,23486644438801
23486129811079,23486843947902
23486129811079,23486987137548
23487067106996,23486987137548
23487067106996,23487332985084
23487067106996,23487519438850
23487067106996,23487661081060
23487663451068,23487661081060
23487663451068,23487875881515
23487663451068,23488069787847
23487663451068,23488254752254
23487663451068,23488418497059
23488420726597,23488418497059
23488420726597,23488613213334
23488420726597,23488875933574
23488420726597,23489096285359
23488420726597,23489370399093
23488420726597,23489711218847
23489841299284,23489711218847
23489841299284,23490073146213
23489841299284,23490233317740
23489841299284,23490447541089
23490449563084,23490447541089
23490449563084,23490654077839
23490449563084,23490824565673
23490449563084,23490982367271
23490449563084,23491292370992
23491468681531,23491292370992
23491468681531,23491667276859
23491468681531,23491830309965
23491468681531,23491964729339
23491468681531,23492162697822
23492166522249,23492162697822
23492166522249,23492384573292
23492166522249,23492557312254
23492166522249,23492700872278
23492166522249,23493082408960
23492166522249,23493587433310
23493602828470,23493587433310
23493602828470,23493835438980
23493602828470,23494110355257
23493602828470,23494277971233
23493602828470,23494455758091
23494536001845,23494455758091
23494536001845,23494771701637
23494536001845,23494884484894
23494536001845,23495168763492
23495288696887,23495168763492
23495288696887,23495510951688
23495288696887,23495666385469
23495288696887,23495828157152
23495288696887,23496156313517
23495288696887,23496612975657
23496635379038,23496612975657
23496635379038,23496899056181
23496635379038,23497091400352
23496635379038,23497271690664
23497274473638,23497271690664
23497274473638,23497486050483
23497274473638,23497657252950
23497274473638,23497818631953
23497274473638,23497963361620
23497274473638,23498433957349
23498457207454,23498433957349
23498457207454,23498704371260
23498457207454,23498878689290
23498457207454,23499131798540
23498457207454,23499360657345
23499405949479,23499360657345
23499405949479,23499589359253
23499405949479,23499790236637
23499405949479,23499990462280
23500058385218,23499990462280
23500058385218,23500236915062
23500058385218,23500423393343
23500058385218,23500589268559
23500058385218,23500732129949
23500058385218,23501304325021
23501306834694,23501304325021
23501306834694,23501515640566
23501306834694,23501669296363
23501306834694,23501841350924
23501306834694,23501999202692
23502082708335,23501999202692
23502082708335,23502371213063
23502082708335,23502552628354
23502082708335,23502730653759
23502732140396,23502730653759
23502732140396,23502966230227
23502732140396,23503105464172
23502732140396,23503295392301
23502732140396,23503499578905
23502732140396,23503911618244
23504165253632,23503911618244
23504165253632,23504392099550
23504165253632,23504556204263
23504165253632,23504668589725
23504165253632,23505049337329
23505109334455,23505049337329
23505109334455,23505315267899
23505109334455,23505476453551
23505109334455,23505668260480
23505670313875,23505668260480
23505670313875,23505942839020
23505670313875,23506085853173
23505670313875,23506227001018
23505670313875,23506390917937
23505670313875,23506939701861
23506944606218,23506939701861
23506944606218,23507235161437
23506944606218,23507396526254
23506944606218,23507571948740
23506944606218,23508184756838
23508187337585,23508184756838
23508187337585,23508417525023
23508187337585,23508631579062
23508187337585,23508792549362
23508187337585,23508951844478
23508794450924,23508951844478
23508794450924,23509115101551
23508794450924,23509277667277
23508794450924,23509424340341
23508794450924,23509839235636
23509906307605,23509839235636
23509906307605,23510186458081
23509906307605,23510373510724
23509906307605,23510561128842
23509906307605,23510711347693
23510792776672,23510711347693
23510792776672,23511102971217
23510792776672,23511226956133
23510792776672,23511382334339
23510792776672,23511735645066
23511831596675,23511735645066
23511831596675,23512154946583
23511831596675,23512400203606
23511831596675,23512589487335
23511831596675,23512808022393
23511831596675,23512939019981
23512941671436,23512939019981
23512941671436,23513129273093
23512941671436,23513308410035
23513319863039,23513308410035
23513319863039,23513563072411
23513319863039,23513735839036
23513319863039,23513934339292
23513319863039,23514206161621
23514216216678,23514206161621
23514216216678,23514513036346
23514216216678,23514657739022
23514216216678,23514857731707
23514216216678,23515086224845
23514216216678,23515576995128
23515580290421,23515576995128
23515580290421,23515788427493
23515580290421,23516077325374
23515580290421,23516244746717
23516247281799,23516244746717
23516247281799,23516524978070
23516247281799,23516692068895
23516247281799,23516895551966
23516247281799,23517111887683
23516247281799,23517492421106
23517564043117,23517492421106
23517564043117,23517803153955
23517564043117,23518001375702
23517564043117,23518201443958
23517564043117,23518380113815
23518382335973,23518380113815
23518382335973,23518556049452
23518382335973,23518684384379
23518382335973,23518851984320
23518382335973,23519174467256
23519246569787,23519174467256
23519246569787,23519497657684
23519246569787,23519641492622
23519246569787,23519761227304
23519764488827,23519761227304
23519764488827,23520029365798
23519764488827,23520217182146
23519764488827,23520387480423
23519764488827,23520632581062
23520673509143,23520632581062
23520673509143,23520922168525
23520673509143,23521155697282
23520673509143,23521338322943
23520673509143,23521496234951
23520673509143,23521952416677
23522005353121,23521952416677
23522005353121,23522256882092
23522005353121,23522433838205
23522005353121,23522597430899
23522005353121,23522941117366
23522946415645,23522941117366
23522946415645,23523149895347
23522946415645,23523316906544
23522946415645,23523517516666
23522946415645,23523778304403
23523846252652,23523778304403
23523846252652,23524130528857
23523846252652,23524274233053
23523846252652,23524441691074
23524443465514,23524441691074
23524443465514,23524716351802
23524443465514,23524918387647
23524443465514,23525090099276
23524443465514,23525544605285
23524443465514,23526025398817
23526070877133,23526025398817
23526070877133,23526285885032
23526070877133,23526491724766
23526070877133,23526738223645
23526741093766,23526738223645
23526741093766,23526875758294
23526741093766,23527056218341
23526741093766,23527229984497
23526741093766,23527525475787
23526741093766,23527704798785
23527527432364,23527704798785
23527527432364,23527979525236
23527527432364,23528117394080
23527527432364,23528633121872
23527527432364,23528892436182
23528997758572,23528892436182
23528997758572,23529244553083
23528997758572,23529409735719
23528997758572,23529542453770
23529544264902,23529542453770
23529544264902,23529728304793
23529544264902,23529928946574
23529544264902,23530143626760
23529544264902,23530433628350
23529544264902,23530959194973
23530968562151,23530959194973
23530968562151,23531250392851
23530968562151,23531447530510
23530968562151,23531651369803
23530968562151,23531874088206
23531875904586,23531874088206
23531875904586,23532028751379
23531875904586,23532268685731
23531875904586,23532434827683
23532439557393,23532434827683
23532439557393,23532645309235
23532439557393,23532818595647
23532439557393,23532976438018
23532439557393,23533173888251
23532439557393,23533525031120
23533543731351,23533525031120
23533543731351,23533731753251
23533543731351,23533922802011
23533543731351,23534153575183
23533543731351,23534453543405
23534482482736,23534453543405
23534482482736,23534680192319
23534482482736,23534836365665
23534482482736,23535009840473
23534482482736,23535353450463
23535468819090,23535353450463
23535468819090,23535656789385
23535468819090,23535964572027
23535468819090,23536139339960
23535468819090,23536299407906
23536351611750,23536299407906
23536351611750,23536616945615
23536351611750,23536850988308
23536351611750,23537059048460
23536351611750,23537195975158
23537199484086,23537195975158
23537199484086,23537351971684
23537199484086,23537514051797
23537199484086,23537778104815
23537780371266,23537778104815
23537780371266,23537982230842
23537780371266,23538174644398
23537780371266,23538355179455
23537780371266,23538551206189
23537780371266,23539199856312
23539224990310,23539199856312
23539224990310,23539431669730
23539224990310,23539667648129
23539224990310,23539833956505
23539224990310,23540096826499
23539224990310,23540327532033
23540131204069,23540327532033
23540131204069,23540621922935
23540131204069,23540800565373
23540131204069,23541061711582
23541097451473,23541061711582
23541097451473,23541321741608
23541097451473,23541483195622
23541097451473,23541658395756
23541767668598,23541658395756
23541767668598,23542006221860
23541767668598,23542136361448
23541767668598,23542338883806
23541767668598,23542485082110
23542745023726,23542485082110
23542745023726,23542918555120
23542745023726,23543078055116
23542745023726,23543236648701
23542745023726,23543365442625
23542745023726,23543825092053
23543898295242,23543825092053
23543898295242,23544113940053
23543898295242,23544288609641
23543898295242,23544676613560
23543898295242,23545018378888
23545051425961,23545018378888
23545051425961,23545293620279
23545051425961,23545514912803
23545051425961,23545695484363
23545697622632,23545695484363
23545697622632,23545958339433
23545697622632,23546129862784
23545697622632,23546323244209
23545697622632,23546476533879
23545697622632,23546823403602
23546854633157,23546823403602
23546854633157,23547094933135
23546854633157,23547254360778
23546854633157,23547414240180
23546854633157,23547756398621
23547768191274,23547756398621
23547768191274,23548032928875
23547768191274,23548228377726
23547768191274,23548385000225
23547768191274,23548674448825
23547768191274,23548881198123
23548677955419,23548881198123
23548677955419,23549032314652
23548677955419,23549244719573
23548677955419,23549544877191
23549559081023,23549544877191
23549559081023,23549755509584
23549559081023,23549958853916
23549559081023,23550192744180
23549559081023,23550446346388
23550491478306,23550446346388
23550491478306,23550711953673
23550491478306,23550858090284
23550491478306,23551084098499
23550491478306,23551364368723
23551366660679,23551364368723
23551366660679,23551582016012
23551366660679,23551798356528
23551366660679,23551925081209
23551366660679,23552255542912
23552257023086,23552255542912
23552257023086,23552455717586
23552257023086,23552698807974
23552257023086,23552856257128
23552257023086,23553161358783
23553164550410,23553161358783
23553164550410,23553348930470
23553164550410,23553610227485
23553164550410,23553754165194
23553164550410,23553921783071
23554022601269,23553921783071
23554022601269,23554317179565
23554022601269,23554424883750
23554022601269,23554634301049
23554022601269,23555080196182
23555081627603,23555080196182
23555081627603,23555243482428
23555081627603,23555375498426
23555081627603,23555571956339
23555081627603,23555884103065
23555902573538,23555884103065
23555902573538,23556144747964
23555902573538,23556399384486
23555902573538,23556617988969
23555902573538,23556902688468
23556914235338,23556902688468
23556914235338,23557155551370
23556914235338,23557386509606
23556914235338,23557660257601
23556914235338,23557929236327
23557930346782,23557929236327
23557930346782,23558171321635
23557930346782,23558398508794
23557930346782,23558620609334
23558621898186,23558620609334
23558621898186,23558769893518
23558621898186,23558894396124
23558621898186,23559055659817
23558621898186,23559194028885
23559196636500,23559194028885
23559196636500,23559386719278
23559196636500,23559627014727
23559196636500,23559811704581
23559196636500,23560002353114
23559196636500,23560423982532
23560426532493,23560423982532
23560426532493,23560611227435
23560426532493,23560808583190
23560426532493,23560969986025
23560426532493,23561326498702
23561340600139,23561326498702
23561340600139,23561581817698
23561340600139,23561817259884
23561340600139,23561979388775
23561340600139,23562121863452
23562200866612,23562121863452
23562200866612,23562452033893
23562200866612,23562640874423
23562200866612,23562807369320
23562808443010,23562807369320
23562808443010,23562946394223
23562808443010,23563098082979
23562808443010,23563277252812
23562808443010,23563515046443
23562808443010,23563913485903
23564054440054,23563913485903
23564054440054,23564311886209
23564054440054,23564488554609
23564054440054,23564692215215
23564054440054,23564966730351
23564969659252,23564966730351
23564969659252,23565166166658
23564969659252,23565384636113
23564969659252,23565573595444
23565575985099,23565573595444
23565575985099,23565754393687
23565575985099,23565925207196
23565575985099,23566448081851
23565575985099,23566711330902
23565575985099,23567049426674
23567107865992,23567049426674
23567107865992,23567365529719
23567107865992,23567500256868
23567107865992,23567695432111
23567107865992,23568020568159
23568025884358,23568020568159
23568025884358,23568237801694
23568025884358,23568425585320
23568440667793,23568425585320
23568440667793,23568571069798
23568440667793,23568779438710
23568440667793,23568956501735
23568440667793,23569148705499
23568440667793,23569346429869
23568440667793,23569698340675
23569819595549,23569698340675
23569819595549,23570097151483
23569819595549,23570353339096
23569819595549,23570562296376
23569819595549,23570848525715
23570852023132,23570848525715
23570852023132,23571030819373
23570852023132,23571146632955
23570852023132,23571336549972
23570852023132,23571609344925
23571620229379,23571609344925
23571620229379,23571854792665
23571620229379,23572123219855
23571620229379,23572324088069
23571620229379,23572506266164
23572582382252,23572506266164
23572582382252,23572709830138
23572582382252,23572984861843
23573017236785,23572984861843
23573017236785,23573176060564
23573017236785,23573348242959
23573017236785,23573491083127
23573017236785,23573626845308
23573017236785,23573926341909
23573017236785,23574474057435
23574478875634,23574474057435
23574478875634,23574756312057
23574478875634,23574974289619
23574478875634,23575122189725
23574478875634,23575411828378
23575414671406,23575411828378
23575414671406,23575628517160
23575414671406,23575790555553
23575414671406,23575962086786
23575968808687,23575962086786
23575968808687,23576304832725
23575968808687,23576483658178
23575968808687,23576628101958
23575968808687,23576778789120
23575968808687,23577131794058
23577209172381,23577131794058
23577209172381,23577431453370
23577209172381,23577611780303
23577209172381,23577799334830
23577209172381,23578069776311
23578072285803,23578069776311
23578072285803,23578338062211
23578072285803,23578478288520
23578072285803,23578652533294
23578072285803,23578853885962
23578958606717,23578853885962
23578958606717,23579155349867
23578958606717,23579392697379
23578958606717,23579575777839
23578958606717,23579898449804
23579919433926,23579898449804
23579919433926,23580163157002
23579919433926,23580370238643
23580566040824,23580370238643
23580566040824,23580564925263
23580566040824,23580707816439
23580566040824,23580828855618
23580566040824,23580992998904
23580566040824,23581295371267
23581370687587,23581295371267
23581370687587,23581595300631
23581370687587,23581733665348
23581370687587,23581928794798
23581370687587,23582291401407
23581370687587,23582711205264
23582713057777,23582711205264
23582713057777,23582952057243
23582713057777,23583076478326
23582713057777,23583217110912
23583233734035,23583217110912
23583233734035,23583667179074
23583233734035,23583842388481
23583233734035,23583997240677
23583233734035,23584423958170
23584442986747,23584423958170
23584442986747,23584694383507
23584442986747,23584852372968
23584442986747,23585084919304
23584442986747,23585343223043
23584442986747,23585750311866
23585843407961,23585750311866
23585843407961,23586133872353
23585843407961,23586338738559
23585843407961,23586554356373
23586556453321,23586554356373
23586556453321,23586709386574
23586556453321,23586855483596
23586556453321,23587098393696
23586556453321,23587293765112
23587372868129,23587293765112
23587372868129,23587580683574
23587372868129,23587721963117
23587372868129,23587951469136
23587372868129,23588240050664
23587372868129,23588630841116
23588778681827,23588630841116
23588778681827,23589023350102
23588778681827,23589190101300
23588778681827,23589359120774
23588778681827,23589866594670
23589868473514,23589866594670
23589868473514,23590141228115
23589868473514,23590286294436
23589868473514,23590473948787
23589868473514,23590730556903
23590755380739,23590730556903
23590755380739,23591022577820
23590755380739,23591206880682
23590755380739,23591338263730
23590755380739,23591718175325
23591720421810,23591718175325
23591720421810,23591983198017
23591720421810,23592141678054
23591720421810,23592312266736
23592316181425,23592312266736
23592316181425,23592541585752
23592316181425,23592712962492
23592316181425,23592870129494
23592316181425,23593030227109
23592316181425,23593584270121
23593586307415,23593584270121
23593586307415,23593860676722
23593586307415,23594035699302
23593586307415,23594226840581
23593586307415,23594387402611
23593586307415,23594504568716
23594506633095,23594504568716
23594506633095,23594670271859
23594506633095,23594834397838
23594836042232,23594834397838
23594836042232,23595039067574
23594836042232,23595181014161
23594836042232,23595386158545
23594836042232,23595555047182
23595567623698,23595555047182
23595567623698,23595827870455
23595567623698,23595970709898
23595567623698,23596225142572
23595567623698,23596390859527
23595567623698,23596658652943
23595567623698,23596786233503
