23608423062641,23609272028451
23608423062641,23609806610148
23609811519608,23609806610148
23609811519608,23610054530866
23609811519608,23610236945101
23609811519608,23610486533275
23609811519608,23610622441723
23610664777458,23610622441723
23610664777458,23610849344367
23610664777458,23611023719752
23610664777458,23611212660477
23610664777458,23611563037170
23611566762939,23611563037170
23611566762939,23611777241489
23611566762939,23611921925657
23611566762939,23612167577522
23611566762939,23612438377677
23612510594930,23612438377677
23612510594930,23612793363433
23612510594930,23613053236111
23612510594930,23613207448330
23613210015186,23613207448330
23613210015186,23613442233659
23613210015186,23613626733502
23613210015186,23613819167492
23613210015186,23613968176354
23613210015186,23614194601950
23613982255751,23614194601950
23613982255751,23614471195735
23613982255751,23614681494995
23613982255751,23614858644630
23613982255751,23615347991775
23615432110751,23615347991775
23615432110751,23615675446774
23615432110751,23615858231667
23615432110751,23616024187807
23615432110751,23616451572515
23615432110751,23616692092577
23616453867014,23616692092577
23616453867014,23616897024961
23616453867014,23617044121364
23616453867014,23617261043319
23617381815469,23617261043319
23617381815469,23617578989172
23617381815469,23617830577069
23617381815469,23618032233406
23617381815469,23618247395759
23618344105672,23618247395759
23618344105672,23618602864848
23618344105672,23618793705365
23618344105672,23618956770835
23618344105672,23619134941133
23619185085525,23619134941133
23619185085525,23619404744502
23619185085525,23619586918713
23619185085525,23619789411159
23619185085525,23620091131891
23620092621869,23620091131891
23620092621869,23620320477429
23620092621869,23620491786688
23620092621869,23620635442594
23620092621869,23621013556897
23621099983154,23621013556897
23621099983154,23621300133839
23621099983154,23621489467119
23621099983154,23621662473847
23621099983154,23621867404624
23621921342854,23621867404624
23621921342854,23622171894180
23621921342854,23622352286659
23621921342854,23622531211657
23621921342854,23622829281564
23622831994929,23622829281564
23622831994929,23623034285010
23622831994929,23623364135387
23622831994929,23623508196384
23622831994929,23623812821142
23623814852020,23623812821142
23623814852020,23624036042469
23623814852020,23624258080489
23623814852020,23624439741011
23624441642341,23624439741011
23624441642341,23624597831430
23624441642341,23624756918500
23624441642341,23625162039505
23624441642341,23625381458713
23625467795742,23625381458713
23625467795742,23625653984633
23625467795742,23625814831262
23625467795742,23625977823728
23625467795742,23626340504403
23625467795742,23626753841603
23626957643512,23626753841603
23626957643512,23627140088464
23626957643512,23627304836869
23626957643512,23627460719743
23626957643512,23627628090024
23627700097678,23627628090024
23627700097678,23627978546598
23627700097678,23628154426549
23627700097678,23628330975338
23627700097678,23628646993395
23628669467262,23628646993395
23628669467262,23628910518748
23628669467262,23629237602565
23628669467262,23629405269609
23628669467262,23629563363581
23629636881948,23629563363581
23629636881948,23629936017856
23629636881948,23630123364900
23629636881948,23630356735470
23629636881948,23630638260432
23630640511853,23630638260432
23630640511853,23630895094499
23630640511853,23631108903437
23630640511853,23631292566848
23630640511853,23631478199557
23631480936813,23631478199557
23631480936813,23631659884832
23631480936813,23631841624147
23631480936813,23632056156985
23631480936813,23632288160326
23632299333627,23632288160326
23632299333627,23632499944419
23632299333627,23632711467923
23632299333627,23632924411956
23632926563208,23632924411956
23632926563208,23633076741426
23632926563208,23633268261584
23632926563208,23633423911237
23632926563208,23633714172449
23632926563208,23634197068200
23634203419609,23634197068200
23634203419609,23634421348521
23634203419609,23634624102311
23634203419609,23634824593916
23634829803822,23634824593916
23634829803822,23635034683077
23634829803822,23635149804228
23634829803822,23635315634299
23634829803822,23635505908390
23634829803822,23636040558108
23636042128574,23636040558108
23636042128574,23636256964274
23636042128574,23636437455690
23636042128574,23636642770936
23636042128574,23637024917491
23637026338103,23637024917491
23637026338103,23637265219637
23637026338103,23637451100342
23637026338103,23637647161022
23637026338103,23637808760591
23637906364907,23637808760591
23637906364907,23638141804941
23637906364907,23638338124834
23637906364907,23638561046127
23637906364907,23638864744028
23638867079918,23638864744028
23638867079918,23639063430029
23638867079918,23639250214074
23638867079918,23639399430792
23638867079918,23639855927438
23639868608277,23639855927438
23639868608277,23640080455661
23639868608277,23640287600269
23639868608277,23640455577098
23640457738289,23640455577098
23640457738289,23640644281137
23640457738289,23640818014518
23640457738289,23640952702234
23640457738289,23641151231614
23640457738289,23641669859408
23641671792171,23641669859408
23641671792171,23641873495418
23641671792171,23642048198835
23641671792171,23642239815887
23641671792171,23642574186831
23642582853325,23642574186831
23642582853325,23642872093788
23642582853325,23643029501572
23642582853325,23643205995541
23642582853325,23643498488423
23643500474829,23643498488423
23643500474829,23643742325203
23643500474829,23643920783896
23643500474829,23644068654836
23644072194350,23644068654836
23644072194350,23644299713132
23644072194350,23644469880252
23644072194350,23644665603646
23644072194350,23644909206399
23644911258424,23644909206399
23644911258424,23645126283786
23644911258424,23645276664200
23644911258424,23645434791375
23644911258424,23645738326020
23644911258424,23646136922646
23646188589165,23646136922646
23646188589165,23646376136657
23646188589165,23646604792862
23646188589165,23646755898106
23646758484393,23646755898106
23646758484393,23646932793654
23646758484393,23647099291670
23646758484393,23647251221588
23646758484393,23647451163636
23646758484393,23648016102702
23648018265297,23648016102702
23648018265297,23648209929281
23648018265297,23648366830163
23648018265297,23648881499820
23648018265297,23649196316485
23649227139951,23649196316485
23649227139951,23649404606804
23649227139951,23649577283725
23649227139951,23649789852052
23649227139951,23650017735637
23650080875984,23650017735637
23650080875984,23650330889689
23650080875984,23650507155329
23650080875984,23650716883791
23650080875984,23651116780305
23651120174696,23651116780305
23651120174696,23651316668952
23651120174696,23651454258397
23651120174696,23651638017194
23651640178371,23651638017194
23651640178371,23651807264775
23651640178371,23651967449860
23651640178371,23652142116023
23651640178371,23652476540298
23651640178371,23652823415111
23652913017000,23652823415111
23652913017000,23653191597389
23652913017000,23653328372182
23652913017000,23653598823352
23652913017000,23653853056542
23653880082858,23653853056542
23653880082858,23654102246965
23653880082858,23654384037712
23653880082858,23654552262295
23653880082858,23654755953964
23654881621780,23654755953964
23654881621780,23655089143977
23654881621780,23655271323013
23654881621780,23655474667075
23654881621780,23655758941721
23655761760250,23655758941721
23655761760250,23656015145723
23655761760250,23656205179253
23655761760250,23656376772229
23655761760250,23656735317048
23656737776427,23656735317048
23656737776427,23656995531317
23656737776427,23657164652977
23656737776427,23657331441589
23656737776427,23657592137746
23657596567550,23657592137746
23657596567550,23657817043777
23657596567550,23658007472758
23657596567550,23658166915960
23657596567550,23658508226230
23658510637306,23658508226230
23658510637306,23658793568788
23658510637306,23658958179048
23658510637306,23659102345903
23659105582143,23659102345903
23659105582143,23659291950357
23659105582143,23659480705420
23659105582143,23659631280071
23659105582143,23659917484655
23659105582143,23660282252691
23660397840034,23660282252691
23660397840034,23660677425719
23660397840034,23660904128184
23660397840034,23661049895569
23660397840034,23661472143956
23661490410405,23661472143956
23661490410405,23661767419705
23661490410405,23662016677818
23661490410405,23662161328359
23661490410405,23662363979887
23662479805366,23662363979887
23662479805366,23662759929443
23662479805366,23662902713282
23662479805366,23663032863198
23662479805366,23663652593492
23663654186077,23663652593492
23663654186077,23663845122883
23663654186077,23663999943822
23663654186077,23664289076798
23663654186077,23664523039590
23664539755251,23664523039590
23664539755251,23664764482252
23664539755251,23664927746281
23664539755251,23665139389543
23664539755251,23665416837704
23665432078376,23665416837704
23665432078376,23665668301544
23665432078376,23665833138116
23665432078376,23666022250913
23665432078376,23666337320246
23666372541867,23666337320246
23666372541867,23666560646588
23666372541867,23666706767936
23666372541867,23667058398190
23667060384569,23667058398190
23667060384569,23667294473367
23667060384569,23667480898971
23667060384569,23667633642371
23667060384569,23667781122226
23667060384569,23668143388739
23668162823303,23668143388739
23668162823303,23668342107308
23668162823303,23668545955443
23668162823303,23668771056604
23668162823303,23669127240430
23669129148833,23669127240430
23669129148833,23669359375926
23669129148833,23669520915430
23669129148833,23669678660352
23669681053227,23669678660352
23669681053227,23669857778707
23669681053227,23669987934576
23669681053227,23670154612429
23669681053227,23670384440524
23669681053227,23670879634748
23670883443920,23670879634748
23670883443920,23671083660692
23670883443920,23671262707714
23670883443920,23671451902510
23670883443920,23671754674479
23671843144692,23671754674479
23671843144692,23672122419394
23671843144692,23672394722129
23671843144692,23672568253454
23672573818207,23672568253454
23672573818207,23672805281453
23672573818207,23673063364124
23672573818207,23673226470657
23672573818207,23673370889642
23672573818207,23673580434961
23672573818207,23673836627303
23673614970933,23673836627303
23673614970933,23674014512794
23673614970933,23674152420299
23673614970933,23674482299378
23674574822368,23674482299378
23674574822368,23674789267182
23674574822368,23674977569178
23674574822368,23675208285678
23674574822368,23675482445304
23675518374162,23675482445304
23675518374162,23675769607209
23675518374162,23675934337864
23675518374162,23676073100769
23675518374162,23676373698791
23676455082699,23676373698791
23676455082699,23676754716990
23676455082699,23676916947026
23676455082699,23677073854950
23676455082699,23677291017905
23677364873613,23677291017905
23677364873613,23677644039410
23677364873613,23677831012545
23677364873613,23677995461658
23677364873613,23678175581214
23678243758837,23678175581214
23678243758837,23678452678505
23678243758837,23678577435146
23678243758837,23678766180112
23678243758837,23679130128244
23679132586921,23679130128244
23679132586921,23679344381488
23679132586921,23679538020668
23679132586921,23679704373491
23679132586921,23680151299840
23680154447473,23680151299840
23680154447473,23680436026608
23680154447473,23680616239983
23680154447473,23680728442848
23680733244024,23680728442848
23680733244024,23680955285060
23680733244024,23681104222658
23680733244024,23681238131528
23680733244024,23681547781358
23680733244024,23681908688795
23682015265310,23681908688795
23682015265310,23682282955609
23682015265310,23682444447807
23682015265310,23682643630117
23682015265310,23682896941909
23683063801707,23682896941909
23683063801707,23683299358478
23683063801707,23683465160861
23683063801707,23683673966053
23683063801707,23683843742085
23683867112425,23683843742085
23683867112425,23684041773755
23683867112425,23684215624535
23683867112425,23684459100819
23683867112425,23684735232809
23684768366716,23684735232809
23684768366716,23684957993617
23684768366716,23685163333845
23684768366716,23685346384939
23685348952364,23685346384939
23685348952364,23685552930014
23685348952364,23685716042298
23685348952364,23685890192630
23685348952364,23686182740851
23686186301485,23686182740851
23686186301485,23686408214542
23686186301485,23686608486039
23686186301485,23686736755854
23686186301485,23686877463647
23686186301485,23687406298222
23687408330526,23687406298222
23687408330526,23687649000932
23687408330526,23687834090967
23687408330526,23687987120916
23687408330526,23688310257951
23688382146596,23688310257951
23688382146596,23688627355601
23688382146596,23688793386891
23688382146596,23688961113867
23688962906095,23688961113867
23688962906095,23689131288659
23688962906095,23689300474518
23688962906095,23689480322120
23688962906095,23689723108869
23688962906095,23690173977537
23688962906095,23690323124638
23690177092634,23690323124638
23690177092634,23690499479843
23690177092634,23690715275587
23690177092634,23690974840748
23691020909874,23690974840748
23691020909874,23691262068541
23691020909874,23691406134402
23691020909874,23691532799869
23691535014860,23691532799869
23691535014860,23691824530728
23691535014860,23692007667490
23691535014860,23692166093697
23691535014860,23692289985128
23691535014860,23692869039836
23692871887848,23692869039836
23692871887848,23693102880798
23692871887848,23693255137950
23692871887848,23693440823956
23692871887848,23693668676280
23693673342758,23693668676280
23693673342758,23693873344202
23693673342758,23694100750904
23693673342758,23694315772125
23693673342758,23694628680549
23694637035371,23694628680549
23694637035371,23694840857079
23694637035371,23695000226610
23694637035371,23695185271481
23694637035371,23695518740421
23695553073163,23695518740421
23695553073163,23695809164502
23695553073163,23695996488188
23695553073163,23696149808188
23696152717692,23696149808188
23696152717692,23696470594468
23696152717692,23696616089431
23696152717692,23696961250816
23696152717692,23697295395182
23696152717692,23697712308407
23697811312501,23697712308407
23697811312501,23698041808021
23697811312501,23698220012480
23697811312501,23698393644346
23698395791648,23698393644346
23698395791648,23698621853140
23698395791648,23698797364692
23698395791648,23698955352198
23698395791648,23699242402118
23698395791648,23699649352014
23699756115967,23699649352014
23699756115967,23699990722205
23699756115967,23700111545904
23699756115967,23700360855031
23699756115967,23700672046923
23700805452557,23700672046923
23700805452557,23700965245085
23700805452557,23701145362987
23700805452557,23701323346113
23700805452557,23701674832552
23701748328490,23701674832552
23701748328490,23702005794886
23701748328490,23702250693146
23701748328490,23702438127957
23701748328490,23702612738683
23702670465987,23702612738683
23702670465987,23702888147330
23702670465987,23703083068945
23702670465987,23703250543204
23702670465987,23703514115354
23703519379462,23703514115354
23703519379462,23703705682996
23703519379462,23703934579321
23703519379462,23704099393604
23704101868127,23704099393604
23704101868127,23704326739048
23704101868127,23704498954022
23704101868127,23704653976044
23704101868127,23704790826299
23704101868127,23705282877559
23705290928827,23705282877559
23705290928827,23705537926063
23705290928827,23705655520650
23705290928827,23705856502497
23705290928827,23706166782044
23706168316268,23706166782044
23706168316268,23706362704131
23706168316268,23706531268242
23706168316268,23706675125944
23706168316268,23707043255376
23707063291531,23707043255376
23707063291531,23707260042293
23707063291531,23707543192020
23707063291531,23707710092620
23707063291531,23707924372325
23708033204063,23707924372325
23708033204063,23708260661379
23708033204063,23708446696891
23708468369584,23708446696891
23708468369584,23708692899195
23708468369584,23708882551434
23708468369584,23709036658679
23708468369584,23709158357217
23708468369584,23709334572572
23709372622837,23709334572572
23709372622837,23709592835031
23709372622837,23709723917273
23709372622837,23709946626662
23709372622837,23710352589947
23709372622837,23710666571755
23710716203692,23710666571755
23710716203692,23711015638108
23710716203692,23711181498391
23710716203692,23711327848490
23710716203692,23711712195640
23711714111221,23711712195640
23711714111221,23711962157936
23711714111221,23712132143904
23711714111221,23712287199442
23712292216870,23712287199442
23712292216870,23712468354129
23712292216870,23712660751287
23712292216870,23712902362830
23712292216870,23713060185727
23712292216870,23713561825295
23713641964121,23713561825295
23713641964121,23713865683410
23713641964121,23714000879415
23713641964121,23714157295745
23714161976565,23714157295745
23714161976565,23714392313158
23714161976565,23714549619993
23714161976565,23714739753681
23714161976565,23714912799773
23714915703483,23714912799773
23714915703483,23715163016856
23714915703483,23715385297816
23714915703483,23715547805420
23714915703483,23715819864412
23714915703483,23716183444477
23716321389835,23716183444477
23716321389835,23716505464851
23716321389835,23716663390952
23716321389835,23716783386110
23716321389835,23717299566137
23717301497508,23717299566137
23717301497508,23717505599586
23717301497508,23717699260532
23717301497508,23717833242729
23717836530242,23717833242729
23717836530242,23718030430390
23717836530242,23718180585019
23717836530242,23718413116590
23717836530242,23718559736607
23717836530242,23719045986903
23719048865257,23719045986903
23719048865257,23719268485960
23719048865257,23719423258146
23719048865257,23719545834961
23719548522242,23719545834961
23719548522242,23719781584949
23719548522242,23719965166231
23719548522242,23720137286772
23719548522242,23720490947299
23719548522242,23721164879437
23721221064349,23721164879437
23721221064349,23721478938349
23721221064349,23721597634618
23721221064349,23721765228477
23721766579143,23721765228477
23721766579143,23722016345476
23721766579143,23722180430424
23721766579143,23722370392456
23721766579143,23722535919856
23721766579143,23722948180777
23723056143659,23722948180777
23723056143659,23723320764208
23723056143659,23723572844980
23723056143659,23723669624508
23723056143659,23724096111978
23724098755723,23724096111978
23724098755723,23724319370061
23724098755723,23724539539017
23724098755723,23724689363775
23724691642676,23724689363775
23724691642676,23724886194061
23724691642676,23725059337396
23724691642676,23725217282030
23724691642676,23725390290421
23724691642676,23725891217528
23725954970103,23725891217528
23725954970103,23726177269745
23725954970103,23726343860013
23725954970103,23726497055469
23725954970103,23726825749315
23726828212645,23726825749315
23726828212645,23727084134950
23726828212645,23727257963254
23726828212645,23727383904382
23727386523071,23727383904382
23727386523071,23727577692104
23727386523071,23727741820906
23727386523071,23727915307797
23727386523071,23728152512166
23727386523071,23728630559848
23728663893076,23728630559848
23728663893076,23728915492258
23728663893076,23729065234842
23728663893076,23729212297445
23728663893076,23729567109218
23729959847192,23729567109218
23729959847192,23730167835681
23729959847192,23730283699948
23729959847192,23730507070253
23729959847192,23730988118804
23730998478659,23730988118804
23730998478659,23731210463738
23730998478659,23731391181381
23730998478659,23731553203311
23731555188144,23731553203311
23731555188144,23731806813701
23731555188144,23731942346317
23731555188144,23732132471853
23731555188144,23732449941476
23731555188144,23732719284420
23732816150508,23732719284420
23732816150508,23732973884697
23732816150508,23733225113279
23732816150508,23733394118899
23732816150508,23733613770086
23733656681101,23733613770086
23733656681101,23733893363696
23733656681101,23734092144205
23733656681101,23734252490417
23733656681101,23734659021960
23734844932188,23734659021960
23734844932188,23735058714518
23734844932188,23735199020355
23734844932188,23735345644216
23734844932188,23735608207189
23735668559119,23735608207189
23735668559119,23735914848982
23735668559119,23736087861869
23735668559119,23736246330740
23735668559119,23736456940494
23736570124579,23736456940494
23736570124579,23736845425660
23736570124579,23737005959638
23736570124579,23737177835227
23736570124579,23737444292047
23737486384070,23737444292047
23737486384070,23737809118761
23737486384070,23737944712557
23737486384070,23738097197019
23737486384070,23738446547917
23738521981263,23738446547917
23738521981263,23738759946671
23738521981263,23738933211987
23738521981263,23739119446492
23738521981263,23739455508885
23739474123089,23739455508885
23739474123089,23739640820512
23739474123089,23739842600909
23739474123089,23739990959604
23739474123089,23740374059557
23740377843634,23740374059557
23740377843634,23740555109090
23740377843634,23740737709877
23740377843634,23740889904231
23740377843634,23741165530019
23741181755257,23741165530019
23741181755257,23741360692996
23741181755257,23741549183749
23741181755257,23741813318102
23741181755257,23742022867983
23742149181855,23742022867983
23742149181855,23742373121320
23742149181855,23742522553890
23742149181855,23742700383437
23742149181855,23743072752677
23743075624682,23743072752677
23743075624682,23743281629659
23743075624682,23743467446604
23743075624682,23743657434904
23743075624682,23743854168012
23743968847964,23743854168012
23743968847964,23744180889996
23743968847964,23744411264938
23743968847964,23744560168382
23743968847964,23744870377498
23744888795461,23744870377498
23744888795461,23745126604282
23744888795461,23745332795269
23744888795461,23745452346634
23744888795461,23745775252014
23745811351992,23745775252014
23745811351992,23745986074872
23745811351992,23746290674215
23745811351992,23746457187814
23745811351992,23746697158263
23746717946588,23746697158263
23746717946588,23746886636024
23746717946588,23747108379447
23746717946588,23747260110435
23747262802423,23747260110435
23747262802423,23747465710689
23747262802423,23747616655729
23747262802423,23747757768326
23747262802423,23748068211397
23747262802423,23748391937113
23748481917078,23748391937113
23748481917078,23748640858143
23748481917078,23749123659670
23748481917078,23749261800884
23749266370690,23749261800884
23749266370690,23749502155273
23749266370690,23749650996865
23749266370690,23749815731396
23749266370690,23750111253049
23749266370690,23750592301164
23750641664267,23750592301164
23750641664267,23750835045085
23750641664267,23751062977495
23750641664267,23751254819435
23750641664267,23751503168074
23751571273722,23751503168074
23751571273722,23751843034967
23751571273722,23752033796775
23751571273722,23752170054372
23751571273722,23752531097964
23752533406875,23752531097964
23752533406875,23752722368822
23752533406875,23752875426024
23752533406875,23753061259452
23752533406875,23753431450351
23753433417645,23753431450351
23753433417645,23753641773269
23753433417645,23753820182800
23753433417645,23753993273680
23753996113387,23753993273680
23753996113387,23754227719664
23753996113387,23754442019135
23753996113387,23754586355626
23753996113387,23754730795442
23753996113387,23755243247380
23755263596784,23755243247380
23755263596784,23755513360241
23755263596784,23755766556810
23755263596784,23755915487683
23755263596784,23756145479322
23756148054030,23756145479322
23756148054030,23756369261150
23756148054030,23756535605819
23756148054030,23756763396118
23756148054030,23756951766249
23757022577707,23756951766249
23757022577707,23757306814749
23757022577707,23757452509944
23757022577707,23757612897322
23757022577707,23757963961983
23757966554313,23757963961983
23757966554313,23758153322885
23757966554313,23758341907876
23757966554313,23758492067439
23757966554313,23758841136051
23758909514262,23758841136051
23758909514262,23759058437079
23758909514262,23759290673057
23758909514262,23759391537987
23759484171578,23759391537987
23759484171578,23759708440764
23759484171578,23759861692198
23759484171578,23760084495120
23759484171578,23760384892548
23759484171578,23760923681922
23760926944669,23760923681922
23760926944669,23761170547188
23760926944669,23761333291757
23760926944669,23761527291686
23761529667118,23761527291686
23761529667118,23761791965689
23761529667118,23761947191746
23761529667118,23762096581686
23761529667118,23762249171664
23762259874475,23762249171664
23762259874475,23762494267335
23762259874475,23762697326871
23762259874475,23762898262017
23762259874475,23763203971569
23762259874475,23763651684363
23763808022887,23763651684363
23763808022887,23763969739291
23763808022887,23764126358832
23763808022887,23764355998582
23763808022887,23764602380330
23764604109179,23764602380330
23764604109179,23764823444030
23764604109179,23765014256251
23765286393344,23765014256251
23765286393344,23765519452948
23765286393344,23765719915899
23765286393344,23765856882487
23765286393344,23765976543277
23765286393344,23766114466633
23765286393344,23766623089409
23766625171779,23766623089409
23766625171779,23766805838264
23766625171779,23767058315939
23766625171779,23767239556427
23766625171779,23767542332705
23767737560743,23767542332705
23767737560743,23767937960917
23767737560743,23768102533292
23767737560743,23768244914254
23767737560743,23768424643289
23768516315488,23768424643289
23768516315488,23768743395729
23768516315488,23769010357039
23768516315488,23769182649649
23768516315488,23769461481993
23769494998820,23769461481993
23769494998820,23769760193944
23769494998820,23769914337491
23769494998820,23770076896301
23769494998820,23770445094231
23770446957928,23770445094231
23770446957928,23770659352180
23770446957928,23770877166956
23770446957928,23771029409832
23770446957928,23771393111815
23771418274013,23771393111815
23771418274013,23771660790275
23771418274013,23771842060059
23771418274013,23772002436496
23772003469637,23772002436496
23772003469637,23772171758149
23772003469637,23772395968544
23772003469637,23772559153461
23772003469637,23772753856063
23772003469637,23773296335740
23773299571486,23773296335740
23773299571486,23773545368783
23773299571486,23773676340140
23773299571486,23773852276664
23773299571486,23774201445436
23774335134719,23774201445436
23774335134719,23774533708666
23774335134719,23774706905188
23774335134719,23774897359667
23774899763417,23774897359667
23774899763417,23775163774731
23774899763417,23775348749124
23774899763417,23775491418002
23774899763417,23775673715431
23774899763417,23776145068571
23776146774713,23776145068571
23776146774713,23776378532530
23776146774713,23776496966220
23776146774713,23776667465944
23776146774713,23776831706201
23776993988163,23776831706201
23776993988163,23777200322469
23776993988163,23777446268272
23776993988163,23777611721508
23777615309226,23777611721508
23777615309226,23777822814127
23777615309226,23777981874567
23777615309226,23778138832533
23777615309226,23778469976387
23777615309226,23778921977443
23778924928932,23778921977443
23778924928932,23779108673340
23778924928932,23779381419484
23778924928932,23779545202018
23778924928932,23779828737488
23779904380373,23779828737488
23779904380373,23780139184644
23779904380373,23780374685389
23779904380373,23780549608692
23779904380373,23780862692956
23780865986926,23780862692956
23780865986926,23781096212852
23780865986926,23781230535896
23780865986926,23781377518080
23781379632039,23781377518080
23781379632039,23781650148037
23781379632039,23781809441299
23781379632039,23781952840435
23781379632039,23782170398311
23781379632039,23782610302209
23782612032634,23782610302209
23782612032634,23782783641485
23782612032634,23782988340480
23782612032634,23783176590006
23782612032634,23783340165455
23783184503875,23783340165455
23783184503875,23783525407829
23783184503875,23783720926237
23783184503875,23783907407833
23783184503875,23784360288844
23784363773013,23784360288844
23784363773013,23784560231986
23784363773013,23784667863992
23784363773013,23785097681839
23784363773013,23785457874546
23785546821287,23785457874546
23785546821287,23785785935132
23785546821287,23786011399266
23785546821287,23786151505092
23785546821287,23786482085413
23786504257912,23786482085413
23786504257912,23786689231348
23786504257912,23786916829806
23786504257912,23787093230741
23786504257912,23787567052442
23787569452127,23787567052442
23787569452127,23787843588471
23787569452127,23788007240440
23787569452127,23788194764823
23787569452127,23788536452739
23788539583783,23788536452739
23788539583783,23788802187873
23788539583783,23788977145803
23788539583783,23789121152586
23788539583783,23789402315941
23789435954317,23789402315941
23789435954317,23789602608685
23789435954317,23789776025626
23789435954317,23789934324723
23789435954317,23790316763442
23790326901945,23790316763442
23790326901945,23790506275202
23790326901945,23790679940629
23790326901945,23790810888759
23790851157914,23790810888759
23790851157914,23791162475343
23790851157914,23791293498391
23790851157914,23791469373464
23790851157914,23791704346383
23791807061795,23791704346383
23791807061795,23792050406255
23791807061795,23792176041841
23791807061795,23792315622926
23791807061795,23792845905520
23791807061795,23793004385834
23793113932289,23793004385834
23793113932289,23793371735970
23793113932289,23793562646363
23793601952152,23793562646363
23793601952152,23793833366826
23793601952152,23794001221839
23793601952152,23794162702393
23793601952152,23794313706004
23793601952152,23794455167362
23793601952152,23795030126849
23795038563830,23795030126849
23795038563830,23795271727699
23795038563830,23795446314294
23795038563830,23795598714692
23795038563830,23795919390149
23795946864736,23795919390149
23795946864736,23796178953938
23795946864736,23796338751086
23795946864736,23796588345596
23795946864736,23796847421467
23796905329375,23796847421467
23796905329375,23797148158679
23796905329375,23797359544571
23796905329375,23797557025172
23796905329375,23797835041986
23797917988525,23797835041986
23797917988525,23798199681233
23797917988525,23798357104494
23797917988525,23798540753495
23797917988525,23798848317555
23798893729359,23798848317555
23798893729359,23799045066433
23798893729359,23799377773077
23798893729359,23799540554129
23798893729359,23799776914740
23799781126810,23799776914740
23799781126810,23799978027555
23799781126810,23800130161922
23799781126810,23800273163094
23799781126810,23800640368717
23800642803188,23800640368717
23800642803188,23800920482685
23800642803188,23801065441240
23800642803188,23801262200878
23800642803188,23801672630726
23801674568580,23801672630726
23801674568580,23801869376933
23801674568580,23802048444025
23801674568580,23802229037199
23801674568580,23802449365860
23802528895154,23802449365860
23802528895154,23802741812732
23802528895154,23802896317072
23802528895154,23803127127211
23802528895154,23803373301870
23803388109566,23803373301870
23803388109566,23803663192099
23803388109566,23803847305685
23803388109566,23804011459285
23803388109566,23804250448716
23804363344982,23804250448716
23804363344982,23804602429901
23804363344982,23804818124339
23804363344982,23805009432927
23804363344982,23805261035949
23805261965555,23805261035949
23805261965555,23805510914822
23805261965555,23805731080857
23805261965555,23805897368244
23805900142338,23805897368244
23805900142338,23806133151812
23805900142338,23806337632781
23805900142338,23806479052427
23805900142338,23806632655631
23805900142338,23807089387569
23807106908751,23807089387569
23807106908751,23807393127263
23807106908751,23807516968638
23807106908751,23807696316868
23807698720646,23807696316868
23807698720646,23807917563247
23807698720646,23808086586686
23807698720646,23808282525332
23807698720646,23808544343062
23807698720646,23808934708124
23808975333602,23808934708124
23808975333602,23809257953548
23808975333602,23809428093323
23808975333602,23809600691225
23808975333602,23809806118068
23810014649341,23809806118068
23810014649341,23810239030872
23810014649341,23810423278358
23810014649341,23810564974805
23810014649341,23810707744101
23810811859102,23810707744101
23810811859102,23811057153566
23810811859102,23811266814116
23810811859102,23811439886309
23811442547449,23811439886309
23811442547449,23811608582575
23811442547449,23811750396917
23811442547449,23812248369373
23811442547449,23812382102836
23811442547449,23812958933144
23812974971588,23812958933144
23812974971588,23813185593969
23812974971588,23813323233627
23812974971588,23813551989977
23813553648465,23813551989977
23813553648465,23813786312427
23813553648465,23813933736519
23813553648465,23814072936042
23813553648465,23814435116078
23813553648465,23814883311320
23814924571094,23814883311320
23814924571094,23815169275059
23814924571094,23815383628773
23814924571094,23815557996252
23815560618749,23815557996252
23815560618749,23815738073830
23815560618749,23815884668178
23815560618749,23816030519467
23815560618749,23816277352635
23816329767777,23816277352635
23816329767777,23816645288629
23816329767777,23816893511290
23816329767777,23817092344645
23816329767777,23817265271819
23816329767777,23817678597651
23817690791857,23817678597651
23817690791857,23817859844930
23817690791857,23818127897425
23817690791857,23818324991642
23818327642455,23818324991642
23818327642455,23818553697261
23818327642455,23818725715928
23818327642455,23818889912512
23818327642455,23819021343783
23818327642455,23819463630510
23819549251990,23819463630510
23819549251990,23819795197093
23819549251990,23819990855825
23819549251990,23820156545463
23819549251990,23820444934519
23820478826081,23820444934519
23820478826081,23820733891229
23820478826081,23820900348425
23820478826081,23821108507765
23821109828917,23821108507765
23821109828917,23821291308244
23821109828917,23821499610781
23821109828917,23821689675696
23821109828917,23821853329617
23821109828917,23822309488500
23822327290886,23822309488500
23822327290886,23822516581376
23822327290886,23822720427411
23822327290886,23822962352884
23822327290886,23823261566136
23823307665171,23823261566136
23823307665171,23823539444598
23823307665171,23823702231618
23823307665171,23823908617474
23823307665171,23824213316317
23824215558843,23824213316317
23824215558843,23824441830913
23824215558843,23824602021442
23824650060479,23824602021442
23824650060479,23824860696429
23824650060479,23824996717025
23824650060479,23825170859650
23824650060479,23825321949203
23824650060479,23825495500997
23824650060479,23826260111642
23826273243249,23826260111642
23826273243249,23826520264128
23826273243249,23826697546360
23826273243249,23826896220303
23826273243249,23827140925716
23827226054072,23827140925716
23827226054072,23827421045257
23827226054072,23827625171681
23827226054072,23827782195090
23827226054072,23828127747298
23828138067773,23828127747298
23828138067773,23828474312178
23828138067773,23828731362218
23828138067773,23828948055426
23828138067773,23829116041308
23829118152261,23829116041308
23829118152261,23829389366810
23829118152261,23829577339044
23829118152261,23829711706503
23829118152261,23829929236465
23829990135202,23829929236465
23829990135202,23830177234025
23829990135202,23830389503385
23829990135202,23830579784429
23829990135202,23830855149877
23830863682143,23830855149877
23830863682143,23831120535986
23830863682143,23831366551750
23830863682143,23831552088162
23830863682143,23831736354859
23831855991367,23831736354859
23831855991367,23832090367229
23831855991367,23832415973161
23831855991367,23832610107276
23831855991367,23832762401873
23832788167273,23832762401873
23832788167273,23833033136292
23832788167273,23833161923022
23832788167273,23833399914024
23832788167273,23833631513567
23833706616614,23833631513567
23833706616614,23833838777753
23833706616614,23834201248996
23833706616614,23834343751796
23833706616614,23834531467017
23834567462072,23834531467017
23834567462072,23834794391220
23834567462072,23835006401294
23834567462072,23835158071342
23834567462072,23835461909695
23835469686239,23835461909695
23835469686239,23835731427147
23835469686239,23835897750254
23835469686239,23836084921201
23835469686239,23836323188088
23836426392282,23836323188088
23836426392282,23836690960502
23836426392282,23836898909017
23836426392282,23837081655749
23837085124181,23837081655749
23837085124181,23837298217659
23837085124181,23837468433121
23837085124181,23837634295019
23837085124181,23837870036465
23837085124181,23838323303554
23838325502873,23838323303554
23838325502873,23838551763670
23838325502873,23838672603090
23838325502873,23838872456815
23838325502873,23839173482770
23839185204459,23839173482770
23839185204459,23839476700774
23839185204459,23839636862539
23839185204459,23839830358835
23839185204459,23840119522415
23840136853403,23840119522415
23840136853403,23840368588155
23840136853403,23840562133102
23840136853403,23840752270691
23840136853403,23841007629903
23841098805701,23841007629903
23841098805701,23841337437008
23841098805701,23841540073201
23841098805701,23841690864451
23841098805701,23841966283848
23841972126689,23841966283848
23841972126689,23842121022021
23841972126689,23842420130974
23841972126689,23842574499689
23841972126689,23843048090165
23843049896446,23843048090165
23843049896446,23843269710662
23843049896446,23843446845310
23843049896446,23843602416189
23843049896446,23843778506375
23843885892053,23843778506375
23843885892053,23844115670899
23843885892053,23844231348428
23843885892053,23844456794523
23843885892053,23844748277207
23844858960344,23844748277207
23844858960344,23845096828600
23844858960344,23845320274201
23844858960344,23845468156924
23845470373575,23845468156924
23845470373575,23845689265915
23845470373575,23845840359478
23845470373575,23846024625618
23845470373575,23846205977385
23845470373575,23846619431119
23845470373575,23846800194835
23846635946133,23846800194835
23846635946133,23847094153606
23846635946133,23847231191099
23846635946133,23847414224713
23847417766734,23847414224713
23847417766734,23847683843038
23847417766734,23847945533267
23847417766734,23848091091555
23847417766734,23848344907299
23848368314231,23848344907299
23848368314231,23848608848168
23848368314231,23848738315784
23848368314231,23848885370178
23848368314231,23849143998715
23849190286216,23849143998715
23849190286216,23849412721843
23849190286216,23849602987582
23849190286216,23849766942827
23849190286216,23850149618262
23850150928362,23850149618262
23850150928362,23850316397001
23850150928362,23850487365976
23850150928362,23850655061414
23850150928362,23851027943672
23850150928362,23851210899584
23851031041108,23851210899584
23851031041108,23851464227309
23851031041108,23851614333711
23851031041108,23851870794818
23851873717537,23851870794818
23851873717537,23852093393256
23851873717537,23852301226950
23851873717537,23852496658935
23851873717537,23852857955675
23852860097693,23852857955675
23852860097693,23853075850805
23852860097693,23853231918093
23852860097693,23853381303418
23852860097693,23853799788467
23853802619663,23853799788467
23853802619663,23854264278627
23853802619663,23854456093275
23853802619663,23854600799065
23853802619663,23854750235740
23854602778639,23854750235740
23854602778639,23855008403529
23854602778639,23855181359037
23854602778639,23855356537841
23854602778639,23855794797789
23855841760039,23855794797789
23855841760039,23856105015456
23855841760039,23856311029616
23855841760039,23856505195920
23855841760039,23856834102408
23856916252920,23856834102408
23856916252920,23857128760127
23856916252920,23857314312548
23856916252920,23857494446614
23857498356091,23857494446614
23857498356091,23857726593267
23857498356091,23857855215002
23857498356091,23857977851666
23857498356091,23858436239106
23857498356091,23858811814990
23858922369338,23858811814990
23858922369338,23859154874738
23858922369338,23859363755603
23858922369338,23859513424102
23858922369338,23859712766790
23859792325206,23859712766790
23859792325206,23860022398209
23859792325206,23860206574653
23859792325206,23860325448751
23859792325206,23860670340304
23860773983855,23860670340304
23860773983855,23861048165438
23860773983855,23861217241992
23860773983855,23861444203776
23860773983855,23861703864382
23861756365922,23861703864382
23861756365922,23861957175602
23861756365922,23862122331509
23861756365922,23862343361945
23862345844372,23862343361945
23862345844372,23862552397019
23862345844372,23862718802480
23862345844372,23862930123986
23862345844372,23863178597623
23863188911347,23863178597623
23863188911347,23863475197087
23863188911347,23863633171360
23863188911347,23863788226744
23863188911347,23864022945827
23863188911347,23864484473919
23864493862776,23864484473919
23864493862776,23864767765084
23864493862776,23864924898709
23864493862776,23865123183751
23865125352895,23865123183751
23865125352895,23865338494778
23865125352895,23865493438915
23865125352895,23865668424667
23865125352895,23865827261144
23865866320102,23865827261144
23865866320102,23866055944426
23865866320102,23866257193032
23865866320102,23866470287341
23865866320102,23866647270575
23866748271552,23866647270575
23866748271552,23867026426655
23866748271552,23867306320978
23866748271552,23867470624491
23866748271552,23867604904186
23866748271552,23867973877492
23868054128294,23867973877492
23868054128294,23868258737307
23868054128294,23868402643659
23868054128294,23868595355003
23868054128294,23868883861179
23868886291582,23868883861179
23868886291582,23869107191641
23868886291582,23869273440361
23868886291582,23869493558329
23868886291582,23869690237777
23869734421950,23869690237777
23869734421950,23869985902250
23869734421950,23870199420479
23869734421950,23870352311154
23869734421950,23870662663899
23869734421950,23870949249071
23870774891446,23870949249071
23870774891446,23871130892350
23870774891446,23871280562657
23870774891446,23871637559072
23871731324026,23871637559072
23871731324026,23871894158926
23871731324026,23872050150676
23871731324026,23872228702096
23871731324026,23872619302562
23872622689011,23872619302562
23872622689011,23872799357398
23872622689011,23873006166659
23872622689011,23873143565877
23872622689011,23873485301063
23873568686646,23873485301063
23873568686646,23873808733582
23873568686646,23873976152066
23873568686646,23874138932286
23873568686646,23874387346107
23874500640962,23874387346107
23874500640962,23874717014826
23874500640962,23874925268461
23874500640962,23875087549143
23874500640962,23875445638429
23875581157753,23875445638429
23875581157753,23875813639037
23875581157753,23875961116470
23875581157753,23876126847998
23875581157753,23876356204268
23875581157753,23876631851846
23876441000954,23876631851846
23876441000954,23876821271313
23876441000954,23877020906416
23877022730829,23877020906416
23877022730829,23877181233730
23877022730829,23877336173066
23877022730829,23877517210365
23877022730829,23877812309360
23878208505281,23877812309360
23878208505281,23878413161113
23878208505281,23878550933301
23878208505281,23878735030631
23878208505281,23878946927224
23878208505281,23879185547406
23879187944121,23879185547406
23879187944121,23879383885564
23879187944121,23879512751491
23879187944121,23879685822177
23879187944121,23879997127855
23880131651441,23879997127855
23880131651441,23880405524894
23880131651441,23880586983369
23880131651441,23880751850981
23880131651441,23881032883513
23881086638293,23881032883513
23881086638293,23881314197729
23881086638293,23881491177009
23881086638293,23881622407233
23881086638293,23881958010932
23881086638293,23882180161862
23882017271945,23882180161862
23882017271945,23882503730722
23882017271945,23882695234795
23882017271945,23882870991611
23882698362691,23882870991611
23882698362691,23883017459440
23882698362691,23883170611016
23882698362691,23883375387368
23882698362691,23883899817570
23883902163784,23883899817570
23883902163784,23884124408513
23883902163784,23884242439771
23884298392071,23884242439771
23884298392071,23884505367816
23884298392071,23884711399983
23884298392071,23884924353024
23884298392071,23885067168669
23884298392071,23885252792394
23884298392071,23885472588616
23885257591748,23885472588616
23885257591748,23885612052795
23885257591748,23885749927992
23885257591748,23885952427739
23885257591748,23886597581576
23886599753293,23886597581576
23886599753293,23886817768777
23886599753293,23886950059495
23886599753293,23887088663678
23886599753293,23887409318310
23887420734541,23887409318310
23887420734541,23887647865419
23887420734541,23887787768949
23887420734541,23887992661257
23887420734541,23888202856452
23887994741884,23888202856452
23887994741884,23888384320258
23887994741884,23888615009606
23887994741884,23888754336388
23887994741884,23889286726393
23889290537353,23889286726393
23889290537353,23889511519828
23889290537353,23889676558367
23889290537353,23889944209191
23889290537353,23890221357311
23889290537353,23890401255020
23890223353514,23890401255020
23890223353514,23890601073943
23890223353514,23890779874013
23890223353514,23891250041089
23891252980109,23891250041089
23891252980109,23891485249868
23891252980109,23891647599172
23891252980109,23891836052731
23891252980109,23892168542335
23892170424251,23892168542335
23892170424251,23892423260101
23892170424251,23892542568955
23892170424251,23892759297065
23892760938424,23892759297065
23892760938424,23892922477597
23892760938424,23893115452961
23892760938424,23893274703131
23892760938424,23893525084839
23893528908582,23893525084839
23893528908582,23893778241497
23893528908582,23893972591817
23893528908582,23894179443552
23893528908582,23894316792401
23894384217511,23894316792401
23894384217511,23894632983405
23894384217511,23894791540668
23894384217511,23894959688400
23894384217511,23895159502007
23895261507097,23895159502007
23895261507097,23895446870712
23895261507097,23895650239676
23895261507097,23895842832272
23895261507097,23896105869218
23896166453110,23896105869218
23896166453110,23896309197739
23896166453110,23896544076681
23896166453110,23896734223862
23896166453110,23897082145766
23897085057898,23897082145766
23897085057898,23897361124524
23897085057898,23897534070172
23897085057898,23897668327589
23897085057898,23897976936624
23897989556815,23897976936624
23897989556815,23898258697996
23897989556815,23898423291148
23897989556815,23898592475963
23897989556815,23898804419110
23897989556815,23899359214108
23899361905810,23899359214108
23899361905810,23899529395340
23899361905810,23899694812515
23899361905810,23899841317881
23899361905810,23900106274048
23900110217088,23900106274048
23900110217088,23900363224469
23900110217088,23900494258322
23900110217088,23900684841756
23900110217088,23901011968807
23901042048318,23901011968807
23901042048318,23901240163136
23901042048318,23901395156892
23901042048318,23901608451053
23901042048318,23901937844928
23901992677143,23901937844928
23901992677143,23902181749944
23901992677143,23902393969936
23901992677143,23902552030415
23901992677143,23902893063611
23902959253901,23902893063611
23902959253901,23903163195791
23902959253901,23903627120821
23902959253901,23903793296289
23903795200176,23903793296289
23903795200176,23903951868078
23903795200176,23904103068861
23903795200176,23904270833066
23903795200176,23904395998848
23904533111535,23904395998848
23904533111535,23904803067922
23904533111535,23904976663174
23904533111535,23905195429351
23904533111535,23905553206062
23905556397625,23905553206062
23905556397625,23905788380246
23905556397625,23905917267183
23905556397625,23906137986191
23905556397625,23906394937521
23905556397625,23906798372114
23906879050582,23906798372114
23906879050582,23907111224766
23906879050582,23907246746667
23906879050582,23907449946399
23906879050582,23907865024109
23907869130976,23907865024109
23907869130976,23908099253023
23907869130976,23908243557658
23907869130976,23908419383646
23908422815159,23908419383646
23908422815159,23908658863469
23908422815159,23908796732389
23908422815159,23908972919905
23908422815159,23909158639214
23908422815159,23909680235564
23909682799168,23909680235564
23909682799168,23909876020444
23909682799168,23910020118554
23909682799168,23910150276286
23910167189002,23910150276286
23910167189002,23910424668091
23910167189002,23910575146210
23910167189002,23910774593417
23910167189002,23911019918393
23910167189002,23911480374052
23911504952629,23911480374052
23911504952629,23911745804975
23911504952629,23911964191123
23911504952629,23912129952436
23911504952629,23912388662032
23912390833306,23912388662032
23912390833306,23912611391670
23912390833306,23912890851646
23912390833306,23913096407294
23912390833306,23913384871813
23913387424243,23913384871813
23913387424243,23913642032848
23913387424243,23913823188348
23913387424243,23913924267641
23914137359733,23913924267641
23914137359733,23914135529207
23914137359733,23914338676108
23914137359733,23914510000968
23914137359733,23914631145382
23914632896215,23914631145382
23914632896215,23914839761100
23914632896215,23915037857088
23914632896215,23915188558118
23914632896215,23915365576844
23914632896215,23915896319621
23915898874503,23915896319621
23915898874503,23916132171463
23915898874503,23916309605335
23915898874503,23916471896305
23916474261932,23916471896305
23916474261932,23916696435022
23916474261932,23916848851498
23916474261932,23917021941422
23916474261932,23917219337661
23916474261932,23917605020059
23917607044106,23917605020059
23917607044106,23917775347982
23917607044106,23918009736858
23917607044106,23918216369455
23917607044106,23918395919024
23918488213940,23918395919024
23918488213940,23918707141902
23918488213940,23918984795340
23918488213940,23919146615476
23919149050486,23919146615476
23919149050486,23919318769481
23919149050486,23919460313933
23919149050486,23919636826137
23919149050486,23919797058869
23919799839476,23919797058869
23919799839476,23919986074760
23919799839476,23920222455131
23919799839476,23920429694364
23919799839476,23920638638767
23919799839476,23921025453844
23921066612095,23921025453844
23921066612095,23921341240190
23921066612095,23921606024761
23921066612095,23921767302681
23921066612095,23921927044886
23921962885994,23921927044886
23921962885994,23922151086681
23921962885994,23922359339474
23921962885994,23922596778259
23922598672245,23922596778259
23922598672245,23922769831435
23922598672245,23922944343056
23922598672245,23923087464708
23922598672245,23923268180148
23922598672245,23923791680501
23923793587302,23923791680501
23923793587302,23924031812315
23923793587302,23924207351405
23923793587302,23924335218854
23923793587302,23924725986976
23924737607597,23924725986976
23924737607597,23925002960302
23924737607597,23925143252769
23924737607597,23925269024192
23924737607597,23925671360844
23925732134289,23925671360844
23925732134289,23925995048653
23925732134289,23926155030432
23925732134289,23926310699299
23926312873415,23926310699299
23926312873415,23926484593909
23926312873415,23926686822447
23926312873415,23926839789320
23926312873415,23927081357355
23927177899724,23927081357355
23927177899724,23927417293967
23927177899724,23927550794097
23927177899724,23927758073873
23927177899724,23928096555061
23928206342256,23928096555061
23928206342256,23928462788106
23928206342256,23928621901007
23928206342256,23928766934308
23928206342256,23929115091289
23928206342256,23929589240621
23929591247530,23929589240621
23929591247530,23929838626584
23929591247530,23930024666499
23929591247530,23930194536510
23929591247530,23930382824777
23930485138898,23930382824777
23930485138898,23930664892369
23930485138898,23930929485342
23930485138898,23931089482025
23930935268647,23931089482025
23930935268647,23931226794813
23930935268647,23931427231566
23930935268647,23931607468903
23930935268647,23931775527022
23930935268647,23932264063023
23932285347596,23932264063023
23932285347596,23932507875790
23932285347596,23932679332204
23932285347596,23932853255932
23932285347596,23933200033470
23933277668384,23933200033470
23933277668384,23933510280806
23933277668384,23933833919520
23933277668384,23933984281848
23933277668384,23934111560788
23934113784289,23934111560788
23934113784289,23934322872320
23934113784289,23934507576535
23934113784289,23934750270982
23934113784289,23935109682550
23935111440470,23935109682550
23935111440470,23935324316708
23935111440470,23935498197109
23935111440470,23935640267113
23935111440470,23935967769045
23935970094738,23935967769045
23935970094738,23936238217911
23935970094738,23936361140076
23935970094738,23936557097099
23935970094738,23936840681917
23936843247106,23936840681917
23936843247106,23937037282591
23936843247106,23937266885208
23936843247106,23937420017530
23936843247106,23938003399923
23938006415870,23938003399923
23938006415870,23938246171592
23938006415870,23938382432335
23938006415870,23938556514705
23938558838451,23938556514705
23938558838451,23938776466704
23938558838451,23938961171262
23938558838451,23939127178917
23938558838451,23939330806586
23938558838451,23939633305517
23939653092762,23939633305517
23939653092762,23939909547734
23939653092762,23940087903033
23939653092762,23940284438406
23939653092762,23940648469480
23940650858941,23940648469480
23940650858941,23940823048935
23940650858941,23940955021741
23940650858941,23941144445627
23940650858941,23941446668635
23941580156676,23941446668635
23941580156676,23941797622906
23941580156676,23941932558862
23941580156676,23942054229619
23941580156676,23942444968731
23942522317031,23942444968731
23942522317031,23942775537830
23942522317031,23942904048372
23942522317031,23943072199541
23942522317031,23943422475451
23943536789495,23943422475451
23943536789495,23943802201522
23943536789495,23944035837369
23943536789495,23944238061276
23943536789495,23944420057253
23944421896354,23944420057253
23944421896354,23944650369513
23944421896354,23944822965721
23944421896354,23945048327923
23944421896354,23945228328954
23945353131476,23945228328954
23945353131476,23945596884293
23945353131476,23946077981573
23945353131476,23946259170114
23945353131476,23946558678955
23946596732551,23946558678955
23946596732551,23946814324042
23946596732551,23947058049575
23946596732551,23947258151806
23946596732551,23947449747322
23947562792739,23947449747322
23947562792739,23947784843138
23947562792739,23947914742569
23947562792739,23948166437888
23948169550897,23948166437888
23948169550897,23948382279093
23948169550897,23948556356407
23948169550897,23948676603302
23948169550897,23949056888114
23948169550897,23949393462291
23949492959735,23949393462291
23949492959735,23949695606592
23949492959735,23949864314858
23949492959735,23950014904348
23949492959735,23950375230499
23950397032581,23950375230499
23950397032581,23950589565550
23950397032581,23950743154690
23950397032581,23951017241090
23950397032581,23951300429971
23951302939261,23951300429971
23951302939261,23951515272833
23951302939261,23951722792553
23951302939261,23951916102364
23951302939261,23952199809094
23952242071668,23952199809094
23952242071668,23952442501998
23952242071668,23952690780871
23952242071668,23952879447618
23952242071668,23953198494725
23953200373516,23953198494725
23953200373516,23953337270062
23953200373516,23953585439762
23953200373516,23953758575949
23953200373516,23954233616455
23954244128009,23954233616455
23954244128009,23954486168339
23954244128009,23954701061702
23954244128009,23954894371599
23954244128009,23955190758710
23955192700132,23955190758710
23955192700132,23955397727887
23955192700132,23955655839223
23955192700132,23955937444474
23955192700132,23956107512988
23956211610484,23956107512988
23956211610484,23956451180348
23956211610484,23956601356622
23956211610484,23956792729140
23956211610484,23957090557944
23957131635514,23957090557944
23957131635514,23957391868880
23957131635514,23957513626484
23957131635514,23957642519860
23957644621820,23957642519860
23957644621820,23957880778123
23957644621820,23958074528566
23957644621820,23958231348110
23957644621820,23958596803260
23958633805046,23958596803260
23958633805046,23958881912593
23958633805046,23959056016797
23958633805046,23959234459695
23958633805046,23959577766596
23958633805046,23960005187510
23960008575911,23960005187510
23960008575911,23960216599593
23960008575911,23960354065115
23960008575911,23960509534327
23960512658057,23960509534327
23960512658057,23960733187839
23960512658057,23960897987734
23960512658057,23961050312996
23960512658057,23961215848505
23960512658057,23961705566849
23961714960523,23961705566849
23961714960523,23961926737720
23961714960523,23962151144309
23961714960523,23962297839324
23962299774732,23962297839324
23962299774732,23962505574743
23962299774732,23962747956964
23962299774732,23962901026164
23962299774732,23963082045292
23962299774732,23963501721615
23963505162269,23963501721615
23963505162269,23963774383985
23963505162269,23963973056969
23963505162269,23964085835515
23963505162269,23964370035866
23963505162269,23964565070419
23964372031480,23964565070419
23964372031480,23964686709102
23964372031480,23964815085174
23964372031480,23965272141145
23965321432196,23965272141145
23965321432196,23965521683453
23965321432196,23965666913318
23965321432196,23965830228178
23965321432196,23966222340606
23966257307195,23966222340606
23966257307195,23966466401824
23966257307195,23966670915697
23966257307195,23966809262914
23966257307195,23967226397582
23967229552555,23967226397582
23967229552555,23967480966956
23967229552555,23967664538975
23967229552555,23967820531266
23967229552555,23968124237083
23968127078289,23968124237083
23968127078289,23968301160319
23968127078289,23968454300638
23968127078289,23968633249043
23968638730361,23968633249043
23968638730361,23968962618550
23968638730361,23969148682592
23968638730361,23969312887411
23968638730361,23969445885705
23968638730361,23969788316251
23969841762078,23969788316251
23969841762078,23970105397025
23969841762078,23970320547603
23969841762078,23970516788523
23970518949875,23970516788523
23970518949875,23970701920008
23970518949875,23970814992949
23970518949875,23970945147416
23970518949875,23971232355258
23971292428622,23971232355258
23971292428622,23971556167965
23971292428622,23971693373809
23971292428622,23971921055287
23971292428622,23972241250486
23971292428622,23972726079127
23972727900728,23972726079127
23972727900728,23973120529723
23972727900728,23973271313534
23972727900728,23973406260237
23972727900728,23973937625696
23973940054738,23973937625696
23973940054738,23974204368553
23973940054738,23974433768808
23973940054738,23974569919103
23973940054738,23974700403986
23973940054738,23974858708674
23974861754913,23974858708674
23974861754913,23975084728711
23974861754913,23975258234309
23975260190357,23975258234309
23975260190357,23975475173106
23975260190357,23975794237921
23975260190357,23975943630992
23975260190357,23976124535101
23975260190357,23976522938158
23976629866320,23976522938158
23976629866320,23976898504583
23976629866320,23977060977828
23976629866320,23977270134288
23976629866320,23977510462404
23977576309309,23977510462404
23977576309309,23977734982462
23977576309309,23977947175972
23977576309309,23978148137211
23977576309309,23978434337662
23978451739735,23978434337662
23978451739735,23978681193128
23978451739735,23978819412567
23978451739735,23979053592557
23978451739735,23979317242130
23979319887250,23979317242130
23979319887250,23979569242751
23979319887250,23979734832268
23979319887250,23979875085159
23979319887250,23980272370555
23980287211192,23980272370555
23980287211192,23980493599465
23980287211192,23980710595929
23980287211192,23980858508767
23980861197349,23980858508767
23980861197349,23981040737374
23980861197349,23981195595002
23980861197349,23981398368046
23980861197349,23981634205976
23980861197349,23982059804701
23982170686872,23982059804701
23982170686872,23982417643871
23982170686872,23982583534811
23982170686872,23982731729945
23982733776554,23982731729945
23982733776554,23982929988680
23982733776554,23983130300473
23982733776554,23983287253735
23982733776554,23983544242337
23982733776554,23983912906098
23982733776554,23984121350879
23983914938489,23984121350879
23983914938489,23984386938959
23983914938489,23984576497044
23983914938489,23984761077881
23984763413189,23984761077881
23984763413189,23984988646156
23984763413189,23985217672299
23984763413189,23985373449035
23984763413189,23985573401752
23985695968814,23985573401752
23985695968814,23985915791168
23985695968814,23986097145795
23985695968814,23986228209191
23985695968814,23986683716132
23986685668421,23986683716132
23986685668421,23986936037623
23986685668421,23987155342458
23986685668421,23987626161627
23986685668421,23987926081974
23987957553378,23987926081974
23987957553378,23988195634014
23987957553378,23988357349186
23987957553378,23988563927799
23988564975875,23988563927799
23988564975875,23988721932388
23988564975875,23988887569579
23988564975875,23989045963175
23988564975875,23989361498356
23988564975875,23989753395645
23989782832648,23989753395645
23989782832648,23990022047926
23989782832648,23990482423118
23989782832648,23990619178739
23989782832648,23991059731028
23991064354870,23991059731028
23991064354870,23991281556094
23991064354870,23991425744921
23991064354870,23991598718571
23991064354870,23991868477617
23991944452395,23991868477617
23991944452395,23992194948897
23991944452395,23992349983911
23991944452395,23992478804882
23991944452395,23992854120898
23992927976324,23992854120898
23992927976324,23993110904118
23992927976324,23993311312862
23992927976324,23993489518919
23992927976324,23993784284964
23993786857932,23993784284964
23993786857932,23993991637847
23993786857932,23994174839550
23993786857932,23994331372673
23993786857932,23994714585458
23994716790615,23994714585458
23994716790615,23994895949023
23994716790615,23995111911274
23994716790615,23995257533498
23994716790615,23995636684619
23995641425716,23995636684619
23995641425716,23995885077405
23995641425716,23996023235601
23995641425716,23996228294655
23995641425716,23996486351214
23995641425716,23996711178799
23996540031055,23996711178799
23996540031055,23996912827214
23996540031055,23997111518410
23997113220866,23997111518410
23997113220866,23997322966112
23997113220866,23997566413061
23997113220866,23997723774027
23997113220866,23997893946197
23997113220866,23998314202806
23998360830807,23998314202806
23998360830807,23998583931851
23998360830807,23998709303131
23998360830807,23998936738299
23998940525126,23998936738299
23998940525126,23999148333542
23998940525126,23999314366309
23998940525126,23999498967640
23998940525126,23999734960335
23998940525126,24000106685020
24000121273384,24000106685020
24000121273384,24000402053430
24000121273384,24000646867974
24000121273384,24000866827680
24000121273384,24001036321344
24000121273384,24001190384549
24001192504396,24001190384549
24001192504396,24001416136440
24001192504396,24001623183477
24001192504396,24001842642535
24001891292072,24001842642535
24001891292072,24002207323975
24001891292072,24002375478485
24001891292072,24002566379397
24001891292072,24002877057849
24002879026992,24002877057849
24002879026992,24003085336558
24002879026992,24003230414897
24002879026992,24003403191875
24002879026992,24003755408651
24003774241433,24003755408651
24003774241433,24004024620562
24003774241433,24004157164662
24003774241433,24004478948990
24003774241433,24004827303498
24004937753651,24004827303498
24004937753651,24005219156816
24004937753651,24005428170475
24004937753651,24005620991281
24004937753651,24005755384276
24004937753651,24005889920344
24005891871481,24005889920344
24005891871481,24006143467825
24005891871481,24006372306839
24006374386282,24006372306839
24006374386282,24006607293644
24006374386282,24006787280101
24006374386282,24007006506302
24006374386282,24007261155997
24006374386282,24007635100780
24007637485811,24007635100780
24007637485811,24007897473191
24007637485811,24008057867143
24007637485811,24008213252341
24008216859772,24008213252341
24008216859772,24008443570952
24008216859772,24008607434760
24008216859772,24008775375728
24008216859772,24008964334804
24008216859772,24009344941198
24009450569403,24009344941198
24009450569403,24009682071845
24009450569403,24009822557827
24009450569403,24010088386131
24009450569403,24010396023322
24010399327805,24010396023322
24010399327805,24010641984515
24010399327805,24010833282570
24010399327805,24011067208642
24010399327805,24011316695180
24011427876733,24011316695180
24011427876733,24011689187136
24011427876733,24011826262248
24011427876733,24011988973922
24011427876733,24012270949962
24012368816885,24012270949962
24012368816885,24012631732891
24012368816885,24012880985485
24012368816885,24013037602905
24012368816885,24013267715034
24013277169667,24013267715034
24013277169667,24013558668226
24013277169667,24013781284359
24013277169667,24013967527008
24013277169667,24014187311633
24014189729874,24014187311633
24014189729874,24014385748484
24014189729874,24014561292520
24014189729874,24014760436272
24014189729874,24015164602570
24015168421503,24015164602570
24015168421503,24015431740329
24015168421503,24015559035627
24015168421503,24015738410659
24015168421503,24016072678652
24016193493863,24016072678652
24016193493863,24016421724120
24016193493863,24016625438185
24016193493863,24016770985535
24016193493863,24017097646114
24017130345365,24017097646114
24017130345365,24017345193803
24017130345365,24017516553055
24017130345365,24017762703150
24017766089917,24017762703150
24017766089917,24017966884316
24017766089917,24018127656409
24017766089917,24018287367907
24017766089917,24018474887742
24017766089917,24018886892898
24018889094009,24018886892898
24018889094009,24019095270258
24018889094009,24019287569842
24018889094009,24019422328021
24018889094009,24019792271716
24019794593598,24019792271716
24019794593598,24020020143308
24019794593598,24020170548377
24019794593598,24020483067320
24020487555903,24020483067320
24020487555903,24020703915730
24020487555903,24020850074134
24020487555903,24020978114795
24020487555903,24021202720319
24020487555903,24021756220793
24021760834371,24021756220793
24021760834371,24021966043838
24021760834371,24022231387206
24021760834371,24022403396027
24021760834371,24022582782382
24022700091224,24022582782382
24022700091224,24022967306190
24022700091224,24023172219418
24022700091224,24023329696871
24022700091224,24023536423843
24023641607362,24023536423843
24023641607362,24023914435627
24023641607362,24024059289465
24023641607362,24024200401087
24023641607362,24024565086537
24024567742489,24024565086537
24024567742489,24024778714814
24024567742489,24025012515395
24024567742489,24025154548978
24025155896012,24025154548978
24025155896012,24025325115827
24025155896012,24025453564399
24025155896012,24025618371908
24025155896012,24025930495246
24025155896012,24026253972962
24026256684880,24026253972962
24026256684880,24026441303316
24026256684880,24026675996082
24026256684880,24026824675082
24026256684880,24027262245735
24027265296322,24027262245735
24027265296322,24027491344575
24027265296322,24027656930509
24027265296322,24027812046648
24027814347383,24027812046648
24027814347383,24028080180520
24027814347383,24028239422896
24027814347383,24028390431397
24027814347383,24028588451862
24027814347383,24028984273155
24028987811077,24028984273155
24028987811077,24029147232556
24028987811077,24029637096369
24028987811077,24029826447558
24028987811077,24029946223984
24030022703172,24029946223984
24030022703172,24030334803339
24030022703172,24030573197956
24030022703172,24030759205425
24030022703172,24030963330584
24030965080011,24030963330584
24030965080011,24031178317471
24030965080011,24031347621177
24030965080011,24031538811574
24031540206146,24031538811574
24031540206146,24031720883969
24031540206146,24031881241782
24031540206146,24032043511536
24031540206146,24032181686403
24031540206146,24032697296383
24032703173925,24032697296383
24032703173925,24032955967530
24032703173925,24033160902063
24032703173925,24033361972559
24032703173925,24033620137403
24033631186435,24033620137403
24033631186435,24033790349029
24033631186435,24033951942548
24033631186435,24034101604983
24033631186435,24034717344903
24034718802563,24034717344903
24034718802563,24034934043355
24034718802563,24035068641249
24034718802563,24035328203564
24034718802563,24035712510440
24035714564658,24035712510440
24035714564658,24035902284976
24035714564658,24036023425323
24035714564658,24036162805047
24036164466610,24036162805047
24036164466610,24036385087154
24036164466610,24036615399799
24036164466610,24036790106579
24036164466610,24037020679927
24036164466610,24037442485139
24037485156379,24037442485139
24037485156379,24037772092925
24037485156379,24037932226746
24037485156379,24038100660559
24038102869775,24038100660559
24038102869775,24038352229173
24038102869775,24038496782554
24038102869775,24038647027166
24038102869775,24038820024505
24038102869775,24039427722464
24039429881534,24039427722464
24039429881534,24039665629384
24039429881534,24039905586170
24039429881534,24040104226877
24039429881534,24040373051818
24040390029133,24040373051818
24040390029133,24040615474036
24040390029133,24040870806451
24040390029133,24041064258670
24040390029133,24041241608280
24041364580581,24041241608280
24041364580581,24041583503948
24041364580581,24041743310311
24041364580581,24041838729559
24041839711370,24041838729559
24041839711370,24042111725618
24041839711370,24042325427407
24041839711370,24042531296883
24041839711370,24042743595234
24041839711370,24043174267405
24043257353618,24043174267405
24043257353618,24043462997382
24043257353618,24043648072274
24043257353618,24043800648592
24043802344557,24043800648592
24043802344557,24044025017822
24043802344557,24044272266813
24043802344557,24044436628055
24043802344557,24044619516816
24044666092064,24044619516816
24044666092064,24044899431114
24044666092064,24045115983813
24044666092064,24045424189210
24044666092064,24045622216575
24044666092064,24045873155988
24045931202446,24045873155988
24045931202446,24046169204087
24045931202446,24046326361002
24045931202446,24046471192208
24045931202446,24046866963069
24046899833903,24046866963069
24046899833903,24047089641771
24046899833903,24047296851021
24046899833903,24047417863450
24047420064194,24047417863450
24047420064194,24047567845292
24047420064194,24047870193282
24047420064194,24048055833559
24047420064194,24048324967009
24047420064194,24048694765313
24048738311529,24048694765313
24048738311529,24049028840241
24048738311529,24049231844800
24048738311529,24049371130380
24048738311529,24049584486613
24049671756494,24049584486613
24049671756494,24049950421513
24049671756494,24050403663048
24049671756494,24050579582033
24050587629930,24050579582033
24050587629930,24050775221563
24050587629930,24051125464923
24050587629930,24051273175271
24050587629930,24051412405394
24050587629930,24051897991779
24052023878346,24051897991779
24052023878346,24052247528328
24052023878346,24052412209051
24052023878346,24052621764794
24052023878346,24052898241528
24052921277837,24052898241528
24052921277837,24053190401691
24052921277837,24053415540002
24052921277837,24053650926354
24052921277837,24053822269783
24053653285375,24053822269783
24053653285375,24053961464075
24053653285375,24054145574847
24053653285375,24054293548804
24054295849210,24054293548804
24054295849210,24054546362432
24054295849210,24054710247465
24054295849210,24054832294681
24054295849210,24055156863444
24055206176478,24055156863444
24055206176478,24055427727315
24055206176478,24055608071591
24055206176478,24055781997009
24055206176478,24056020705087
24055206176478,24056463406801
24056535428778,24056463406801
24056535428778,24056745227702
24056535428778,24056951474110
24056535428778,24057134491873
24057136486759,24057134491873
24057136486759,24057336499938
24057136486759,24057512878772
24057136486759,24057695169290
24057136486759,24058090848310
24057136486759,24058439438571
24058441656445,24058439438571
24058441656445,24058703428609
24058441656445,24058858219733
24058441656445,24059053953648
24058441656445,24059295230169
24059058177167,24059295230169
24059058177167,24059481140187
24059058177167,24059626321762
24059058177167,24059790928439
24059058177167,24060136214220
24060276371701,24060136214220
24060276371701,24060506963879
24060276371701,24060696419047
24060276371701,24060841314141
24060276371701,24061221876868
24061224119379,24061221876868
24061224119379,24061467850753
24061224119379,24061646857708
24061224119379,24061822373389
24061224119379,24062198355404
24062237935528,24062198355404
24062237935528,24062460166820
24062237935528,24062623047256
24062237935528,24062790069564
24062237935528,24062962361548
24062964860868,24062962361548
24062964860868,24063212246910
24062964860868,24063369917611
24062964860868,24063556245052
24063558972515,24063556245052
24063558972515,24063771389751
24063558972515,24063977655766
24063558972515,24064141821052
24063558972515,24064334532234
24063558972515,24064771635187
24064805412749,24064771635187
24064805412749,24065032199685
24064805412749,24065242241291
24064805412749,24065426204688
24064805412749,24065763116533
24065770476936,24065763116533
24065770476936,24065979761896
24065770476936,24066190135773
24065770476936,24066348450926
24065770476936,24066670868411
24066679288840,24066670868411
24066679288840,24066899769620
24066679288840,24067050908920
24066679288840,24067195563720
24066679288840,24067627554100
24067628704966,24067627554100
24067628704966,24067893442048
24067628704966,24068080886745
24067628704966,24068231936334
24067628704966,24068619827925
24068622769896,24068619827925
24068622769896,24068877888011
24068622769896,24069135128264
24068622769896,24069295030198
24068622769896,24069432564445
24069483284602,24069432564445
24069483284602,24069733942950
24069483284602,24069877418642
24069483284602,24070022574012
24069483284602,24070299392758
24070380393219,24070299392758
24070380393219,24070640613641
24070380393219,24070798686350
24070380393219,24070969832027
24070380393219,24071450035091
24071453764197,24071450035091
24071453764197,24071666488858
24071453764197,24071802471120
24071453764197,24071936105200
24071940401025,24071936105200
24071940401025,24072174413441
24071940401025,24072338544829
24071940401025,24072537160440
24071940401025,24072752987556
24071940401025,24073335549555
24073397168286,24073335549555
24073397168286,24073621803552
24073397168286,24073783128738
24073397168286,24073945386861
24073949979926,24073945386861
24073949979926,24074186503370
24073949979926,24074360839977
24073949979926,24074502242462
24073949979926,24074728577691
24073949979926,24075360083508
24075361825439,24075360083508
24075361825439,24075642625668
24075361825439,24075786347039
24075361825439,24075925223149
24075361825439,24076265981964
24076273253809,24076265981964
24076273253809,24076534435158
24076273253809,24076680922207
24076273253809,24076816867828
24076818647812,24076816867828
24076818647812,24077047447450
24076818647812,24077283889752
24076818647812,24077498534950
24076818647812,24077749984533
24077752315964,24077749984533
24077752315964,24077985832427
24077752315964,24078132703337
24077752315964,24078303389530
24077752315964,24078560999335
24077752315964,24079173194211
24079176713442,24079173194211
24079176713442,24079414339798
24079176713442,24079561931956
24079176713442,24079715455400
24079176713442,24079964690688
24080091498683,24079964690688
24080091498683,24080380208530
24080091498683,24080611197166
24080091498683,24080774407385
24080091498683,24081065114432
24081067222484,24081065114432
24081067222484,24081256298838
24081067222484,24081496490698
24081067222484,24081744081828
24081749648813,24081744081828
24081749648813,24081973513596
24081749648813,24082140054168
24081749648813,24082278072068
24081749648813,24082496336736
24081749648813,24082891242885
24082945170427,24082891242885
24082945170427,24083215348133
24082945170427,24083401352147
24082945170427,24083577398779
24082945170427,24084095410147
24084126731241,24084095410147
24084126731241,24084351711904
24084126731241,24084531184800
24084126731241,24084668700532
24084670054289,24084668700532
24084670054289,24084833246422
24084670054289,24085044132018
24084670054289,24085198489046
24084670054289,24085332139053
24084670054289,24085713445678
24084670054289,24085911188094
24085732921286,24085911188094
24085732921286,24086120702547
24085732921286,24086356152520
24086358617409,24086356152520
24086358617409,24086627592336
24086358617409,24086786767643
24086358617409,24086921880140
24086358617409,24087235832397
24087238213239,24087235832397
24087238213239,24087470175595
24087238213239,24087586727476
24087238213239,24087840908322
24087238213239,24088005535998
24087238213239,24088446693993
24088479102157,24088446693993
24088479102157,24088714515197
24088479102157,24088900501361
24088479102157,24089075295835
24088479102157,24089372712608
24089374488567,24089372712608
24089374488567,24089627192792
24089374488567,24089769767088
24089374488567,24089952174340
24089374488567,24090394143657
24090395234892,24090394143657
24090395234892,24090646242357
24090395234892,24090768292766
24090395234892,24090922833259
24090925144013,24090922833259
24090925144013,24091178960154
24090925144013,24091365505763
24090925144013,24091526906503
24090925144013,24091872987468
24090925144013,24092293612021
24092309113883,24092293612021
24092309113883,24092566438043
24092309113883,24092763901581
24092309113883,24092962206841
24092309113883,24093195472073
24093225169704,24093195472073
24093225169704,24093480225928
24093225169704,24093683900968
24093225169704,24093876472331
24093225169704,24094073590640
24094116521628,24094073590640
24094116521628,24094368157090
24094116521628,24094607749424
24094116521628,24094731834059
24094116521628,24094866861249
24094874836627,24094866861249
24094874836627,24095076837500
24094874836627,24095266456831
24094874836627,24095369569756
24094874836627,24095567788786
24095570242907,24095567788786
24095570242907,24095705782018
24095570242907,24095824877109
24095570242907,24095941041655
24095570242907,24096056432092
24095570242907,24096142346775
