23608443255369,23609282164918
23608443255369,23609649952339
23609708319352,23609649952339
23609708319352,23609967273036
23609708319352,23610267150343
23610270517770,23610267150343
23610270517770,23610476545484
23610270517770,23610644300346
23610270517770,23610850093073
23610270517770,23611013953646
23610270517770,23611149589373
23610270517770,23611590453950
23611628937114,23611590453950
23611628937114,23611889483052
23611628937114,23612005078175
23611628937114,23612256278147
23611628937114,23612522137413
23612582803031,23612522137413
23612582803031,23612785163092
23612582803031,23612949333284
23612582803031,23613176696510
23612582803031,23613451904120
23613454675972,23613451904120
23613454675972,23613714422485
23613454675972,23613906998837
23613454675972,23614095384057
23614098924103,23614095384057
23614098924103,23614275904335
23614098924103,23614431822641
23614098924103,23614620375855
23614098924103,23614751259849
23614861845087,23614751259849
23614861845087,23615124477917
23614861845087,23615349205293
23614861845087,23615500315990
23614861845087,23615776938884
23614861845087,23616132085380
23616181252169,23616132085380
23616181252169,23616389248597
23616181252169,23616621597128
23616181252169,23616784471660
23616181252169,23617142686085
23617145473938,23617142686085
23617145473938,23617353071548
23617145473938,23617545741788
23617145473938,23617703174853
23617145473938,23617978248125
23617994743922,23617978248125
23617994743922,23618177813682
23617994743922,23618364761455
23617994743922,23618631412493
23617994743922,23618800571830
23618887198940,23618800571830
23618887198940,23619088797289
23618887198940,23619326315247
23618887198940,23619485797651
23618887198940,23619801218299
23619902290362,23619801218299
23619902290362,23620077535723
23619902290362,23620309072622
23619902290362,23620527836860
23620531108496,23620527836860
23620531108496,23620802292403
23620531108496,23620936035063
23620531108496,23621126203408
23620531108496,23621290857540
23621389548103,23621290857540
23621389548103,23621638078720
23621389548103,23621792714516
23621389548103,23621918673290
23621389548103,23622390029873
23621389548103,23622826504421
23622829802828,23622826504421
23622829802828,23623066796386
23622829802828,23623290868445
23623336516782,23623290868445
23623336516782,23623474256774
23623336516782,23623631645137
23623336516782,23623777201157
23623336516782,23623943968698
23623336516782,23624269389911
23623336516782,23624606142774
23624713107891,23624606142774
23624713107891,23625139050265
23624713107891,23625324991161
23624713107891,23625504099442
23624713107891,23625803684413
23625839483167,23625803684413
23625839483167,23626059026279
23625839483167,23626225142259
23625839483167,23626457140800
23625839483167,23626735592284
23626753143523,23626735592284
23626753143523,23626975321932
23626753143523,23627219759663
23626753143523,23627414538848
23626753143523,23627721190906
23627729767331,23627721190906
23627729767331,23627964412110
23627729767331,23628145407300
23627729767331,23628350965137
23627729767331,23628656026969
23628657691052,23628656026969
23628657691052,23628879432071
23628657691052,23629199969701
23628657691052,23629394553341
23628657691052,23629547018454
23629569313618,23629547018454
23629569313618,23629898377763
23629569313618,23630085259984
23629569313618,23630283051926
23629569313618,23630624704668
23630627977045,23630624704668
23630627977045,23630901343714
23630627977045,23631123236662
23630627977045,23631313672876
23630627977045,23631447279119
23631449517527,23631447279119
23631449517527,23631695250838
23631449517527,23631827891872
23631449517527,23632017901060
23631449517527,23632308599498
23631449517527,23632505088872
23632356597989,23632505088872
23632356597989,23632808556409
23632356597989,23633027244094
23632356597989,23633228826407
23633287251940,23633228826407
23633287251940,23633528410960
23633287251940,23633706763548
23633287251940,23633842010519
23633287251940,23634109670831
23634141482336,23634109670831
23634141482336,23634430046306
23634141482336,23634639647088
23634141482336,23634818313980
23634826570646,23634818313980
23634826570646,23635052531145
23634826570646,23635219858152
23634826570646,23635365385595
23634826570646,23635532222988
23634826570646,23636039397939
23636041820573,23636039397939
23636041820573,23636284469196
23636041820573,23636449956190
23636041820573,23636626284218
23636628899336,23636626284218
23636628899336,23636893123734
23636628899336,23637084438392
23636628899336,23637269461385
23636628899336,23637446377896
23636628899336,23637867460048
23637885396345,23637867460048
23637885396345,23638111298335
23637885396345,23638343551221
23637885396345,23638561038269
23637885396345,23638742730321
23638845939937,23638742730321
23638845939937,23639095359267
23638845939937,23639362322199
23638845939937,23639557095188
23638845939937,23639758750075
23639820264871,23639758750075
23639820264871,23640033151661
23639820264871,23640254577235
23639820264871,23640392208331
23639820264871,23640578193255
23640394331290,23640578193255
23640394331290,23640807229524
23640394331290,23641014410171
23640394331290,23641155503122
23640394331290,23641661101627
23641729905511,23641661101627
23641729905511,23641946285073
23641729905511,23642162050528
23641729905511,23642343654161
23642345077637,23642343654161
23642345077637,23642530679248
23642345077637,23642709136174
23642345077637,23642890361807
23642345077637,23643135194484
23642345077637,23643603614221
23643609385770,23643603614221
23643609385770,23643873269668
23643609385770,23644117444552
23643609385770,23644277249684
23643609385770,23644691305022
23644693252286,23644691305022
23644693252286,23644913025275
23644693252286,23645139305991
23644693252286,23645317716333
23645319860282,23645317716333
23645319860282,23645486584126
23645319860282,23645644508531
23645319860282,23645824111375
23645319860282,23645979349257
23645319860282,23646375839649
23646377763529,23646375839649
23646377763529,23646611361517
23646377763529,23646843657184
23646377763529,23647029088162
23647032355785,23647029088162
23647032355785,23647252435482
23647032355785,23647422390629
23647032355785,23647659803565
23647032355785,23647837623897
23647032355785,23648292787766
23648294883844,23648292787766
23648294883844,23648739936267
23648294883844,23648883051528
23648294883844,23649101100164
23649102210792,23649101100164
23649102210792,23649321964188
23649102210792,23649496660820
23649102210792,23649673768771
23649102210792,23649935525397
23649102210792,23650403856513
23650419941511,23650403856513
23650419941511,23650606349977
23650419941511,23650845174858
23650419941511,23651028465877
23650419941511,23651328804612
23651511360681,23651328804612
23651511360681,23651769961349
23651511360681,23651951433698
23651511360681,23652108694500
23651511360681,23652333523805
23652355138173,23652333523805
23652355138173,23652537874576
23652355138173,23652706105961
23652355138173,23652908919868
23652355138173,23653198437496
23653229876801,23653198437496
23653229876801,23653444188995
23653229876801,23653646226186
23653229876801,23653811937058
23653229876801,23654151797907
23654369949151,23654151797907
23654369949151,23654586018018
23654369949151,23654745842754
23654369949151,23654897750629
23654369949151,23655164048194
23655173653523,23655164048194
23655173653523,23655376221446
23655173653523,23655538940693
23655173653523,23655704128840
23655173653523,23656058194593
23656096302630,23656058194593
23656096302630,23656298773719
23656096302630,23656470616909
23656096302630,23656631939878
23656096302630,23657009822350
23657053380269,23657009822350
23657053380269,23657309644849
23657053380269,23657491400637
23657053380269,23657645686011
23657053380269,23657873926331
23657996070976,23657873926331
23657996070976,23658203826670
23657996070976,23658385949529
23657996070976,23658587404487
23658589491690,23658587404487
23658589491690,23658804654990
23658589491690,23659001000678
23658589491690,23659160246827
23658589491690,23659410278140
23658589491690,23659788306805
23659832602138,23659788306805
23659832602138,23660017685853
23659832602138,23660191561953
23659832602138,23660343348682
23660345093004,23660343348682
23660345093004,23660491923940
23660345093004,23660695293142
23660345093004,23660836661632
23660345093004,23661075440578
23660345093004,23661484302118
23661505893203,23661484302118
23661505893203,23661793529877
23661505893203,23661910748907
23661505893203,23662144985693
23661505893203,23662448492209
23662487929028,23662448492209
23662487929028,23662730269900
23662487929028,23662937535496
23662487929028,23663130232154
23662487929028,23663303663463
23663637909176,23663303663463
23663637909176,23663860167399
23663637909176,23664009618380
23663637909176,23664220909690
23663637909176,23664518423818
23664521747799,23664518423818
23664521747799,23664775297251
23664521747799,23664908945575
23664521747799,23665134382550
23664521747799,23665422708377
23665424933167,23665422708377
23665424933167,23665650280281
23665424933167,23665846276347
23665424933167,23666044966503
23665424933167,23666371439372
23666374062771,23666371439372
23666374062771,23666564051708
23666374062771,23666708648386
23666374062771,23667071251065
23667074188336,23667071251065
23667074188336,23667316366600
23667074188336,23667501167588
23667074188336,23667636093136
23667074188336,23667793854909
23667074188336,23668130109949
23668185250025,23668130109949
23668185250025,23668362046405
23668185250025,23668545753133
23668185250025,23668682727518
23668185250025,23669076985420
23669086679855,23669076985420
23669086679855,23669283323637
23669086679855,23669497630287
23669086679855,23669651694306
23669086679855,23669944926818
23669947461069,23669944926818
23669947461069,23670203716176
23669947461069,23670374107905
23669947461069,23670571200399
23670573576060,23670571200399
23670573576060,23670775811905
23670573576060,23670935784286
23670573576060,23671098640156
23670573576060,23671299597066
23671387321001,23671299597066
23671387321001,23671550380304
23671387321001,23671771706756
23671387321001,23671975655017
23671387321001,23672328850890
23671387321001,23672820204968
23672822706913,23672820204968
23672822706913,23673048020335
23672822706913,23673213993479
23672822706913,23673375729806
23672822706913,23673686320736
23673758794507,23673686320736
23673758794507,23674004566733
23673758794507,23674239306965
23673758794507,23674413398562
23674415608040,23674413398562
23674415608040,23674601945869
23674415608040,23674751225419
23674415608040,23674897167023
23674415608040,23675197714224
23674415608040,23675589607240
23675602736573,23675589607240
23675602736573,23675822338858
23675602736573,23675970221326
23675602736573,23676116939029
23676129605969,23676116939029
23676129605969,23676310725498
23676129605969,23676479894526
23676129605969,23676604770951
23676129605969,23677044029416
23677046120040,23677044029416
23677046120040,23677224198552
23677046120040,23677429103461
23677046120040,23677640086043
23677046120040,23677808185879
23677903069860,23677808185879
23677903069860,23678144450341
23677903069860,23678271333280
23677903069860,23678481148287
23677903069860,23678759938825
23677903069860,23679222720833
23679224816843,23679222720833
23679224816843,23679460373612
23679224816843,23679673870506
23679224816843,23679813442253
23679224816843,23680148191384
23680153859774,23680148191384
23680153859774,23680443515695
23680153859774,23680621332295
23680153859774,23680792571031
23680153859774,23681025631558
23681130508098,23681025631558
23681130508098,23681370216776
23681130508098,23681548580524
23681130508098,23681690089017
23681130508098,23682076163372
23682078251394,23682076163372
23682078251394,23682277375953
23682078251394,23682438159695
23682078251394,23682642162720
23682643584232,23682642162720
23682643584232,23682905431292
23682643584232,23683113219974
23682643584232,23683338878994
23682643584232,23683545334272
23683548083520,23683545334272
23683548083520,23683728176697
23683548083520,23683875871518
23683548083520,23684049911573
23683548083520,23684471679160
23684482592223,23684471679160
23684482592223,23684697361107
23684482592223,23684864508664
23684482592223,23685005402603
23684482592223,23685391602969
23685425804752,23685391602969
23685425804752,23685736714298
23685425804752,23685992486371
23685425804752,23686178257743
23685425804752,23686414168504
23686416402930,23686414168504
23686416402930,23686693392684
23686416402930,23686846759732
23686416402930,23687013649735
23686416402930,23687397916873
23686416402930,23687668505028
23687706784059,23687668505028
23687706784059,23687898104523
23687706784059,23688080471131
23687706784059,23688300165026
23687706784059,23688586101807
23688589737818,23688586101807
23688589737818,23688803643200
23688589737818,23689001739878
23688589737818,23689196699191
23689199396126,23689196699191
23689199396126,23689374900986
23689199396126,23689530661906
23689199396126,23689736102954
23689199396126,23690012056686
23689199396126,23690507942866
23690510231299,23690507942866
23690510231299,23690693412867
23690510231299,23690908343354
23690510231299,23691017499505
23690510231299,23691423034369
23691490150017,23691423034369
23691490150017,23691709388319
23691490150017,23691876552540
23691490150017,23692128553689
23691490150017,23692459240358
23692460753511,23692459240358
23692460753511,23692704234519
23692460753511,23692859341543
23692460753511,23693047926606
23692460753511,23693424255365
23693432174983,23693424255365
23693432174983,23693659566395
23693432174983,23693847094451
23693432174983,23693981563914
23693432174983,23694397570112
23694407085532,23694397570112
23694407085532,23694618906565
23694407085532,23694811052336
23694407085532,23695025384039
23694407085532,23695294358324
23695351057346,23695294358324
23695351057346,23695554908587
23695351057346,23695873940835
23695351057346,23696027256482
23695351057346,23696220723920
23696257076071,23696220723920
23696257076071,23696509672240
23696257076071,23696983243373
23696257076071,23697134763461
23696257076071,23697408409341
23697410896359,23697408409341
23697410896359,23697645357235
23697410896359,23697813652369
23697410896359,23698009352405
23697410896359,23698319562631
23698378661491,23698319562631
23698378661491,23698566043291
23698378661491,23698704372805
23698378661491,23698838511310
23698896621141,23698838511310
23698896621141,23699145500886
23698896621141,23699374428035
23698896621141,23699531313036
23698896621141,23699675379734
23698896621141,23700283072880
23698896621141,23700495220238
23700285037438,23700495220238
23700285037438,23700677308938
23700285037438,23700833532673
23700285037438,23701098325277
23701285128287,23701098325277
23701285128287,23701467139922
23701285128287,23701630289394
23701285128287,23701786844003
23701285128287,23701984668004
23701988146134,23701984668004
23701988146134,23702239074724
23701988146134,23702441741690
23701988146134,23702612513762
23701988146134,23702766186005
23702798876306,23702766186005
23702798876306,23702997795621
23702798876306,23703214432674
23702798876306,23703394238214
23703396828727,23703394238214
23703396828727,23703583297773
23703396828727,23703743426433
23703396828727,23703926139714
23703396828727,23704072685007
23703396828727,23704688478418
23704692644045,23704688478418
23704692644045,23704946697743
23704692644045,23705076824468
23704692644045,23705226074622
23704692644045,23705515194515
23705548416568,23705515194515
23705548416568,23705765630160
23705548416568,23705906310183
23705548416568,23706098088198
23705548416568,23706603149004
23706605457750,23706603149004
23706605457750,23706835543583
23706605457750,23706944759661
23706605457750,23707074376602
23706605457750,23707541809783
23707543677386,23707541809783
23707543677386,23707775552447
23707543677386,23707941780073
23707543677386,23708177296667
23708179664791,23708177296667
23708179664791,23708384270098
23708179664791,23708533107501
23708179664791,23708708866779
23708179664791,23708850575043
23708179664791,23709227395409
23709345849028,23709227395409
23709345849028,23709596538274
23709345849028,23709828456271
23709345849028,23710015783974
23709345849028,23710346234543
23710504335551,23710346234543
23710504335551,23710734185029
23710504335551,23710935271044
23710504335551,23711056896862
23711062331182,23711056896862
23711062331182,23711241562632
23711062331182,23711498429122
23711062331182,23711648688382
23711062331182,23711801206022
23711803433698,23711801206022
23711803433698,23711977913524
23711803433698,23712124330372
23711803433698,23712224359384
23711803433698,23712598855054
23711803433698,23713073829617
23713076515710,23713073829617
23713076515710,23713294987068
23713076515710,23713447759895
23713501258854,23713447759895
23713501258854,23713709268656
23713501258854,23713859001452
23713501258854,23714007319135
23713501258854,23714162207326
23713501258854,23714370836392
23713501258854,23714909177029
23714910755577,23714909177029
23714910755577,23715149890338
23714910755577,23715302026749
23714910755577,23715493748888
23714910755577,23715876056715
23715878681118,23715876056715
23715878681118,23716130318419
23715878681118,23716262673208
23715878681118,23716409159541
23715878681118,23716675109328
23716718916374,23716675109328
23716718916374,23716920111981
23716718916374,23717091495280
23716718916374,23717255332816
23716718916374,23717744373470
23717792961966,23717744373470
23717792961966,23718004270225
23717792961966,23718183436188
23717792961966,23718424075724
23717792961966,23718644699511
23718743168930,23718644699511
23718743168930,23718945747031
23718743168930,23719158332688
23718743168930,23719330325809
23718743168930,23719590906373
23719713913739,23719590906373
23719713913739,23719959455463
23719713913739,23720138318236
23719713913739,23720339779542
23720343097985,23720339779542
23720343097985,23720524315411
23720343097985,23720611844330
23720343097985,23720931571405
23720343097985,23721221714437
23721261980548,23721221714437
23721261980548,23721472161471
23721261980548,23721607152264
23721261980548,23721775238137
23721261980548,23722050666129
23721261980548,23722570245227
23722612996969,23722570245227
23722612996969,23722904736143
23722612996969,23723061765281
23722612996969,23723184436623
23723187501878,23723184436623
23723187501878,23723362266183
23723187501878,23723575360197
23723187501878,23723682543957
23723187501878,23724107130576
23723187501878,23724548226045
23724551014874,23724548226045
23724551014874,23724797722525
23724551014874,23724937388497
23724551014874,23725092316612
23724551014874,23725534501077
23725536603147,23725534501077
23725536603147,23725777293038
23725536603147,23726043810352
23725536603147,23726206441319
23725536603147,23726405746862
23726483161815,23726405746862
23726483161815,23726784953147
23726483161815,23726940369294
23726483161815,23727141467099
23726483161815,23727541360947
23727543920565,23727541360947
23727543920565,23727732531030
23727543920565,23727931956856
23727543920565,23728095383142
23727543920565,23728476800675
23728532991896,23728476800675
23728532991896,23728724325289
23728532991896,23728937348907
23728532991896,23729139789964
23728532991896,23729352211064
23729504264967,23729352211064
23729504264967,23729812206074
23729504264967,23729975598930
23729504264967,23730151294167
23729504264967,23730513049272
23730514085620,23730513049272
23730514085620,23730716720014
23730514085620,23730853201447
23730514085620,23730993713189
23730514085620,23731363577236
23731425717397,23731363577236
23731425717397,23731667162583
23731425717397,23731897325943
23731425717397,23732122627253
23732124751975,23732122627253
23732124751975,23732351985971
23732124751975,23732485482450
23732124751975,23732671728832
23732124751975,23732816983786
23732124751975,23733320578793
23733382701608,23733320578793
23733382701608,23733615581244
23733382701608,23733798418779
23733800160569,23733798418779
23733800160569,23734025436952
23733800160569,23734173253367
23733800160569,23734309994956
23733800160569,23734473529498
23733800160569,23734657794021
23733800160569,23735138429365
23735149658773,23735138429365
23735149658773,23735327677381
23735149658773,23735521435416
23735149658773,23735735756704
23735737722145,23735735756704
23735737722145,23735909472136
23735737722145,23736075245562
23735737722145,23736249416960
23735737722145,23736425730127
23735737722145,23736912467469
23735737722145,23737139697696
23736967813436,23737139697696
23736967813436,23737351773440
23736967813436,23737557444339
23737559228389,23737557444339
23737559228389,23737810824110
23737559228389,23737908861621
23737559228389,23738086230646
23737559228389,23738243988678
23738352718551,23738243988678
23738352718551,23738540878031
23738352718551,23738738319225
23738352718551,23738924815705
23738352718551,23739149906901
23738352718551,23739627665062
23739667411262,23739627665062
23739667411262,23739877425206
23739667411262,23740049836569
23739667411262,23740227428193
23739667411262,23740656247431
23740680629749,23740656247431
23740680629749,23740881266950
23740680629749,23741040054129
23740680629749,23741227668072
23740680629749,23741595489117
23741656813042,23741595489117
23741656813042,23741914972140
23741656813042,23742095938245
23741656813042,23742250366730
23741656813042,23742534963448
23742543467947,23742534963448
23742543467947,23742785715223
23742543467947,23742956216211
23742543467947,23743087233905
23743091946827,23743087233905
23743091946827,23743284467649
23743091946827,23743462399568
23743091946827,23743642552738
23743091946827,23743859436947
23743091946827,23744341822182
23744449517372,23744341822182
23744449517372,23744687108441
23744449517372,23744868797856
23744449517372,23745128200603
23744449517372,23745397207734
23745433629565,23745397207734
23745433629565,23745697977546
23745433629565,23745828884584
23745433629565,23746030096218
23745433629565,23746292802585
23746321504111,23746292802585
23746321504111,23746521024283
23746321504111,23746696147087
23746321504111,23746904450555
23746321504111,23747102273346
23747167572803,23747102273346
23747167572803,23747446378786
23747167572803,23747598216261
23747167572803,23747744036861
23747754805919,23747744036861
23747754805919,23748015969088
23747754805919,23748219993325
23747754805919,23748383308299
23747754805919,23748562768999
23747754805919,23749366015864
23749367871838,23749366015864
23749367871838,23749605940514
23749367871838,23749824133384
23749367871838,23749989332740
23749990427758,23749989332740
23749990427758,23750145002035
23749990427758,23750307873833
23749990427758,23750457337819
23749990427758,23750618448353
23749990427758,23751254596578
23751257564301,23751254596578
23751257564301,23751494571843
23751257564301,23751703250252
23751257564301,23751909269351
23751922655173,23751909269351
23751922655173,23752141652565
23751922655173,23752325499348
23751922655173,23752443248380
23751922655173,23752633094820
23751922655173,23753052645360
23753056635344,23753052645360
23753056635344,23753256442310
23753056635344,23753393520826
23753056635344,23753562157371
23753056635344,23753839373545
23753962396962,23753839373545
23753962396962,23754208603221
23753962396962,23754451534466
23753962396962,23754639434785
23753962396962,23754826867780
23754892564397,23754826867780
23754892564397,23755128697582
23754892564397,23755290229870
23754892564397,23755521174030
23754892564397,23755747160932
23755823691360,23755747160932
23755823691360,23756009986053
23755823691360,23756233333717
23755823691360,23756530550497
23756532437423,23756530550497
23756532437423,23756683406777
23756532437423,23756885437386
23756532437423,23757017991363
23756532437423,23757227448887
23756532437423,23757524425451
23757642036114,23757524425451
23757642036114,23757838590968
23757642036114,23758056045959
23757642036114,23758202524604
23757642036114,23758569977574
23758572476970,23758569977574
23758572476970,23758752384560
23758572476970,23758962607632
23758572476970,23759144354812
23759148088393,23759144354812
23759148088393,23759332345551
23759148088393,23759487013520
23759148088393,23759705412945
23759148088393,23759859564651
23759148088393,23760280159238
23760289593411,23760280159238
23760289593411,23760486432213
23760289593411,23760685246922
23760289593411,23760872124096
23760875052802,23760872124096
23760875052802,23761091030615
23760875052802,23761284199360
23760875052802,23761468779798
23760875052802,23761714296066
23760875052802,23761908200104
23761716427744,23761908200104
23761716427744,23762099718512
23761716427744,23762356610360
23761716427744,23762574772889
23762687730501,23762574772889
23762687730501,23762927780697
23762687730501,23763086735866
23762687730501,23763231459920
23762687730501,23763487762904
23762687730501,23763928276436
23763942278149,23763928276436
23763942278149,23764192097115
23763942278149,23764351150746
23763942278149,23764510481068
23763942278149,23764832699901
23764872059762,23764832699901
23764872059762,23765277981623
23764872059762,23765525414950
23764872059762,23765687026573
23764872059762,23765980291135
23766044614542,23765980291135
23766044614542,23766201002362
23766044614542,23766413125020
23766044614542,23766541351583
23766044614542,23766817761966
23766879747222,23766817761966
23766879747222,23767111568872
23766879747222,23767285886722
23766879747222,23767472197621
23767475135880,23767472197621
23767475135880,23767751845936
23767475135880,23767945455694
23767475135880,23768057474036
23767475135880,23768241679278
23767475135880,23768510658028
23768778792778,23768510658028
23768778792778,23768983507677
23768778792778,23769168486814
23768778792778,23769325617703
23768778792778,23769545454817
23769546651532,23769545454817
23769546651532,23769755147223
23769546651532,23769921593907
23769546651532,23770076724237
23769546651532,23770331668088
23770346901328,23770331668088
23770346901328,23770620468036
23770346901328,23770740242381
23770346901328,23770940226966
23770346901328,23771220662251
23771380705920,23771220662251
23771380705920,23771540330370
23771380705920,23771724527697
23771380705920,23771868226621
23771380705920,23772220190216
23772269902006,23772220190216
23772269902006,23772429032575
23772269902006,23772657731066
23772269902006,23772845561299
23772848133529,23772845561299
23772848133529,23773100015904
23772848133529,23773270117642
23772848133529,23773467158694
23772848133529,23773664077827
23773666720787,23773664077827
23773666720787,23773862699546
23773666720787,23774027893540
23773666720787,23774162601771
23773666720787,23774563443481
23773666720787,23774963477288
23774972659746,23774963477288
23774972659746,23775199999090
23774972659746,23775383379908
23774972659746,23775570439621
23775573101963,23775570439621
23775573101963,23775807404562
23775573101963,23775980247134
23775573101963,23776140061336
23775573101963,23776371421984
23775573101963,23776867078855
23776870547596,23776867078855
23776870547596,23777086460584
23776870547596,23777234260147
23776870547596,23777398324483
23776870547596,23777684615228
23777725928995,23777684615228
23777725928995,23777982978208
23777725928995,23778130422753
23777725928995,23778260377004
23778263308636,23778260377004
23778263308636,23778489117577
23778263308636,23778672132469
23778263308636,23778809398717
23778263308636,23778972048654
23779073699350,23778972048654
23779073699350,23779306999321
23779073699350,23779468986856
23779073699350,23779664146548
23779073699350,23779899106747
23779950494580,23779899106747
23779950494580,23780197696090
23779950494580,23780407692809
23779950494580,23780575276135
23779950494580,23780803927892
23779950494580,23781196593230
23781360892093,23781196593230
23781360892093,23781633747509
23781360892093,23781787164833
23781360892093,23781935617487
23781360892093,23782316545482
23782362735618,23782316545482
23782362735618,23782645124273
23782362735618,23782795495024
23782362735618,23782965481377
23782362735618,23783137909986
23782971053894,23783137909986
23782971053894,23783338874539
23782971053894,23783469051959
23782971053894,23783743813667
23782971053894,23784249925022
23784252021272,23784249925022
23784252021272,23784472222231
23784252021272,23784665880670
23784252021272,23784780943766
23785090936985,23784780943766
23785090936985,23785313797611
23785090936985,23785455561699
23785090936985,23785691284250
23785090936985,23786040304808
23786042169402,23786040304808
23786042169402,23786252067712
23786042169402,23786388231799
23786042169402,23786541796140
23786042169402,23786748756886
23786910390560,23786748756886
23786910390560,23787180150921
23786910390560,23787313263073
23786910390560,23787455253986
23786910390560,23787810570524
23786910390560,23788287409868
23788290141514,23788287409868
23788290141514,23788512227283
23788290141514,23788679925565
23788290141514,23788807287364
23788290141514,23789022332740
23789104219068,23789022332740
23789104219068,23789270576020
23789104219068,23789485946751
23789104219068,23789711113407
23789104219068,23790040047879
23789104219068,23790195645680
23790042296768,23790195645680
23790042296768,23790407493122
23790042296768,23790627819884
23790042296768,23790771980478
23790906855221,23790771980478
23790906855221,23791181487323
23790906855221,23791346179681
23790906855221,23791504416974
23791506135084,23791504416974
23791506135084,23791701130013
23791506135084,23791829965572
23791506135084,23791991449020
23791506135084,23792166586935
23791506135084,23792749294687
23792753863194,23792749294687
23792753863194,23792965243783
23792753863194,23793119233754
23792753863194,23793331256338
23793334330420,23793331256338
23793334330420,23793567651165
23793334330420,23793751086731
23793334330420,23793893253125
23793334330420,23794070829918
23793334330420,23794475827545
23794548606002,23794475827545
23794548606002,23794747307959
23794548606002,23794876249365
23794548606002,23795030342768
23794548606002,23795418095767
23795461183621,23795418095767
23795461183621,23795652923579
23795461183621,23795806328597
23795461183621,23795961096686
23795461183621,23796343195496
23796350404915,23796343195496
23796350404915,23796579623994
23796350404915,23796740350757
23796350404915,23796874462114
23796350404915,23797163820629
23797246037383,23797163820629
23797246037383,23797414912682
23797246037383,23797626050333
23797246037383,23797813610795
23797246037383,23798030716038
23798106354661,23798030716038
23798106354661,23798345117613
23798106354661,23798498945258
23798106354661,23798667152575
23798106354661,23799065616132
23799132236639,23799065616132
23799132236639,23799360946985
23799132236639,23799567229450
23799132236639,23799686289358
23799689462383,23799686289358
23799689462383,23799858193735
23799689462383,23800029391132
23799689462383,23800149348258
23799689462383,23800450294420
23799689462383,23800992300979
23800995565241,23800992300979
23800995565241,23801215044978
23800995565241,23801337324894
23800995565241,23801512628320
23800995565241,23801877983486
23801943590836,23801877983486
23801943590836,23802187270894
23801943590836,23802349852237
23801943590836,23802577063769
23801943590836,23802886363191
23802888697978,23802886363191
23802888697978,23803130028884
23802888697978,23803248089303
23802888697978,23803376152220
23802888697978,23803893301646
23803895752619,23803893301646
23803895752619,23804085318075
23803895752619,23804281604940
23803895752619,23804442996120
23804445395741,23804442996120
23804445395741,23804664248169
23804445395741,23804818083980
23804445395741,23804988381228
23804445395741,23805256603423
23804445395741,23805734172339
23805735829865,23805734172339
23805735829865,23806022562655
23805735829865,23806171446651
23805735829865,23806395631923
23805735829865,23806613091781
23806618245542,23806613091781
23806618245542,23806834040540
23806618245542,23807017323307
23806618245542,23807176173639
23806618245542,23807478042062
23807479869203,23807478042062
23807479869203,23807658096662
23807479869203,23807894321731
23807479869203,23808070176871
23807479869203,23808523718600
23808525730733,23808523718600
23808525730733,23808703655605
23808525730733,23808860138434
23808525730733,23809013839816
23808525730733,23809316808490
23809518596722,23809316808490
23809518596722,23809704045504
23809518596722,23809873280415
23809518596722,23810056444276
23809518596722,23810223433693
23810307012351,23810223433693
23810307012351,23810498711122
23810307012351,23810715525477
23810307012351,23810891455961
23810307012351,23811204903239
23811297358126,23811204903239
23811297358126,23811506875677
23811297358126,23811718243304
23811297358126,23811904815338
23811297358126,23812246231438
23812733202700,23812246231438
23812733202700,23812924058646
23812733202700,23813061188289
23812733202700,23813254052175
23813256707174,23813254052175
23813256707174,23813386256085
23813256707174,23813558466768
23813256707174,23813764956497
23813256707174,23813901879153
23813256707174,23814324307038
23814349205537,23814324307038
23814349205537,23814539623263
23814349205537,23814726660429
23814349205537,23814889637723
23814349205537,23815385918837
23815406741976,23815385918837
23815406741976,23815637221850
23815406741976,23815748184615
23815406741976,23815884944255
23815406741976,23816308289464
23816329230265,23816308289464
23816329230265,23816560864002
23816329230265,23816794576478
23816329230265,23816973915910
23816329230265,23817284258044
23817289226464,23817284258044
23817289226464,23817559422031
23817289226464,23817712601835
23817289226464,23817893295590
23817896320563,23817893295590
23817896320563,23818093775993
23817896320563,23818255055540
23817896320563,23818454106714
23817896320563,23818596683478
23818599641672,23818596683478
23818599641672,23818816230033
23818599641672,23818964407100
23818599641672,23819173393133
23818599641672,23819485561892
23818599641672,23819860680848
23819990552162,23819860680848
23819990552162,23820282611611
23819990552162,23820450533806
23819990552162,23820630820646
23819990552162,23820768659940
23820903345716,23820768659940
23820903345716,23821113565111
23820903345716,23821292158181
23820903345716,23821501670188
23820903345716,23821736181099
23821836476548,23821736181099
23821836476548,23822022269590
23821836476548,23822168609128
23821836476548,23822365385388
23821836476548,23822699009861
23822701053052,23822699009861
23822701053052,23822955062829
23822701053052,23823189609101
23822701053052,23823367856791
23822701053052,23823611681576
23823613864283,23823611681576
23823613864283,23823813569176
23823613864283,23823994400395
23823613864283,23824130252263
23824132916684,23824130252263
23824132916684,23824306268822
23824132916684,23824509781936
23824132916684,23824762358725
23824132916684,23824923648690
23824132916684,23825424257073
23825426762828,23825424257073
23825426762828,23825677601502
23825426762828,23826226321835
23825426762828,23826455789215
23825426762828,23826920619463
23826924184897,23826920619463
23826924184897,23827143026482
23826924184897,23827368326254
23826924184897,23827540416463
23826924184897,23827821908507
23827824518112,23827821908507
23827824518112,23828062604840
23827824518112,23828202132868
23827824518112,23828354658149
23827824518112,23828756132930
23828758435266,23828756132930
23828758435266,23828947127401
23828758435266,23829098558554
23828758435266,23829244422728
23828758435266,23829641815933
23829654698360,23829641815933
23829654698360,23829870914385
23829654698360,23830009854902
23829654698360,23830165336291
23829654698360,23830546524198
23830566980876,23830546524198
23830566980876,23830757283213
23830566980876,23830943350910
23830566980876,23831112323141
23830566980876,23831352466590
23831464495278,23831352466590
23831464495278,23831692475644
23831464495278,23831821295807
23831464495278,23832088606133
23831464495278,23832400831137
23832407220336,23832400831137
23832407220336,23832609955823
23832407220336,23832842618313
23832407220336,23833046120071
23832407220336,23833330354783
23833332679350,23833330354783
23833332679350,23833530001476
23833332679350,23833796540173
23833332679350,23833950149992
23833332679350,23834169049727
23834215962518,23834169049727
23834215962518,23834441242536
23834215962518,23834594682364
23834215962518,23834784602842
23834215962518,23835094607466
23835237830234,23835094607466
23835237830234,23835463106946
23835237830234,23835639278810
23835237830234,23835792797359
23835237830234,23836134426827
23836232490772,23836134426827
23836232490772,23836430555928
23836232490772,23836686653293
23836232490772,23836871526763
23836232490772,23837162528299
23837179170440,23837162528299
23837179170440,23837443268349
23837179170440,23837636447942
23837179170440,23837815988600
23837179170440,23838040426119
23838199941682,23838040426119
23838199941682,23838461179088
23838199941682,23838585911175
23838199941682,23838721509175
23838722419408,23838721509175
23838722419408,23838914218412
23838722419408,23839152087249
23838722419408,23839323095583
23838722419408,23839621537881
23839685936507,23839621537881
23839685936507,23839940917801
23839685936507,23840127273477
23839685936507,23840297406967
23839685936507,23840552711481
23840554535515,23840552711481
23840554535515,23840807760645
23840554535515,23841020430655
23840554535515,23841185659411
23840554535515,23841358370406
23841464293894,23841358370406
23841464293894,23841661327893
23841464293894,23841869790001
23841464293894,23842043530915
23841464293894,23842237289922
23841464293894,23842665689046
23842691589875,23842665689046
23842691589875,23842843217697
23842691589875,23843055251591
23842691589875,23843235598728
23842691589875,23843490874848
23843566654167,23843490874848
23843566654167,23843762654482
23843566654167,23843972700452
23843566654167,23844134703941
23844138015275,23844134703941
23844138015275,23844399021385
23844138015275,23844621368947
23844138015275,23844815475532
23844138015275,23844933286070
23844138015275,23845318353554
23845343811796,23845318353554
23845343811796,23845603069649
23845343811796,23845810107281
23845343811796,23846022715684
23845343811796,23846343933862
23846346402135,23846343933862
23846346402135,23846655655297
23846346402135,23846815799740
23846346402135,23846958283338
23846346402135,23847153245270
23847180787021,23847153245270
23847180787021,23847401612345
23847180787021,23847698147931
23847180787021,23847868349635
23847871494274,23847868349635
23847871494274,23848090361715
23847871494274,23848219662119
23847871494274,23848378623112
23847871494274,23848599926684
23847871494274,23849149751404
23849152839848,23849149751404
23849152839848,23849398002167
23849152839848,23849583292962
23849152839848,23849734309031
23849152839848,23849942518700
23849999602112,23849942518700
23849999602112,23850192538021
23849999602112,23850451094043
23849999602112,23850655018739
23849999602112,23850987379288
23850989609706,23850987379288
23850989609706,23851274796895
23850989609706,23851399323935
23850989609706,23851605503708
23850989609706,23851870818110
23851875383049,23851870818110
23851875383049,23852057289479
23851875383049,23852195369033
23851875383049,23852359717580
23851875383049,23852776663307
23852780376392,23852776663307
23852780376392,23852975336852
23852780376392,23853126069505
23852780376392,23853263872415
23852780376392,23853547108336
23853666706240,23853547108336
23853666706240,23854211170307
23853666706240,23854387584042
23854389619331,23854387584042
23854389619331,23854545547675
23854389619331,23854720252091
23854389619331,23854860977680
23854389619331,23855010161082
23854389619331,23855172933551
23854389619331,23855336721991
23855394022527,23855336721991
23855394022527,23855568290976
23855394022527,23855775575360
23855394022527,23855999135541
23855394022527,23856184599860
23856260583975,23856184599860
23856260583975,23856541957526
23856260583975,23856733184888
23856260583975,23856942364520
23856260583975,23857162351151
23857182040502,23857162351151
23857182040502,23857415287667
23857182040502,23857640444363
23857182040502,23857845852265
23857182040502,23858185662599
23858188715529,23858185662599
23858188715529,23858436926468
23858188715529,23858610364915
23858188715529,23858762740253
23858188715529,23859070174576
23859073885202,23859070174576
23859073885202,23859235169629
23859073885202,23859420276678
23859073885202,23859622772770
23859073885202,23859961241262
23859962522447,23859961241262
23859962522447,23860118393170
23859962522447,23860329405112
23859962522447,23860479618775
23859962522447,23860766539653
23860799047241,23860766539653
23860799047241,23861049967339
23860799047241,23861226180234
23860799047241,23861512840816
23861514179099,23861512840816
23861514179099,23861782363924
23861514179099,23861971792372
23861514179099,23862085491121
23861514179099,23862289929498
23861514179099,23862655188078
23862720718214,23862655188078
23862720718214,23862965452347
23862720718214,23863194942063
23862720718214,23863353920977
23862720718214,23863640615504
23863644230558,23863640615504
23863644230558,23863848138460
23863644230558,23864058038161
23863644230558,23864233768092
23863644230558,23864540798870
23864543221742,23864540798870
23864543221742,23864774295301
23864543221742,23864957135086
23864543221742,23865159091418
23864543221742,23865483544278
23865486653713,23865483544278
23865486653713,23865687655113
23865486653713,23865870468618
23865486653713,23866038732454
23865486653713,23866255809689
23866358220352,23866255809689
23866358220352,23866574733165
23866358220352,23866768692460
23866358220352,23866971082444
23866973587892,23866971082444
23866973587892,23867242218314
23866973587892,23867409536155
23866973587892,23867590362045
23866973587892,23867796476110
23866973587892,23868185515973
23868284438363,23868185515973
23868284438363,23868513930459
23868284438363,23868710804040
23868284438363,23868861108775
23868284438363,23869152480631
23869231472036,23869152480631
23869231472036,23869424997991
23869231472036,23869568092046
23869231472036,23869748867656
23869769513683,23869748867656
23869769513683,23869967053786
23869769513683,23870144601165
23869769513683,23870326445363
23869769513683,23870504121305
23869769513683,23870937164508
23869769513683,23871135887482
23870938929943,23871135887482
23870938929943,23871341381173
23870938929943,23871496667129
23870938929943,23871835343172
23871837230899,23871835343172
23871837230899,23872061483548
23871837230899,23872261286133
23871837230899,23872424035087
23871837230899,23872626752397
23872739168618,23872626752397
23872739168618,23872963669247
23872739168618,23873128400311
23872739168618,23873304189626
23872739168618,23873456535368
23873458639413,23873456535368
23873458639413,23873645753048
23873458639413,23873784415243
23873458639413,23874073212242
23873458639413,23874335294077
23874452357352,23874335294077
23874452357352,23874691338995
23874452357352,23874861976060
23874452357352,23875038784860
23875041528579,23875038784860
23875041528579,23875239270274
23875041528579,23875425017680
23875041528579,23875574137886
23875041528579,23875966100771
23875041528579,23876372399261
23876378624281,23876372399261
23876378624281,23876592866820
23876378624281,23876760321115
23876378624281,23876974775354
23876378624281,23877279968787
23877281616830,23877279968787
23877281616830,23877514783172
23877281616830,23877641272202
23877281616830,23877861378550
23877281616830,23878201146679
23878204506356,23878201146679
23878204506356,23878408298159
23878204506356,23878546652729
23878204506356,23878658255021
23878204506356,23879068791626
23879072810561,23879068791626
23879072810561,23879282250073
23879072810561,23879461242351
23879072810561,23879593331023
23879072810561,23879997626564
23880123829026,23879997626564
23880123829026,23880308976565
23880123829026,23880498879619
23880123829026,23880648650877
23880123829026,23880913620975
23881094921941,23880913620975
23881094921941,23881338321586
23881094921941,23881514853558
23881094921941,23881674945709
23881094921941,23881964800005
23881966651788,23881964800005
23881966651788,23882216133118
23881966651788,23882413207267
23881966651788,23882565062980
23882568292905,23882565062980
23882568292905,23882759801976
23882568292905,23882921227722
23882568292905,23883155570350
23882568292905,23883356939674
23882568292905,23883733511891
23883800769370,23883733511891
23883800769370,23883991330456
23883800769370,23884184467219
23883800769370,23884373814156
23883800769370,23884699813119
23884705904080,23884699813119
23884705904080,23884924242930
23884705904080,23885061882753
23884705904080,23885227113225
23884705904080,23885532968658
23885568829897,23885532968658
23885568829897,23885818448949
23885568829897,23885943047276
23885568829897,23886086402079
23885568829897,23886483404489
23886495553156,23886483404489
23886495553156,23886698959591
23886495553156,23886891193793
23886495553156,23887026761930
23886495553156,23887370917889
23887379750380,23887370917889
23887379750380,23887610055991
23887379750380,23887776893237
23887379750380,23887906381618
23887907787539,23887906381618
23887907787539,23888184780056
23887907787539,23888384625988
23887907787539,23888616153444
23887907787539,23888775638640
23887907787539,23889301081754
23889324709135,23889301081754
23889324709135,23889501726758
23889324709135,23889775572528
23889324709135,23889946975563
23889952026327,23889946975563
23889952026327,23890226234927
23889952026327,23890449528192
23889952026327,23890598734614
23889952026327,23890745228033
23889952026327,23891088560643
23891091090356,23891088560643
23891091090356,23891315310025
23891091090356,23891525826121
23891091090356,23891709173293
23891091090356,23891896396892
23891091090356,23892055400843
23892057373120,23892055400843
23892057373120,23892249615840
23892057373120,23892423274949
23892488920224,23892423274949
23892488920224,23892738535586
23892488920224,23892920526104
23892488920224,23893061807853
23892488920224,23893404056318
23893406123938,23893404056318
23893406123938,23893669079285
23893406123938,23893858766925
23893406123938,23894028049443
23893406123938,23894323621931
23893406123938,23894648736150
23894765133079,23894648736150
23894765133079,23894948448487
23894765133079,23895128404415
23894765133079,23895370103428
23894765133079,23895657359687
23895679442410,23895657359687
23895679442410,23895886602036
23895679442410,23896045383043
23895679442410,23896225917126
23895679442410,23896709676151
23896711927555,23896709676151
23896711927555,23896923288838
23896711927555,23897077625766
23896711927555,23897255914027
23896711927555,23897555793137
23897562789022,23897555793137
23897562789022,23897729866962
23897562789022,23897924351917
23897562789022,23898090794825
23898094172381,23898090794825
23898094172381,23898293072814
23898094172381,23898570386032
23898094172381,23898728080474
23898094172381,23898947090642
23899074958539,23898947090642
23899074958539,23899345112976
23899074958539,23899510249994
23899074958539,23899653629109
23899074958539,23899967115990
23899074958539,23900346553195
23900438119830,23900346553195
23900438119830,23900669200621
23900438119830,23900867646637
23900438119830,23901012957238
23901013960289,23901012957238
23901013960289,23901205172271
23901013960289,23901369304287
23901013960289,23901581001358
23901013960289,23901762987340
23901013960289,23902097518755
23901937977423,23902097518755
23901937977423,23902313075938
23901937977423,23902524895255
23901937977423,23902771965787
23901937977423,23903285631882
23903610793339,23903285631882
23903610793339,23903791532099
23903610793339,23903977466025
23903610793339,23904128785564
23903610793339,23904515395136
23904563902447,23904515395136
23904563902447,23904830741134
23904563902447,23905059326674
23904563902447,23905223542647
23904563902447,23905406073048
23905572531985,23905406073048
23905572531985,23905777177133
23905572531985,23905903355202
23905572531985,23906142902561
23905572531985,23906355240816
23906390859609,23906355240816
23906390859609,23906659675675
23906390859609,23906906050972
23906390859609,23907073284753
23906390859609,23907248872057
23907310574866,23907248872057
23907310574866,23907579805538
23907310574866,23907752580861
23907310574866,23907891198872
23907310574866,23908222765977
23908246622176,23908222765977
23908246622176,23908489817385
23908246622176,23908613482395
23908246622176,23908727530218
23908246622176,23909189463745
23909191454340,23909189463745
23909191454340,23909439500328
23909191454340,23909674378791
23909191454340,23909870439602
23909191454340,23910029370823
23910031404344,23910029370823
23910031404344,23910307906874
23910031404344,23910469876441
23910031404344,23910617454188
23910031404344,23910848246303
23910926025590,23910848246303
23910926025590,23911171449357
23910926025590,23911338953697
23910926025590,23911492132764
23910926025590,23911964862275
23911967599582,23911964862275
23911967599582,23912202252972
23911967599582,23912406153107
23911967599582,23912612885869
23911967599582,23912758691349
23912849765511,23912758691349
23912849765511,23913153783145
23912849765511,23913316336501
23912849765511,23913448592994
23912849765511,23913833510429
23913896264143,23913833510429
23913896264143,23914142327798
23913896264143,23914379975571
23913896264143,23914609909546
23913896264143,23914804640886
23914850681184,23914804640886
23914850681184,23915118159034
23914850681184,23915304953363
23914850681184,23915520818880
23914850681184,23915690298287
23915763710819,23915690298287
23915763710819,23916078052867
23915763710819,23916274771430
23915763710819,23916417080595
23916419893541,23916417080595
23916419893541,23916615002083
23916419893541,23916762274888
23916419893541,23916935387017
23916419893541,23917288472147
23916419893541,23917687101445
23917740241272,23917687101445
23917740241272,23917950309169
23917740241272,23918239057812
23917740241272,23918379550035
23918381943995,23918379550035
23918381943995,23918599947591
23918381943995,23918743211080
23918381943995,23918964420738
23918381943995,23919150241811
23918381943995,23919639719169
23919641573121,23919639719169
23919641573121,23919871507104
23919641573121,23920113484124
23919641573121,23920236424083
23919641573121,23920640837785
23920641854278,23920640837785
23920641854278,23920875680763
23920641854278,23921030600313
23920641854278,23921322549315
23920641854278,23921630745105
23921667947517,23921630745105
23921667947517,23921876315376
23921667947517,23922054342514
23921667947517,23922303134886
23921667947517,23922583689138
23922642594682,23922583689138
23922642594682,23922843897972
23922642594682,23923067537568
23922642594682,23923213232753
23922642594682,23923535559828
23923608587792,23923535559828
23923608587792,23923790758535
23923608587792,23924039391029
23923608587792,23924243063013
23924245862882,23924243063013
23924245862882,23924486133095
23924245862882,23924622701047
23924245862882,23924759714262
23924245862882,23924994168697
23924245862882,23925369317685
23925430693153,23925369317685
23925430693153,23925664200502
23925430693153,23925844064086
23925430693153,23926052503227
23925430693153,23926282264792
23926301687348,23926282264792
23926301687348,23926523027372
23926301687348,23926726216802
23926301687348,23926909306390
23926301687348,23927178131486
23927185857402,23927178131486
23927185857402,23927390717892
23927185857402,23927554445324
23927185857402,23927714545825
23927716378645,23927714545825
23927716378645,23927937020135
23927716378645,23928100791079
23927716378645,23928264398731
23927716378645,23928686305138
23927716378645,23929047503087
23929186922526,23929047503087
23929186922526,23929411369957
23929186922526,23929574834355
23929186922526,23929750810354
23929186922526,23930172594250
23930192450253,23930172594250
23930192450253,23930394610402
23930192450253,23930563023740
23930192450253,23930735115516
23930192450253,23931227431811
23931229404427,23931227431811
23931229404427,23931471841190
23931229404427,23931653185247
23931229404427,23931770812141
23931229404427,23932133162538
23932175460907,23932133162538
23932175460907,23932455886060
23932175460907,23932604202699
23932175460907,23932813268750
23932175460907,23933079192591
23933089937194,23933079192591
23933089937194,23933343816622
23933089937194,23933494774717
23933089937194,23933710196509
23933089937194,23933917950691
23933965400759,23933917950691
23933965400759,23934105481063
23933965400759,23934441207000
23933965400759,23934603384308
23933965400759,23934883969764
23935019269371,23934883969764
23935019269371,23935206477372
23935019269371,23935380623919
23935019269371,23935552728786
23935019269371,23935815307852
23935817601227,23935815307852
23935817601227,23936067815875
23935817601227,23936235613467
23935817601227,23936371257728
23936375912808,23936371257728
23936375912808,23936576132174
23936375912808,23936699260414
23936375912808,23936887930731
23936375912808,23937095628137
23936375912808,23937560747127
23937562326038,23937560747127
23937562326038,23937765138738
23937562326038,23938007701130
23937562326038,23938237850383
23937562326038,23938408698225
23938531389552,23938408698225
23938531389552,23938800298871
23938531389552,23939046053599
23938531389552,23939173585773
23938531389552,23939441329744
23939529293052,23939441329744
23939529293052,23939853948383
23939529293052,23940016975204
23939529293052,23940159210400
23939529293052,23940426293365
23940521891792,23940426293365
23940521891792,23940730239281
23940521891792,23940954058961
23940521891792,23941166703103
23941168537701,23941166703103
23941168537701,23941410428624
23941168537701,23941573931741
23941168537701,23941700625302
23941168537701,23941864892740
23941866649265,23941864892740
23941866649265,23942082194729
23941866649265,23942278420047
23941866649265,23942455781944
23941866649265,23942782391258
23942784662067,23942782391258
23942784662067,23943071449351
23942784662067,23943318344849
23942784662067,23943554702818
23942784662067,23943803168360
23942784662067,23943956623381
23943998597215,23943956623381
23943998597215,23944227423684
23943998597215,23944472658689
23943998597215,23944636153777
23943998597215,23944820970040
23943998597215,23944976667383
23944978322904,23944976667383
23944978322904,23945103380017
23944978322904,23945248183593
23945323985268,23945248183593
23945323985268,23945570521197
23945323985268,23945710024650
23945323985268,23945788993418
23945323985268,23946473330192
23945323985268,23946995323296
23947024179725,23946995323296
23947024179725,23947327380887
23947024179725,23947496265567
23947024179725,23947623214443
23947024179725,23947998383857
23948001734132,23947998383857
23948001734132,23948253497966
23948001734132,23948380299679
23948423243371,23948380299679
23948423243371,23948575346109
23948423243371,23948765056878
23948423243371,23948892612560
23948423243371,23949092097805
23948423243371,23949321303952
23948423243371,23949682729692
23949783652130,23949682729692
23949783652130,23949969151924
23949783652130,23950160947358
23949783652130,23950335131424
23949783652130,23950600354344
23950709916899,23950600354344
23950709916899,23950949181142
23950709916899,23951148753678
23950709916899,23951335837388
23951338794930,23951335837388
23951338794930,23951597023522
23951338794930,23951737851259
23951338794930,23951911949480
23951338794930,23952051662274
23951338794930,23952422916746
23952476879445,23952422916746
23952476879445,23952681214569
23952476879445,23952828509054
23952476879445,23953012549636
23952476879445,23953446325416
23953448398753,23953446325416
23953448398753,23953604561738
23953448398753,23953821696585
23953448398753,23953999558381
23953448398753,23954184094482
23954002336597,23954184094482
23954002336597,23954357227384
23954002336597,23954522399007
23954002336597,23954702111143
23954002336597,23955140112858
23955177242289,23955140112858
23955177242289,23955425174656
23955177242289,23955690453062
23955177242289,23955873791174
23955177242289,23956132928569
23956165873503,23956132928569
23956165873503,23956412358123
23956165873503,23956567747039
23956165873503,23956796388434
23956798683482,23956796388434
23956798683482,23956975038237
23956798683482,23957136053913
23956798683482,23957309787547
23956798683482,23957531346039
23956798683482,23957964330677
23957996829167,23957964330677
23957996829167,23958152183390
23957996829167,23958366399308
23957996829167,23958577986832
23958581648111,23958577986832
23958581648111,23958822487461
23958581648111,23958998052211
23958581648111,23959140159746
23958581648111,23959401081292
23958581648111,23959776323139
23959858341989,23959776323139
23959858341989,23960116877640
23959858341989,23960280924596
23959858341989,23960439622787
23959858341989,23960706378612
23960759863263,23960706378612
23960759863263,23961058845175
23960759863263,23961278925255
23960759863263,23961434638381
23960759863263,23961595266361
23961673177210,23961595266361
23961673177210,23962044362985
23961673177210,23962191826207
23961673177210,23962345125023
23961673177210,23962854998397
23962857816372,23962854998397
23962857816372,23963039310059
23962857816372,23963214557540
23962857816372,23963452619490
23962857816372,23963764598580
23963796468257,23963764598580
23963796468257,23964042220817
23963796468257,23964285523181
23963796468257,23964467370111
23963796468257,23964725995585
23964728150004,23964725995585
23964728150004,23964945302275
23964728150004,23965140461015
23964728150004,23965307431887
23964728150004,23965823866021
23965826987814,23965823866021
23965826987814,23966088814567
23965826987814,23966259700188
23965826987814,23966388355775
23965826987814,23966575030734
23966576972227,23966575030734
23966576972227,23966812797895
23966576972227,23966949568873
23966576972227,23967173407755
23967175985069,23967173407755
23967175985069,23967382956923
23967175985069,23967513148570
23967175985069,23967665764972
23967175985069,23967883401854
23967175985069,23968385131066
23968475659953,23968385131066
23968475659953,23968689473653
23968475659953,23968978277947
23968475659953,23969158044007
23969161102714,23969158044007
23969161102714,23969367277305
23969161102714,23969523886259
23969161102714,23969681572006
23969161102714,23969974229268
23969161102714,23970409852456
23970418371978,23970409852456
23970418371978,23970672169012
23970418371978,23970824951061
23970418371978,23970970804724
23970974918191,23970970804724
23970974918191,23971228275174
23970974918191,23971423349577
23970974918191,23971592015392
23970974918191,23971831197237
23970974918191,23972223383702
23972254728349,23972223383702
23972254728349,23972531112685
23972254728349,23972717893127
23972254728349,23973163012276
23972254728349,23973319166233
23973470460596,23973319166233
23973470460596,23973727285305
23973470460596,23973913966987
23973470460596,23974050895090
23973470460596,23974432368051
23974481852849,23974432368051
23974481852849,23974759208354
23974481852849,23974965887423
23974481852849,23975130616969
23974481852849,23975536817192
23975540385577,23975536817192
23975540385577,23975792241282
23975540385577,23975961256552
23975540385577,23976114668996
23975540385577,23976523229548
23976525576086,23976523229548
23976525576086,23976784163206
23976525576086,23976962091156
23976525576086,23977134877066
23976525576086,23977395737764
23977413809224,23977395737764
23977413809224,23977653996358
23977413809224,23977842553677
23977413809224,23978044316910
23977413809224,23978332122055
23978445917377,23978332122055
23978445917377,23978702424623
23978445917377,23978840490462
23978445917377,23979023181271
23978445917377,23979334449878
23979337221156,23979334449878
23979337221156,23979568243228
23979337221156,23979735001609
23979337221156,23979880986483
23979337221156,23980144653713
23980147511324,23980144653713
23980147511324,23980361319980
23980147511324,23980550200019
23980147511324,23980721347207
23980147511324,23980976463521
23981033255891,23980976463521
23981033255891,23981284929172
23981033255891,23981461545477
23981033255891,23981605507169
23981033255891,23981795921524
23981607752249,23981795921524
23981607752249,23982010995953
23981607752249,23982221892859
23981607752249,23982420680927
23981607752249,23982883028563
23982910357535,23982883028563
23982910357535,23983122243583
23982910357535,23983284259693
23982910357535,23983444072907
23982910357535,23983798240865
23983865907898,23983798240865
23983865907898,23984135926135
23983865907898,23984293035903
23983865907898,23984538310699
23984540736442,23984538310699
23984540736442,23984794446058
23984540736442,23984923178404
23984540736442,23985092345908
23984540736442,23985359634797
23985385443833,23985359634797
23985385443833,23985569466722
23985385443833,23985711389249
23985385443833,23985880612440
23985385443833,23986191940048
23985385443833,23986702782197
23986722117564,23986702782197
23986722117564,23986929461242
23986722117564,23987134280421
23986722117564,23987612370312
23987614456904,23987612370312
23987614456904,23987897478290
23987614456904,23988071144403
23987614456904,23988258417128
23987614456904,23988406431078
23987614456904,23988843842450
23988846092117,23988843842450
23988846092117,23989136360349
23988846092117,23989268847951
23988846092117,23989445967723
23988846092117,23989661682198
23989702613801,23989661682198
23989702613801,23989919629576
23989702613801,23990076902018
23989702613801,23990183972520
23989702613801,23990942344926
23990945118718,23990942344926
23990945118718,23991194024468
23990945118718,23991347306421
23990945118718,23991494035110
23991503267807,23991494035110
23991503267807,23991739941949
23991503267807,23991906955227
23991503267807,23992061219762
23991503267807,23992282951051
23991503267807,23992725746892
23992738915269,23992725746892
23992738915269,23993011618753
23992738915269,23993186547198
23992738915269,23993305385113
23992738915269,23993647117407
23993650343343,23993647117407
23993650343343,23993908470461
23993650343343,23994034172708
23993650343343,23994163814993
23993650343343,23994498291556
23994595625419,23994498291556
23994595625419,23994825348973
23994595625419,23994970266432
23994595625419,23995109989540
23995112675495,23995109989540
23995112675495,23995285411829
23995112675495,23995425729484
23995112675495,23995620486867
23995112675495,23995837661701
23995112675495,23996373815865
23996428441529,23996373815865
23996428441529,23996643272015
23996428441529,23996806985353
23996428441529,23997044250444
23996428441529,23997322891871
23997380693581,23997322891871
23997380693581,23997649322855
23997380693581,23997778211041
23997380693581,23997896362833
23997897889862,23997896362833
23997897889862,23998100243258
23997897889862,23998235022928
23997897889862,23998395883761
23997897889862,23998788298316
23997897889862,23999328878350
23999330915317,23999328878350
23999330915317,23999529191850
23999330915317,23999731194100
23999330915317,23999909932470
23999912054771,23999909932470
23999912054771,24000106600617
23999912054771,24000273193995
23999912054771,24000439986833
23999912054771,24000651365969
23999912054771,24001025131476
24001114901240,24001025131476
24001114901240,24001370453695
24001114901240,24001624757770
24001114901240,24001804748754
24001114901240,24001934611760
24001998771611,24001934611760
24001998771611,24002263640531
24001998771611,24002443222627
24001998771611,24002604125233
24001998771611,24002928296779
24002933810679,24002928296779
24002933810679,24003175376613
24002933810679,24003343225386
24002933810679,24003482254772
24002933810679,24003631825524
24003484709410,24003631825524
24003484709410,24003748937952
24003484709410,24003918174511
24003484709410,24004431593150
24003484709410,24005043783514
24005046891301,24005043783514
24005046891301,24005253675079
24005046891301,24005448082302
24005046891301,24005630256155
24005046891301,24005850159462
24005852049988,24005850159462
24005852049988,24006143308587
24005852049988,24006378123020
24005852049988,24006574954163
24005852049988,24006785753675
24006788552742,24006785753675
24006788552742,24007019728033
24006788552742,24007218497423
24006788552742,24007392284131
24006788552742,24007826908350
24007829735737,24007826908350
24007829735737,24008068688558
24007829735737,24008200979132
24007829735737,24008410094483
24007829735737,24008677040944
24008735566385,24008677040944
24008735566385,24008987125899
24008735566385,24009132101088
24008735566385,24009292383394
24008735566385,24009586771674
24009694211046,24009586771674
24009694211046,24009965545189
24009694211046,24010174429740
24009694211046,24010347448272
24010356636136,24010347448272
24010356636136,24010580323160
24010356636136,24010779151303
24010356636136,24010932981184
24010356636136,24011099376243
24010356636136,24011452683958
24011457040748,24011452683958
24011457040748,24011654376506
24011457040748,24011875743275
24011457040748,24012070632789
24011457040748,24012379550340
24012381410966,24012379550340
24012381410966,24012627185918
24012381410966,24012876669650
24012381410966,24013062242731
24013063537311,24013062242731
24013063537311,24013245653678
24013063537311,24013427335773
24013063537311,24013563576028
24013063537311,24013763091511
24013063537311,24014242435429
24014257985081,24014242435429
24014257985081,24014458740788
24014257985081,24014676434205
24014257985081,24014827604311
24014257985081,24015164167010
24015167928099,24015164167010
24015167928099,24015431222907
24015167928099,24015714236956
24015167928099,24015917437249
24015167928099,24016037249299
24016173672773,24016037249299
24016173672773,24016421181918
24016173672773,24016559244080
24016173672773,24016782396916
24016783881724,24016782396916
24016783881724,24017052363002
24016783881724,24017224760605
24016783881724,24017389145868
24016783881724,24017591623241
24016783881724,24018010560500
24018073042139,24018010560500
24018073042139,24018276230675
24018073042139,24018492338514
24018073042139,24018716288275
24018718521090,24018716288275
24018718521090,24019007811023
24018718521090,24019167734123
24018718521090,24019330055334
24018718521090,24019448172548
24018718521090,24019769590889
24019813789992,24019769590889
24019813789992,24020049978912
24019813789992,24020353420191
24019813789992,24020513707743
24019813789992,24020694685564
24020804491504,24020694685564
24020804491504,24021057965810
24020804491504,24021330782561
24020804491504,24021484273006
24020804491504,24021724023595
24021784123718,24021724023595
24021784123718,24022057070373
24021784123718,24022245665878
24021784123718,24022417476833
24021784123718,24022621664774
24022699492018,24022621664774
24022699492018,24022932629958
24022699492018,24023164796272
24022699492018,24023305504594
24023308813284,24023305504594
24023308813284,24023528119277
24023308813284,24023657308747
24023308813284,24023869409907
24023308813284,24023997800084
24023308813284,24024565497689
24024567352175,24024565497689
24024567352175,24024795335376
24024567352175,24024932291295
24024567352175,24025084036277
24024567352175,24025525241334
24025530352788,24025525241334
24025530352788,24025738855654
24025530352788,24025883295217
24025530352788,24026059707099
24026062283836,24026059707099
24026062283836,24026292338246
24026062283836,24026456928848
24026062283836,24026601048487
24026062283836,24026800959489
24026062283836,24027273843201
24027276469293,24027273843201
24027276469293,24027465498414
24027276469293,24027665906596
24027276469293,24027835829088
24027276469293,24028148842118
24028223988455,24028148842118
24028223988455,24028482733988
24028223988455,24028653366273
24028223988455,24028784674892
24028223988455,24029155726263
24029616565313,24029155726263
24029616565313,24029862534696
24029616565313,24029985815527
24029616565313,24030122729308
24030126889025,24030122729308
24030126889025,24030360628869
24030126889025,24030559256963
24030126889025,24030698296100
24030126889025,24030913940391
24030126889025,24031396283363
24031453428042,24031396283363
24031453428042,24031777280575
24031453428042,24031931620126
24031453428042,24032064342163
24032066607042,24032064342163
24032066607042,24032278013958
24032066607042,24032420183099
24032066607042,24032541233139
24032066607042,24032860024918
24032911166963,24032860024918
24032911166963,24033165456359
24032911166963,24033384336696
24032911166963,24033538229471
24032911166963,24033712276357
24032911166963,24034117679320
24034202450501,24034117679320
24034202450501,24034440072289
24034202450501,24034670185618
24034202450501,24034862368204
24034202450501,24035038313921
24035098277282,24035038313921
24035098277282,24035370861264
24035098277282,24035507603739
24035098277282,24035668247463
24035098277282,24035949098246
24035962651346,24035949098246
24035962651346,24036126295833
24035962651346,24036388505511
24035962651346,24036569519776
24035962651346,24036757282856
24036876676614,24036757282856
24036876676614,24037114668565
24036876676614,24037251136639
24036876676614,24037479312116
24036876676614,24037634339944
24037694241047,24037634339944
24037694241047,24037958699378
24037694241047,24038125599351
24037694241047,24038314472294
24037694241047,24038522180657
24038526390740,24038522180657
24038526390740,24038731184686
24038526390740,24038949442933
24038526390740,24039150014001
24038526390740,24039384349590
24039581932743,24039384349590
24039581932743,24039717324343
24039581932743,24039899354699
24039581932743,24040081836369
24039581932743,24040276708978
24040393078451,24040276708978
24040393078451,24040645201832
24040393078451,24040763718514
24040393078451,24040883846268
24040887049376,24040883846268
24040887049376,24041094952842
24040887049376,24041354328752
24040887049376,24041492637863
24040887049376,24041787898434
24040887049376,24042306268086
24042311867139,24042306268086
24042311867139,24042568050381
24042311867139,24042727345151
24042311867139,24042894592346
24042896758778,24042894592346
24042896758778,24043036925816
24042896758778,24043210426514
24042896758778,24043432341806
24042896758778,24043604454397
24042896758778,24044082836817
24044085216897,24044082836817
24044085216897,24044296131326
24044085216897,24044503856107
24044085216897,24044699973672
24044085216897,24045162961042
24045173798779,24045162961042
24045173798779,24045388495233
24045173798779,24045518196649
24045173798779,24045711184836
24045173798779,24046132018949
24046133254104,24046132018949
24046133254104,24046390745483
24046133254104,24046513035013
24046133254104,24046675865592
24046133254104,24046988215828
24047073205474,24046988215828
24047073205474,24047317771007
24047073205474,24047499557369
24047073205474,24047726906362
24047728909203,24047726906362
24047728909203,24047895205861
24047728909203,24048082098153
24047728909203,24048219452124
24047728909203,24048550326577
24047728909203,24048904706554
24048916156646,24048904706554
24048916156646,24049094166808
24048916156646,24049333131550
24048916156646,24049487138587
24048916156646,24049806681837
24049808285324,24049806681837
24049808285324,24050358126744
24049808285324,24050518240273
24049808285324,24050627998405
24049808285324,24050931285196
24051000100403,24050931285196
24051000100403,24051228863220
24051000100403,24051392370807
24051000100403,24051566780842
24051000100403,24051879126612
24051911282375,24051879126612
24051911282375,24052143127533
24051911282375,24052302157436
24051911282375,24052489519849
24051911282375,24052791415977
24052899748633,24052791415977
24052899748633,24053194073552
24052899748633,24053415458678
24052899748633,24053651431417
24052899748633,24053889431369
24053891087768,24053889431369
24053891087768,24054202269098
24053891087768,24054322910567
24053891087768,24054514358022
24053891087768,24054773479720
24054887946402,24054773479720
24054887946402,24055151734495
24054887946402,24055379122897
24054887946402,24055530039065
24054887946402,24055790317785
24055803262363,24055790317785
24055803262363,24056040133825
24055803262363,24056244147552
24055803262363,24056404105798
24055803262363,24056720600207
24056753669621,24056720600207
24056753669621,24056932012444
24056753669621,24057127521487
24057139982812,24057127521487
24057139982812,24057349829605
24057139982812,24057499805023
24057139982812,24057643032112
24057139982812,24057823248269
24057139982812,24058035451458
24057139982812,24058529907045
24058547507462,24058529907045
24058547507462,24058753089016
24058547507462,24058889219061
24058547507462,24059141176953
24059146435767,24059141176953
24059146435767,24059378129540
24059146435767,24059542593795
24059146435767,24059683959723
24059146435767,24059840216329
24059146435767,24060277899479
24060324001185,24060277899479
24060324001185,24060556960520
24060324001185,24060712148700
24060324001185,24060907372736
24060324001185,24061243800226
24061380019892,24061243800226
24061380019892,24061559221600
24061380019892,24061780386071
24061380019892,24061954631356
24061380019892,24062457329741
24062459405273,24062457329741
24062459405273,24062671176897
24062459405273,24062798235529
24062459405273,24062996402418
24062999036686,24062996402418
24062999036686,24063202311742
24062999036686,24063361779912
24062999036686,24063550412205
24062999036686,24063823324388
24062999036686,24064181744289
24064262303985,24064181744289
24064262303985,24064472180714
24064262303985,24064627270568
24064262303985,24064848013671
24064262303985,24065142618479
24065191407283,24065142618479
24065191407283,24065386799881
24065191407283,24065514665485
24065191407283,24065748694069
24065750533153,24065748694069
24065750533153,24066020359886
24065750533153,24066207615784
24065750533153,24066368144104
24065750533153,24066536544967
24066551053810,24066536544967
24066551053810,24066837647691
24066551053810,24066986970369
24066551053810,24067119645131
24066551053810,24067471463339
24066551053810,24067673113564
24066551053810,24067762972780
24067478786533,24067762972780
24067478786533,24067901745076
24067478786533,24068545811655
24067478786533,24069007958635
24069149158120,24069007958635
24069149158120,24069348895046
24069149158120,24069564783140
24069149158120,24069717235040
24069149158120,24069981452989
24070159242743,24069981452989
24070159242743,24070375112181
24070159242743,24070539045319
24070540798263,24070539045319
24070540798263,24070752162302
24070540798263,24070864760219
24070540798263,24071010237135
24070540798263,24071193869292
24070540798263,24071469956444
24070540798263,24071986233732
24071996758304,24071986233732
24071996758304,24072217132755
24071996758304,24072362440142
24071996758304,24072610360228
24072611799426,24072610360228
24072611799426,24072743067643
24072611799426,24072920826613
24072611799426,24073111757376
24072611799426,24073342307462
24072611799426,24073785375667
24073891366619,24073785375667
24073891366619,24074117075182
24073891366619,24074327302443
24073891366619,24074435572995
24073891366619,24074788882228
24074856662629,24074788882228
24074856662629,24075033730234
24074856662629,24075285581109
24074856662629,24075478452199
24074856662629,24075910462859
24075912834471,24075910462859
24075912834471,24076097129177
24075912834471,24076267576477
24075912834471,24076442018626
24076444475455,24076442018626
24076444475455,24076633050514
24076444475455,24076782655702
24076444475455,24076932449677
24076444475455,24077094988861
24076444475455,24077589645300
24077714958348,24077589645300
24077714958348,24077999021329
24077714958348,24078201512486
24077714958348,24078446390397
24078448884301,24078446390397
24078448884301,24078633291617
24078448884301,24078799329232
24078448884301,24078998206231
24078448884301,24079158183194
24078448884301,24079633660946
24078448884301,24079851382900
24079692564937,24079851382900
24079692564937,24080123405514
24079692564937,24080276564959
24080279900365,24080276564959
24080279900365,24080453376645
24080279900365,24080629464373
24080279900365,24080783262143
24080279900365,24081053940781
24080279900365,24081580850535
24081583625614,24081580850535
24081583625614,24081771340300
24081583625614,24081957581118
24081583625614,24082192380662
24082194749330,24082192380662
24082194749330,24082345383012
24082194749330,24082497356453
24082194749330,24082674037334
24082194749330,24082820388124
24082194749330,24083387057613
24083427761141,24083387057613
24083427761141,24083683920409
24083427761141,24083815638252
24083427761141,24084047048686
24084049336208,24084047048686
24084049336208,24084212352226
24084049336208,24084355549157
24084049336208,24084544214585
24084049336208,24084811396124
24084049336208,24085363257448
24085365103003,24085363257448
24085365103003,24085570846576
24085365103003,24085725989430
24085365103003,24085905207313
24085908587208,24085905207313
24085908587208,24086113166363
24085908587208,24086430306107
24085908587208,24086600958990
24085908587208,24086765586383
24085908587208,24087239196740
24087241802173,24087239196740
24087241802173,24087474204186
24087241802173,24087753216585
24087241802173,24087952494047
24087241802173,24088065654685
24088073505026,24088065654685
24088073505026,24088294548743
24088073505026,24088451393414
24088073505026,24088658406449
24088073505026,24089057727240
24089088703613,24089057727240
24089088703613,24089341206235
24089088703613,24089580502324
24089088703613,24089765557266
24089088703613,24089938169123
24089953322827,24089938169123
24089953322827,24090180790218
24089953322827,24090327226935
24089953322827,24090591843717
24089953322827,24090838479503
24090851910020,24090838479503
24090851910020,24091102856224
24090851910020,24091313272062
24090851910020,24091477134038
24090851910020,24091736344139
24091738136540,24091736344139
24091738136540,24091961690775
24091738136540,24092120212416
24091738136540,24092328390660
24091738136540,24092609948728
24092639097209,24092609948728
24092639097209,24092817519269
24092639097209,24093179493877
24092639097209,24093370743414
24093374173533,24093370743414
24093374173533,24093559035926
24093374173533,24093709411328
24093374173533,24093894272846
24093374173533,24094034261957
24093374173533,24094370098443
24094372684670,24094370098443
24094372684670,24094513442626
24094372684670,24094704105855
24094372684670,24094832765041
24094372684670,24095063359730
24095066524304,24095063359730
24095066524304,24095247847849
24095066524304,24095413093849
24095066524304,24095536559596
24095066524304,24095693897074
24095066524304,24095830227984
