24133056393421,24133619217832
24133056393421,24133910012730
24133056393421,24134178339087
24133056393421,24134388942943
24133056393421,24134674052577
24134675962574,24134674052577
24134675962574,24134946455381
24134675962574,24135110448922
24135296160667,24135110448922
24135296160667,24135593907699
24135296160667,24135782364787
24135296160667,24135986237781
24135296160667,24136573637939
24136673456682,24136573637939
24136673456682,24136877547528
24136673456682,24137044232028
24136673456682,24137229930118
24136673456682,24137466091215
24137467775741,24137466091215
24137467775741,24137785266285
24137467775741,24138019275711
24137467775741,24138174319245
24137467775741,24138329426661
24138333023891,24138329426661
24138333023891,24138602222240
24138333023891,24138847937450
24138333023891,24139106881725
24138333023891,24139257458368
24139263792569,24139257458368
24139263792569,24139445857767
24139263792569,24139641940348
24139263792569,24139808757874
24139812395304,24139808757874
24139812395304,24140037344092
24139812395304,24140269556374
24139812395304,24140418327246
24139812395304,24140582263543
24139812395304,24141079448425
24141134181204,24141079448425
24141134181204,24141369419841
24141134181204,24141601655963
24141134181204,24141768085768
24141134181204,24142081128219
24142133580122,24142081128219
24142133580122,24142344572116
24142133580122,24142551675001
24142133580122,24142837523825
24142133580122,24143037351041
24143056864765,24143037351041
24143056864765,24143261325569
24143056864765,24143532617648
24143056864765,24143737093790
24143056864765,24143938057929
24143988096831,24143938057929
24143988096831,24144276946770
24143988096831,24144530023321
24143988096831,24144742361163
24143988096831,24144936994008
24145037947783,24144936994008
24145037947783,24145255422842
24145037947783,24145463278375
24145037947783,24145643985444
24145648604640,24145643985444
24145648604640,24145852495712
24145648604640,24146022832894
24145648604640,24146339558543
24145648604640,24146579741693
24145648604640,24146717676931
24146839075164,24146717676931
24146839075164,24147008805304
24146839075164,24147236326060
24146839075164,24147368860355
24146839075164,24147759063779
24147845860241,24147759063779
24147845860241,24148111633766
24147845860241,24148334291116
24147845860241,24148501055548
24148504035741,24148501055548
24148504035741,24148716185138
24148504035741,24148840222952
24148504035741,24149069322016
24148504035741,24149337166093
24148504035741,24149817481858
24149820662023,24149817481858
24149820662023,24150066243407
24149820662023,24150249350819
24149820662023,24150719070497
24149820662023,24151056773124
24151082592606,24151056773124
24151082592606,24151339750171
24151082592606,24151562553087
24151082592606,24151739190739
24151754992021,24151739190739
24151754992021,24151939665777
24151754992021,24152078169604
24151754992021,24152257237078
24151754992021,24152450948534
24151754992021,24152828953608
24152892948877,24152828953608
24152892948877,24153284305471
24152892948877,24153443239962
24152892948877,24153591390559
24152892948877,24153783954807
24153935844784,24153783954807
24153935844784,24154175586236
24153935844784,24154393172193
24153935844784,24154564264289
24153935844784,24154970626900
24155078995107,24154970626900
24155078995107,24155289261003
24155078995107,24155457111534
24155519446325,24155457111534
24155519446325,24155832643898
24155519446325,24155998334876
24155519446325,24156141704373
24155519446325,24156309788233
24155519446325,24156477266704
24156481247459,24156477266704
24156481247459,24156674411774
24156481247459,24156832407960
24156481247459,24157016599664
24156481247459,24157166107887
24156481247459,24157697683826
24157699593291,24157697683826
24157699593291,24157907702420
24157699593291,24158108362145
24157699593291,24158267683458
24157699593291,24158676627643
24158686266025,24158676627643
24158686266025,24158942459047
24158686266025,24159131897276
24158686266025,24159305330379
24159308235203,24159305330379
24159308235203,24159592048415
24159308235203,24159822187685
24159308235203,24159995228801
24159308235203,24160162670459
24159308235203,24160537137902
24160556276890,24160537137902
24160556276890,24160790492200
24160556276890,24160954376908
24160556276890,24161165217989
24160556276890,24161441210370
24161522841667,24161441210370
24161522841667,24161801335831
24161522841667,24161939854125
24161522841667,24162105778101
24161522841667,24162482113613
24162538455425,24162482113613
24162538455425,24162768370723
24162538455425,24162965758110
24162538455425,24163164979790
24162538455425,24163359354007
24163478037860,24163359354007
24163478037860,24163658982999
24163478037860,24163857639187
24163478037860,24164092804899
24164107257663,24164092804899
24164107257663,24164299290620
24164107257663,24164446880624
24164107257663,24164627409930
24164107257663,24164847919647
24164849664652,24164847919647
24164849664652,24165059125104
24164849664652,24165246426651
24164849664652,24165398958029
24164849664652,24165815383701
24164849664652,24166577470582
24166580962940,24166577470582
24166580962940,24166779503858
24166580962940,24166985064658
24166580962940,24167200112907
24167203136364,24167200112907
24167203136364,24167396404779
24167203136364,24167510244922
24167203136364,24167719386392
24167203136364,24167979951953
24167203136364,24168435246521
24168438178296,24168435246521
24168438178296,24168655200690
24168438178296,24168835928754
24168438178296,24169017637911
24168438178296,24169465319816
24169469132412,24169465319816
24169469132412,24169702283850
24169469132412,24169943796810
24169469132412,24170127401459
24169469132412,24170320710808
24170393354676,24170320710808
24170393354676,24170637182515
24170393354676,24170797659875
24170393354676,24171021303708
24171023393953,24171021303708
24171023393953,24171214917054
24171023393953,24171377501326
24171023393953,24171536327426
24171023393953,24171843071471
24171844427804,24171843071471
24171844427804,24172058827313
24171844427804,24172277030214
24171844427804,24172480883302
24171844427804,24172771356000
24171844427804,24173193406470
24173196785333,24173193406470
24173196785333,24173412595611
24173196785333,24173582521411
24173196785333,24173821569601
24173196785333,24174105255604
24174109653710,24174105255604
24174109653710,24174320529352
24174109653710,24174514496089
24174109653710,24174710683527
24174109653710,24174905175100
24174713367781,24174905175100
24174713367781,24175085224956
24174713367781,24175273360539
24174713367781,24175566650598
24174713367781,24175901284590
24175947067437,24175901284590
24175947067437,24176242476502
24175947067437,24176409982968
24175947067437,24176583817752
24175947067437,24176832156508
24176836920627,24176832156508
24176836920627,24177071539289
24176836920627,24177250055666
24176836920627,24177469663041
24176836920627,24177732338232
24177794012715,24177732338232
24177794012715,24178067990241
24177794012715,24178237032400
24177794012715,24178414978844
24178265349563,24178414978844
24178265349563,24178560729652
24178265349563,24178782317232
24178265349563,24178933021799
24178265349563,24179148632895
24178265349563,24179644372470
24179646741552,24179644372470
24179646741552,24179847024317
24179646741552,24180047659097
24179646741552,24180236574588
24179646741552,24180551992411
24180658280446,24180551992411
24180658280446,24180829337340
24180658280446,24181055109788
24180658280446,24181172408987
24181178614511,24181172408987
24181178614511,24181420455011
24181178614511,24181587196041
24181178614511,24181810792647
24181178614511,24181945808576
24181178614511,24182369032205
24182546469722,24182369032205
24182546469722,24182764930387
24182546469722,24182977555749
24182546469722,24183159529196
24182546469722,24183458267072
24183461768659,24183458267072
24183461768659,24183682101742
24183461768659,24183938197844
24183461768659,24184101462111
24183461768659,24184426789789
24184462611581,24184426789789
24184462611581,24184740544859
24184462611581,24184940235509
24184462611581,24185051364263
24184462611581,24185416372782
24185443054005,24185416372782
24185443054005,24185659094497
24185443054005,24185796566660
24185443054005,24186010168404
24185443054005,24186429047988
24186432634544,24186429047988
24186432634544,24186616230368
24186432634544,24186764304649
24186432634544,24186924421909
24186432634544,24187208783499
24187214966029,24187208783499
24187214966029,24187424588546
24187214966029,24187748776603
24187214966029,24187917906400
24187214966029,24188236547364
24188322972593,24188236547364
24188322972593,24188520184872
24188322972593,24188728586382
24188322972593,24188892485462
24188322972593,24189356356031
24189358937948,24189356356031
24189358937948,24189562891509
24189358937948,24189846025231
24189358937948,24189998858989
24190002073268,24189998858989
24190002073268,24190306763610
24190002073268,24190474111792
24190002073268,24190619301908
24190002073268,24190842086325
24190002073268,24191224099171
24191225790578,24191224099171
24191225790578,24191469469889
24191225790578,24191602327464
24191225790578,24191774226013
24191225790578,24192079873944
24191225790578,24192246256181
24192081380406,24192246256181
24192081380406,24192497238818
24192081380406,24192734690283
24192081380406,24192961411544
24192996454039,24192961411544
24192996454039,24193238955203
24192996454039,24193380285214
24192996454039,24193594025329
24193596597433,24193594025329
24193596597433,24193866451716
24193596597433,24194035870701
24193596597433,24194189246665
24193596597433,24194345177404
24193596597433,24194862921393
24194868997037,24194862921393
24194868997037,24195078403525
24194868997037,24195276314064
24195310164452,24195276314064
24195310164452,24195462015117
24195310164452,24195617905284
24195310164452,24195761398628
24195310164452,24195988467457
24195310164452,24196278264216
24195310164452,24196677237228
24196711332860,24196677237228
24196711332860,24196881049150
24196711332860,24197208567460
24196711332860,24197392099482
24197395010830,24197392099482
24197395010830,24197596048488
24197395010830,24197790275627
24197395010830,24197943561457
24197395010830,24198087127540
24197395010830,24198564316335
24198566000900,24198564316335
24198566000900,24198767385022
24198566000900,24199004502398
24198566000900,24199188136970
24198566000900,24199367277347
24199456649270,24199367277347
24199456649270,24199772315942
24199456649270,24199950308555
24199456649270,24200148472741
24199456649270,24200389072117
24200392610662,24200389072117
24200392610662,24200606646166
24200392610662,24200757899850
24200392610662,24200913318021
24200392610662,24201319070306
24201324779886,24201319070306
24201324779886,24201542591083
24201324779886,24201808237692
24201324779886,24201983764179
24201324779886,24202346303228
24201324779886,24202531385007
24202348994607,24202531385007
24202348994607,24202806873984
24202348994607,24202987632527
24202989205075,24202987632527
24202989205075,24203197882456
24202989205075,24203365039231
24202989205075,24203546407008
24202989205075,24203871696934
24202989205075,24203966484948
24202989205075,24204142270482
24203872960128,24204142270482
24203872960128,24204291168165
24203872960128,24204994112239
24203872960128,24205544471194
24205546385412,24205544471194
24205546385412,24205710406334
24205546385412,24205805090768
24205546385412,24206235248641
24205546385412,24206556196487
24206559122198,24206556196487
24206559122198,24206735142917
24206559122198,24206867452617
24206559122198,24207054403163
24206559122198,24207342978501
24207348243001,24207342978501
24207348243001,24207508386228
24207348243001,24207751252897
24207348243001,24207903631479
24207348243001,24208338850842
24208355945288,24208338850842
24208355945288,24208574878364
24208355945288,24208725460900
24208355945288,24208895678285
24208355945288,24209284995933
24209288300316,24209284995933
24209288300316,24209559190683
24209288300316,24209749787215
24209288300316,24209886907355
24209288300316,24210308855444
24210322068404,24210308855444
24210322068404,24210583387295
24210322068404,24210790319710
24210322068404,24210946583664
24210322068404,24211269956287
24211272564847,24211269956287
24211272564847,24211473899695
24211272564847,24211656764606
24211272564847,24211869421135
24211872068375,24211869421135
24211872068375,24212113405300
24211872068375,24212259242725
24211872068375,24212450915420
24211872068375,24212606921667
24211872068375,24213154648640
24213164096179,24213154648640
24213164096179,24213385068531
24213164096179,24213533362521
24213164096179,24213717116024
24213164096179,24214117875747
24214119875029,24214117875747
24214119875029,24214350246371
24214119875029,24214552452665
24214119875029,24214713167451
24214119875029,24215068809893
24215072408605,24215068809893
24215072408605,24215255262136
24215072408605,24215460275730
24215072408605,24215685644354
24215072408605,24215954304635
24216023250199,24215954304635
24216023250199,24216302568212
24216023250199,24216531091383
24216023250199,24216726389167
24216023250199,24216990677060
24217003645731,24216990677060
24217003645731,24217274798748
24217003645731,24217422934188
24217003645731,24217570218572
24217003645731,24217803842294
24217572394131,24217803842294
24217572394131,24218036497147
24217572394131,24218290883225
24217572394131,24218478108908
24217572394131,24218936156527
24219118318987,24218936156527
24219118318987,24219278487026
24219118318987,24219433356000
24219118318987,24219634679996
24219637078249,24219634679996
24219637078249,24219890248298
24219637078249,24220071001404
24219637078249,24220233103474
24219637078249,24220424500601
24219637078249,24220704301357
24220427149250,24220704301357
24220427149250,24220961505498
24220427149250,24221171165559
24220427149250,24221310631679
24220427149250,24221721528159
24221748753690,24221721528159
24221748753690,24222022101474
24221748753690,24222157332751
24221748753690,24222362456789
24221748753690,24222722807201
24222723989852,24222722807201
24222723989852,24223003313664
24222723989852,24223218404962
24223234520564,24223218404962
24223234520564,24223470322390
24223234520564,24223666217220
24223234520564,24223810747889
24223234520564,24223960292803
24223234520564,24224137757188
24223234520564,24224545034984
24223234520564,24224716426550
24224552194765,24224716426550
24224552194765,24224988310142
24224552194765,24225171360526
24225173466934,24225171360526
24225173466934,24225445276112
24225173466934,24225607406930
24225173466934,24225773739564
24225173466934,24225916362004
24225919135247,24225916362004
24225919135247,24226113027012
24225919135247,24226372069359
24225919135247,24226559413110
24225919135247,24226792264095
24225919135247,24227156333229
24227211749224,24227156333229
24227211749224,24227453921867
24227211749224,24227666379412
24227211749224,24227811402049
24227813836147,24227811402049
24227813836147,24228033541693
24227813836147,24228224287202
24227813836147,24228391949737
24227813836147,24228798253101
24228800961216,24228798253101
24228800961216,24229041421769
24228800961216,24229226502824
24228800961216,24229414135381
24228800961216,24229573518905
24228800961216,24229930523489
24229932590291,24229930523489
24229932590291,24230166656944
24229932590291,24230305033620
24229932590291,24230458023588
24229932590291,24230775399129
24230805030210,24230775399129
24230805030210,24230957257039
24230805030210,24231217776769
24230805030210,24231397014111
24230805030210,24231567995231
24231399535690,24231567995231
24231399535690,24231730858739
24231399535690,24231896463833
24231399535690,24232065887115
24231399535690,24232631508638
24232675058873,24232631508638
24232675058873,24232900901342
24232675058873,24233055142717
24232675058873,24233232024913
24233233799664,24233232024913
24233233799664,24233510583294
24233233799664,24233692681952
24233233799664,24233875820379
24233233799664,24234109155868
24233233799664,24234591143146
24234592972487,24234591143146
24234592972487,24234790204960
24234592972487,24235003316722
24234592972487,24235140309892
24235173379497,24235140309892
24235173379497,24235408232242
24235173379497,24235559355807
24235173379497,24235742240986
24235173379497,24236097963958
24236099902401,24236097963958
24236099902401,24236261339279
24236099902401,24236454827384
24236099902401,24236633886330
24236099902401,24236991466333
24236099902401,24237490932369
24237494273529,24237490932369
24237494273529,24237715338539
24237494273529,24237870697805
24237494273529,24238029236041
24237494273529,24238374711499
24238390569308,24238374711499
24238390569308,24238617504717
24238390569308,24238909590094
24238390569308,24239145456654
24238390569308,24239345999241
24239348088467,24239345999241
24239348088467,24239531816805
24239348088467,24239688313450
24239348088467,24239864201980
24239869307855,24239864201980
24239869307855,24240003735997
24239869307855,24240160364142
24239869307855,24240335959626
24239869307855,24240615962210
24239869307855,24240935177136
24241236536580,24240935177136
24241236536580,24241425994400
24241236536580,24241602515151
24241236536580,24241744854074
24241236536580,24241892037420
24241894529926,24241892037420
24241894529926,24242198483220
24241894529926,24242373131484
24241894529926,24242505160536
24242507198836,24242505160536
24242507198836,24242785736382
24242507198836,24242956753170
24242507198836,24243145474389
24242507198836,24243395222212
24242507198836,24243656990522
24243952015147,24243656990522
24243952015147,24244179196937
24243952015147,24244341526071
24243952015147,24244512937316
24244516015702,24244512937316
24244516015702,24244677427474
24244516015702,24244836135009
24244516015702,24245055374987
24244516015702,24245313636939
24244516015702,24245707992159
24245763862090,24245707992159
24245763862090,24246023211648
24245763862090,24246226435040
24245763862090,24246378522640
24246380631975,24246378522640
24246380631975,24246542351954
24246380631975,24246700298663
24246380631975,24246859504374
24246380631975,24247099158009
24246380631975,24247625744146
24247628603224,24247625744146
24247628603224,24247878779154
24247628603224,24248022474270
24247628603224,24248107128212
24247628603224,24249231900518
24249330480607,24249231900518
24249330480607,24249540900106
24249330480607,24249696334168
24249330480607,24249846018378
24249330480607,24250278249468
24250284700431,24250278249468
24250284700431,24250539770656
24250284700431,24250743250650
24250284700431,24250944553883
24250964639241,24250944553883
24250964639241,24251170493407
24250964639241,24251349786634
24250964639241,24251554565321
24250964639241,24251735310906
24251736868366,24251735310906
24251736868366,24251876276279
24251736868366,24252087762329
24251736868366,24252263094700
24251736868366,24252456373757
24251736868366,24252947563038
24252948954058,24252947563038
24252948954058,24253218317368
24252948954058,24253384754809
24252948954058,24253579527983
24252948954058,24253874193383
24253914223760,24253874193383
24253914223760,24254226985138
24253914223760,24254402736300
24253914223760,24254559273593
24253914223760,24254880179749
24254914844438,24254880179749
24254914844438,24255245090959
24254914844438,24255418211396
24254914844438,24255567245075
24254914844438,24255751798195
24255753635998,24255751798195
24255753635998,24256034148722
24255753635998,24256203406523
24255753635998,24256430427495
24256432647021,24256430427495
24256432647021,24256609827450
24256432647021,24256803651579
24256432647021,24256975371881
24256432647021,24257182125727
24256432647021,24257680053712
24257721964163,24257680053712
24257721964163,24257974293504
24257721964163,24258130060543
24257721964163,24258276337382
24257721964163,24258617497759
24258672116410,24258617497759
24258672116410,24258856143837
24258672116410,24259168554291
24258672116410,24259352871721
24258672116410,24259667598035
24259670150115,24259667598035
24259670150115,24259923639421
24259670150115,24260102271601
24259670150115,24260301693437
24259670150115,24260488223662
24260563778659,24260488223662
24260563778659,24260808371575
24260563778659,24261011476488
24260563778659,24261221341059
24261268633545,24261221341059
24261268633545,24261490037686
24261268633545,24261696636083
24261268633545,24261846550833
24261268633545,24262016289716
24261268633545,24262450244264
24262488632836,24262450244264
24262488632836,24262733224548
24262488632836,24262863949091
24262488632836,24263061303541
24263063912881,24263061303541
24263063912881,24263262840264
24263063912881,24263413350818
24263063912881,24263573276676
24263063912881,24263779382359
24263063912881,24264319445133
24263063912881,24264474522588
24264320607403,24264474522588
24264320607403,24264658851513
24264320607403,24264851544131
24264854741659,24264851544131
24264854741659,24265116680722
24264854741659,24265282428348
24264854741659,24265445191299
24264854741659,24265822297713
24265824647142,24265822297713
24265824647142,24266058543674
24265824647142,24266294513322
24265824647142,24266471149642
24265824647142,24266626958218
24265824647142,24267108267738
24267111537407,24267108267738
24267111537407,24267294440088
24267111537407,24267446713927
24267111537407,24267919893259
24267111537407,24268182689019
24268185210750,24268182689019
24268185210750,24268493297337
24268185210750,24268704446667
24268185210750,24268993382289
24268185210750,24269218386542
24269221614685,24269218386542
24269221614685,24269465513298
24269221614685,24269629345347
24269221614685,24269840925287
24269221614685,24270227312410
24270230603544,24270227312410
24270230603544,24270422693061
24270230603544,24270647832932
24270230603544,24270883279060
24270230603544,24271247096165
24271273200225,24271247096165
24271273200225,24271481519729
24271273200225,24271714717371
24271273200225,24271854161692
24271273200225,24272127473017
24272128670798,24272127473017
24272128670798,24272360936295
24272128670798,24272551671578
24272128670798,24272709305480
24272128670798,24273046409831
24272128670798,24273245349861
24273097118189,24273245349861
24273097118189,24273632364955
24273097118189,24273808331029
24273097118189,24274064264237
24274103422056,24274064264237
24274103422056,24274297485360
24274103422056,24274458486611
24274103422056,24274600423233
24274103422056,24275094685579
24275098612562,24275094685579
24275098612562,24275315997190
24275098612562,24275453449232
24275098612562,24275603581443
24275605926849,24275603581443
24275605926849,24275819933367
24275605926849,24275956313816
24275605926849,24276235469862
24275605926849,24276390619384
24276479695573,24276390619384
24276479695573,24276710203948
24276479695573,24276906454914
24276479695573,24277060800717
24276479695573,24277301257228
24276479695573,24277777240438
24277843755306,24277777240438
24277843755306,24278009907931
24277843755306,24278215783112
24277843755306,24278405735566
24277843755306,24278693350009
24278761464647,24278693350009
24278761464647,24278872330903
24278761464647,24279135223942
24278761464647,24279336728707
24278761464647,24279843154686
24279845891305,24279843154686
24279845891305,24280059627694
24279845891305,24280189430930
24279845891305,24280430600029
24280433063379,24280430600029
24280433063379,24280637885218
24280433063379,24280799143872
24280433063379,24280993834014
24280433063379,24281225166115
24280433063379,24281750348825
24281759674233,24281750348825
24281759674233,24281969817072
24281759674233,24282148460591
24281759674233,24282345456135
24281759674233,24282587529460
24282674172231,24282587529460
24282674172231,24282896418974
24282674172231,24283097151855
24282674172231,24283291652967
24282674172231,24283628001492
24283630670992,24283628001492
24283630670992,24283851191163
24283630670992,24284059719228
24283630670992,24284211302219
24283630670992,24284547380229
24284562964566,24284547380229
24284562964566,24284774044116
24284562964566,24285250220936
24284562964566,24285412091914
24284562964566,24285749900165
24285832502812,24285749900165
24285832502812,24286079833694
24285832502812,24286276945223
24285832502812,24286417833256
24286419230230,24286417833256
24286419230230,24286565537392
24286419230230,24286757148749
24286419230230,24286955085563
24286419230230,24287264479967
24286419230230,24287720278764
24287722924412,24287720278764
24287722924412,24287925535666
24287722924412,24288075470217
24287722924412,24288214870468
24287722924412,24288568938842
24288571275878,24288568938842
24288571275878,24288818682539
24288571275878,24288958823119
24288571275878,24289196226034
24289198762205,24289196226034
24289198762205,24289410745066
24289198762205,24289547019084
24289198762205,24289735909158
24289198762205,24289871170868
24289198762205,24290395069982
24290484885901,24290395069982
24290484885901,24290715341236
24290484885901,24290920353545
24290484885901,24291097991413
24290484885901,24291382407620
24291418790684,24291382407620
24291418790684,24291645046376
24291418790684,24291787309006
24291418790684,24292016294438
24292018857076,24292016294438
24292018857076,24292220614593
24292018857076,24292404100473
24292018857076,24292661636759
24292018857076,24292908871946
24292018857076,24293313869548
24293316945207,24293313869548
24293316945207,24293530808036
24293316945207,24293777924094
24293316945207,24293930606865
24293316945207,24294137555519
24294207102217,24294137555519
24294207102217,24294424381948
24294207102217,24294629091892
24294207102217,24294873658341
24294875895382,24294873658341
24294875895382,24295037278768
24294875895382,24295232444617
24294875895382,24295394551880
24294875895382,24295627400181
24294875895382,24296112135504
24296185452586,24296112135504
24296185452586,24296379001232
24296185452586,24296692150816
24296185452586,24296895256936
24296185452586,24297131926653
24297184555599,24297131926653
24297184555599,24297363138991
24297184555599,24297656167281
24297184555599,24297818620556
24297184555599,24298084066276
24298089248151,24298084066276
24298089248151,24298282599956
24298089248151,24298432346200
24298089248151,24298565647598
24298089248151,24298969175880
24299046836781,24298969175880
24299046836781,24299293842139
24299046836781,24299420459406
24299046836781,24299576017561
24299046836781,24299963647822
24299990157230,24299963647822
24299990157230,24300199433568
24299990157230,24300457701915
24299990157230,24300626222001
24299990157230,24300882291773
24300883264821,24300882291773
24300883264821,24301154038663
24300883264821,24301390419784
24300883264821,24301582684246
24300883264821,24301750275511
24301868867673,24301750275511
24301868867673,24302153689289
24301868867673,24302289250263
24301868867673,24302439517355
24301868867673,24302757314306
24302888393685,24302757314306
24302888393685,24303107873875
24302888393685,24303304972569
24302888393685,24303480296871
24302888393685,24303860800090
24303922990680,24303860800090
24303922990680,24304123503503
24303922990680,24304294175325
24303922990680,24304515229117
24304518162518,24304515229117
24304518162518,24304698923857
24304518162518,24304845368724
24304518162518,24304961637387
24304518162518,24305583198406
24304518162518,24306102050574
24306106154198,24306102050574
24306106154198,24306335997720
24306106154198,24306461197859
24306106154198,24306627523882
24306106154198,24306903667358
24306940790596,24306903667358
24306940790596,24307186161114
24306940790596,24307394778981
24306940790596,24307572400297
24306940790596,24307902653404
24307904463640,24307902653404
24307904463640,24308140384021
24307904463640,24308283047310
24307904463640,24308501698944
24307904463640,24308766200470
24308912176219,24308766200470
24308912176219,24309203320976
24308912176219,24309424717818
24308912176219,24309573327888
24308912176219,24309732079012
24309808600348,24309732079012
24309808600348,24310060753060
24309808600348,24310225125329
24309808600348,24310409547404
24310411454156,24310409547404
24310411454156,24310709180411
24310411454156,24310943194187
24310411454156,24311092528998
24310411454156,24311246836658
24311438192667,24311246836658
24311438192667,24311654882990
24311438192667,24311787225397
24311438192667,24312013139793
24311438192667,24312208327207
24311438192667,24312593420385
24312607297066,24312593420385
24312607297066,24312884506711
24312607297066,24313109393432
24312607297066,24313301741152
24312607297066,24313607884640
24313611306088,24313607884640
24313611306088,24313898324940
24313611306088,24314054619765
24313611306088,24314303388369
24313611306088,24314615860847
24314617892375,24314615860847
24314617892375,24314873294076
24314617892375,24314993223364
24314617892375,24315127176148
24314617892375,24315588951868
24315590284026,24315588951868
24315590284026,24315752246513
24315590284026,24315968165948
24315590284026,24316112438874
24316114396085,24316112438874
24316114396085,24316323242135
24316114396085,24316497987601
24316114396085,24316739268813
24316114396085,24317068191160
24316114396085,24317379070167
24317537650001,24317379070167
24317537650001,24317775257399
24317537650001,24318020168087
24317537650001,24318187706184
24317537650001,24318427106474
24318561095416,24318427106474
24318561095416,24318714968992
24318561095416,24318870404146
24318561095416,24318996602182
24318998462655,24318996602182
24318998462655,24319251698900
24318998462655,24319441098257
24318998462655,24319630025424
24318998462655,24319930812275
24319933693267,24319930812275
24319933693267,24320248165730
24319933693267,24320447026061
24319933693267,24320616386096
24319933693267,24320759299812
24319933693267,24321190248312
24321205599342,24321190248312
24321205599342,24321429174299
24321205599342,24321604103252
24321205599342,24321878957793
24321205599342,24322033844787
24322036054232,24322033844787
24322036054232,24322211825208
24322036054232,24322360439348
24322036054232,24322527380484
24322651242699,24322527380484
24322651242699,24322944261632
24322651242699,24323101401236
24322651242699,24323293808221
24322651242699,24323527488203
24323528915810,24323527488203
24323528915810,24323731739983
24323528915810,24323975813230
24323528915810,24324175835237
24323528915810,24324449073404
24323528915810,24324722801984
24324826466412,24324722801984
24324826466412,24324995659699
24324826466412,24325275750985
24324826466412,24325438512968
24324826466412,24325765749590
24325817543729,24325765749590
24325817543729,24326027276502
24325817543729,24326192221697
24325817543729,24326305863294
24326307424442,24326305863294
24326307424442,24326588428643
24326307424442,24326769788253
24326307424442,24326933237406
24326307424442,24327170458010
24326307424442,24327564283974
24327632252304,24327564283974
24327632252304,24327846831170
24327632252304,24328059136669
24327632252304,24328245212112
24328247963655,24328245212112
24328247963655,24328466547558
24328247963655,24328620388572
24328247963655,24328820925664
24328247963655,24329123665277
24328247963655,24329484169276
24329486933245,24329484169276
24329486933245,24329693455798
24329486933245,24329901384659
24329486933245,24330050619910
24330052855605,24330050619910
24330052855605,24330247095348
24330052855605,24330415342535
24330052855605,24330618068161
24330052855605,24330772293873
24330052855605,24331316139083
24331319087783,24331316139083
24331319087783,24331575963460
24331319087783,24331721993320
24331319087783,24331910177656
24331912662547,24331910177656
24331912662547,24332122201169
24331912662547,24332302618852
24331912662547,24332452115157
24331912662547,24332638108031
24331912662547,24333092257606
24333094401915,24333092257606
24333094401915,24333316990753
24333094401915,24333492137085
24333094401915,24333638986869
24333094401915,24333897965803
24333911611010,24333897965803
24333911611010,24334126042830
24333911611010,24334356645256
24333911611010,24334569695471
24333911611010,24334819805054
24334851047879,24334819805054
24334851047879,24335020173851
24334851047879,24335277127287
24334851047879,24335424740197
24334851047879,24335716778665
24335719046075,24335716778665
24335719046075,24335914115549
24335719046075,24336124081763
24335719046075,24336291882835
24335719046075,24336627101035
24336713650667,24336627101035
24336713650667,24336930237265
24336713650667,24337146114167
24336713650667,24337334853141
24336713650667,24337523057519
24337562658843,24337523057519
24337562658843,24337797123738
24337562658843,24337906712171
24337562658843,24338166019188
24337562658843,24338456764400
24338459138221,24338456764400
24338459138221,24338645214910
24338459138221,24338821031772
24338459138221,24339091840437
24338459138221,24339330126475
24339341827184,24339330126475
24339341827184,24339540608076
24339341827184,24339754260262
24339341827184,24339896987239
24339341827184,24340285741194
24340340292093,24340285741194
24340340292093,24340570134524
24340340292093,24340755066754
24340340292093,24340929640590
24340340292093,24341183985667
24341229581710,24341183985667
24341229581710,24341496443147
24341229581710,24341653501979
24341229581710,24341860818001
24341229581710,24342162294389
24342164159717,24342162294389
24342164159717,24342367791280
24342164159717,24342590212483
24342164159717,24342841796155
24342843814954,24342841796155
24342843814954,24342996431977
24342843814954,24343170732500
24342843814954,24343303745974
24342843814954,24343482454401
24342843814954,24343903254581
24343912330732,24343903254581
24343912330732,24344096535583
24343912330732,24344323170324
24343912330732,24344457682918
24343912330732,24344907430017
24344911549275,24344907430017
24344911549275,24345127928884
24344911549275,24345328493416
24344911549275,24345577910383
24344911549275,24345822034674
24345826454048,24345822034674
24345826454048,24346338681809
24345826454048,24346571242814
24345826454048,24346743478281
24345826454048,24347035227496
24347061521596,24347035227496
24347061521596,24347260035736
24347061521596,24347536520289
24347061521596,24347675241974
24347061521596,24347958775465
24348074911349,24347958775465
24348074911349,24348282585761
24348074911349,24348590535809
24348074911349,24348793221057
24348074911349,24349206928684
24349209315331,24349206928684
24349209315331,24349395325139
24349209315331,24349672079654
24349209315331,24349887528389
24349209315331,24350149326744
24350181575722,24350149326744
24350181575722,24350468295966
24350181575722,24350665314149
24350181575722,24350841330874
24350181575722,24351073935966
24351079029809,24351073935966
24351079029809,24351312831973
24351079029809,24351468999010
24351079029809,24351657245057
24351079029809,24352098447774
24352102022131,24352098447774
24352102022131,24352319214902
24352102022131,24352465609098
24352102022131,24352610338428
24352613321642,24352610338428
24352613321642,24352796695315
24352613321642,24353004116083
24352613321642,24353112499905
24352613321642,24353500735381
24352613321642,24353930470281
24352613321642,24354131142161
24353934601905,24354131142161
24353934601905,24354274125524
24353934601905,24354517722123
24354344750540,24354517722123
24354344750540,24354674757281
24354344750540,24354808245960
24354344750540,24354980651832
24354344750540,24355152379815
24354344750540,24355611485370
24355614112294,24355611485370
24355614112294,24355812973977
24355614112294,24355988425877
24355614112294,24356150065745
24355614112294,24356635674350
24356637052104,24356635674350
24356637052104,24356860106332
24356637052104,24357160471560
24356637052104,24357344689107
24356637052104,24357508248611
24356637052104,24357700659872
24357704366752,24357700659872
24357704366752,24357893172590
24357704366752,24358066900172
24357704366752,24358446952136
24358449207022,24358446952136
24358449207022,24358665805664
24358449207022,24358962013488
24358449207022,24359126071571
24359130422820,24359126071571
24359130422820,24359331223490
24359130422820,24359466939852
24359130422820,24359620607685
24359130422820,24359795400000
24359130422820,24360244278320
24360264608796,24360244278320
24360264608796,24360457278266
24360264608796,24360654341615
24360264608796,24360850124391
24360861299775,24360850124391
24360861299775,24361037480653
24360861299775,24361197364227
24360861299775,24361364348401
24360861299775,24361643305802
24360861299775,24362087850517
24362090134627,24362087850517
24362090134627,24362344769007
24362090134627,24362543020090
24362090134627,24362744620295
24362090134627,24362960176620
24362973294829,24362960176620
24362973294829,24363201348621
24362973294829,24363342335577
24362973294829,24363551558664
24362973294829,24363846119626
24363937911189,24363846119626
24363937911189,24364165784300
24363937911189,24364337470781
24363937911189,24364503195184
24363937911189,24364877131864
24364901403568,24364877131864
24364901403568,24365157645292
24364901403568,24365363532269
24364901403568,24365503364884
24364901403568,24365856247013
24365920257983,24365856247013
24365920257983,24366211625468
24365920257983,24366386795646
24365920257983,24366545240638
24365920257983,24366864457907
24367288071827,24366864457907
24367288071827,24367488175586
24367288071827,24367622908415
24367288071827,24367769316115
24367770529509,24367769316115
24367770529509,24367959969593
24367770529509,24368295356588
24367770529509,24368446036824
24367770529509,24368608089173
24367770529509,24369036149244
24369081572348,24369036149244
24369081572348,24369366153268
24369081572348,24369528345766
24369081572348,24369723319615
24369081572348,24369945327413
24369998121340,24369945327413
24369998121340,24370314141727
24369998121340,24370462799799
24369998121340,24370593192944
24369998121340,24370912225051
24371069611191,24370912225051
24371069611191,24371258772601
24371069611191,24371413499450
24371467183007,24371413499450
24371467183007,24371690053022
24371467183007,24371864403949
24371467183007,24372080316593
24371467183007,24372244367417
24371467183007,24372378255164
24371467183007,24372857204314
24372876148791,24372857204314
24372876148791,24373126749433
24372876148791,24373311827216
24372876148791,24373460089061
24372876148791,24373828055013
24373830451153,24373828055013
24373830451153,24374042971091
24373830451153,24374254329824
24373830451153,24374536346255
24373830451153,24374790810209
24374968417252,24374790810209
24374968417252,24375158957418
24374968417252,24375313587381
24374968417252,24375483733477
24374968417252,24375752362861
24375863048219,24375752362861
24375863048219,24376036887568
24375863048219,24376224053047
24375863048219,24376424362633
24375863048219,24376638030534
24376745520571,24376638030534
24376745520571,24376982253181
24376745520571,24377177275610
24376745520571,24377320647321
24376745520571,24377666268194
24377668839392,24377666268194
24377668839392,24377863304847
24377668839392,24378121188528
24377668839392,24378311356497
24377668839392,24378569165571
24378657542468,24378569165571
24378657542468,24378885529697
24378657542468,24379091715278
24378657542468,24379320684052
24378657542468,24379604040084
24379607618943,24379604040084
24379607618943,24379786451929
24379607618943,24380010427021
24379607618943,24380208789461
24380211131471,24380208789461
24380211131471,24380437513151
24380211131471,24380677203705
24380211131471,24380826167778
24380211131471,24381017482096
24380211131471,24381295219894
24381388932673,24381295219894
24381388932673,24381654433930
24381388932673,24381839437967
24381388932673,24382061133250
24381388932673,24382232303134
24382351513670,24382232303134
24382351513670,24382575242656
24382351513670,24382780000019
24382351513670,24383003091427
24382351513670,24383259597794
24382351513670,24383475262452
24383279793179,24383475262452
24383279793179,24383620593577
24383279793179,24383835864258
24383279793179,24384143274629
24384145797275,24384143274629
24384145797275,24384586542063
24384145797275,24384733261307
24384145797275,24384910824621
24384145797275,24385347291777
24385362189631,24385347291777
24385362189631,24385561396690
24385362189631,24385756429283
24385362189631,24385919369324
24385362189631,24386256993838
24386265847433,24386256993838
24386265847433,24386481961454
24386265847433,24386675189934
24386265847433,24386875703239
24386265847433,24387197500188
24386265847433,24387409942733
24387200537963,24387409942733
24387200537963,24387579927109
24387200537963,24387731293821
24387735716659,24387731293821
24387735716659,24387998369277
24387735716659,24388132746621
24387735716659,24388278818807
24387735716659,24388717377589
24388719488440,24388717377589
24388719488440,24388873957982
24388719488440,24389078689076
24388719488440,24389245320081
24388719488440,24389581184125
24388719488440,24389946313976
24390011985158,24389946313976
24390011985158,24390238315375
24390011985158,24390458906231
24390011985158,24390629409170
24390011985158,24390916257374
24390984526242,24390916257374
24390984526242,24391185198206
24390984526242,24391389367601
24390984526242,24391516146510
24391518714260,24391516146510
24391518714260,24391722310139
24391518714260,24391902172431
24391518714260,24392067273804
24391518714260,24392341314161
24391518714260,24392827511208
24392840255538,24392827511208
24392840255538,24393019606708
24392840255538,24393255937293
24392840255538,24393397400289
24392840255538,24393764311937
24393767569079,24393764311937
24393767569079,24393951311272
24393767569079,24394148261760
24393767569079,24394337235077
24393767569079,24394636908551
24394639228627,24394636908551
24394639228627,24394841321792
24394639228627,24395027348779
24394639228627,24395189504078
24394639228627,24395436839839
24395482620569,24395436839839
24395482620569,24395681045400
24395482620569,24395904938638
24395482620569,24396039419058
24395482620569,24396519386634
24396522185008,24396519386634
24396522185008,24396779976760
24396522185008,24396914078507
24396522185008,24397081251396
24396522185008,24397375546470
24397380397285,24397375546470
24397380397285,24397593207272
24397380397285,24397751321280
24397790850951,24397751321280
24397790850951,24398004374132
24397790850951,24398133494291
24397790850951,24398284274124
24397790850951,24398506140322
24397790850951,24398698587717
24398700420246,24398698587717
24398700420246,24398916799768
24398700420246,24399063184945
24398700420246,24399308198385
24398700420246,24399482273426
24398700420246,24399969675261
24399981821557,24399969675261
24399981821557,24400229794284
24399981821557,24400387853719
24399981821557,24400570481264
24400727524067,24400570481264
24400727524067,24400920463142
24400727524067,24401086412089
24400727524067,24401249174831
24400727524067,24401411018666
24401432608257,24401411018666
24401432608257,24401626328162
24401432608257,24401792595089
24401432608257,24402038541000
24401432608257,24402332997763
24401432608257,24402712520558
24402801125931,24402712520558
24402801125931,24403048368032
24402801125931,24403205791112
24402801125931,24403448287208
24402801125931,24403691017761
24403693230873,24403691017761
24403693230873,24403969690928
24403693230873,24404158863215
24403693230873,24404362166591
24403693230873,24404523235575
24404365423627,24404523235575
24404365423627,24404698945265
24404365423627,24404891981746
24404365423627,24405099589565
24404365423627,24405601303992
24405680638076,24405601303992
24405680638076,24405958834541
24405680638076,24406126282356
24405680638076,24406306385851
24406310247905,24406306385851
24406310247905,24406565373634
24406310247905,24406731323958
24406310247905,24406906641482
24406310247905,24407109385792
24406310247905,24407558774790
24407614652373,24407558774790
24407614652373,24407863482936
24407614652373,24408027776176
24407614652373,24408194263965
24407614652373,24408595501120
24408627094386,24408595501120
24408627094386,24408902181040
24408627094386,24409144330641
24408627094386,24409313358428
24408627094386,24409533682787
24409543963770,24409533682787
24409543963770,24409773216041
24409543963770,24409944419293
24409543963770,24410143784629
24409543963770,24410491380232
24410588627497,24410491380232
24410588627497,24410790646122
24410588627497,24410995877633
24410588627497,24411159248478
24410588627497,24411585322774
24410588627497,24411807354278
24411602993091,24411807354278
24411602993091,24412003674329
24411602993091,24412195776158
24412198393084,24412195776158
24412198393084,24412440049233
24412198393084,24412624393728
24412198393084,24412796300916
24412198393084,24412989641153
24412198393084,24413427223448
24413444140980,24413427223448
24413444140980,24413697113862
24413444140980,24413895489629
24413444140980,24414034506886
24413444140980,24414287339219
24414450943139,24414287339219
24414450943139,24414710857116
24414450943139,24414874317822
24414450943139,24415067147590
24415073238255,24415067147590
24415073238255,24415264798945
24415073238255,24415417140483
24415073238255,24415571505850
24415073238255,24415684514980
24415073238255,24416336856855
24416338451422,24416336856855
24416338451422,24416593600363
24416338451422,24416800315637
24416338451422,24416988184973
24416338451422,24417145117219
24417328597507,24417145117219
24417328597507,24417499753353
24417328597507,24417609565854
24417328597507,24417746936705
24417328597507,24418268365784
24418273192059,24418268365784
24418273192059,24418519149249
24418273192059,24418647587581
24418273192059,24418773019666
24418774930295,24418773019666
24418774930295,24418995569685
24418774930295,24419141845682
24418774930295,24419276956006
24418774930295,24419478652643
24418774930295,24419705216345
24419758415966,24419705216345
24419758415966,24420000235662
24419758415966,24420285035945
24419758415966,24420416361023
24419758415966,24420640685634
24420658783054,24420640685634
24420658783054,24420830630865
24420658783054,24421062861596
24420658783054,24421246704332
24421247923408,24421246704332
24421247923408,24421410156990
24421247923408,24421563043172
24421247923408,24421820327404
24421247923408,24422074111686
24421247923408,24422420762832
24422534877161,24422420762832
24422534877161,24422784154855
24422534877161,24423009369366
24422534877161,24423190215884
24423193125593,24423190215884
24423193125593,24423438131104
24423193125593,24423613427888
24423193125593,24423768400499
24423193125593,24423957653705
24423193125593,24424369114726
24424501619995,24424369114726
24424501619995,24424750472581
24424501619995,24424938242827
24424501619995,24425132132133
24424501619995,24425375231478
24425465745732,24425375231478
24425465745732,24425677641138
24425465745732,24425900616889
24425465745732,24426091930764
24425465745732,24426461635373
24425465745732,24426621174247
24426463769303,24426621174247
24426463769303,24426783826175
24426463769303,24426976673438
24426463769303,24427323405203
24427371052659,24427323405203
24427371052659,24427591378863
24427371052659,24427804404523
24427371052659,24427977418898
24427979660296,24427977418898
24427979660296,24428210895983
24427979660296,24428424459057
24427979660296,24428542293587
24427979660296,24428689666037
24427979660296,24429178238224
24427979660296,24429490605955
24429290267748,24429490605955
24429290267748,24429714101992
24429290267748,24429826442993
24429290267748,24429974837790
24429828437762,24429974837790
24429828437762,24430206684404
24429828437762,24430395897644
24429828437762,24430592965372
24429828437762,24431019182687
24431083500518,24431019182687
24431083500518,24431301998332
24431083500518,24431479766723
24431083500518,24431712321449
24431715900827,24431712321449
24431715900827,24431950355471
24431715900827,24432126177526
24431715900827,24432285505288
24431715900827,24432457462057
24431715900827,24432776188517
24432871993943,24432776188517
24432871993943,24433153429467
24432871993943,24433299788280
24432871993943,24433474458681
24432871993943,24433882207145
24433884645257,24433882207145
24433884645257,24434128728233
24433884645257,24434278202162
24433884645257,24434470401696
24433884645257,24434770512264
24434795535229,24434770512264
24434795535229,24435035817462
24434795535229,24435276129099
24434795535229,24435421304493
24435422524227,24435421304493
24435422524227,24435565899171
24435422524227,24435787660572
24435422524227,24436011060448
24435422524227,24436230244258
24435422524227,24436672785175
24436739198380,24436672785175
24436739198380,24436994539287
24436739198380,24437246330404
24436739198380,24437434033135
24436739198380,24437630479046
24437740636294,24437630479046
24437740636294,24438004925337
24437740636294,24438187169709
24437740636294,24438392990462
24437740636294,24438669909554
24438714568662,24438669909554
24438714568662,24438949023887
24438714568662,24439087730753
24438714568662,24439290249071
24438714568662,24439663169807
24439666722351,24439663169807
24439666722351,24439883288534
24439666722351,24440083293477
24439666722351,24440251305641
24439666722351,24440582552872
24440584408980,24440582552872
24440584408980,24440754282679
24440584408980,24440884732969
24440584408980,24441057181597
24441061366796,24441057181597
24441061366796,24441282960360
24441061366796,24441423534058
24441061366796,24441576995956
24441061366796,24441773338133
24441061366796,24442243783244
24441061366796,24442497152827
24442296558358,24442497152827
24442296558358,24442777723307
24442296558358,24442955790501
24442296558358,24443290554911
24443294814709,24443290554911
24443294814709,24443544207529
24443294814709,24443702142091
24443294814709,24443858166517
24443294814709,24444089595375
24444145612358,24444089595375
24444145612358,24444408980473
24444145612358,24444557529087
24444145612358,24444729914208
24444145612358,24445201296965
24445214468717,24445201296965
24445214468717,24445449311849
24445214468717,24445601892279
24445214468717,24445820653672
24445214468717,24446099984068
24446162796664,24446099984068
24446162796664,24446423291712
24446162796664,24446592325370
24446162796664,24446780655737
24446783133266,24446780655737
24446783133266,24446989307052
24446783133266,24447151511271
24446783133266,24447322875891
24446783133266,24447594406024
24446783133266,24448024091273
24448033969435,24448024091273
24448033969435,24448323569379
24448033969435,24448504130766
24448033969435,24448701130729
24448033969435,24449032986816
24449042563279,24449032986816
24449042563279,24449245421645
24449042563279,24449391999402
24449042563279,24449477860495
24449042563279,24450227023248
24450228419161,24450227023248
24450228419161,24450463012567
24450228419161,24450610131340
24450228419161,24450808166819
24450810799916,24450808166819
24450810799916,24451027079342
24450810799916,24451163948174
24450810799916,24451354669385
24450810799916,24451551697927
24450810799916,24452128661542
24452144081370,24452128661542
24452144081370,24452370413678
24452144081370,24452513185383
24452144081370,24452697496479
24452144081370,24452917138561
24453053592815,24452917138561
24453053592815,24453266036124
24453053592815,24453463487432
24453053592815,24453672249218
24453053592815,24454026255745
24454029017807,24454026255745
24454029017807,24454616649428
24454029017807,24454747656608
24454029017807,24454893113955
24454029017807,24455285875757
24455298684861,24455285875757
24455298684861,24455445243672
24455298684861,24455780034613
24455298684861,24455915449917
24455298684861,24456128660766
24456222982363,24456128660766
24456222982363,24456453321004
24456222982363,24456632844048
24456222982363,24456764297718
24456766648055,24456764297718
24456766648055,24457278948643
24456766648055,24457458337656
24456766648055,24457598667011
24456766648055,24457948111655
24456766648055,24458455935449
24458461495215,24458455935449
24458461495215,24458695756299
24458461495215,24458858361523
24458461495215,24459024279598
24458461495215,24459346778711
24459465629844,24459346778711
24459465629844,24459716416019
24459465629844,24459879112795
24459465629844,24460075282923
24459465629844,24460272225805
24460382750493,24460272225805
24460382750493,24460657174840
24460382750493,24460826275006
24460382750493,24460947294137
24460382750493,24461276042271
24461324097347,24461276042271
24461324097347,24461553399097
24461324097347,24461790404239
24461324097347,24461934353733
24461324097347,24462222597827
24462225427054,24462222597827
24462225427054,24462460062131
24462225427054,24462663627689
24462225427054,24462836326395
24462225427054,24463193733105
24463204668614,24463193733105
24463204668614,24463441836603
24463204668614,24463589524379
24463204668614,24463807461114
24463204668614,24464152248163
24464197587623,24464152248163
24464197587623,24464445201699
24464197587623,24464642281378
24464197587623,24464826521770
24464197587623,24465121489473
24464197587623,24465353663875
24465167634690,24465353663875
24465167634690,24465640958114
24465167634690,24465810231898
24465167634690,24465977487301
24465994645438,24465977487301
24465994645438,24466253686391
24465994645438,24466393206381
24465994645438,24466566642913
24465994645438,24466812254083
24466882100053,24466812254083
24466882100053,24467107495367
24466882100053,24467324231351
24466882100053,24467462268303
24466882100053,24467832196398
24467835095560,24467832196398
24467835095560,24468095109452
24467835095560,24468285892824
24467835095560,24468426926089
24467835095560,24468667613893
24468685207604,24468667613893
24468685207604,24468875643807
24468685207604,24469050276865
24468685207604,24469218339845
24468685207604,24469555779594
24469610618104,24469555779594
24469610618104,24469787435704
24469610618104,24469990972773
24469610618104,24470131655199
24469610618104,24470550348636
24470576691010,24470550348636
24470576691010,24470818156186
24470576691010,24471130425727
24470576691010,24471296400574
24470576691010,24471437996393
24471538674568,24471437996393
24471538674568,24471857073513
24471538674568,24471971065487
24471538674568,24472126905347
24471538674568,24472462140095
24472474638779,24472462140095
24472474638779,24472723218706
24472474638779,24472885172572
24472474638779,24473049635278
24472474638779,24473279871154
24473345298083,24473279871154
24473345298083,24473484250229
24473345298083,24473825198170
24473345298083,24474024727536
24473345298083,24474184527023
24474289096198,24474184527023
24474289096198,24474513623953
24474289096198,24474666020461
24474289096198,24474837525573
24474289096198,24475149254396
24475196619394,24475149254396
24475196619394,24475478025010
24475196619394,24475622379446
24475196619394,24475760250322
24475762241003,24475760250322
24475762241003,24475923773440
24475762241003,24476139510728
24475762241003,24476321049237
24475762241003,24476632914191
24475762241003,24477027514829
24477110607988,24477027514829
24477110607988,24477381377466
24477110607988,24477588836975
24477110607988,24477774517887
24477110607988,24478018362198
24478026982425,24478018362198
24478026982425,24478286693312
24478026982425,24478432174066
24478026982425,24478675802108
24478026982425,24478946351268
24478979033913,24478946351268
24478979033913,24479174702442
24478979033913,24479353757831
24478979033913,24479577604478
24478979033913,24479925684307
24479930763428,24479925684307
24479930763428,24480163290978
24479930763428,24480318419376
24479930763428,24480494989387
24480497260725,24480494989387
24480497260725,24480686448154
24480497260725,24481065681373
24480497260725,24481297873155
24480497260725,24481452358147
24480497260725,24481866309568
24481898935447,24481866309568
24481898935447,24482062026390
24481898935447,24482336615210
24481898935447,24482536148634
24481898935447,24482972058897
24482974693729,24482972058897
24482974693729,24483243606235
24482974693729,24483465170991
24482974693729,24483643795766
24482974693729,24483883200993
24483914942790,24483883200993
24483914942790,24484167396437
24483914942790,24484329365494
24483914942790,24484465343998
24483914942790,24484762339769
24484788056674,24484762339769
24484788056674,24485102180360
24484788056674,24485252355703
24484788056674,24485378212224
24484788056674,24485767908390
24485769247240,24485767908390
24485769247240,24486078335592
24485769247240,24486230445777
24485769247240,24486452521830
24485769247240,24486706017526
24486724626585,24486706017526
24486724626585,24487007201674
24486724626585,24487221823019
24486724626585,24487427304086
24486724626585,24487607947381
24487639098160,24487607947381
24487639098160,24487978371876
24487639098160,24488225212207
24487639098160,24488424291977
24487639098160,24488602622070
24488607124561,24488602622070
24488607124561,24488801715984
24488607124561,24488937329652
24488607124561,24489144445994
24488607124561,24489441178425
24489604478713,24489441178425
24489604478713,24489875336489
24489604478713,24490032886578
24489604478713,24490168369949
24489604478713,24490321417486
24490357377963,24490321417486
24490357377963,24490614125617
24490357377963,24490869849556
24490357377963,24491068340983
24490357377963,24491270697498
24491274606773,24491270697498
24491274606773,24491530841845
24491274606773,24491694121172
24491274606773,24491850196331
24491274606773,24492041303818
24492111034535,24492041303818
24492111034535,24492332229631
24492111034535,24492544062796
24492111034535,24492678533700
24492111034535,24493080331718
24493110844959,24493080331718
24493110844959,24493352875572
24493110844959,24493483290137
24493110844959,24493732160541
24493110844959,24493898337379
24494089716561,24493898337379
24494089716561,24494317088347
24494089716561,24494576289790
24494089716561,24494760925056
24494089716561,24495140209606
24495143256646,24495140209606
24495143256646,24495342784449
24495143256646,24495517073295
24495143256646,24495693992255
24495143256646,24495896718087
24495899502005,24495896718087
24495899502005,24496158587838
24495899502005,24496321308127
24495899502005,24496501257606
24496502617172,24496501257606
24496502617172,24496712510228
24496502617172,24496916342817
24496502617172,24497135125859
24496502617172,24497322163896
24497324594918,24497322163896
24497324594918,24497548828108
24497324594918,24497710151039
24497324594918,24497849393450
24497324594918,24498105351940
24498204822271,24498105351940
24498204822271,24498468458633
24498204822271,24498651454919
24498204822271,24498819331514
24498204822271,24499037396238
24498204822271,24499526238318
24499600150894,24499526238318
24499600150894,24499783125961
24499600150894,24499939419838
24499600150894,24500141190279
24500144151624,24500141190279
24500144151624,24500431633071
24500144151624,24500623090484
24500144151624,24500759535796
24500144151624,24500942875590
24500144151624,24501338255443
24501402112057,24501338255443
24501402112057,24501583479052
24501402112057,24501747845032
24501402112057,24501951302059
24501978884864,24501951302059
24501978884864,24502194991329
24501978884864,24502396350663
24501978884864,24502574223593
24501978884864,24502762172144
24501978884864,24503283194562
24503338783023,24503283194562
24503338783023,24503509385731
24503338783023,24503799748538
24503338783023,24503975398366
24503977369586,24503975398366
24503977369586,24504246291303
24503977369586,24504410321216
24503977369586,24504804097376
24503977369586,24504964086243
24503977369586,24505550690386
24505586289013,24505550690386
24505586289013,24505852538927
24505586289013,24505992784254
24505586289013,24506155838425
24505586289013,24506516847538
24506527370438,24506516847538
24506527370438,24506727172609
24506527370438,24506938265837
24506527370438,24507085217591
24506527370438,24507459327558
24507471416743,24507459327558
24507471416743,24507718555700
24507471416743,24507974644544
24507471416743,24508148569012
24508150733000,24508148569012
24508150733000,24508387256312
24508150733000,24508565353444
24508150733000,24508734343452
24508150733000,24508880148988
24508150733000,24509356943056
24509646236942,24509356943056
24509646236942,24509887076405
24509646236942,24510088289486
24509646236942,24510241705193
24509646236942,24510587975672
24510591177547,24510587975672
24510591177547,24510827213506
24510591177547,24510972373040
24510591177547,24511252342099
24510591177547,24511425296655
24511428688397,24511425296655
24511428688397,24511602830729
24511428688397,24511763507499
24511428688397,24511955336953
24511428688397,24512330443582
24512347867492,24512330443582
24512347867492,24512622968910
24512347867492,24512774032835
24512347867492,24512956066913
24512347867492,24513286302694
24513295406306,24513286302694
24513295406306,24513555703637
24513295406306,24513712704674
24513295406306,24513931520040
24513295406306,24514120314368
24514155939969,24514120314368
24514155939969,24514321070063
24514155939969,24514544124146
24514155939969,24514723436498
24514726588113,24514723436498
24514726588113,24514918220609
24514726588113,24515106055907
24514726588113,24515305544227
24514726588113,24515535598246
24514726588113,24516090957730
24516094603157,24516090957730
24516094603157,24516326067871
24516094603157,24516472622104
24516094603157,24516696742923
24516094603157,24516953664500
24517001803121,24516953664500
24517001803121,24517293394786
24517001803121,24517434831702
24517001803121,24517688075189
24517001803121,24518056366568
24518059907951,24518056366568
24518059907951,24518246971885
24518059907951,24518468019056
24518059907951,24518665308642
24518059907951,24518847375030
24518863804507,24518847375030
24518863804507,24519121599643
24518863804507,24519340156600
24518863804507,24519568655999
24518863804507,24519744612881
24519806769590,24519744612881
24519806769590,24520012092808
24519806769590,24520150906076
24519806769590,24520345704899
24519806769590,24520803684335
24520806105085,24520803684335
24520806105085,24521017932295
24520806105085,24521275029652
24520806105085,24521480251236
24521482665921,24521480251236
24521482665921,24521672052461
24521482665921,24521822533586
24521482665921,24521981498007
24521482665921,24522192270851
24522194058452,24522192270851
24522194058452,24522431169775
24522194058452,24522583273692
24522194058452,24522689962293
24522194058452,24523062257609
24522194058452,24523595306356
24523609041325,24523595306356
24523609041325,24523864387600
24523609041325,24524013115749
24523609041325,24524199336344
24524205135538,24524199336344
24524205135538,24524396441082
24524205135538,24524569570070
24524205135538,24524723613900
24524205135538,24524888293327
24524205135538,24525371637710
24525373976986,24525371637710
24525373976986,24525632942765
24525373976986,24525791730631
24525373976986,24526261299422
24525373976986,24526404228585
24525373976986,24526556238618
24526557865850,24526556238618
24526557865850,24526702921271
24526557865850,24526919972437
24526557865850,24527491300770
24527552702147,24527491300770
24527552702147,24527740812826
24527552702147,24527928071141
24527552702147,24528117448487
24527552702147,24528496843330
24528501928777,24528496843330
24528501928777,24528736249829
24528501928777,24528896260271
24528501928777,24529071374110
24528501928777,24529299807833
24529362960758,24529299807833
24529362960758,24529569951707
24529362960758,24529734264254
24529362960758,24529883848181
24529886259971,24529883848181
24529886259971,24530040724477
24529886259971,24530223151462
24529886259971,24530450518069
24529886259971,24530712570502
24529886259971,24531250859429
24531276922556,24531250859429
24531276922556,24531543090197
24531276922556,24531676148701
24531276922556,24531817330662
24531276922556,24532217112739
24532218859474,24532217112739
24532218859474,24532439958979
24532218859474,24532652208232
24532218859474,24532825288594
24532827051838,24532825288594
24532827051838,24533001273016
24532827051838,24533137967615
24532827051838,24533315150515
24532827051838,24533579716872
24532827051838,24533984787440
24534125152670,24533984787440
24534125152670,24534362887605
24534125152670,24534565282352
24534125152670,24534775083018
24534125152670,24535019604032
24535111926331,24535019604032
24535111926331,24535285464488
24535111926331,24535491844689
24535111926331,24535673544698
24535111926331,24536117577937
24536130483750,24536117577937
24536130483750,24536305656812
24536130483750,24536508152129
24536130483750,24536822070685
24536823974759,24536822070685
24536823974759,24536993977131
24536823974759,24537155279785
24536823974759,24537317769928
24536823974759,24537475464401
24536823974759,24537904702675
24538023402767,24537904702675
24538023402767,24538219311069
24538023402767,24538488712796
24538023402767,24538633228294
24538023402767,24538985222666
24538987875049,24538985222666
24538987875049,24539211216181
24538987875049,24539468085336
24538987875049,24539657496873
24539659424390,24539657496873
24539659424390,24539950920793
24539659424390,24540155617455
24539659424390,24540281115443
24539659424390,24540437507611
24539659424390,24540813289704
24540867497121,24540813289704
24540867497121,24541135396399
24540867497121,24541281398897
24540867497121,24541482903001
24541485827524,24541482903001
24541485827524,24541731840469
24541485827524,24541905504196
24541485827524,24542053174220
24541485827524,24542215159610
24541485827524,24542602282748
24542751938126,24542602282748
24542751938126,24542934526480
24542751938126,24543137793958
24542751938126,24543294171383
24543297098189,24543294171383
24543297098189,24543517056678
24543297098189,24543669132210
24543297098189,24543844249814
24543297098189,24544147290934
24543297098189,24544457074525
24544634817938,24544457074525
24544634817938,24544863452988
24544634817938,24545050136946
24544634817938,24545174355796
24544634817938,24545606352106
24545608652535,24545606352106
24545608652535,24545844565660
24545608652535,24546009444430
24545608652535,24546097960524
24546418350323,24546097960524
24546418350323,24546631141998
24546418350323,24546854977446
24546418350323,24547093602485
24546418350323,24547372590958
24546418350323,24547792229714
24547814232221,24547792229714
24547814232221,24548070449997
24547814232221,24548271407568
24547814232221,24548466613267
24547814232221,24548700446692
24548703978118,24548700446692
24548703978118,24548974530911
24548703978118,24549117536482
24548703978118,24549277239958
24548703978118,24549498087576
24549569384697,24549498087576
24549569384697,24549781709084
24549569384697,24549976161633
24549569384697,24550220678842
24550223391631,24550220678842
24550223391631,24550461507903
24550223391631,24550614046794
24550223391631,24550792870469
24550223391631,24550989981929
24550223391631,24551475281939
24551560834732,24551475281939
24551560834732,24551765066939
24551560834732,24552007207760
24551560834732,24552240243396
24552242390728,24552240243396
24552242390728,24552494341423
24552242390728,24552769152671
24552242390728,24552925465777
24552242390728,24553085277566
24552242390728,24553412748787
24553528165675,24553412748787
24553528165675,24553730730917
24553528165675,24553944576295
24553528165675,24554116627321
24553528165675,24554421131739
24554442963501,24554421131739
24554442963501,24554703568582
24554442963501,24554844707677
24554442963501,24555076117990
24554442963501,24555338464889
24555423211575,24555338464889
24555423211575,24555577869931
24555423211575,24555854148522
24555423211575,24556014262729
24555423211575,24556345286522
24556425797262,24556345286522
24556425797262,24556631581452
24556425797262,24556858307300
24556425797262,24557049040813
24556425797262,24557328895323
24557330153542,24557328895323
24557330153542,24557630590105
24557330153542,24557783303342
24557330153542,24557947662786
24557950935666,24557947662786
24557950935666,24558134402826
24557950935666,24558288682613
24557950935666,24558459172772
24557950935666,24558641883954
24557950935666,24559164400908
24559252475031,24559164400908
24559252475031,24559383543367
24559252475031,24559683104478
24559252475031,24559852294338
24559252475031,24560074704057
24560202234147,24560074704057
24560202234147,24560432049788
24560202234147,24560639286408
24560202234147,24560774419031
24560777221385,24560774419031
24560777221385,24561096043882
24560777221385,24561232095211
24560777221385,24561416120378
24560777221385,24561624792958
24560777221385,24562076028748
24562195567370,24562076028748
24562195567370,24562442129098
24562195567370,24562608035340
24562195567370,24562775305103
24562777978974,24562775305103
24562777978974,24562950367171
24562777978974,24563094083642
24562777978974,24563324525698
24562777978974,24563611183204
24562777978974,24564506091772
24564508479149,24564506091772
24564508479149,24564722189044
24564508479149,24564862396063
24564508479149,24564978469336
24564980764681,24564978469336
24564980764681,24565174391831
24564980764681,24565328448663
24564980764681,24565478777258
24564980764681,24565857770614
24564980764681,24566321351650
24566332125111,24566321351650
24566332125111,24566605264472
24566332125111,24566769706181
24566332125111,24566928781291
24566332125111,24567318596287
24567369313691,24567318596287
24567369313691,24567598366199
24567369313691,24567848207319
24567369313691,24568042353891
24567369313691,24568199875239
24568253054474,24568199875239
24568253054474,24568531439175
24568253054474,24568660392039
24568253054474,24568883705597
24568253054474,24569119733924
24569143910288,24569119733924
24569143910288,24569429339517
24569143910288,24569558822854
24569143910288,24569726222122
24569143910288,24570022494365
24570107745089,24570022494365
24570107745089,24570322395437
24570107745089,24570560263320
24570107745089,24570773255518
24570107745089,24570922110369
24571021841009,24570922110369
24571021841009,24571242368314
24571021841009,24571429088941
24571021841009,24571659273221
24571021841009,24571943326215
24572028179029,24571943326215
24572028179029,24572238921335
24572028179029,24572461307715
24572028179029,24572630990513
24572634097747,24572630990513
24572634097747,24572808823424
24572634097747,24572944464903
24572634097747,24573122416502
24572634097747,24573361224388
24572634097747,24573834830574
24573839208566,24573834830574
24573839208566,24574031120124
24573839208566,24574232031258
24573839208566,24574456137222
24573839208566,24574660090052
24574711450828,24574660090052
24574711450828,24574942281811
24574711450828,24575082773092
24574711450828,24575338212702
24574711450828,24575653666006
24575674101757,24575653666006
24575674101757,24575906206453
24575674101757,24576091200802
24575674101757,24576311958797
24575674101757,24576713214240
24576718264572,24576713214240
24576718264572,24576929204984
24576718264572,24577108502637
24576718264572,24577253232458
24576718264572,24577495192698
24577529982930,24577495192698
24577529982930,24577745699020
24577529982930,24577909387267
24577529982930,24578166164148
24577529982930,24578414846253
24578458178803,24578414846253
24578458178803,24578740838869
24578458178803,24578910454861
24578458178803,24579073321541
24579075307686,24579073321541
24579075307686,24579354692267
24579075307686,24579513273979
24579075307686,24579699358062
24579075307686,24580008027321
24579075307686,24580422793995
24580424275900,24580422793995
24580424275900,24580665710002
24580424275900,24580828738643
24580424275900,24581079643085
24580424275900,24581370382728
24581397773576,24581370382728
24581397773576,24581666689925
24581397773576,24581827090598
24581397773576,24581966584239
24581397773576,24582347038741
24582348806201,24582347038741
24582348806201,24582599035409
24582348806201,24582838981304
24582348806201,24583017993657
24582348806201,24583206995871
24583296678824,24583206995871
24583296678824,24583562134445
24583296678824,24583780680101
24583296678824,24583949225401
24583963055149,24583949225401
24583963055149,24584134435655
24583963055149,24584654683918
24583963055149,24584834754644
24585011775124,24584834754644
24585011775124,24584998255303
24585011775124,24585229468886
24585011775124,24585402865247
24585011775124,24585596930463
24585011775124,24585829602570
24585011775124,24586358455939
24586360588373,24586358455939
24586360588373,24586581588023
24586360588373,24586768239724
24586360588373,24586980602024
24586360588373,24587255946457
24587358574320,24587255946457
24587358574320,24587554367450
24587358574320,24587735820933
24587358574320,24587896447171
24587358574320,24588145370605
24588230791880,24588145370605
24588230791880,24588488233591
24588230791880,24588610265436
24588230791880,24588763241250
24588868144744,24588763241250
24588868144744,24589084351277
24588868144744,24589203084655
24588868144744,24589385256254
24588868144744,24589560791433
24588868144744,24589966620805
24590060146895,24589966620805
24590060146895,24590319610507
24590060146895,24590459023432
24590060146895,24590625310533
24590060146895,24590967252800
24590990193526,24590967252800
24590990193526,24591220867444
24590990193526,24591494138484
24590990193526,24591675691157
24590990193526,24591877290755
24591968255379,24591877290755
24591968255379,24592206566440
24591968255379,24592397357799
24591968255379,24592600346310
24591968255379,24592920866375
24592923454889,24592920866375
24592923454889,24593128266622
24592923454889,24593279116762
24592923454889,24593490380032
24592923454889,24593941412319
24593953372600,24593941412319
24593953372600,24594222391554
24593953372600,24594396176433
24593953372600,24594568176109
24594569969092,24594568176109
24594569969092,24594797235952
24594569969092,24594986552553
24594569969092,24595199346927
24594569969092,24595467575996
24594569969092,24595833244344
24595957810443,24595833244344
24595957810443,24596193347215
24595957810443,24596390469430
24595957810443,24596550507906
24595957810443,24596935715290
24597013411596,24596935715290
24597013411596,24597249470287
24597013411596,24597462922523
24597013411596,24597727838562
24597730480809,24597727838562
24597730480809,24597987220202
24597730480809,24598165621235
24597730480809,24598328221819
24597730480809,24598495706015
24597730480809,24598963535692
24599037810461,24598963535692
24599037810461,24599270040416
24599037810461,24599509400819
24599037810461,24599716529127
24599037810461,24599902767617
24599905161069,24599902767617
24599905161069,24600075794609
24599905161069,24600284188805
24599905161069,24600508341747
24599905161069,24600954250051
24600958291409,24600954250051
24600958291409,24601227158690
24600958291409,24601413376436
24600958291409,24601606699900
24600958291409,24601995301890
24602019250158,24601995301890
24602019250158,24602216980065
24602019250158,24602452294123
24602019250158,24602633274496
24602019250158,24602921315467
24602992963426,24602921315467
24602992963426,24603274556145
24602992963426,24603799740074
24602992963426,24604039156437
24602992963426,24604218923010
24602992963426,24604472361588
24604268877924,24604472361588
24604268877924,24604748475054
24604268877924,24604897284950
24604268877924,24605110049248
24604268877924,24605352521075
24605177131192,24605352521075
24605177131192,24605583637652
24605177131192,24605764171897
24605177131192,24606055609247
24606060149101,24606055609247
24606060149101,24606266251437
24606060149101,24606576341260
24606060149101,24606735120546
24606060149101,24606962453982
24607013875527,24606962453982
24607013875527,24607274466507
24607013875527,24607421051144
24607013875527,24607603163735
24607013875527,24607918274413
24607935494220,24607918274413
24607935494220,24608177898123
24607935494220,24608354116993
24607935494220,24608548441610
24608552433175,24608548441610
24608552433175,24608774385611
24608552433175,24608953259333
24608552433175,24609108754632
24608552433175,24609251247174
24608552433175,24609635336019
24609750211744,24609635336019
24609750211744,24609946892895
24609750211744,24610193298835
24609750211744,24610341423072
24609750211744,24610697968821
24610770796969,24610697968821
24610770796969,24611028308736
24610770796969,24611212571636
24610770796969,24611407166202
24610770796969,24611685063108
24611688644550,24611685063108
24611688644550,24611982644807
24611688644550,24612138084892
24611688644550,24612300535144
24611688644550,24612576475192
24612639436464,24612576475192
24612639436464,24612899686086
24612639436464,24613073692993
24612639436464,24613304711675
24612639436464,24613732081901
24613751837783,24613732081901
24613751837783,24614001856758
24613751837783,24614190843918
24613751837783,24614421935182
24613751837783,24614626447319
24614637413666,24614626447319
24614637413666,24614893557272
24614637413666,24615033280105
24614637413666,24615208670090
24614637413666,24615495898408
24615573641939,24615495898408
24615573641939,24615816953454
24615573641939,24616032581844
24615573641939,24616216640295
24615573641939,24616515644772
24616561567608,24616515644772
24616561567608,24616835406552
24616561567608,24616996663105
24616561567608,24617186498978
24617188197335,24617186498978
24617188197335,24617377062308
24617188197335,24617565875804
24617188197335,24617747577124
24617188197335,24617915796152
24617188197335,24618349436045
24618360214145,24618349436045
24618360214145,24618583518608
24618360214145,24618750208148
24618360214145,24618951508896
24618360214145,24619224504083
24619305553811,24619224504083
24619305553811,24619555095892
24619305553811,24619768420236
24619305553811,24619980174974
24619305553811,24620358931970
24620478788006,24620358931970
24620478788006,24620641676290
24620478788006,24620784249765
24620478788006,24620964532087
24620478788006,24621125428286
24621205736604,24621125428286
24621205736604,24621458932259
24621205736604,24621657254934
24621205736604,24621791917968
24621205736604,24622055088732
24621205736604,24622347394095
24622118016016,24622347394095
24622118016016,24622581328647
24622118016016,24622755970908
24622118016016,24623136126148
24623192057618,24623136126148
24623192057618,24623381498108
24623192057618,24623546482799
24623192057618,24623701984661
24623192057618,24623922118649
24623192057618,24624118688185
