24133137312434,24133726302371
24133137312434,24134183146849
24134195488898,24134183146849
24134195488898,24134488678544
24134195488898,24134717873138
24134195488898,24135002275319
24135020958859,24135002275319
24135020958859,24135378023913
24135020958859,24135593832836
24135020958859,24135760441536
24135020958859,24135931329256
24135020958859,24136128147206
24136130015657,24136128147206
24136130015657,24136573394889
24136130015657,24136711637832
24136130015657,24137044692385
24136130015657,24137227333579
24137229925645,24137227333579
24137229925645,24137390173638
24137229925645,24137545391795
24137229925645,24137697554364
24137229925645,24138040347784
24138093950877,24138040347784
24138093950877,24138310512369
24138093950877,24138615101646
24138093950877,24138837445006
24138093950877,24139083341430
24139155641649,24139083341430
24139155641649,24139356157090
24139155641649,24139524967509
24139155641649,24139793499789
24139155641649,24140035828020
24139155641649,24140305497879
24140139633562,24140305497879
24140139633562,24140512466414
24140139633562,24140705736872
24140139633562,24141039814292
24141042823048,24141039814292
24141042823048,24141288455142
24141042823048,24141547585059
24141042823048,24141768312911
24141042823048,24142030271111
24142116235457,24142030271111
24142116235457,24142347072761
24142116235457,24142551565243
24142116235457,24142748786443
24142116235457,24143035690289
24143043024882,24143035690289
24143043024882,24143285408101
24143043024882,24143457363431
24143043024882,24143622443358
24143043024882,24143918219714
24144034414931,24143918219714
24144034414931,24144300598958
24144034414931,24144536151085
24144034414931,24144707767654
24144711081853,24144707767654
24144711081853,24144933260566
24144711081853,24145068249442
24144711081853,24145285349438
24144711081853,24145465218116
24145547827856,24145465218116
24145547827856,24145755328972
24145547827856,24145933387824
24145547827856,24146129642646
24145547827856,24146558204770
24145547827856,24146881175828
24146883587675,24146881175828
24146883587675,24147147797241
24146883587675,24147297211870
24146883587675,24147469219330
24146883587675,24147806626974
24147866418948,24147806626974
24147866418948,24148090293974
24147866418948,24148334942007
24147866418948,24148559189638
24147866418948,24148747103083
24148562184439,24148747103083
24148562184439,24148881899773
24148562184439,24149068480450
24148562184439,24149318347147
24148562184439,24149684419499
24149777262181,24149684419499
24149777262181,24150038196754
24149777262181,24150225485993
24149777262181,24150665026341
24149777262181,24151001136861
24151048552235,24151001136861
24151048552235,24151267399527
24151048552235,24151427338965
24151048552235,24151627390895
24151048552235,24151925727430
24152046764570,24151925727430
24152046764570,24152223517950
24152046764570,24152455591788
24152046764570,24152570355658
24152046764570,24152970643787
24152046764570,24153283472975
24152976358925,24153283472975
24152976358925,24153506483093
24152976358925,24153694473078
24152976358925,24153900373573
24153935371113,24153900373573
24153935371113,24154214741752
24153935371113,24154356388338
24153935371113,24154569500923
24153935371113,24154872612215
24154934551209,24154872612215
24154934551209,24155174745185
24154934551209,24155363215310
24154934551209,24155486994662
24154934551209,24155996667241
24156003017418,24155996667241
24156003017418,24156196554672
24156003017418,24156406289333
24156003017418,24156597453490
24156003017418,24156947247032
24156950637726,24156947247032
24156950637726,24157278974625
24156950637726,24157507457141
24156950637726,24157630278226
24157632748849,24157630278226
24157632748849,24157818147085
24157632748849,24157987316484
24157632748849,24158128821166
24157632748849,24158375543993
24158391371777,24158375543993
24158391371777,24158668381275
24158391371777,24158914229744
24158391371777,24159130758792
24158391371777,24159415231540
24158391371777,24159629334845
24159704436881,24159629334845
24159704436881,24159992030964
24159704436881,24160139555186
24159704436881,24160338367125
24160341803734,24160338367125
24160341803734,24160541710613
24160341803734,24160691535314
24160341803734,24160859143363
24160341803734,24161041749439
24160341803734,24161581075242
24161597255180,24161581075242
24161597255180,24161825353786
24161597255180,24162012060150
24161597255180,24162222395695
24161597255180,24162508781104
24162509786141,24162508781104
24162509786141,24162719638348
24162509786141,24162879805959
24162509786141,24163041391881
24162509786141,24163358571176
24163374387434,24163358571176
24163374387434,24163631672537
24163374387434,24163857303809
24163374387434,24164092585437
24164096159750,24164092585437
24164096159750,24164267102448
24164096159750,24164415773732
24164096159750,24164570205627
24164096159750,24164723596441
24164096159750,24165153980052
24165287619435,24165153980052
24165287619435,24165532413047
24165287619435,24165655886688
24165287619435,24165854087812
24165287619435,24166432304643
24166436735662,24166432304643
24166436735662,24166628506591
24166436735662,24166780281454
24166436735662,24166972388114
24166976856986,24166972388114
24166976856986,24167207823406
24166976856986,24167363679599
24166976856986,24167502730963
24166976856986,24167720441708
24166976856986,24168168353714
24168171250812,24168168353714
24168171250812,24168434741102
24168171250812,24168607304787
24168171250812,24168781836183
24168171250812,24169031342964
24169058499889,24169031342964
24169058499889,24169243917459
24169058499889,24169481203149
24169058499889,24169668371815
24169058499889,24170051673231
24170054270471,24170051673231
24170054270471,24170226217372
24170054270471,24170406993795
24170054270471,24170615327295
24170054270471,24170813760361
24170854462919,24170813760361
24170854462919,24171060278862
24170854462919,24171284887040
24170854462919,24171505586061
24170854462919,24171774647692
24171782088625,24171774647692
24171782088625,24171984363160
24171782088625,24172151759454
24171782088625,24172375002820
24171782088625,24172782635034
24172785348173,24172782635034
24172785348173,24173032114183
24172785348173,24173317763729
24172785348173,24173499226298
24173319907763,24173499226298
24173319907763,24173650187272
24173319907763,24173813332355
24173319907763,24174000428399
24173319907763,24174165677114
24174312501830,24174165677114
24174312501830,24174498775868
24174312501830,24174659460713
24174312501830,24174843432336
24174312501830,24175037287059
24174312501830,24175517190367
24174312501830,24175715645874
24175535287746,24175715645874
24175535287746,24175902484867
24175535287746,24176095331041
24175535287746,24176428544831
24176474177935,24176428544831
24176474177935,24176697953608
24176474177935,24176939579453
24176474177935,24177121505039
24176474177935,24177461276019
24177464385941,24177461276019
24177464385941,24177756422247
24177464385941,24177923580624
24177464385941,24178078130414
24177464385941,24178234690863
24178354596819,24178234690863
24178354596819,24178588696213
24178354596819,24178780406671
24178354596819,24178931572828
24178934437754,24178931572828
24178934437754,24179180103694
24178934437754,24179326240910
24178934437754,24179512404176
24178934437754,24179781233832
24178934437754,24180038615707
24179783611187,24180038615707
24179783611187,24180227777900
24179783611187,24180397811620
24179783611187,24180565969463
24179783611187,24181006642663
24181044711575,24181006642663
24181044711575,24181264296529
24181044711575,24181414698786
24181044711575,24181642234694
24181044711575,24181935720108
24182005808069,24181935720108
24182005808069,24182212505844
24182005808069,24182418808744
24182005808069,24182609490378
24182005808069,24182969598439
24182971831532,24182969598439
24182971831532,24183200343247
24182971831532,24183345426806
24182971831532,24183523759041
24182971831532,24183751502462
24183846986191,24183751502462
24183846986191,24184003126175
24183846986191,24184263668141
24183846986191,24184444612933
24184446937615,24184444612933
24184446937615,24184679458516
24184446937615,24184841642896
24184446937615,24185009882075
24184446937615,24185190021217
24184446937615,24185646418773
24185791427634,24185646418773
24185791427634,24186015626223
24185791427634,24186179939500
24185791427634,24186439187601
24185791427634,24186746920293
24186782480584,24186746920293
24186782480584,24186996186711
24186782480584,24187197164288
24186782480584,24187436237889
24187437853636,24187436237889
24187437853636,24187596650473
24187437853636,24187733522127
24187437853636,24187887353677
24187437853636,24188248329209
24187437853636,24188525318785
24188629516027,24188525318785
24188629516027,24188843055966
24188629516027,24189003389274
24188629516027,24189304626671
24188629516027,24189542572953
24188629516027,24189718547208
24189556503277,24189718547208
24189556503277,24189905155395
24189556503277,24190115058818
24190116691259,24190115058818
24190116691259,24190393261149
24190116691259,24190567929226
24190116691259,24190770113079
24190116691259,24191031151542
24190116691259,24191479367393
24191503754776,24191479367393
24191503754776,24191773706756
24191503754776,24191956336565
24191503754776,24192135116119
24191503754776,24192468441834
24192472138309,24192468441834
24192472138309,24192712436167
24192472138309,24192892267237
24192472138309,24193013949135
24192472138309,24193477130729
24193479800312,24193477130729
24193479800312,24193666679309
24193479800312,24193823831884
24193479800312,24194000330741
24193479800312,24194265424481
24194314499100,24194265424481
24194314499100,24194644102017
24194314499100,24194809792420
24194314499100,24195014658583
24194314499100,24195247886743
24195250259385,24195247886743
24195250259385,24195499265179
24195250259385,24195708936161
24195250259385,24195881945398
24195884445680,24195881945398
24195884445680,24196051325435
24195884445680,24196242689489
24195884445680,24196453980095
24195884445680,24196652947912
24195884445680,24197037482413
24197085414893,24197037482413
24197085414893,24197317201271
24197085414893,24197537190838
24197085414893,24197698641183
24197702131214,24197698641183
24197702131214,24197899519168
24197702131214,24198064627810
24197702131214,24198241341180
24197702131214,24198443289648
24197702131214,24198888846387
24198926350968,24198888846387
24198926350968,24199083232573
24198926350968,24199335671271
24198926350968,24199479223499
24199481161596,24199479223499
24199481161596,24199739871703
24199481161596,24199884980414
24199481161596,24200080753883
24199481161596,24200345461044
24199481161596,24200859904592
24200890303092,24200859904592
24200890303092,24201152451910
24200890303092,24201320383102
24200890303092,24201480551552
24200890303092,24201769445896
24201772842339,24201769445896
24201772842339,24202034264895
24201772842339,24202173435345
24201772842339,24202347755520
24201772842339,24202655929251
24202729018061,24202655929251
24202729018061,24202980931518
24202729018061,24203158314602
24202729018061,24203364930499
24203366677010,24203364930499
24203366677010,24203657059826
24203366677010,24203860036043
24203366677010,24204268502063
24203366677010,24204456398965
24203366677010,24204957822565
24205074314917,24204957822565
24205074314917,24205315115525
24205074314917,24205440459153
24205074314917,24205662593158
24205074314917,24206029763555
24206347806746,24206029763555
24206347806746,24206574681908
24206347806746,24206795849101
24206347806746,24206962472551
24206967078395,24206962472551
24206967078395,24207126896783
24206967078395,24207336117054
24206967078395,24207486761763
24206967078395,24207799275924
24207827482248,24207799275924
24207827482248,24208075348746
24207827482248,24208222820157
24207827482248,24208390441462
24207827482248,24208665253246
24207827482248,24209228732007
24207827482248,24209446088417
24209251408127,24209446088417
24209251408127,24209681018412
24209251408127,24209933113541
24209251408127,24210223296853
24210295831022,24210223296853
24210295831022,24210506712269
24210295831022,24210698206015
24210295831022,24210919227026
24210295831022,24211242297616
24211390192256,24211242297616
24211390192256,24211560399564
24211390192256,24211806708437
24211390192256,24212020719070
24212023673827,24212020719070
24212023673827,24212241249927
24212023673827,24212458210789
24212023673827,24212622285867
24212023673827,24212751518020
24212023673827,24213155556980
24213177834414,24213155556980
24213177834414,24213454636963
24213177834414,24213621370663
24213177834414,24213811185817
24213813953599,24213811185817
24213813953599,24214041608362
24213813953599,24214238136131
24213813953599,24214428887810
24213813953599,24214661336413
24213813953599,24215029873052
24215097577332,24215029873052
24215097577332,24215385978761
24215097577332,24215546019608
24215097577332,24215804597767
24215097577332,24216029978961
24216123816947,24216029978961
24216123816947,24216343295694
24216123816947,24216636443521
24216123816947,24216820879932
24216123816947,24217036157071
24217048326429,24217036157071
24217048326429,24217278275539
24217048326429,24217449444811
24217048326429,24217540102801
24217541747817,24217540102801
24217541747817,24217793375157
24217541747817,24218049384015
24217541747817,24218295607145
24217541747817,24218475031516
24218487934196,24218475031516
24218487934196,24218739308742
24218487934196,24218955419683
24218487934196,24219135982671
24218487934196,24219392925595
24218487934196,24219886375312
24219889357383,24219886375312
24219889357383,24220199000115
24219889357383,24220426178903
24219889357383,24220707427651
24219889357383,24220925429514
24220927810562,24220925429514
24220927810562,24221171274033
24220927810562,24221306354686
24220927810562,24221465916598
24220927810562,24221843816117
24221897553668,24221843816117
24221897553668,24222125844192
24221897553668,24222311158390
24221897553668,24222539872611
24221897553668,24222844648612
24222848325004,24222844648612
24222848325004,24223021163200
24222848325004,24223217492305
24222848325004,24223470491372
24222848325004,24223707444803
24223716172731,24223707444803
24223716172731,24223936751240
24223716172731,24224097149674
24223716172731,24224361166045
24223716172731,24224622345157
24224704249054,24224622345157
24224704249054,24224986122133
24224704249054,24225239672834
24224704249054,24225446127198
24224704249054,24225675478315
24225695108459,24225675478315
24225695108459,24225925268532
24225695108459,24226108357851
24225695108459,24226301327279
24225695108459,24226563362082
24226635013098,24226563362082
24226635013098,24226881139870
24226635013098,24227037908423
24226635013098,24227268248427
24226635013098,24227539186304
24227541835072,24227539186304
24227541835072,24227753458354
24227541835072,24227952690252
24227541835072,24228107305323
24227541835072,24228532364516
24228534676229,24228532364516
24228534676229,24228798390295
24228534676229,24228977377125
24228534676229,24229143610518
24228534676229,24229363697772
24229462993541,24229363697772
24229462993541,24229723216712
24229462993541,24229887701409
24229462993541,24230067270674
24229462993541,24230452507551
24230454992712,24230452507551
24230454992712,24230676534439
24230454992712,24230876828764
24230454992712,24231066599031
24230454992712,24231386750593
24231405715983,24231386750593
24231405715983,24231615554350
24231405715983,24231813314733
24231405715983,24231975867985
24231405715983,24232251603580
24232278469139,24232251603580
24232278469139,24232476605883
24232278469139,24232675135526
24232278469139,24232839639458
24232278469139,24233185802833
24233219691212,24233185802833
24233219691212,24233410109866
24233219691212,24233612348091
24233219691212,24233771346138
24233219691212,24234313694941
24234316434873,24234313694941
24234316434873,24234522474747
24234316434873,24234726811359
24234316434873,24234871923362
24234316434873,24235297745109
24235300254086,24235297745109
24235300254086,24235504693267
24235300254086,24235702173742
24235300254086,24235950496870
24235300254086,24236420192920
24236422584322,24236420192920
24236422584322,24236610432204
24236422584322,24236824252015
24236422584322,24237024351756
24236422584322,24237200684797
24237282923069,24237200684797
24237282923069,24237528317111
24237282923069,24237716712930
24237282923069,24237892441673
24237894469667,24237892441673
24237894469667,24238120150734
24237894469667,24238265993175
24237894469667,24238408123307
24237894469667,24238608264217
24238863590647,24238608264217
24238863590647,24239142350616
24238863590647,24239277910644
24238863590647,24239496454972
24238863590647,24239688411645
24238863590647,24239993953262
24240089843672,24239993953262
24240089843672,24240325348713
24240089843672,24240545677130
24240089843672,24240712481884
24240715189436,24240712481884
24240715189436,24240918078197
24240715189436,24241069246965
24240715189436,24241213733630
24240715189436,24241523321808
24240715189436,24241907361016
24241966742044,24241907361016
24241966742044,24242210405228
24241966742044,24242366884475
24241966742044,24242571811998
24241966742044,24242861148991
24242909988986,24242861148991
24242909988986,24243153289005
24242909988986,24243335421495
24242909988986,24243497828460
24242909988986,24243749765434
24243842334327,24243749765434
24243842334327,24244023534247
24243842334327,24244240228352
24243842334327,24244504734333
24243842334327,24244788069607
24244867804077,24244788069607
24244867804077,24245069235064
24244867804077,24245437410509
24244867804077,24245591235761
24244867804077,24245773553231
24245783400464,24245773553231
24245783400464,24246032274352
24245783400464,24246243809820
24245783400464,24246430926751
24245783400464,24246810331378
24246866679789,24246810331378
24246866679789,24247112800219
24246866679789,24247327071132
24246866679789,24247482722185
24247484978275,24247482722185
24247484978275,24247645980048
24247484978275,24247802264671
24247484978275,24248015749314
24247484978275,24248761963282
24247484978275,24249212329504
24249228881262,24249212329504
24249228881262,24249392188358
24249228881262,24249644077806
24249228881262,24249835405955
24249228881262,24250109738056
24250111472396,24250109738056
24250111472396,24250283846383
24250111472396,24250548434687
24250111472396,24250711324314
24250111472396,24250945173162
24251006094510,24250945173162
24251006094510,24251220410388
24251006094510,24251553203023
24251006094510,24251735102804
24251006094510,24251928938423
24251744376507,24251928938423
24251744376507,24252095001280
24251744376507,24252254930749
24251744376507,24252551895556
24251744376507,24252946764015
24252962651924,24252946764015
24252962651924,24253208964772
24252962651924,24253452002014
24253460813241,24253452002014
24253460813241,24253661776324
24253460813241,24253824904291
24253460813241,24253987682563
24253460813241,24254188282323
24253460813241,24254400119996
24253460813241,24254836427278
24254893138493,24254836427278
24254893138493,24255210614359
24254893138493,24255384545924
24254893138493,24255549170019
24254893138493,24255733056169
24255822192640,24255733056169
24255822192640,24256107065172
24255822192640,24256245049309
24255822192640,24256422734823
24256424742540,24256422734823
24256424742540,24256706332172
24256424742540,24256927333344
24256424742540,24257077318446
24256424742540,24257244663129
24256424742540,24257550295773
24257654854575,24257550295773
24257654854575,24257897621593
24257654854575,24258113801485
24257654854575,24258308478144
24257654854575,24258543254184
24258592611448,24258543254184
24258592611448,24258807320122
24258592611448,24258994084378
24258592611448,24259178984666
24259181210832,24259178984666
24259181210832,24259394670184
24259181210832,24259628598369
24259181210832,24259812358629
24259181210832,24259965881931
24259181210832,24260467411139
24260470892538,24260467411139
24260470892538,24260710156396
24260470892538,24260851937954
24260470892538,24261080985213
24261082212181,24261080985213
24261082212181,24261284245261
24261082212181,24261460073561
24261082212181,24261632099864
24261082212181,24261880265975
24261082212181,24262478424521
24262490032059,24262478424521
24262490032059,24262732924566
24262490032059,24262887648215
24262490032059,24263054158808
24262490032059,24263407914658
24263424776455,24263407914658
24263424776455,24263674412109
24263424776455,24263859179503
24263424776455,24264030395299
24264032593671,24264030395299
24264032593671,24264300366620
24264032593671,24264445159307
24264032593671,24264634401359
24264032593671,24264792202923
24264793569306,24264792202923
24264793569306,24265042129016
24264793569306,24265195942483
24264793569306,24265444487727
24264793569306,24265717176040
24265863295672,24265717176040
24265863295672,24266093150332
24265863295672,24266259121153
24265863295672,24266413386139
24265863295672,24266628260581
24265863295672,24267007303228
24267029688549,24267007303228
24267029688549,24267220957877
24267029688549,24267391377796
24267029688549,24267511354791
24267029688549,24268207891354
24268211545678,24268207891354
24268211545678,24268480439430
24268211545678,24268719370897
24268722217798,24268719370897
24268722217798,24268965277120
24268722217798,24269173575636
24268722217798,24269315403491
24268722217798,24269492143597
24268722217798,24269658258857
24268722217798,24270027391870
24270028999048,24270027391870
24270028999048,24270204777543
24270028999048,24270434111635
24270028999048,24270629855467
24270028999048,24270932562427
24270935432942,24270932562427
24270935432942,24271134031090
24270935432942,24271290830785
24270935432942,24271475203436
24271477917140,24271475203436
24271477917140,24271723264858
24271477917140,24271872376628
24271477917140,24272037115476
24271477917140,24272273761739
24271477917140,24272475212943
24272298315549,24272475212943
24272298315549,24272748211595
24272298315549,24272944416000
24272298315549,24273159739368
24272298315549,24273364475902
24273178760965,24273364475902
24273178760965,24273650059276
24273178760965,24273821344025
24273178760965,24274026224014
24273178760965,24274611833419
24274614832966,24274611833419
24274614832966,24274811660557
24274614832966,24274973765387
24274614832966,24275168789750
24274614832966,24275603951360
24275611600818,24275603951360
24275611600818,24275835637479
24275611600818,24276044388460
24275611600818,24276281799115
24275611600818,24276471714083
24276563457416,24276471714083
24276563457416,24276837436063
24276563457416,24277015667350
24276563457416,24277197491735
24277200532366,24277197491735
24277200532366,24277382570681
24277200532366,24277547673390
24277200532366,24277755309227
24277200532366,24278137526763
24278140535569,24278137526763
24278140535569,24278303061225
24278140535569,24278447510416
24278140535569,24278607212072
24278140535569,24279067771876
24278140535569,24279321239485
24279398665467,24279321239485
24279398665467,24279646116135
24279398665467,24279830475474
24279398665467,24280009087305
24280014894374,24280009087305
24280014894374,24280233368064
24280014894374,24280398195594
24280014894374,24280550567635
24280014894374,24280686102514
24280014894374,24281261745606
24281263810684,24281261745606
24281263810684,24281490823617
24281263810684,24281665286025
24281263810684,24281840965119
24281263810684,24282215299241
24282293822303,24282215299241
24282293822303,24282532640450
24282293822303,24282721271919
24282723737245,24282721271919
24282723737245,24282983047896
24282723737245,24283148590643
24282723737245,24283318346125
24282723737245,24283474191435
24282723737245,24283632107758
24283633992651,24283632107758
24283633992651,24283850523846
24283633992651,24284051298739
24283633992651,24284209396536
24283633992651,24284570186007
24283633992651,24285252234847
24285285584594,24285252234847
24285285584594,24285513692349
24285285584594,24285700834887
24285285584594,24285901217655
24285285584594,24286300720753
24286303908240,24286300720753
24286303908240,24286470085587
24286303908240,24286673656479
24286303908240,24286866336512
24286869950896,24286866336512
24286869950896,24287095484209
24286869950896,24287245399759
24286869950896,24287365353089
24286869950896,24287504638224
24286869950896,24287927086589
24288067929637,24287927086589
24288067929637,24288283578201
24288067929637,24288417086730
24288067929637,24288570549116
24288573278306,24288570549116
24288573278306,24288814238555
24288573278306,24289040269785
24288573278306,24289210348456
24288573278306,24289405461955
24288573278306,24289941942913
24289944458489,24289941942913
24289944458489,24290264692747
24289944458489,24290435584290
24289944458489,24290599070589
24290602105730,24290599070589
24290602105730,24290811688583
24290602105730,24290937835302
24290602105730,24291097101614
24290602105730,24291368320899
24290602105730,24291782395653
24291809148178,24291782395653
24291809148178,24292013375709
24291809148178,24292169931265
24291809148178,24292402920734
24292406638537,24292402920734
24292406638537,24292627828185
24292406638537,24292754386805
24292406638537,24292933118330
24292406638537,24293136534967
24292406638537,24293598350619
24293632056147,24293598350619
24293632056147,24293891333596
24293632056147,24294018812694
24293632056147,24294168871906
24293632056147,24294580886009
24294592272674,24294580886009
24294592272674,24294889850864
24294592272674,24295100172569
24294592272674,24295306201809
24294592272674,24295497850299
24295639741505,24295497850299
24295639741505,24295857348344
24295639741505,24296024242895
24295639741505,24296181847696
24296184687541,24296181847696
24296184687541,24296468334660
24296184687541,24296660989384
24296184687541,24296868484176
24296184687541,24296993248900
24296184687541,24297429302998
24297555815388,24297429302998
24297555815388,24297800160570
24297555815388,24297929976840
24297555815388,24298085316460
24297555815388,24298450267489
24298533743905,24298450267489
24298533743905,24298799156067
24298533743905,24298970310088
24298533743905,24299179323237
24299181869870,24299179323237
24299181869870,24299354270278
24299181869870,24299494668719
24299181869870,24299634342180
24299181869870,24299827584987
24299181869870,24300451255241
24300453658519,24300451255241
24300453658519,24300692302790
24300453658519,24300839169837
24300453658519,24301106418125
24301108049639,24301106418125
24301108049639,24301302778331
24301108049639,24301459096353
24301108049639,24301617539643
24301108049639,24301860322094
24301887461468,24301860322094
24301887461468,24302149340405
24301887461468,24302358862408
24301887461468,24302509020001
24301887461468,24302732228995
24302891722316,24302732228995
24302891722316,24303111302944
24302891722316,24303280205906
24302891722316,24303473017449
24302891722316,24303835453236
24304103334947,24303835453236
24304103334947,24304294197929
24304103334947,24304447278876
24304103334947,24304614717165
24304103334947,24304757287897
24304103334947,24305324437659
24304103334947,24305688965812
24305546939927,24305688965812
24305546939927,24305945224965
24305546939927,24306097708661
24306100568439,24306097708661
24306100568439,24306319418632
24306100568439,24306443815036
24306100568439,24306627428888
24306100568439,24306873204346
24306100568439,24307360627164
24307363080078,24307360627164
24307363080078,24307646019632
24307363080078,24307825836774
24307363080078,24307981738181
24307985466470,24307981738181
24307985466470,24308227863353
24307985466470,24308343473069
24307985466470,24308515780751
24307985466470,24308693356500
24308750604863,24308693356500
24308750604863,24308938245600
24308750604863,24309159904896
24308750604863,24309413717788
24308750604863,24309582095814
24308750604863,24310129481903
24310131937632,24310129481903
24310131937632,24310324206087
24310131937632,24310470136537
24310131937632,24310699146818
24310131937632,24310897563966
24311046116682,24310897563966
24311046116682,24311247800340
24311046116682,24311418216564
24311046116682,24311674317133
24311046116682,24311917450142
24311946460513,24311917450142
24311946460513,24312192281785
24311946460513,24312373965030
24311946460513,24312593636928
24311946460513,24312885344692
24312887329098,24312885344692
24312887329098,24313090317137
24312887329098,24313258436995
24312887329098,24313389983345
24312887329098,24313788411268
24313798668536,24313788411268
24313798668536,24313981618217
24313798668536,24314159180035
24313798668536,24314394375003
24314396770017,24314394375003
24314396770017,24314614174745
24314396770017,24314785668537
24314396770017,24314925217906
24314396770017,24315062257838
24315181531151,24315062257838
24315181531151,24315417847346
24315181531151,24315609608669
24315181531151,24315827885777
24315181531151,24315994638119
24315181531151,24316516994875
24316520496738,24316516994875
24316520496738,24316758239829
24316520496738,24316910747298
24316520496738,24317071930162
24316520496738,24317372506747
24317375480284,24317372506747
24317375480284,24317582449039
24317375480284,24317810306377
24317375480284,24318005247626
24317375480284,24318225883265
24318282472877,24318225883265
24318282472877,24318532666333
24318282472877,24318725225444
24318282472877,24318871417849
24318282472877,24319251787114
24319273900767,24319251787114
24319273900767,24319530251919
24319273900767,24319725445759
24319273900767,24319834320411
24319273900767,24320231425309
24320264086925,24320231425309
24320264086925,24320529186636
24320264086925,24320732884759
24320264086925,24320956082341
24320264086925,24321241435942
24321243203564,24321241435942
24321243203564,24321451450641
24321243203564,24321615528539
24321243203564,24321788505340
24321243203564,24322181439500
24322183737617,24322181439500
24322183737617,24322354566012
24322183737617,24322509933909
24322183737617,24322683262821
24322183737617,24323035032241
24323039278060,24323035032241
24323039278060,24323257104579
24323039278060,24323466920005
24323039278060,24323705964155
24323039278060,24323971097771
24323995693949,24323971097771
24323995693949,24324243360065
24323995693949,24324462357366
24323995693949,24324667100060
24323995693949,24324897229271
24324899397984,24324897229271
24324899397984,24325178546959
24324899397984,24325341812103
24324899397984,24325556246349
24325558691989,24325556246349
24325558691989,24325766888997
24325558691989,24325934583559
24325558691989,24326083096145
24325558691989,24326386705423
24325558691989,24326770555809
24326928726100,24326770555809
24326928726100,24327176448010
24326928726100,24327328493991
24326928726100,24327457569291
24326928726100,24327782803551
24327785319958,24327782803551
24327785319958,24327974584850
24327785319958,24328167011142
24328197278245,24328167011142
24328197278245,24328380109810
24328197278245,24328585845112
24328197278245,24328737856725
24328197278245,24328873570066
24328197278245,24329122498347
24328197278245,24329492150075
24329548187030,24329492150075
24329548187030,24329768084540
24329548187030,24329937174665
24329548187030,24330111205181
24329548187030,24330440438908
24330456768934,24330440438908
24330456768934,24330699086702
24330456768934,24330865962119
24330456768934,24331044313919
24331046514175,24331044313919
24331046514175,24331215745074
24331046514175,24331423204697
24331046514175,24331595258869
24331046514175,24331719456654
24331046514175,24332167381985
24332182249557,24332167381985
24332182249557,24332415683473
24332182249557,24332640351378
24332182249557,24332775645823
24332182249557,24333065119808
24333088247939,24333065119808
24333088247939,24333346085009
24333088247939,24333554695719
24333088247939,24333743893430
24333088247939,24334029224682
24334033895494,24334029224682
24334033895494,24334218893231
24334033895494,24334361521460
24334033895494,24334536626564
24334033895494,24335042490788
24335050867577,24335042490788
24335050867577,24335290325713
24335050867577,24335465965331
24335050867577,24335647060798
24335649179308,24335647060798
24335649179308,24335853154834
24335649179308,24336016458479
24335649179308,24336162274277
24335649179308,24336385370268
24335649179308,24336952465698
24336954609447,24336952465698
24336954609447,24337173528676
24336954609447,24337357498671
24336954609447,24337567134819
24336954609447,24337885230971
24337887521298,24337885230971
24337887521298,24338158732677
24337887521298,24338299377915
24337887521298,24338476821546
24337887521298,24338669206964
24337887521298,24338980319062
24338768479069,24338980319062
24338768479069,24339163210726
24338768479069,24339292070479
24338768479069,24339659789547
24339492842985,24339659789547
24339492842985,24339829095308
24339492842985,24340002784521
24339492842985,24340165420166
24339492842985,24340667673250
24340770767583,24340667673250
24340770767583,24340972365799
24340770767583,24341226129570
24340770767583,24341385947630
24340770767583,24341590348108
24341670333291,24341590348108
24341670333291,24341834939958
24341670333291,24342131914689
24341670333291,24342334669389
24341670333291,24342628670115
24342630350180,24342628670115
24342630350180,24342896264616
24342630350180,24343036353161
24342630350180,24343168394759
24342630350180,24343478142077
24343571129734,24343478142077
24343571129734,24343795392173
24343571129734,24344023743212
24343571129734,24344186997705
24343571129734,24344415969819
24344511346948,24344415969819
24344511346948,24344662743683
24344511346948,24344976307689
24344511346948,24345162707186
24345164954772,24345162707186
24345164954772,24345328432431
24345164954772,24345510270305
24345164954772,24345731706008
24345164954772,24346245324635
24345164954772,24346644766578
24346761674596,24346644766578
24346761674596,24346987886961
24346761674596,24347144013811
24346761674596,24347315335485
24346761674596,24347667738552
24347670091446,24347667738552
24347670091446,24347929501785
24347670091446,24348057827298
24347670091446,24348193934750
24347670091446,24348581655793
24348583833607,24348581655793
24348583833607,24348831497311
24348583833607,24348956122523
24348583833607,24349426230595
24348583833607,24349770556246
24349791671113,24349770556246
24349791671113,24350016773483
24349791671113,24350184911277
24349791671113,24350422377917
24349791671113,24350682416930
24350735323544,24350682416930
24350735323544,24350929667079
24350735323544,24351146447500
24350735323544,24351367399632
24350735323544,24351726420228
24351729651443,24351726420228
24351729651443,24351922998546
24351729651443,24352085563612
24351729651443,24352282902471
24351729651443,24352721165000
24352723792095,24352721165000
24352723792095,24352955396053
24352723792095,24353069202727
24352723792095,24353246085821
24352723792095,24353576759911
24353685302106,24353576759911
24353685302106,24353891272209
24353685302106,24354129232581
24353685302106,24354324423877
24353685302106,24354600348910
24354670805973,24354600348910
24354670805973,24354971495973
24354670805973,24355137658402
24354670805973,24355307428002
24354670805973,24355694547030
24355703674821,24355694547030
24355703674821,24355926581751
24355703674821,24356122247506
24355703674821,24356317041870
24355703674821,24356625070040
24356655429729,24356625070040
24356655429729,24356890896572
24356655429729,24357089671789
24356655429729,24357234020382
24356655429729,24357528927749
24357536058279,24357528927749
24357536058279,24357750398508
24357536058279,24357907296643
24357536058279,24358060724162
24357536058279,24358387048437
24358495951832,24358387048437
24358495951832,24358727218661
24358495951832,24358934308983
24358495951832,24359140240406
24358495951832,24359353060322
24359388106760,24359353060322
24359388106760,24359636283073
24359388106760,24359793285054
24359388106760,24359993100994
24359388106760,24360402652969
24360406938134,24360402652969
24360406938134,24360654364059
24360406938134,24360799626737
24360406938134,24360990461068
24360406938134,24361176227253
24360406938134,24361543487540
24361386519544,24361543487540
24361386519544,24361704375505
24361386519544,24361916566827
24361921881753,24361916566827
24361921881753,24362092987878
24361921881753,24362258912390
24361921881753,24362436465162
24361921881753,24362581509468
24361921881753,24363078585926
24361921881753,24363267263848
24363079975756,24363267263848
24363079975756,24363509288919
24363079975756,24363743762994
24363079975756,24363855141245
24363994892073,24363855141245
24363994892073,24364218925351
24363994892073,24364381557454
24363994892073,24364537197999
24363994892073,24364885094315
24364886713881,24364885094315
24364886713881,24365102039589
24364886713881,24365310380496
24364886713881,24365451797095
24365456299663,24365451797095
24365456299663,24365673800965
24365456299663,24365794995624
24365456299663,24365948579866
24365456299663,24366231298923
24365456299663,24366637751241
24366706722231,24366637751241
24366706722231,24366930389457
24366706722231,24367352372721
24366706722231,24367504461824
24366706722231,24367755117208
24367757616388,24367755117208
24367757616388,24368008782743
24367757616388,24368314452034
24367757616388,24368451253241
24367757616388,24368601322376
24367757616388,24368764450922
24367757616388,24368921776168
24368766447632,24368921776168
24368766447632,24369084033335
24369086316252,24369084033335
24369086316252,24369345373938
24369086316252,24369535001046
24369086316252,24369709229438
24369086316252,24369960488234
24369992141361,24369960488234
24369992141361,24370250473618
24369992141361,24370465340465
24369992141361,24370630462670
24369992141361,24370984853033
24369992141361,24371291064191
24371369488662,24371291064191
24371369488662,24371714260657
24371369488662,24371900329289
24371369488662,24372083225608
24371369488662,24372282452607
24371369488662,24372550360631
24372370899427,24372550360631
24372370899427,24372814471915
24372370899427,24373040123627
24373042217342,24373040123627
24373042217342,24373201135395
24373042217342,24373340382255
24373042217342,24373523249402
24373042217342,24373676273036
24373042217342,24374190422806
24374236737491,24374190422806
24374236737491,24374521314636
24374236737491,24374735507683
24374236737491,24374889750351
24374236737491,24375117298567
24375152137321,24375117298567
24375152137321,24375396342529
24375152137321,24375542572365
24375152137321,24375732406622
24375734723421,24375732406622
24375734723421,24375954306428
24375734723421,24376093260765
24375734723421,24376208153914
24375734723421,24376531228868
24375734723421,24376976536815
24377034261594,24376976536815
24377034261594,24377276359951
24377034261594,24377439446908
24377034261594,24377579987791
24377034261594,24377960092193
24378010458179,24377960092193
24378010458179,24378249603011
24378010458179,24378366230788
24378010458179,24378524912722
24378533161792,24378524912722
24378533161792,24378773834611
24378533161792,24378991899264
24378533161792,24379237885500
24378533161792,24379470360854
24378533161792,24379889885822
24379989937883,24379889885822
24379989937883,24380236169954
24379989937883,24380435336650
24379989937883,24380657323182
24379989937883,24380825951292
24380659489283,24380825951292
24380659489283,24381035586758
24380659489283,24381204076168
24380659489283,24381397715086
24380659489283,24381937626731
24381939855299,24381937626731
24381939855299,24382138483254
24381939855299,24382284165881
24381939855299,24382486437505
24381939855299,24382616157896
24382488767980,24382616157896
24382488767980,24382788870869
24382488767980,24382972918591
24382488767980,24383264658664
24382488767980,24383759017030
24383761611601,24383759017030
24383761611601,24383979991718
24383761611601,24384175680721
24383761611601,24384547867967
24383761611601,24384978956233
24384982084898,24384978956233
24384982084898,24385189490921
24384982084898,24385379236709
24384982084898,24385537777690
24384982084898,24385881214845
24385941530524,24385881214845
24385941530524,24386191969182
24385941530524,24386395732190
24385941530524,24386555849852
24385941530524,24386938940173
24386947833232,24386938940173
24386947833232,24387209633665
24386947833232,24387417066579
24386947833232,24387581358227
24387583580948,24387581358227
24387583580948,24387716891736
24387583580948,24387939292887
24387583580948,24388118996749
24387583580948,24388385518845
24387583580948,24388759810348
24388763758840,24388759810348
24388763758840,24388976352845
24388763758840,24389252152139
24388763758840,24389436029983
24388763758840,24389687892007
24389708484976,24389687892007
24389708484976,24389953126729
24389708484976,24390067815855
24389708484976,24390251209650
24389708484976,24390571882128
24390574543332,24390571882128
24390574543332,24390808861050
24390574543332,24390990459232
24390574543332,24391202584505
24390574543332,24391465949857
24391591524496,24391465949857
24391591524496,24391819116353
24391591524496,24391987117913
24391591524496,24392156433428
24391591524496,24392507075322
24392510890483,24392507075322
24392510890483,24392676226187
24392510890483,24392880196336
24392510890483,24393082708891
24392510890483,24393433951055
24393452119126,24393433951055
24393452119126,24393737290701
24393452119126,24393915756096
24393452119126,24394071767147
24393452119126,24394352767902
24394354661223,24394352767902
24394354661223,24394611978813
24394354661223,24394814223097
24394354661223,24394971883872
24394354661223,24395232778205
24395311455597,24395232778205
24395311455597,24395500845445
24395311455597,24395736239222
24395311455597,24395977295391
24395311455597,24396259312969
24396290545343,24396259312969
24396290545343,24396482109511
24396290545343,24396644621254
24396290545343,24396825857116
24396829397639,24396825857116
24396829397639,24397085242405
24396829397639,24397229904094
24396829397639,24397390206059
24396829397639,24397648730686
24396829397639,24398290676788
24396829397639,24398506510713
24398292409509,24398506510713
24398292409509,24398694227600
24398292409509,24398892239873
24398292409509,24399183839411
24399186660369,24399183839411
24399186660369,24399436354938
24399186660369,24399670626417
24399186660369,24399833072988
24399186660369,24400027433383
24400041369160,24400027433383
24400041369160,24400273647944
24400041369160,24400432259975
24400041369160,24400569703567
24400041369160,24400962095292
24400998584407,24400962095292
24400998584407,24401206674293
24400998584407,24401399620054
24400998584407,24401591260319
24400998584407,24401860253091
24401933426311,24401860253091
24401933426311,24402206310669
24401933426311,24402341518993
24401933426311,24402507158491
24402509021995,24402507158491
24402509021995,24402677339084
24402509021995,24402843828360
24402509021995,24403084977335
24402509021995,24403283373720
24402509021995,24403692038390
24403880415625,24403692038390
24403880415625,24404186591061
24403880415625,24404387095245
24403880415625,24404532071386
24403880415625,24404683857196
24404709203867,24404683857196
24404709203867,24404888955586
24404709203867,24405063180403
24404709203867,24405217064613
24404709203867,24405701106824
24405704448590,24405701106824
24405704448590,24405879768428
24405704448590,24406141883113
24405704448590,24406332241257
24405704448590,24406450668338
24406645316318,24406450668338
24406645316318,24406842131220
24406645316318,24406950385469
24406645316318,24407124288417
24406645316318,24407332984984
24407408704586,24407332984984
24407408704586,24407699933891
24407408704586,24407869245221
24407408704586,24408027858075
24408031288980,24408027858075
24408031288980,24408233318143
24408031288980,24408398134465
24408031288980,24408615039970
24408031288980,24408885250402
24408031288980,24409172745197
24409230928997,24409172745197
24409230928997,24409431949167
24409230928997,24409676841092
24409230928997,24409877565256
24409230928997,24410091764709
24410138032535,24410091764709
24410138032535,24410367680373
24410138032535,24410573078253
24410138032535,24410774610406
24410776253705,24410774610406
24410776253705,24410960675488
24410776253705,24411150139627
24410776253705,24411311263983
24410776253705,24411471524938
24411566910524,24411471524938
24411566910524,24411800267787
24411566910524,24411985155741
24411566910524,24412173925388
24411566910524,24412411209168
24411566910524,24412989519358
24413038531004,24412989519358
24413038531004,24413264290303
24413038531004,24413469931001
24413038531004,24413690625824
24413038531004,24413893829813
24413914111433,24413893829813
24413914111433,24414101159069
24413914111433,24414280052594
24413914111433,24414469138231
24414471864926,24414469138231
24414471864926,24414730166056
24414471864926,24414875110483
24414471864926,24415076364814
24414471864926,24415355621200
24414471864926,24415797586523
24415818581308,24415797586523
24415818581308,24416088380101
24415818581308,24416330333657
24415818581308,24416539297480
24416541935677,24416539297480
24416541935677,24416768683952
24416541935677,24416929766005
24416541935677,24417095879032
24416541935677,24417216745250
24416541935677,24417748295392
24417749325420,24417748295392
24417749325420,24417971345746
24417749325420,24418134100783
24417749325420,24418307228146
24418337629501,24418307228146
24418337629501,24418537954689
24418337629501,24418760501085
24418337629501,24418960079795
24418337629501,24419225363023
24418337629501,24419757685660
24419764758548,24419757685660
24419764758548,24419989180091
24419764758548,24420254057086
24419764758548,24420424887464
24419764758548,24420794944926
24419764758548,24420960371919
24420797761770,24420960371919
24420797761770,24421147718949
24420797761770,24421363214357
24420797761770,24421651829969
24421654837326,24421651829969
24421654837326,24421885210496
24421654837326,24422065261100
24421654837326,24422249839293
24422259637037,24422249839293
24422259637037,24422499501523
24422259637037,24422662365163
24422259637037,24422820942968
24422259637037,24423002262757
24422259637037,24423448185807
24423520536593,24423448185807
24423520536593,24423738175277
24423520536593,24423957484481
24423520536593,24424103077666
24423520536593,24424495567644
24424518856638,24424495567644
24424518856638,24424740558155
24424518856638,24424971306525
24425013662020,24424971306525
24425013662020,24425202023791
24425013662020,24425310190265
24425013662020,24425477677755
24425013662020,24425680001522
24425013662020,24425899261831
24425013662020,24426417067622
24426430947407,24426417067622
24426430947407,24426606432073
24426430947407,24426845944282
24426430947407,24427004128596
24426430947407,24427128259049
24427006172222,24427128259049
24427006172222,24427324486087
24427006172222,24427499365933
24427006172222,24427713040636
24427887687212,24427713040636
24427887687212,24428071156596
24427887687212,24428230193343
24427887687212,24428460604944
24427887687212,24428624204999
24427887687212,24429129224042
24429135196007,24429129224042
24429135196007,24429338421230
24429135196007,24429496401557
24429135196007,24429686879245
24429135196007,24430004444916
24430080851632,24430004444916
24430080851632,24430271249154
24430080851632,24430489343045
24430080851632,24430641540592
24430080851632,24431005842302
24431011554445,24431005842302
24431011554445,24431144726723
24431011554445,24431418589614
24431011554445,24431644398598
24431646900792,24431644398598
24431646900792,24431924925551
24431646900792,24432083229795
24431646900792,24432239691910
24431646900792,24432455143400
24431646900792,24432911477793
24432914231216,24432911477793
24432914231216,24433148029687
24432914231216,24433294604121
24432914231216,24433471137033
24432914231216,24433880167840
24433882251193,24433880167840
24433882251193,24434070116848
24433882251193,24434228279647
24433882251193,24434405647557
24433882251193,24434710469424
24434790491600,24434710469424
24434790491600,24435037988489
24434790491600,24435157682407
24434790491600,24435318670412
24434790491600,24435633989102
24435746793456,24435633989102
24435746793456,24436010013951
24435746793456,24436236299727
24435746793456,24436374634473
24435746793456,24436619917131
24436623221566,24436619917131
24436623221566,24436793069294
24436623221566,24437072512355
24436623221566,24437246565474
24436623221566,24437564130172
24437586329277,24437564130172
24437586329277,24437793985043
24437586329277,24438031862441
24437586329277,24438257668143
24437586329277,24438486470221
24437586329277,24438737498815
24438541144467,24438737498815
24438541144467,24438970639707
24438541144467,24439158500307
24438541144467,24439373444344
24439434365336,24439373444344
24439434365336,24439770283620
24439434365336,24439927998571
24439434365336,24440076043902
24439434365336,24440327079195
24440459870636,24440327079195
24440459870636,24440692470221
24440459870636,24440851971606
24440459870636,24440977802314
24440980145544,24440977802314
24440980145544,24441212183990
24440980145544,24441352231033
24440980145544,24441565747366
24440980145544,24441764350430
24440980145544,24442192200857
24442194668217,24442192200857
24442194668217,24442359382965
24442194668217,24442671827214
24442194668217,24442837443592
24442194668217,24443142246440
24443146346446,24443142246440
24443146346446,24443375072646
24443146346446,24443560158257
24443146346446,24443717466386
24443146346446,24444039242235
24444195883981,24444039242235
24444195883981,24444423161248
24444195883981,24444549019760
24444195883981,24444736958085
24444195883981,24444918227309
24444928607858,24444918227309
24444928607858,24445138254443
24444928607858,24445281268314
24444928607858,24445509732738
24444928607858,24445819207011
24445821132775,24445819207011
24445821132775,24445995455198
24445821132775,24446145780865
24445821132775,24446382949404
24446384057736,24446382949404
24446384057736,24446604632100
24446384057736,24446754203490
24446384057736,24446908989007
24446384057736,24447130568332
24446384057736,24447549279201
24447617908937,24447549279201
24447617908937,24447846248226
24447617908937,24448028791332
24447617908937,24448330347946
24448334467110,24448330347946
24448334467110,24448516515823
24448334467110,24448702144763
24448334467110,24448865847401
24448334467110,24449040287328
24448334467110,24449775925436
24449791717572,24449775925436
24449791717572,24450019713960
24449791717572,24450174538104
24449791717572,24450317450096
24449791717572,24450660745415
24450677299357,24450660745415
24450677299357,24450918160607
24450677299357,24451090652674
24450677299357,24451319814352
24451323481363,24451319814352
24451323481363,24451571921508
24451323481363,24451673136790
24451323481363,24451846033690
24451323481363,24452106210582
24451323481363,24452588536843
24452590955381,24452588536843
24452590955381,24452843961711
24452590955381,24452988770593
24452590955381,24453159864146
24453162562482,24453159864146
24453162562482,24453387323482
24453162562482,24453601066544
24453162562482,24453758920670
24453162562482,24454077959823
24453162562482,24454698016440
24454829117788,24454698016440
24454829117788,24455069490551
24454829117788,24455220146080
24454829117788,24455370592649
24454829117788,24455821840649
24455825592075,24455821840649
24455825592075,24456064321695
24455825592075,24456187336917
24455825592075,24456325863840
24455825592075,24456673769177
24456727448209,24456673769177
24456727448209,24457223986384
24456727448209,24457417314421
24456727448209,24457573313471
24456727448209,24457999945682
24458008383326,24457999945682
24458008383326,24458332173302
24458008383326,24458498042922
24458008383326,24458710401800
24458008383326,24458952337333
24458995265824,24458952337333
24458995265824,24459199269323
24458995265824,24459349155813
24458995265824,24459505931877
24458995265824,24459963586040
24459965663703,24459963586040
24459965663703,24460186068194
24459965663703,24460280804487
24459965663703,24460433056727
24460435350107,24460433056727
24460435350107,24460685742762
24460435350107,24460833053273
24460435350107,24461006057186
24460435350107,24461195248433
24460435350107,24461744197380
24461770250838,24461744197380
24461770250838,24461989868802
24461770250838,24462143165661
24461770250838,24462353383449
24461770250838,24462645119217
24462695665298,24462645119217
24462695665298,24462900909620
24462695665298,24463138371551
24462695665298,24463376331528
24462695665298,24463685743242
24463688254732,24463685743242
24463688254732,24463899495002
24463688254732,24464020756845
24463688254732,24464200221868
24463688254732,24464411973027
24463688254732,24464641883528
24464440960824,24464641883528
24464440960824,24464873556187
24464440960824,24464997669391
24464440960824,24465321959836
24465511977405,24465321959836
24465511977405,24465739433087
24465511977405,24465883335300
24465511977405,24466063821228
24465511977405,24466443918448
24466448433074,24466443918448
24466448433074,24466616306430
24466448433074,24466780719025
24466448433074,24466997976334
24466448433074,24467262647941
24467365177947,24467262647941
24467365177947,24467606930165
24467365177947,24467793293229
24467365177947,24467958297283
24467365177947,24468208707043
24468423802087,24468208707043
24468423802087,24468658094219
24468423802087,24468950176093
24468423802087,24469143947857
24469146178014,24469143947857
24469146178014,24469414959845
24469146178014,24469569066967
24469146178014,24469742133464
24469146178014,24469946548792
24469146178014,24470336252026
24470338489542,24470336252026
24470338489542,24470574570431
24470338489542,24470721714181
24470338489542,24470886774514
24470888474801,24470886774514
24470888474801,24471099299763
24470888474801,24471275305134
24470888474801,24471407423754
24470888474801,24471614448909
24471628780826,24471614448909
24471628780826,24471905616304
24471628780826,24472094332374
24471628780826,24472281398798
24471628780826,24472427438163
24471628780826,24473011893589
24473014735129,24473011893589
24473014735129,24473212360276
24473014735129,24473389639571
24473014735129,24473577062719
24473611090505,24473577062719
24473611090505,24473838246285
24473611090505,24474067546133
24473611090505,24474245252273
24473611090505,24474462239349
24473611090505,24474854085861
24474959496626,24474854085861
24474959496626,24475184145264
24474959496626,24475342593670
24474959496626,24475497288072
24474959496626,24475904780565
24475914509502,24475904780565
24475914509502,24476127585490
24475914509502,24476351849518
24475914509502,24476570795054
24475914509502,24476848030033
24476850143363,24476848030033
24476850143363,24477048991004
24476850143363,24477200856026
24476850143363,24477426880507
24476850143363,24477653803072
24477778079376,24477653803072
24477778079376,24477932107210
24477778079376,24478170393174
24477778079376,24478351501851
24477778079376,24478752364554
24478809100974,24478752364554
24478809100974,24479058753752
24478809100974,24479345611329
24478809100974,24479534195789
24478809100974,24479783265884
24479812560594,24479783265884
24479812560594,24480112953918
24479812560594,24480299398863
24479812560594,24480514639116
24479812560594,24480780044933
24481091562537,24480780044933
24481091562537,24481293506795
24481091562537,24481459794743
24481091562537,24481623468406
24481091562537,24481997301066
24482011391654,24481997301066
24482011391654,24482357296798
24482011391654,24482544068502
24482011391654,24482738052545
24482011391654,24482893308354
24482989078484,24482893308354
24482989078484,24483234421582
24482989078484,24483431151384
24482989078484,24483667598878
24482989078484,24483805665594
24483891350471,24483805665594
24483891350471,24484139526045
24483891350471,24484338243326
24483891350471,24484550314508
24483891350471,24484842206129
24484846160225,24484842206129
24484846160225,24485151018800
24484846160225,24485322744354
24484846160225,24485480277599
24485482082518,24485480277599
24485482082518,24485619089548
24485482082518,24485765984663
24485482082518,24485930651993
24485482082518,24486260986359
24485482082518,24486557340097
24486657504009,24486557340097
24486657504009,24486957465484
24486657504009,24487224536647
24486657504009,24487463514869
24486657504009,24487659695189
24487704962610,24487659695189
24487704962610,24487979633519
24487704962610,24488217372662
24487704962610,24488354134062
24488359273874,24488354134062
24488359273874,24488593026646
24488359273874,24488738951170
24488359273874,24488920335311
24488359273874,24489106382243
24488359273874,24489611440019
24489613752760,24489611440019
24489613752760,24489909570693
24489613752760,24490132878657
24489613752760,24490301281072
24489613752760,24490507215426
24489613752760,24490727341619
24490510136098,24490727341619
24490510136098,24490866713114
24490510136098,24491128175739
24490510136098,24491298709514
24490510136098,24491607885185
24491453635664,24491607885185
24491453635664,24491811694956
24491453635664,24491981516690
24492035484657,24491981516690
24492035484657,24492253016934
24492035484657,24492415326261
24492035484657,24492580569975
24492035484657,24492921275105
24492035484657,24493403898959
24493585757156,24493403898959
24493585757156,24493815776507
24493585757156,24494072036840
24493585757156,24494289393786
24493585757156,24494618192672
24494621529027,24494618192672
24494621529027,24494821058223
24494621529027,24494971900970
24494621529027,24495141594054
24494621529027,24495372372802
24495416128096,24495372372802
24495416128096,24495685529654
24495416128096,24495840249696
24495416128096,24496008398814
24495416128096,24496377042864
24496378504788,24496377042864
24496378504788,24496556339009
24496378504788,24496735302787
24496378504788,24496901134697
24496378504788,24497282913883
24497302214607,24497282913883
24497302214607,24497550280906
24497302214607,24497679910666
24497302214607,24497849265759
24497302214607,24498189437833
24498217554325,24498189437833
24498217554325,24498442990834
24498217554325,24498604493392
24498217554325,24498744551356
24498217554325,24499093858895
24499096283981,24499093858895
24499096283981,24499298565121
24499096283981,24499488456290
24499096283981,24499691588202
24499096283981,24500000277353
24500024658162,24500000277353
24500024658162,24500204897618
24500024658162,24500447564129
24500024658162,24500621746456
24500024658162,24500941770077
24501016518217,24500941770077
24501016518217,24501189989098
24501016518217,24501425310778
24501016518217,24501692834439
24501016518217,24501969207477
24501970757550,24501969207477
24501970757550,24502221359348
24501970757550,24502435121433
24501970757550,24502608130526
24501970757550,24502814753369
24502832297727,24502814753369
24502832297727,24502956234090
24502832297727,24503230408158
24502832297727,24503391062216
24502832297727,24503731265340
24503830180972,24503731265340
24503830180972,24504023427285
24503830180972,24504248802005
24503830180972,24504460257331
24503830180972,24505046371560
24505110591996,24505046371560
24505110591996,24505313150487
24505110591996,24505525213944
24505110591996,24505640266412
24505110591996,24505985080413
24506096834137,24505985080413
24506096834137,24506332375902
24506096834137,24506488363036
24506096834137,24506655923300
24506096834137,24507030338481
24507154665218,24507030338481
24507154665218,24507405742952
24507154665218,24507611534018
24507154665218,24507767755346
24507154665218,24507988526769
24508039271546,24507988526769
24508039271546,24508316876725
24508039271546,24508441058542
24508039271546,24508623700217
24508039271546,24509332853259
24509335281873,24509332853259
24509335281873,24509559620909
24509335281873,24509689664750
24509335281873,24509850384530
24509853764201,24509850384530
24509853764201,24510083509286
24509853764201,24510220074061
24509853764201,24510380571729
24509853764201,24510721430244
24509853764201,24511064715824
24511084582549,24511064715824
24511084582549,24511272394771
24511084582549,24511493938555
24511084582549,24511742891076
24511084582549,24512001184655
24512101114186,24512001184655
24512101114186,24512332211118
24512101114186,24512512212189
24512101114186,24512652570212
24512655755681,24512652570212
24512655755681,24512914661002
24512655755681,24513139826951
24512655755681,24513316366490
24512655755681,24513549874557
24512655755681,24513959342512
24514023358502,24513959342512
24514023358502,24514290868342
24514023358502,24514534219266
24514023358502,24514723792288
24514023358502,24514948359770
24515020648616,24514948359770
24515020648616,24515213837648
24515020648616,24515486250428
24515020648616,24515682817598
24515020648616,24515848064273
24515960372208,24515848064273
24515960372208,24516133299553
24515960372208,24516339835240
24515960372208,24516529556759
24515960372208,24516808346723
24516951211935,24516808346723
24516951211935,24517109735050
24516951211935,24517320401517
24516951211935,24517453961367
24517547115114,24517453961367
24517547115114,24517767320448
24517547115114,24517916378586
24517547115114,24518075819168
24517547115114,24518346550197
24517547115114,24518785339459
24518808686370,24518785339459
24518808686370,24519091328046
24518808686370,24519347204993
24518808686370,24519513570362
24518808686370,24519751366581
24519814643309,24519751366581
24519814643309,24520028631997
24519814643309,24520268746381
24519814643309,24520428663816
24520432107708,24520428663816
24520432107708,24520649914285
24520432107708,24520807858979
24520432107708,24520966385078
24520432107708,24521141924229
24520432107708,24521621271829
24521637233764,24521621271829
24521637233764,24521896190953
24521637233764,24522069555325
24521637233764,24522251667584
24522253644727,24522251667584
24522253644727,24522462772474
24522253644727,24522598686761
24522253644727,24522802812177
24522253644727,24523072055271
24522253644727,24523581984511
24523632977466,24523581984511
24523632977466,24523922123915
24523632977466,24524078085385
24523632977466,24524381088820
24523632977466,24524596510175
24523632977466,24524896647582
24524717790854,24524896647582
24524717790854,24525068188396
24524717790854,24525251154169
24524717790854,24525626318658
24524717790854,24525834334406
24525628465941,24525834334406
24525628465941,24526244378373
24525628465941,24526399176972
24525628465941,24526921717318
24527001086271,24526921717318
24527001086271,24527194419943
24527001086271,24527457884066
24527001086271,24527596069720
24527001086271,24527908651737
24527001086271,24528118315525
24527929050626,24528118315525
24527929050626,24528285898258
24527929050626,24528472582327
24528475564475,24528472582327
24528475564475,24528712485760
24528475564475,24528905124462
24528475564475,24529107095312
24528475564475,24529251174019
24528475564475,24529708313162
24529739907143,24529708313162
24529739907143,24529984188806
24529739907143,24530218479347
24529739907143,24530389070455
24529739907143,24530605518570
24530639273394,24530605518570
24530639273394,24530799586710
24530639273394,24531002144841
24530639273394,24531229375986
24531232494239,24531229375986
24531232494239,24531431065905
24531232494239,24531573676395
24531232494239,24531760542101
24531232494239,24531987740373
24531232494239,24532511846649
24532601031436,24532511846649
24532601031436,24532861354895
24532601031436,24533111169785
24532601031436,24533286416782
24533291481011,24533286416782
24533291481011,24533478946039
24533291481011,24533647445302
24533291481011,24533824606511
24533291481011,24533983790693
24533291481011,24534502192754
24534750045668,24534502192754
24534750045668,24535020151891
24534750045668,24535181342681
24534750045668,24535333036168
24534750045668,24535519084666
24535569816675,24535519084666
24535569816675,24535830136091
24535569816675,24535986234490
24535569816675,24536190706013
24536194792852,24536190706013
24536194792852,24536407018129
24536194792852,24536554115768
24536194792852,24536734995865
24536194792852,24536969227036
24536194792852,24537435053438
24537440134238,24537435053438
24537440134238,24537660740114
24537440134238,24537846284593
24537440134238,24538023246232
24537440134238,24538461421565
24538488585094,24538461421565
24538488585094,24538750291610
24538488585094,24538960968234
24538488585094,24539105736847
24538488585094,24539481817060
24539483411808,24539481817060
24539483411808,24539747507323
24539483411808,24539905775152
24539483411808,24540104286507
24539483411808,24540443431431
24540445839624,24540443431431
24540445839624,24540700084635
24540445839624,24540870179483
24540445839624,24541067771678
24540445839624,24541368096792
24540445839624,24541583313135
24541377749036,24541583313135
24541377749036,24541766486764
24541377749036,24541951464848
24541377749036,24542242442329
24542255975007,24542242442329
24542255975007,24542475194160
24542255975007,24542623638671
24542255975007,24542789503098
24542255975007,24543252243702
24543261944536,24543252243702
24543261944536,24543493226226
24543261944536,24543671329249
24543261944536,24543855282585
24543857838709,24543855282585
24543857838709,24544118995683
24543857838709,24544328219067
24543857838709,24544495697240
24543857838709,24544685678236
24543857838709,24545174375748
24545179002292,24545174375748
24545179002292,24545412262406
24545179002292,24545647638192
24545179002292,24545837316328
24545840148575,24545837316328
24545840148575,24546058817184
24545840148575,24546126790998
24545840148575,24546405285914
24545840148575,24546799223707
24546824309326,24546799223707
24546824309326,24547139546159
24546824309326,24547341258399
24546824309326,24547549301289
24546824309326,24547679090463
24546824309326,24548115160569
24548147849987,24548115160569
24548147849987,24548370810020
24548147849987,24548638953208
24548147849987,24548823284977
24548147849987,24549073388238
24549085803953,24549073388238
24549085803953,24549349600914
24549085803953,24549499604407
24549085803953,24549669161613
24549085803953,24549963138483
24550059063222,24549963138483
24550059063222,24550272727065
24550059063222,24550576367007
24550059063222,24550754434637
24550059063222,24550941118832
24551017781810,24550941118832
24551017781810,24551317545788
24551017781810,24551461093058
24551017781810,24551589772413
24551017781810,24552045856726
24552046862210,24552045856726
24552046862210,24552295347034
24552046862210,24552494889156
24552046862210,24552739695429
24552046862210,24553072492470
24553077641834,24553072492470
24553077641834,24553263215557
24553077641834,24553482066983
24553077641834,24553684948216
24553077641834,24553856659032
24553943375622,24553856659032
24553943375622,24554194270818
24553943375622,24554347040541
24553943375622,24554511172020
24553943375622,24554855462444
24554858131486,24554855462444
24554858131486,24555081430404
24554858131486,24555245740428
24554858131486,24555417427403
24554858131486,24555788393013
24555851492146,24555788393013
24555851492146,24556112329536
24555851492146,24556272813018
24555851492146,24556422600981
24555851492146,24556824236161
24556838064641,24556824236161
24556838064641,24557124272024
24556838064641,24557297238542
24556838064641,24557484543910
24557549581681,24557484543910
24557549581681,24557810363777
24557549581681,24557960684509
24557549581681,24558120742138
24557549581681,24558390024219
24557549581681,24558926371078
24558936802006,24558926371078
24558936802006,24559181459445
24558936802006,24559345486064
24558936802006,24559476583166
24558936802006,24559685122310
24559811108601,24559685122310
24559811108601,24560014496607
24559811108601,24560178535766
24559811108601,24560369508960
24559811108601,24560624919215
24560678033281,24560624919215
24560678033281,24560937955111
24560678033281,24561114441806
24560678033281,24561319293227
24561322640307,24561319293227
24561322640307,24561520223450
24561322640307,24561674583664
24561322640307,24561879624205
24561322640307,24562096374468
24561322640307,24562574382083
24562640163439,24562574382083
24562640163439,24562825517151
24562640163439,24563017051885
24562640163439,24563194648962
24563060232733,24563194648962
24563060232733,24563357689102
24563060232733,24563518541005
24563060232733,24564033619647
24563060232733,24564217536802
24563060232733,24564730263081
24563060232733,24564970840407
24564801441527,24564970840407
24564801441527,24565241873424
24565256898363,24565241873424
24565256898363,24565469745096
24565256898363,24565640222529
24565256898363,24565829234547
24565256898363,24565988736041
24565256898363,24566171989665
24565256898363,24566653088789
24566655517683,24566653088789
24566655517683,24566882508394
24566655517683,24567088349339
24566655517683,24567374351180
24566655517683,24567580176046
24566655517683,24567788152938
24567608752944,24567788152938
24567608752944,24568051223643
24567608752944,24568251396563
24567608752944,24568563915183
24568621288655,24568563915183
24568621288655,24568838448969
24568621288655,24569030425450
24568621288655,24569154297595
24568621288655,24569578546535
24569584617930,24569578546535
24569584617930,24569832638847
24569584617930,24569994435838
24569584617930,24570116448246
24569584617930,24570568714850
24570575037238,24570568714850
24570575037238,24570824287876
24570575037238,24570979294303
24570575037238,24571200185944
24570575037238,24571438252577
24571540859044,24571438252577
24571540859044,24571747428559
24571540859044,24571977705534
24571540859044,24572145629332
24571540859044,24572475786996
24572480909972,24572475786996
24572480909972,24572736653212
24572480909972,24572878435174
24572480909972,24573028310626
24573032212038,24573028310626
24573032212038,24573247255906
24573032212038,24573426422948
24573032212038,24573606597097
24573032212038,24573911108662
24573032212038,24574268314621
24574355554935,24574268314621
24574355554935,24574539344843
24574355554935,24574674942427
24574355554935,24574916191649
24574355554935,24575373430151
24575378716426,24575373430151
24575378716426,24575621049559
24575378716426,24575758293005
24575378716426,24575911564958
24575378716426,24576230694215
24576236555423,24576230694215
24576236555423,24576477397464
24576236555423,24576646002047
24576236555423,24576805627110
24576236555423,24577136400796
24577142528490,24577136400796
24577142528490,24577322647904
24577142528490,24577495463241
24577142528490,24577624980330
24577142528490,24578091423544
24578092721334,24578091423544
24578092721334,24578307439846
24578092721334,24578454194566
24578092721334,24578602045975
24578092721334,24578919540694
24578921969411,24578919540694
24578921969411,24579132593655
24578921969411,24579328411086
24578921969411,24579522929154
24578921969411,24579917764669
24579975409395,24579917764669
24579975409395,24580245466237
24579975409395,24580375245738
24579975409395,24580535282434
24579975409395,24580803562954
24580866108960,24580803562954
24580866108960,24581032746473
24580866108960,24581219416500
24580866108960,24581398355325
24581413430303,24581398355325
24581413430303,24581669687799
24581413430303,24581844282186
24581413430303,24581989947312
24581413430303,24582351288487
24581413430303,24582836265442
24582837613709,24582836265442
24582837613709,24583053616634
24582837613709,24583256337635
24582837613709,24583456781951
24582837613709,24583762064071
24583799799391,24583762064071
24583799799391,24584083978401
24583799799391,24584267632966
24583799799391,24584730431059
24584736682592,24584730431059
24584736682592,24584900357077
24584736682592,24585015354051
24584736682592,24585187562619
24584736682592,24585415517998
24584736682592,24585826376206
24585971758125,24585826376206
24585971758125,24586233262857
24585971758125,24586401744076
24585971758125,24586573905196
24585971758125,24586981328738
24586984114384,24586981328738
24586984114384,24587197827080
24586984114384,24587381079930
24586984114384,24587551235738
24587552469428,24587551235738
24587552469428,24587739491899
24587552469428,24587915832250
24587552469428,24588119743193
24587552469428,24588230951884
24587552469428,24588693853458
24588754713466,24588693853458
24588754713466,24588990288721
24588754713466,24589182836923
24588754713466,24589359266083
24588754713466,24589691084813
24589693375252,24589691084813
24589693375252,24589905059764
24589693375252,24590210144324
24589693375252,24590368164042
24589693375252,24590647400508
24590656441284,24590647400508
24590656441284,24590920516983
24590656441284,24591075531819
24590656441284,24591229937641
24590656441284,24591578792396
24591679346641,24591578792396
24591679346641,24591887100257
24591679346641,24592137277926
24591679346641,24592352237185
24591679346641,24592600852577
24592686801916,24592600852577
24592686801916,24592921504907
24592686801916,24593130782047
24592686801916,24593295138083
24592686801916,24593608262780
24593632144731,24593608262780
24593632144731,24593841105283
24593632144731,24593980260251
24593632144731,24594223346917
24594227568873,24594223346917
24594227568873,24594388146691
24594227568873,24594564571969
24594227568873,24594751462960
24594227568873,24595021817740
24594227568873,24595417697209
24595490944781,24595417697209
24595490944781,24595730650014
24595490944781,24595948341138
24595490944781,24596188352376
24595490944781,24596394974100
24596555397363,24596394974100
24596555397363,24596754260115
24596555397363,24596949187129
24596555397363,24597119060085
24596555397363,24597420939940
24597473231616,24597420939940
24597473231616,24597724406250
24597473231616,24597996163872
24597473231616,24598151237953
24597473231616,24598296341357
24598352458022,24598296341357
24598352458022,24598597205975
24598352458022,24598825399849
24598352458022,24599031381046
24598352458022,24599268992271
24599270881063,24599268992271
24599270881063,24599521674207
24599270881063,24599700641609
24599270881063,24599851202265
24599853582887,24599851202265
24599853582887,24600124222948
24599853582887,24600282057727
24599853582887,24600488915739
24599853582887,24600690704099
24599853582887,24600959021593
24600981782280,24600959021593
24600981782280,24601168613488
24600981782280,24601436125600
24600981782280,24601581491995
24600981782280,24601982414782
24601984642818,24601982414782
24601984642818,24602187196438
24601984642818,24602429256276
24601984642818,24602569569518
24602571735104,24602569569518
24602571735104,24602737533486
24602571735104,24602869220011
24602571735104,24603008242599
24602571735104,24603286998480
24602571735104,24604028872911
24604090869986,24604028872911
24604090869986,24604306776296
24604090869986,24604569066914
24604090869986,24604755135278
24604090869986,24604935358230
24605030178579,24604935358230
24605030178579,24605310315209
24605030178579,24605508918730
24605030178579,24605642558863
24605030178579,24605906285078
24605908685409,24605906285078
24605908685409,24606156713916
24605908685409,24606368649202
24605908685409,24606581857275
24605908685409,24606748527101
24606886098730,24606748527101
24606886098730,24607036401242
24606886098730,24607253453210
24606886098730,24607428756964
24606886098730,24607770349422
24607851447536,24607770349422
24607851447536,24608125324965
24607851447536,24608395429163
24607851447536,24608571337096
24607851447536,24608759179629
24608791043697,24608759179629
24608791043697,24609049958546
24608791043697,24609238472929
24609269783023,24609238472929
24609269783023,24609526181086
24609269783023,24609660279078
24609269783023,24609789829661
24609269783023,24609970224359
24609269783023,24610202083336
24609269783023,24610507523772
24610614639170,24610507523772
24610614639170,24610810070515
24610614639170,24611024390661
24610614639170,24611199402159
24611201890105,24611199402159
24611201890105,24611422278122
24611201890105,24611569479897
24611201890105,24611740523568
24611201890105,24611990362354
24611201890105,24612407786784
24612432104817,24612407786784
24612432104817,24612742128577
24612432104817,24612927632121
24612432104817,24613113185827
24612432104817,24613323752757
24613331172400,24613323752757
24613331172400,24613483266852
24613331172400,24613755299595
24613331172400,24613951302190
24613955479756,24613951302190
24613955479756,24614214155439
24613955479756,24614426060974
24613955479756,24614629129715
24613955479756,24614835245551
24613955479756,24615119960809
24613955479756,24615316550034
24615129598035,24615316550034
24615129598035,24615550981009
24615129598035,24615735219562
24615129598035,24616026169028
24616030237860,24616026169028
24616030237860,24616243291275
24616030237860,24616397839640
24616030237860,24616640902400
24616643456433,24616640902400
24616643456433,24616838463370
24616643456433,24617009455723
24616643456433,24617201834802
24616643456433,24617370758126
24616643456433,24617839734913
24617843635615,24617839734913
24617843635615,24618032202927
24617843635615,24618223611475
24617843635615,24618424702611
24617843635615,24618823115635
24618841147877,24618823115635
24618841147877,24619085863239
24618841147877,24619325717144
24618841147877,24619494033313
24618841147877,24619789554658
24619792011329,24619789554658
24619792011329,24619978555416
24619792011329,24620151870641
24619792011329,24620352548863
24620354685692,24620352548863
24620354685692,24620567565557
24620354685692,24620690497726
24620354685692,24620916513902
24620354685692,24621066272305
24620354685692,24621548351938
24621641788995,24621548351938
24621641788995,24621851294897
24621641788995,24622065341585
24621641788995,24622318952597
24622322640412,24622318952597
24622322640412,24622582428680
24622322640412,24622719985911
24622322640412,24622905752521
24622322640412,24623134781239
24622322640412,24623544913325
24623653614079,24623544913325
24623653614079,24623857176869
24623653614079,24624010130166
24623653614079,24624126361986
24623653614079,24624321934831
24623653614079,24624403009615
