21068632397551,21069439817928
21068632397551,21069690800873
21068632397551,21069997285293
21069695064083,21069997285293
21069695064083,21070175934455
21069695064083,21070352318012
21070354298413,21070352318012
21070354298413,21070622474291
21070354298413,21070785468781
21070354298413,21071071371869
21070354298413,21071242111470
21070354298413,21071382623812
21070354298413,21071980482366
21072043970512,21071980482366
21072043970512,21072321796717
21072043970512,21072639307129
21072043970512,21072807742237
21072043970512,21073129603164
21073164254543,21073129603164
21073164254543,21073355784798
21073164254543,21073517597211
21073164254543,21073733446830
21073164254543,21074146446142
21074149823129,21074146446142
21074149823129,21074388517563
21074149823129,21074561984280
21074149823129,21074778933193
21074149823129,21075067464359
21075149372336,21075067464359
21075149372336,21075465493848
21075149372336,21076013492948
21075149372336,21076278597565
21075149372336,21076455298745
21076456612387,21076455298745
21076456612387,21076689476747
21076456612387,21076939983143
21076942733765,21076939983143
21076942733765,21077094895634
21076942733765,21077274993589
21076942733765,21077465111545
21076942733765,21077599023453
21076942733765,21077753839422
21076942733765,21078187474444
21078218341847,21078187474444
21078218341847,21078483464433
21078218341847,21078744943544
21078218341847,21078963209242
21078218341847,21079232877320
21079351962886,21079232877320
21079351962886,21079534507132
21079351962886,21079672247791
21079351962886,21079858050827
21079351962886,21080238283754
21079351962886,21080457218917
21080246758833,21080457218917
21080246758833,21080655914752
21080246758833,21080869646799
21080246758833,21081121975750
21081165985852,21081121975750
21081165985852,21081344658000
21081165985852,21081554446710
21081165985852,21081778389522
21081165985852,21082178427095
21082180628290,21082178427095
21082180628290,21082372298647
21082180628290,21082565949245
21082180628290,21082694841400
21082180628290,21083074146542
21083075968182,21083074146542
21083075968182,21083256183678
21083075968182,21083525500404
21083075968182,21083718207067
21083075968182,21083888122786
21083720850440,21083888122786
21083720850440,21084046226436
21083720850440,21084231311367
21083720850440,21084479785007
21083720850440,21084875898700
21084956663158,21084875898700
21084956663158,21085229021257
21084956663158,21085516228257
21084956663158,21086123131001
21084956663158,21086332462762
21084956663158,21086483417393
21084956663158,21086650634983
21086652516527,21086650634983
21086652516527,21086923529743
21086925510750,21086923529743
21086925510750,21087102246662
21086925510750,21087334913788
21086925510750,21087505500134
21086925510750,21087638653874
21086925510750,21088085143319
21088098113028,21088085143319
21088098113028,21088353734983
21088098113028,21088626221134
21088098113028,21088793645358
21088098113028,21088991738119
21089070157400,21088991738119
21089070157400,21089315116025
21089070157400,21089477247367
21089070157400,21089718166475
21089720185294,21089718166475
21089720185294,21089899062175
21089720185294,21090059735391
21089720185294,21090260487642
21089720185294,21090533421194
21089720185294,21090890651243
21090907399146,21090890651243
21090907399146,21091133415161
21090907399146,21091292221977
21090907399146,21091501900101
21090907399146,21091788217830
21091888566827,21091788217830
21091888566827,21092130828214
21091888566827,21092348738974
21091888566827,21092517327802
21092519364055,21092517327802
21092519364055,21092795978727
21092519364055,21093032215988
21092519364055,21093250389072
21092519364055,21093437069579
21092519364055,21093960768182
21093963327466,21093960768182
21093963327466,21094174442540
21093963327466,21094343408370
21093963327466,21094484179417
21093963327466,21094744501730
21094747170298,21094744501730
21094747170298,21094947047881
21094747170298,21095128487990
21094747170298,21095414746899
21094747170298,21095656025046
21095657841680,21095656025046
21095657841680,21095895502036
21095657841680,21096033294082
21095657841680,21096323839808
21096326909970,21096323839808
21096326909970,21096547666619
21096326909970,21096685679267
21096326909970,21096876575760
21096326909970,21097047551602
21096326909970,21097473420687
21097538209446,21097473420687
21097538209446,21097813389723
21097538209446,21098043959758
21098062503169,21098043959758
21098062503169,21098369092314
21098062503169,21098554503437
21098062503169,21098748637803
21098062503169,21098895953625
21098062503169,21099043986802
21098062503169,21099435435742
21099479580387,21099435435742
21099479580387,21099745673152
21099479580387,21099949804228
21099479580387,21100137233871
21099479580387,21100398587419
21100411645820,21100398587419
21100411645820,21100643830921
21100411645820,21100896255583
21100411645820,21101082155988
21100411645820,21101315531499
21101419257820,21101315531499
21101419257820,21101703083865
21101419257820,21101969582025
21101419257820,21102161141697
21102163497687,21102161141697
21102163497687,21102444344957
21102163497687,21102633330844
21102163497687,21102783712431
21102163497687,21102942175397
21102163497687,21103325619145
21103338948336,21103325619145
21103338948336,21103539540395
21103338948336,21103793792247
21103338948336,21103965072771
21103338948336,21104299777494
21104316992719,21104299777494
21104316992719,21104545667338
21104316992719,21104814242393
21104316992719,21104976248733
21104316992719,21105171429277
21105203797789,21105171429277
21105203797789,21105407027037
21105203797789,21105592399580
21105203797789,21105748147184
21105203797789,21106173134736
21106174606499,21106173134736
21106174606499,21106544937534
21106174606499,21106732268678
21106174606499,21106928699386
21106930626382,21106928699386
21106930626382,21107050482536
21106930626382,21107286091179
21106930626382,21107461454168
21106930626382,21107609377216
21106930626382,21108090895818
21108092114287,21108090895818
21108092114287,21108327803161
21108092114287,21108537056584
21108092114287,21108726131992
21108092114287,21108960702482
21108092114287,21109249551333
21109057797706,21109249551333
21109057797706,21109472225510
21109057797706,21109650388657
21109057797706,21109949811332
21110003637074,21109949811332
21110003637074,21110265174899
21110003637074,21110457559845
21110003637074,21110667579416
21110003637074,21110844222358
21110908793308,21110844222358
21110908793308,21111120548409
21110908793308,21111336564466
21110908793308,21111509517505
21110908793308,21111829543836
21111831562449,21111829543836
21111831562449,21112099144060
21111831562449,21112289244604
21111831562449,21112419274434
21111831562449,21112764878878
21112800261735,21112764878878
21112800261735,21112950183377
21112800261735,21113159441403
21112800261735,21113370126534
21112800261735,21113663235017
21113704385844,21113663235017
21113704385844,21113871017282
21113704385844,21114075428987
21113704385844,21114310275409
21113704385844,21114573788756
21114636401859,21114573788756
21114636401859,21114877428885
21114636401859,21115068515805
21114636401859,21115308998439
21114636401859,21115488028492
21115541231036,21115488028492
21115541231036,21115804523953
21115541231036,21116049569492
21115541231036,21116241349458
21115541231036,21116496301411
21116566759859,21116496301411
21116566759859,21116846363190
21116566759859,21116994345952
21116566759859,21117178611805
21117181205824,21117178611805
21117181205824,21117450815922
21117181205824,21117615298429
21117181205824,21117794947437
21117181205824,21117978357970
21117181205824,21118407717083
21118437887507,21118407717083
21118437887507,21118734563971
21118437887507,21118904940214
21118437887507,21119096971053
21118437887507,21119385582749
21119492089404,21119385582749
21119492089404,21119708239648
21119492089404,21119906418560
21119492089404,21120131900626
21119492089404,21120444750578
21120446698142,21120444750578
21120446698142,21120686439072
21120446698142,21120836506688
21120446698142,21121057647939
21120446698142,21121319780360
21121321419029,21121319780360
21121321419029,21121589462616
21121321419029,21121762328892
21121321419029,21121919165688
21121921703725,21121919165688
21121921703725,21122146896604
21121921703725,21122299038888
21121921703725,21122429556188
21121921703725,21122692161308
21121921703725,21123230261761
21123334601809,21123230261761
21123334601809,21123592894445
21123334601809,21123777885106
21123334601809,21123946256668
21123334601809,21124366974516
21124400066948,21124366974516
21124400066948,21124670375788
21124400066948,21124873278957
21124400066948,21125017118407
21124400066948,21125216973701
21125307099600,21125216973701
21125307099600,21125620623694
21125307099600,21125806490385
21125307099600,21126001271353
21125307099600,21126173940147
21126190271547,21126173940147
21126190271547,21126402081439
21126190271547,21126628263458
21126190271547,21126802292997
21126190271547,21127420761681
21127425258791,21127420761681
21127425258791,21127651358858
21127425258791,21127837786131
21127425258791,21128017547403
21127425258791,21128236339586
21128237390966,21128236339586
21128237390966,21128398348122
21128237390966,21128804962864
21128237390966,21128966377642
21128237390966,21129131505933
21128237390966,21129271331792
21129273435961,21129271331792
21129273435961,21129513798117
21129273435961,21129644716393
21129273435961,21129937409907
21130198905830,21129937409907
21130198905830,21130408332079
21130198905830,21130558916731
21130198905830,21130722371634
21130198905830,21131064821824
21131068177641,21131064821824
21131068177641,21131334341378
21131068177641,21131485017692
21131068177641,21131664756858
21131068177641,21131891663752
21131934915718,21131891663752
21131934915718,21132153266880
21131934915718,21132462376198
21131934915718,21132661290532
21132664486203,21132661290532
21132664486203,21132917219625
21132664486203,21133102962790
21132664486203,21133272742233
21132664486203,21133464951921
21132664486203,21133815077497
21133928441780,21133815077497
21133928441780,21134192459717
21133928441780,21134441332821
21133928441780,21134616554515
21133928441780,21134922888268
21135045777993,21134922888268
21135045777993,21135223189749
21135045777993,21135401728951
21135045777993,21135582367419
21135584182534,21135582367419
21135584182534,21135798187366
21135584182534,21135938106842
21135584182534,21136101224890
21135584182534,21136288905128
21135584182534,21136618376842
21136649558948,21136618376842
21136649558948,21136853821832
21136649558948,21137111591314
21136649558948,21137336924803
21136649558948,21137603421256
21136649558948,21137948867732
21137744120901,21137948867732
21137744120901,21138093883827
21137744120901,21138261262362
21137744120901,21138468197445
21137744120901,21138780299420
21138588354897,21138780299420
21138588354897,21139036635275
21138588354897,21139207432329
21138588354897,21139436080821
21138588354897,21139661752359
21139496292394,21139661752359
21139496292394,21139967649408
21139496292394,21140166476982
21139496292394,21140371073802
21140451865258,21140371073802
21140451865258,21140699864132
21140451865258,21140867350377
21140451865258,21141065750671
21141069741221,21141065750671
21141069741221,21141242056061
21141069741221,21141477652726
21141069741221,21141685065440
21141069741221,21141870212002
21141069741221,21142267018080
21142339016239,21142267018080
21142339016239,21142626382473
21142339016239,21142827071731
21142339016239,21143015002090
21142339016239,21143342603704
21143344652673,21143342603704
21143344652673,21143639603281
21143344652673,21143812224469
21143344652673,21143998910398
21143344652673,21144190899579
21144211295282,21144190899579
21144211295282,21144435278907
21144211295282,21144593271463
21144211295282,21144849612242
21144211295282,21145152549693
21145213241476,21145152549693
21145213241476,21145431116116
21145213241476,21145638939034
21145213241476,21145838714618
21145213241476,21146002307073
21146079973790,21146002307073
21146079973790,21146342243877
21146079973790,21146507322559
21146079973790,21146744565261
21146079973790,21146988930506
21147061028050,21146988930506
21147061028050,21147251336858
21147061028050,21147493384628
21147061028050,21147709258501
21147061028050,21147962833359
21148079606384,21147962833359
21148079606384,21148267259089
21148079606384,21148525296849
21148079606384,21148701571601
21148079606384,21148907502698
21148932260477,21148907502698
21148932260477,21149187340574
21148932260477,21149409861302
21148932260477,21149643578070
21149645462360,21149643578070
21149645462360,21149843297893
21149645462360,21150023447541
21149645462360,21150176909514
21149645462360,21150365254237
21149645462360,21150791230308
21150802895784,21150791230308
21150802895784,21151052100430
21150802895784,21151291957062
21150802895784,21151439659248
21150802895784,21151675365068
21151687705436,21151675365068
21151687705436,21151893949171
21151687705436,21152077825916
21151687705436,21152218134590
21151687705436,21152677987836
21152717590555,21152677987836
21152717590555,21152966307091
21152717590555,21153114246685
21152717590555,21153240407330
21152717590555,21153689546042
21153692198874,21153689546042
21153692198874,21153851773510
21153692198874,21154083274353
21153692198874,21154253516151
21153692198874,21154636521249
21153692198874,21154807531206
21154638358824,21154807531206
21154638358824,21154992357265
21155031415688,21154992357265
21155031415688,21155212052122
21155031415688,21155351496655
21155031415688,21155712255768
21155031415688,21155815549255
21155031415688,21156331876230
21155031415688,21156822402264
21156848789852,21156822402264
21156848789852,21157159927514
21156848789852,21157320808558
21156848789852,21157539481219
21156848789852,21157719348827
21157773427861,21157719348827
21157773427861,21157991362411
21157773427861,21158202306269
21157773427861,21158367317843
21157773427861,21158791771801
21158794107022,21158791771801
21158794107022,21158984112054
21158794107022,21159118905904
21158794107022,21159367024841
21158794107022,21159725701921
21159760627724,21159725701921
21159760627724,21160052443958
21159760627724,21160204696776
21159760627724,21160405953780
21159760627724,21160649720984
21160651778141,21160649720984
21160651778141,21160866070583
21160651778141,21161011305442
21160651778141,21161147809814
21160651778141,21161512361207
21161515580692,21161512361207
21161515580692,21161726733696
21161515580692,21161857359469
21161515580692,21162121697051
21161515580692,21162428745822
21162433812949,21162428745822
21162433812949,21162634812658
21162433812949,21162841265746
21162433812949,21163043440517
21162433812949,21163426287319
21163429561041,21163426287319
21163429561041,21163656858166
21163429561041,21163798745996
21163429561041,21163975062179
21163429561041,21164498879068
21164632643199,21164498879068
21164632643199,21164826528071
21164632643199,21164963812141
21164632643199,21165123786285
21165127610861,21165123786285
21165127610861,21165334240255
21165127610861,21165463749348
21165127610861,21165627206479
21165127610861,21165878310181
21165880536762,21165878310181
21165880536762,21166082701452
21165880536762,21166274001133
21165880536762,21166426426106
21165880536762,21166816119259
21166837861650,21166816119259
21166837861650,21167083389768
21166837861650,21167235389709
21166837861650,21167465619283
21166837861650,21167681486879
21166837861650,21168189288546
21168191828892,21168189288546
21168191828892,21168405091068
21168191828892,21168577984575
21168191828892,21168744982134
21168191828892,21169176775758
21169188062126,21169176775758
21169188062126,21169381157523
21169188062126,21169596612635
21169188062126,21169811465739
21169814621229,21169811465739
21169814621229,21170076205706
21169814621229,21170210528391
21169814621229,21170368436325
21169814621229,21170594201877
21169814621229,21170962306576
21171085841738,21170962306576
21171085841738,21171376061191
21171085841738,21171602475255
21171085841738,21171762188862
21171085841738,21171980945796
21172101165034,21171980945796
21172101165034,21172335046180
21172101165034,21172480946616
21172101165034,21172651333004
21172652821728,21172651333004
21172652821728,21172907930346
21172652821728,21173081972645
21172652821728,21173234256932
21172652821728,21173558109440
21172652821728,21173900215869
21173925931744,21173900215869
21173925931744,21174143219896
21173925931744,21174317745122
21173925931744,21174489370070
21173925931744,21174821656488
21174892092328,21174821656488
21174892092328,21175113317786
21174892092328,21175285175326
21174892092328,21175553591476
21174892092328,21175826090722
21175838346823,21175826090722
21175838346823,21176023216842
21175838346823,21176249251939
21175838346823,21176491530818
21175838346823,21176829318134
21176830886571,21176829318134
21176830886571,21177100973853
21176830886571,21177251387451
21176830886571,21177388093055
21176830886571,21177651235567
21177712316581,21177651235567
21177712316581,21177999135250
21177712316581,21178170171459
21177712316581,21178295097456
21177712316581,21178549193586
21178567862331,21178549193586
21178567862331,21178773443387
21178567862331,21179010405000
21178567862331,21179214543959
21179216348147,21179214543959
21179216348147,21179420285308
21179216348147,21179581462456
21179216348147,21179766149805
21179216348147,21179974676854
21179216348147,21180507938155
21180539741648,21180507938155
21180539741648,21180748284167
21180539741648,21180967083994
21180539741648,21181146304886
21180539741648,21181317764395
21181147715403,21181317764395
21181147715403,21181482136512
21181147715403,21181698458093
21181147715403,21181957438180
21181147715403,21182501395388
21182503719692,21182501395388
21182503719692,21182727981415
21182503719692,21182864548784
21182503719692,21183059037987
21183060189125,21183059037987
21183060189125,21183242692154
21183060189125,21183355115078
21183060189125,21183576916478
21183060189125,21183908236924
21183060189125,21184311309457
21184418149561,21184311309457
21184418149561,21184639280163
21184418149561,21184836403080
21184418149561,21184964081114
21184418149561,21185515780054
21185721522944,21185515780054
21185721522944,21185942235192
21185721522944,21186150976390
21185721522944,21186338102393
21185721522944,21186600622878
21186608134924,21186600622878
21186608134924,21186863903106
21186608134924,21187039698821
21186608134924,21187208678779
21186608134924,21187402447477
21187487385032,21187402447477
21187487385032,21187679897581
21187487385032,21187992195388
21187487385032,21188204718861
21187487385032,21188488752138
21188490569547,21188488752138
21188490569547,21188670670460
21188490569547,21188859399566
21188490569547,21188984228043
21188986534020,21188984228043
21188986534020,21189198982982
21188986534020,21189364337296
21188986534020,21189488359085
21188986534020,21189844455280
21188986534020,21190242144115
21190344920691,21190242144115
21190344920691,21190654825258
21190344920691,21190798941555
21190344920691,21190980973550
21190344920691,21191399271226
21191430274993,21191399271226
21191430274993,21191675370609
21191430274993,21191819819312
21191430274993,21192018985903
21191430274993,21192304667845
21191430274993,21192599454297
21192397909863,21192599454297
21192397909863,21192739763572
21192397909863,21192991161598
21192992986108,21192991161598
21192992986108,21193177809911
21192992986108,21193340152593
21192992986108,21193494564051
21192992986108,21193700868271
21193708549365,21193700868271
21193708549365,21193913418365
21193708549365,21194148303031
21193708549365,21194345271561
21193708549365,21194669425181
21194670994054,21194669425181
21194670994054,21194885289284
21194670994054,21195072203946
21194670994054,21195237165605
21194670994054,21195512769741
21194670994054,21195918267801
21196026410587,21195918267801
21196026410587,21196289369319
21196026410587,21196443216672
21196454404834,21196443216672
21196454404834,21196606849853
21196454404834,21196843051490
21196454404834,21196978610537
21196454404834,21197162359423
21196454404834,21197343100502
21196454404834,21197855983107
21197878795221,21197855983107
21197878795221,21198091220963
21197878795221,21198234705993
21197878795221,21198382566777
21197878795221,21198725423832
21198808402842,21198725423832
21198808402842,21199106302997
21198808402842,21199326020915
21198808402842,21199480617899
21198808402842,21199738430823
21199834581092,21199738430823
21199834581092,21200131906806
21199834581092,21200288346370
21199834581092,21200429578021
21199834581092,21200834095749
21200836116874,21200834095749
21200836116874,21201117083748
21200836116874,21201300256495
21200836116874,21201473696235
21200836116874,21201670120294
21201476072478,21201670120294
21201476072478,21201828153389
21201476072478,21201974358940
21201476072478,21202143383296
21201476072478,21202714563868
21202911788303,21202714563868
21202911788303,21203091381481
21202911788303,21203247039666
21202911788303,21203447532149
21202911788303,21203605524772
21203659196192,21203605524772
21203659196192,21203926697209
21203659196192,21204069183257
21203659196192,21204334852050
21203659196192,21204679266479
21204682320423,21204679266479
21204682320423,21204890729414
21204682320423,21205145268800
21204682320423,21205334459476
21204682320423,21205533668034
21205563687830,21205533668034
21205563687830,21205818491806
21205563687830,21206041394891
21205563687830,21206197303332
21205563687830,21206617641060
21206619185523,21206617641060
21206619185523,21206840492658
21206619185523,21206947850077
21206619185523,21207192343902
21206619185523,21207596472521
21207849390140,21207596472521
21207849390140,21208107432385
21207849390140,21208261907953
21207849390140,21208404362879
21207849390140,21208828521792
21208839904611,21208828521792
21208839904611,21209075865924
21208839904611,21209245814819
21208839904611,21209388617770
21209391189103,21209388617770
21209391189103,21209667024381
21209391189103,21209824953233
21209391189103,21209975073607
21209391189103,21210237341258
21209391189103,21210635393993
21210733561585,21210635393993
21210733561585,21210870838622
21210733561585,21211119099476
21210733561585,21211255844495
21210733561585,21211735283811
21211747307870,21211735283811
21211747307870,21212027478989
21211747307870,21212210283729
21211747307870,21212362758185
21211747307870,21212607352804
21212701200051,21212607352804
21212701200051,21213009429363
21212701200051,21213201687136
21212701200051,21213343366486
21212701200051,21213599782003
21213643945064,21213599782003
21213643945064,21213853623195
21213643945064,21214025712446
21213643945064,21214192279327
21213643945064,21214650535913
21213643945064,21214850019459
21214657921802,21214850019459
21214657921802,21215022647496
21214657921802,21215184703294
21214657921802,21215519429562
21215560238482,21215519429562
21215560238482,21215803831610
21215560238482,21215941732347
21215560238482,21216124827158
21216125731177,21216124827158
21216125731177,21216379439817
21216125731177,21216534353971
21216125731177,21216693220902
21216125731177,21216966210800
21216125731177,21217449894168
21217459255958,21217449894168
21217459255958,21217711700419
21217459255958,21217845620725
21217459255958,21218148415407
21217459255958,21218355654824
21218479879102,21218355654824
21218479879102,21218722735186
21218479879102,21218917563397
21218479879102,21219094330673
21218479879102,21219339230477
21219469106384,21219339230477
21219469106384,21219652808720
21219469106384,21219850810677
21219469106384,21220029876576
21219469106384,21220365406396
21220378542402,21220365406396
21220378542402,21220597427142
21220378542402,21220879449020
21220378542402,21221019993394
21220378542402,21221171707259
21221290260879,21221171707259
21221290260879,21221470129654
21221290260879,21221714133886
21221290260879,21221936836364
21221290260879,21222285685490
21222288038082,21222285685490
21222288038082,21222500605945
21222288038082,21222629231580
21222288038082,21222898779186
21222900988049,21222898779186
21222900988049,21223084287806
21222900988049,21223246315434
21222900988049,21223463216655
21222900988049,21223678444645
21222900988049,21224149275567
21222900988049,21224357770857
21224151624588,21224357770857
21224151624588,21224533498219
21224151624588,21224731543775
21224733812363,21224731543775
21224733812363,21224912194939
21224733812363,21225111154275
21224733812363,21225345924544
21224733812363,21225569278327
21224733812363,21226031509110
21226043134154,21226031509110
21226043134154,21226299358821
21226043134154,21226563720358
21226043134154,21226722769939
21226043134154,21226923144361
21226924681513,21226923144361
21226924681513,21227311573180
21226924681513,21227464156437
21226924681513,21227633193774
21226924681513,21228153891302
21228156647750,21228153891302
21228156647750,21228375621823
21228156647750,21228595783461
21228156647750,21228778149621
21228156647750,21228951225453
21229025730292,21228951225453
21229025730292,21229357415838
21229025730292,21229522255492
21229025730292,21229675219892
21229025730292,21229889091823
21229988509798,21229889091823
21229988509798,21230162952465
21229988509798,21230379528751
21229988509798,21230622082593
21229988509798,21230908100439
21230926123931,21230908100439
21230926123931,21231191096485
21230926123931,21231397263598
21230926123931,21231571286163
21230926123931,21231905537921
21231907502569,21231905537921
21231907502569,21232155512771
21231907502569,21232438576580
21231907502569,21232591591335
21231907502569,21232852111594
21232859188833,21232852111594
21232859188833,21233111839462
21232859188833,21233287214592
21232859188833,21233435145418
21233457302407,21233435145418
21233457302407,21233696461573
21233457302407,21233843399365
21233457302407,21234022700895
21233457302407,21234329211284
21233457302407,21234771139789
21234773409345,21234771139789
21234773409345,21234965238629
21234773409345,21235109650168
21234773409345,21235305336988
21234773409345,21235616087498
21235708689200,21235616087498
21235708689200,21235966209060
21235708689200,21236117727707
21235708689200,21236286180749
21235708689200,21236562079300
21236691717363,21236562079300
21236691717363,21236946870697
21236691717363,21237096816769
21236691717363,21237264150384
21236691717363,21237706176067
21237718786625,21237706176067
21237718786625,21237980830595
21237718786625,21238203148485
21237718786625,21238386567480
21237718786625,21238727859144
21238729620733,21238727859144
21238729620733,21238969304022
21238729620733,21239105675497
21238729620733,21239250358871
21238729620733,21239424845841
21239505793399,21239424845841
21239505793399,21239672141069
21239505793399,21239845407983
21239505793399,21240079758219
21240080909761,21240079758219
21240080909761,21240275426086
21240080909761,21240433934194
21240080909761,21240590688268
21240080909761,21240911550419
21240080909761,21241272333269
21241315893573,21241272333269
21241315893573,21241474310185
21241315893573,21241741595311
21241315893573,21241872457461
21241315893573,21242254856518
21242314015140,21242254856518
21242314015140,21242510685864
21242314015140,21242766983655
21242314015140,21242913769693
21242916048691,21242913769693
21242916048691,21243153378810
21242916048691,21243332692510
21242916048691,21243472349283
21242916048691,21243774767651
21242916048691,21244151719892
21244153615629,21244151719892
21244153615629,21244326113682
21244153615629,21244559729774
21244153615629,21244750537939
21244752498674,21244750537939
21244752498674,21245217751222
21244752498674,21245419282631
21244752498674,21245529914553
21244752498674,21245978204673
21244752498674,21246430985447
21246454284952,21246430985447
21246454284952,21246701284609
21246454284952,21246906683949
21246454284952,21247055586090
21246454284952,21247496554447
21247498856657,21247496554447
21247498856657,21247730510251
21247498856657,21247901345301
21247498856657,21248035083888
21248035966737,21248035083888
21248035966737,21248238727373
21248035966737,21248370678150
21248035966737,21248504135005
21248035966737,21248986723125
21248035966737,21249401903636
21249404840272,21249401903636
21249404840272,21249639097760
21249404840272,21249778133762
21249404840272,21250011165503
21249404840272,21250464469185
21250465998299,21250464469185
21250465998299,21250660207856
21250465998299,21250823128038
21250465998299,21251009013202
21251010474245,21251009013202
21251010474245,21251150217923
21251010474245,21251289433742
21251010474245,21251487605176
21251010474245,21251712464178
21251010474245,21252281175288
21252360204927,21252281175288
21252360204927,21252528885618
21252360204927,21252686329247
21252360204927,21252805935764
21252360204927,21253193099480
21252360204927,21253560553334
21253391941715,21253560553334
21253391941715,21253737327281
21253391941715,21253932823392
21253935086697,21253932823392
21253935086697,21254113891722
21253935086697,21254278228112
21253935086697,21254456065196
21253935086697,21254652269866
21253935086697,21255069258302
21255104193424,21255069258302
21255104193424,21255326238880
21255104193424,21255471442507
21255104193424,21255682779487
21255104193424,21256083652359
21256086640357,21256083652359
21256086640357,21256306357794
21256086640357,21256477252862
21256086640357,21256734259986
21256086640357,21256990794010
21256993626787,21256990794010
21256993626787,21257268568657
21256993626787,21257426323672
21256993626787,21257581442869
21256993626787,21257745900036
21257768483174,21257745900036
21257768483174,21257935029910
21257768483174,21258224841666
21257768483174,21258370265887
21257768483174,21258780012377
21258805774092,21258780012377
21258805774092,21259070562587
21258805774092,21259228663729
21258805774092,21259419222586
21259421197940,21259419222586
21259421197940,21259629283489
21259421197940,21259767288180
21259421197940,21259934033587
21259421197940,21260194355751
21259421197940,21260580061919
21260629235828,21260580061919
21260629235828,21260885762774
21260629235828,21261034835897
21260629235828,21261162351540
21260629235828,21261513426777
21261590230296,21261513426777
21261590230296,21261789665529
21261590230296,21262025598993
21261590230296,21262202663876
21261590230296,21262550058391
21262584873353,21262550058391
21262584873353,21262814769170
21262584873353,21263018274831
21262584873353,21263170745420
21262584873353,21263421321052
21263461765187,21263421321052
21263461765187,21263711545077
21263461765187,21263870169777
21263461765187,21264032116940
21263461765187,21264347015193
21264354243462,21264347015193
21264354243462,21264613512917
21264354243462,21264754287304
21264354243462,21264969281936
21264354243462,21265226078683
21265231648297,21265226078683
21265231648297,21265489142777
21265231648297,21265640881812
21265231648297,21265804291858
21265806126003,21265804291858
21265806126003,21266089253396
21265806126003,21266241481564
21265806126003,21266420100835
21265806126003,21266618913093
21266642312027,21266618913093
21266642312027,21266860078271
21266642312027,21267017761158
21266642312027,21267185560505
21266642312027,21267460455565
21267562030266,21267460455565
21267562030266,21267784019188
21267562030266,21267936220258
21267562030266,21268162158163
21267562030266,21268495103370
21267562030266,21269104233929
21269242231586,21269104233929
21269242231586,21269486303948
21269242231586,21269678245076
21269242231586,21269848298291
21269853193697,21269848298291
21269853193697,21270067373283
21269853193697,21270285482527
21269853193697,21270457170236
21269853193697,21270557143084
21269853193697,21270932702470
21271046123496,21270932702470
21271046123496,21271307798541
21271046123496,21271444097984
21271046123496,21271632564486
21271046123496,21272022052961
21272035525573,21272022052961
21272035525573,21272199548250
21272035525573,21272403966185
21272035525573,21272665404875
21272667650381,21272665404875
21272667650381,21272941208684
21272667650381,21273141533317
21272667650381,21273288628926
21272667650381,21273428143753
21272667650381,21273824311033
21273893550202,21273824311033
21273893550202,21274110152583
21273893550202,21274284067747
21273893550202,21274434634783
21273893550202,21274853726623
21274855623821,21274853726623
21274855623821,21275035249624
21274855623821,21275331265627
21274855623821,21275476780104
21275478690776,21275476780104
21275478690776,21275646542723
21275478690776,21275772109602
21275478690776,21276001340920
21275478690776,21276120648049
21275478690776,21276551362848
21276553592245,21276551362848
21276553592245,21276788742253
21276553592245,21276988225565
21276553592245,21277164566593
21277167107087,21277164566593
21277167107087,21277358468429
21277167107087,21277504736857
21277167107087,21277633715371
21277167107087,21277955139122
21277167107087,21278342417651
21278344152265,21278342417651
21278344152265,21278561678497
21278344152265,21278791163236
21278344152265,21278992691510
21278344152265,21279267354642
21279286335257,21279267354642
21279286335257,21279497568032
21279286335257,21279712754900
21279286335257,21279903433527
21279286335257,21280297388952
21280298950749,21280297388952
21280298950749,21280503900351
21280298950749,21280777266109
21280298950749,21280942177694
21280298950749,21281279073021
21281280693049,21281279073021
21281280693049,21281526164171
21281280693049,21281699986315
21281280693049,21281915776140
21281917485747,21281915776140
21281917485747,21282084153502
21281917485747,21282238421965
21281917485747,21282413457290
21281917485747,21282632697247
21281917485747,21283131109925
21283132405737,21283131109925
21283132405737,21283393014728
21283132405737,21283613633179
21283132405737,21283799137935
21283802128859,21283799137935
21283802128859,21284015938420
21283802128859,21284224577209
21283802128859,21284352148146
21283802128859,21284540275724
21283802128859,21285050478359
21285174219933,21285050478359
21285174219933,21285451892347
21285174219933,21285593841415
21285174219933,21285827317979
21285174219933,21286117778478
21286203491481,21286117778478
21286203491481,21286423491951
21286203491481,21286648306636
21286203491481,21286824817974
21286826671982,21286824817974
21286826671982,21287005756898
21286826671982,21287151490234
21286826671982,21287333674025
21286826671982,21287647243211
21287648831744,21287647243211
21287648831744,21287920686971
21287648831744,21288133178053
21287648831744,21288386265149
21287648831744,21288615712493
21287648831744,21289036661946
21289100672057,21289036661946
21289100672057,21289356385522
21289100672057,21289506394278
21289100672057,21289817337375
21289100672057,21290049835061
21290157422313,21290049835061
21290157422313,21290354166585
21290157422313,21290502857617
21290157422313,21290693933446
21290157422313,21291004343591
21290157422313,21291290261365
21291088953203,21291290261365
21291088953203,21291521107023
21291088953203,21291651694161
21291088953203,21292056474506
21292058181615,21292056474506
21292058181615,21292292402812
21292058181615,21292482844937
21292058181615,21292673186701
21292674810770,21292673186701
21292674810770,21292846116593
21292674810770,21293070861298
21292674810770,21293311271839
21292674810770,21293551459560
21292674810770,21293816843937
21293867121469,21293816843937
21293867121469,21294077199746
21293867121469,21294275769931
21293867121469,21294520511154
21293867121469,21294731418507
21294815888117,21294731418507
21294815888117,21295003330421
21294815888117,21295226514910
21294815888117,21295407361829
21295409360634,21295407361829
21295409360634,21295613381353
21295409360634,21295807550600
21295409360634,21295975734217
21295409360634,21296131254124
21295409360634,21296561938101
21296614949151,21296561938101
21296614949151,21296787492790
21296614949151,21296968913135
21296614949151,21297167153483
21296614949151,21297571149484
21297588726609,21297571149484
21297588726609,21297832038178
21297588726609,21297943297477
21297588726609,21298185223969
21297588726609,21298485562335
21298574753415,21298485562335
21298574753415,21298839265154
21298574753415,21299017582463
21298574753415,21299188549320
21298574753415,21299480093384
21299483525820,21299480093384
21299483525820,21299790205890
21299483525820,21299947253861
21299483525820,21300099101630
21299483525820,21300365753759
21300438254202,21300365753759
21300438254202,21300664586957
21300438254202,21300814391208
21300438254202,21301013909658
21300438254202,21301378579235
21301380105509,21301378579235
21301380105509,21301616291830
21301380105509,21301792346396
21301380105509,21301995868553
21301380105509,21302323144392
21302326066178,21302323144392
21302326066178,21302549571997
21302326066178,21302704175679
21302326066178,21302920641975
21302922153428,21302920641975
21302922153428,21303082737688
21302922153428,21303255760295
21302922153428,21303438921637
21302922153428,21303728098241
21303740468322,21303728098241
21303740468322,21303953032366
21303740468322,21304382555516
21303740468322,21304571490212
21303740468322,21304849984130
21304851370191,21304849984130
21304851370191,21305100516603
21304851370191,21305247880859
21304851370191,21305376408199
21304851370191,21305693211042
21304851370191,21306118609583
21306234131241,21306118609583
21306234131241,21306504296667
21306234131241,21306746080096
21306234131241,21306924468549
21306234131241,21307129130709
21307278643426,21307129130709
21307278643426,21307535250947
21307278643426,21307692106478
21307278643426,21307839356629
21307278643426,21308075657273
21308131515668,21308075657273
21308131515668,21308418752371
21308131515668,21308563962544
21308131515668,21308676924130
21308677884370,21308676924130
21308677884370,21308944770315
21308677884370,21309094741314
21308677884370,21309276020434
21308677884370,21309599339664
21308677884370,21310040440883
21310042348044,21310040440883
21310042348044,21310369228480
21310042348044,21310544032085
21310042348044,21310757912785
21310042348044,21310895677375
21310042348044,21311043223146
21311046706256,21311043223146
21311046706256,21311314617124
21311046706256,21311468788489
21311046706256,21311792081272
21311894809406,21311792081272
21311894809406,21312135354392
21311894809406,21312315050192
21311894809406,21312491544416
21311894809406,21312845280272
21312856857488,21312845280272
21312856857488,21313197087907
21312856857488,21313337346050
21312856857488,21313462431755
21312856857488,21313819625067
21313864422485,21313819625067
21313864422485,21314160456905
21313864422485,21314336338393
21313864422485,21314501284936
21314503747063,21314501284936
21314503747063,21314688368588
21314503747063,21314839975928
21314503747063,21315013553502
21314503747063,21315238382879
21314503747063,21315739797227
21315837728486,21315739797227
21315837728486,21316085866494
21315837728486,21316314789964
21315837728486,21316485262255
21315837728486,21316770290108
21316772476246,21316770290108
21316772476246,21317072464797
21316772476246,21317216355588
21316772476246,21317381056558
21316772476246,21317665264613
21317746193659,21317665264613
21317746193659,21317945952849
21317746193659,21318185967338
21317746193659,21318438503399
21317746193659,21318693902705
21318696445392,21318693902705
21318696445392,21318945847620
21318696445392,21319085131507
21318696445392,21319246768885
21318696445392,21319680973167
21319682754864,21319680973167
21319682754864,21319904223344
21319682754864,21320050515571
21319682754864,21320186871707
21319682754864,21320406480509
21320410710889,21320406480509
21320410710889,21320658453770
21320410710889,21320831401225
21320410710889,21320971533728
21320410710889,21321370346658
21321483576934,21321370346658
21321483576934,21321710844180
21321483576934,21321920361813
21321483576934,21322139250254
21321483576934,21322357552944
21322358637638,21322357552944
21322358637638,21322631312472
21322358637638,21322800916044
21322358637638,21323027842563
21323028723521,21323027842563
21323028723521,21323168054547
21323028723521,21323357512269
21323028723521,21323505695193
21323028723521,21323862574848
21323028723521,21324318406956
21324417238339,21324318406956
21324417238339,21324632481009
21324417238339,21324855259915
21324417238339,21325068703426
21325070145794,21325068703426
21325070145794,21325264156951
21325070145794,21325428937683
21325070145794,21325605811313
21325070145794,21325785998968
21326016013565,21325785998968
21326016013565,21326289860987
21326016013565,21326456557021
21326016013565,21326639432588
21326016013565,21326934452466
21326935969474,21326934452466
21326935969474,21327206124987
21326935969474,21327513350885
21326935969474,21327714311812
21326935969474,21327845054933
21326935969474,21328269239243
21328282854584,21328269239243
21328282854584,21328534168923
21328282854584,21328699344467
21328282854584,21328825784124
21328827578482,21328825784124
21328827578482,21329047308393
21328827578482,21329181930093
21328827578482,21329366042128
21328827578482,21329572573540
21328827578482,21330161686659
21330163904695,21330161686659
21330163904695,21330298049083
21330163904695,21330569712371
21330163904695,21330805381160
21330163904695,21330978451528
21331076276144,21330978451528
21331076276144,21331252661605
21331076276144,21331494672717
21331076276144,21331710340713
21331990213780,21331710340713
21331990213780,21331989157297
21331990213780,21332163579437
21331990213780,21332438850698
21331990213780,21332589407696
21331990213780,21332928575748
21332934949255,21332928575748
21332934949255,21333154270831
21332934949255,21333369942981
21332934949255,21333546235879
21332934949255,21333799300477
21333860860209,21333799300477
21333860860209,21334057822551
21333860860209,21334324147545
21333860860209,21334509149086
21333860860209,21334792574994
21334837120252,21334792574994
21334837120252,21335041630887
21334837120252,21335256293366
21334837120252,21335447687648
21334837120252,21335709079535
21335783252711,21335709079535
21335783252711,21335929413224
21335783252711,21336247176837
21335783252711,21336436069778
21336438151512,21336436069778
21336438151512,21336661621267
21336438151512,21336817315813
21336438151512,21336980288853
21336438151512,21337253933807
21336438151512,21337758904184
21337771766379,21337758904184
21337771766379,21338002061081
21337771766379,21338206298671
21337771766379,21338379677551
21337771766379,21338793621861
21338796438549,21338793621861
21338796438549,21338983196040
21338796438549,21339198092169
21338796438549,21339338848078
21338796438549,21339771468420
21339776451429,21339771468420
21339776451429,21339994180968
21339776451429,21340173483196
21339776451429,21340326219296
21339776451429,21340658608396
21340784382747,21340658608396
21340784382747,21341046738565
21340784382747,21341206194968
21340784382747,21341350649297
21340784382747,21341651858707
21341662988099,21341651858707
21341662988099,21341845759887
21341662988099,21342041347405
21341662988099,21342193953915
21341662988099,21342649079616
21342650953502,21342649079616
21342650953502,21342941951235
21342650953502,21343101044092
21342650953502,21343273141737
21342650953502,21343424299378
21343533307341,21343424299378
21343533307341,21343772270333
21343533307341,21343955418546
21343533307341,21344124660184
21344140994218,21344124660184
21344140994218,21344373499259
21344140994218,21344568204458
21344140994218,21344700426216
21344140994218,21344932439977
21345078818892,21344932439977
21345078818892,21345313599547
21345078818892,21345573914091
21345078818892,21345829489659
21345078818892,21345987101966
21345078818892,21346367687213
21346371638292,21346367687213
21346371638292,21346573942207
21346371638292,21346758186510
21346371638292,21346941367782
21346371638292,21347742092016
21347746219119,21347742092016
21347746219119,21348003059755
21347746219119,21348156355700
21347746219119,21348322961514
21347746219119,21348570110598
21348675012956,21348570110598
21348675012956,21348921492910
21348675012956,21349044382839
21348675012956,21349236908536
21348675012956,21349632610985
21349634184545,21349632610985
21349634184545,21349851930716
21349634184545,21350075922466
21349634184545,21350338370280
21349634184545,21350473766592
21350566914479,21350473766592
21350566914479,21350868504456
21350566914479,21351021391602
21350566914479,21351164399763
21350566914479,21351548330351
21351549594213,21351548330351
21351549594213,21351792593864
21351549594213,21351952201569
21351549594213,21352177569148
21351549594213,21352500288635
21352502117491,21352500288635
21352502117491,21352684284786
21352502117491,21352845300757
21352502117491,21352976449345
21352502117491,21353281604874
21353435125987,21353281604874
21353435125987,21353642528872
21353435125987,21353887238294
21353435125987,21354051391427
21354054182084,21354051391427
21354054182084,21354242028031
21354054182084,21354420968763
21354054182084,21354664251356
21354054182084,21354930968150
21354054182084,21355306910583
21355310355780,21355306910583
21355310355780,21355578469935
21355310355780,21355743383419
21355310355780,21355886072024
21355310355780,21356312892257
21356341055494,21356312892257
21356341055494,21356608931588
21356341055494,21356804991504
21356341055494,21356955882359
21356341055494,21357173026963
21357289383526,21357173026963
21357289383526,21357494613639
21357289383526,21357702295179
21357289383526,21357837728200
21357289383526,21358305468428
21358307764388,21358305468428
21358307764388,21358578983956
21358307764388,21358737771431
21358307764388,21358922691494
21358307764388,21359268965434
21359271414173,21359268965434
21359271414173,21359506787750
21359271414173,21359630253691
21359271414173,21359771424147
21359271414173,21360118348945
21360129051688,21360118348945
21360129051688,21360266229403
21360129051688,21360523438446
21360129051688,21360762306739
21360766359228,21360762306739
21360766359228,21361004806100
21360766359228,21361175070882
21360766359228,21361351194780
21360766359228,21361493569812
21361495547232,21361493569812
21361495547232,21361739816326
21361495547232,21361951251872
21361495547232,21362146947352
21361495547232,21362397156551
21361495547232,21362812585961
21362814137765,21362812585961
21362814137765,21363059388133
21362814137765,21363300770444
21362814137765,21363546529458
21363548674726,21363546529458
21363548674726,21363739396579
21363548674726,21363921388911
21363548674726,21364056100518
21363548674726,21364287186672
21363548674726,21364567691991
21364643157510,21364567691991
21364643157510,21364899962018
21364643157510,21365078151225
21364643157510,21365278578850
21364643157510,21365499385419
21365563615611,21365499385419
21365563615611,21365783781581
21365563615611,21366019444679
21365563615611,21366228411804
21365563615611,21366510273412
21366513198494,21366510273412
21366513198494,21366697097546
21366513198494,21367234589825
21366513198494,21367404378691
21366513198494,21367734016844
21367735660555,21367734016844
21367735660555,21367916529515
21367735660555,21368065843448
21367735660555,21368223399588
21368227535374,21368223399588
21368227535374,21368468227954
21368227535374,21368642459540
21368227535374,21368797122541
21368227535374,21369047524706
21368227535374,21369550362020
21369557020742,21369550362020
21369557020742,21369782529630
21369557020742,21369939595018
21369557020742,21370077083222
21370078850781,21370077083222
21370078850781,21370280282355
21370078850781,21370464762259
21370078850781,21370662534721
21370078850781,21370891721385
21370893664670,21370891721385
21370893664670,21371099199899
21370893664670,21371292751722
21370893664670,21371560133896
21370893664670,21371765043717
21370893664670,21372173427106
21372240173535,21372173427106
21372240173535,21372498924386
21372240173535,21372718804867
21372240173535,21372886757856
21372240173535,21373050779623
21373213149085,21373050779623
21373213149085,21373401105476
21373213149085,21373596476480
21373213149085,21373772408825
21373213149085,21374040748872
21374149184297,21374040748872
21374149184297,21374429273035
21374149184297,21374642434731
21374149184297,21374815801995
21374149184297,21375081770331
21375105124614,21375081770331
21375105124614,21375319510251
21375105124614,21375514645086
21375536791512,21375514645086
21375536791512,21375698396115
21375536791512,21375813885902
21375536791512,21375968234376
21375536791512,21376170211184
21375536791512,21376376116177
21376454337524,21376376116177
21376454337524,21376682963277
21376454337524,21376919381219
21376454337524,21377112541301
21376454337524,21377323340235
21376454337524,21377708649389
21377742910717,21377708649389
21377742910717,21377903254115
21377742910717,21378115214084
21377742910717,21378347075564
21377742910717,21378628590319
21378762425334,21378628590319
21378762425334,21379046511119
21378762425334,21379176647944
21378762425334,21379325323220
21378762425334,21379751921262
21379801963382,21379751921262
21379801963382,21380020185223
21379801963382,21380165383442
21379801963382,21380318439993
21379801963382,21380693148796
21380753377054,21380693148796
21380753377054,21381029376904
21380753377054,21381203799274
21381206148877,21381203799274
21381206148877,21381419033590
21381206148877,21381543348729
21381206148877,21381714053326
21381206148877,21381870997711
21381206148877,21382096813356
21381206148877,21382517208673
21382616625984,21382517208673
21382616625984,21382845023459
21382616625984,21383013850168
21382616625984,21383132380312
21382616625984,21383490277707
21383596884022,21383490277707
21383596884022,21383845712372
21383596884022,21384019488679
21383596884022,21384201511862
21383596884022,21384621359789
21384623433412,21384621359789
21384623433412,21384848836702
21384623433412,21385026993911
21384623433412,21385168434522
21385170448558,21385168434522
21385170448558,21385370449705
21385170448558,21385575365336
21385170448558,21385723408086
21385170448558,21385864294321
21385170448558,21386287028040
21386390199144,21386287028040
21386390199144,21386577604490
21386390199144,21386832553865
21386390199144,21387076267537
21387079939741,21387076267537
21387079939741,21387262518267
21387079939741,21387421180109
21387079939741,21387579602209
21387079939741,21387804201085
21387079939741,21388240085796
21388289943442,21388240085796
21388289943442,21388508695916
21388289943442,21388835126279
21388289943442,21389028683545
21388289943442,21389213237220
21388289943442,21389363904551
21389366687393,21389363904551
21389366687393,21389605990512
21389366687393,21389757018333
21389366687393,21389996329167
21390046611183,21389996329167
21390046611183,21390245402942
21390046611183,21390675119925
21390046611183,21390880421420
21390046611183,21391166129746
21390046611183,21391364194192
21391167838263,21391364194192
21391167838263,21391611411349
21391167838263,21391778072289
21391167838263,21392081804866
21392085316820,21392081804866
21392085316820,21392310415869
21392085316820,21392462926958
21392085316820,21392610241534
21392085316820,21392851051168
21393034323205,21392851051168
21393034323205,21393234432106
21393034323205,21393487873573
21393034323205,21393674771243
21393034323205,21393821633333
21393678240771,21393821633333
21393678240771,21393937038350
21393678240771,21394120018276
21393678240771,21394397666990
21393678240771,21394750763453
21394864652874,21394750763453
21394864652874,21395085471037
21394864652874,21395245608261
21394864652874,21395424502668
21394864652874,21395800144162
21395821653065,21395800144162
21395821653065,21396084702867
21395821653065,21396247694980
21395821653065,21396467754999
21395821653065,21396677317700
21396774799895,21396677317700
21396774799895,21397033697669
21396774799895,21397288585457
21396774799895,21397454331620
21397457172676,21397454331620
21397457172676,21397592720345
21397457172676,21397770468706
21397457172676,21397939891779
21397457172676,21398240131245
21397457172676,21398600315249
21398612186985,21398600315249
21398612186985,21398821495689
21398612186985,21399010464991
21398612186985,21399238233095
21399240730420,21399238233095
21399240730420,21399476350334
21399240730420,21399656337602
21399240730420,21399831466375
21399240730420,21400041745141
21399240730420,21400427227303
21399240730420,21400635448899
21400440584862,21400635448899
21400440584862,21400810261014
21400440584862,21401034762358
21401036311669,21401034762358
21401036311669,21401260795291
21401036311669,21401404835999
21401036311669,21401527513222
21401036311669,21401812587996
21401036311669,21402326966199
21402328846161,21402326966199
21402328846161,21402521983832
21402328846161,21402786136359
21402328846161,21402965035941
21402328846161,21403353711046
21403354863969,21403353711046
21403354863969,21403627569176
21403354863969,21403837397673
21403354863969,21404023461809
21403354863969,21404266558849
21404267844417,21404266558849
21404267844417,21404452191751
21404267844417,21404615372697
21404267844417,21404859370011
21404267844417,21405130124887
21405607499754,21405130124887
21405607499754,21405839553041
21405607499754,21405997057225
21405607499754,21406169432594
21405607499754,21406429889176
21406573837566,21406429889176
21406573837566,21406790326319
21406573837566,21406961891114
21406573837566,21407115588145
21406573837566,21407430711333
21407454984091,21407430711333
21407454984091,21407690296302
21407454984091,21407911328161
21407454984091,21408086300125
21407454984091,21408421973520
21408436082520,21408421973520
21408436082520,21408779309249
21408436082520,21408950317702
21408436082520,21409097266589
21409100407387,21409097266589
21409100407387,21409273510141
21409100407387,21409400870919
21409100407387,21409565507027
21409100407387,21409853890250
21409100407387,21410198597276
21410277665340,21410198597276
21410277665340,21410526613891
21410277665340,21410666528297
21410277665340,21410882886331
21410277665340,21411134614152
21411201917328,21411134614152
21411201917328,21411427848826
21411201917328,21411597828474
21411201917328,21411753035949
21411754668381,21411753035949
21411754668381,21411967235043
21411754668381,21412134190869
21411754668381,21412294418588
21411754668381,21412517307725
21411754668381,21412962179178
21413087041942,21412962179178
21413087041942,21413369390371
21413087041942,21413584811888
21413087041942,21413789203792
21413087041942,21413913903247
21414126925502,21413913903247
21414126925502,21414429232195
21414126925502,21414666847509
21414126925502,21414825733473
21414126925502,21415090961111
21415110971167,21415090961111
21415110971167,21415385163680
21415110971167,21415549924337
21415110971167,21415694363263
21415110971167,21415977147273
21416000294907,21415977147273
21416000294907,21416186086008
21416000294907,21416406400902
21416000294907,21416604814735
21416605786062,21416604814735
21416605786062,21416777906052
21416605786062,21416926838869
21416605786062,21417158323850
21416605786062,21417400698665
21416605786062,21417783353683
21417880972642,21417783353683
21417880972642,21418126547928
21417880972642,21418318260878
21417880972642,21418511071799
21417880972642,21418811942235
21418813928188,21418811942235
21418813928188,21419028617450
21418813928188,21419324256480
21418813928188,21419500117079
21418813928188,21419784931747
21419786670854,21419784931747
21419786670854,21420050828680
21419786670854,21420229429826
21419786670854,21420384515320
21419786670854,21420564554801
21420684236464,21420564554801
21420684236464,21420957294854
21420684236464,21421153749538
21420684236464,21421320404816
21420684236464,21421544986903
21421622903438,21421544986903
21421622903438,21421829874230
21421622903438,21422008140033
21421622903438,21422241692223
21421622903438,21422508885494
21422603694156,21422508885494
21422603694156,21422831333704
21422603694156,21423018741649
21422603694156,21423227465992
21422603694156,21423513422605
21423538929155,21423513422605
21423538929155,21423778059426
21423538929155,21424017891858
21423538929155,21424238383040
21423538929155,21424530153870
21424532454533,21424530153870
21424532454533,21424683447170
21424532454533,21424917376610
21424532454533,21425171206983
21424532454533,21425487069323
21425489932298,21425487069323
21425489932298,21425732515844
21425489932298,21425881173310
21425489932298,21426029873858
21425489932298,21426306278768
21426308364762,21426306278768
21426308364762,21426550153340
21426308364762,21426740105505
21426308364762,21426879436692
21426308364762,21427228279387
21427230121384,21427228279387
21427230121384,21427436359991
21427230121384,21427527082068
21427230121384,21427598516452
21427230121384,21428358311470
21428400731909,21428358311470
21428400731909,21428624835794
21428400731909,21428863361443
21428400731909,21429071364589
21428400731909,21429454320702
21429459099358,21429454320702
21429459099358,21429706633724
21429459099358,21429885677205
21429459099358,21430074943127
21429459099358,21430346919632
21430348699366,21430346919632
21430348699366,21430561080170
21430348699366,21430722802057
21430348699366,21430883728344
21430348699366,21431195300980
21431258232467,21431195300980
21431258232467,21431422855007
21431258232467,21431610298102
21431258232467,21431763231477
21431258232467,21432083269793
21432155884376,21432083269793
21432155884376,21432340283236
21432155884376,21432556302403
21432155884376,21432673449573
21432155884376,21433094407628
21433133597697,21433094407628
21433133597697,21433396889727
21433133597697,21433539133152
21433133597697,21433714284013
21433133597697,21434028217289
21434068232917,21434028217289
21434068232917,21434385834862
21434068232917,21434523047211
21434068232917,21434693299618
21434068232917,21434998504603
21435039742852,21434998504603
21435039742852,21435311193674
21435039742852,21435523527999
21435039742852,21435683615664
21435039742852,21435939470935
21436056080178,21435939470935
21436056080178,21436309086102
21436056080178,21436451100381
21436056080178,21436635165054
21436056080178,21437054935917
21437058011519,21437054935917
21437058011519,21437286628005
21437058011519,21437528248795
21437058011519,21437678049905
21437680380574,21437678049905
21437680380574,21437873977365
21437680380574,21438035621889
21437680380574,21438205801248
21437680380574,21438332261030
21437680380574,21438884726522
21438887985049,21438884726522
21438887985049,21439123841626
21438887985049,21439253212798
21438887985049,21439554577513
21438887985049,21439676444151
21439556901886,21439676444151
21439556901886,21439820795842
21439556901886,21440000375728
21439556901886,21440266602308
21439556901886,21440644560919
21440704682200,21440644560919
21440704682200,21440898609116
21440704682200,21441180299470
21440704682200,21441349291001
21440704682200,21441548269863
21441595231518,21441548269863
21441595231518,21441807706933
21441595231518,21441958360042
21441595231518,21442199408977
21442202565826,21442199408977
21442202565826,21442414624577
21442202565826,21442603440585
21442202565826,21442776212783
21442202565826,21442918174549
21442202565826,21443488701863
21443491536811,21443488701863
21443491536811,21444024665748
21443491536811,21444166970075
21443491536811,21444316781565
21443491536811,21444540064963
21444628068385,21444540064963
21444628068385,21444849062795
21444628068385,21444999885923
21444628068385,21445226371328
21444628068385,21445572961924
21445575878612,21445572961924
21445575878612,21445799573172
21445575878612,21445949488638
21445575878612,21446159535276
21445575878612,21446405757253
21446513197032,21446405757253
21446513197032,21446685218227
21446513197032,21446939074714
21446513197032,21447132598929
21447133981317,21447132598929
21447133981317,21447336174378
21447133981317,21447485380096
21447133981317,21447770572871
21447133981317,21447909171710
21447133981317,21448385735307
21448521159167,21448385735307
21448521159167,21448796196262
21448521159167,21449065102703
21448521159167,21449262327474
21448521159167,21449404379323
21448521159167,21449527434329
21449528768654,21449527434329
21449528768654,21449744012863
21449528768654,21449935522501
21449528768654,21450290842172
21450388536750,21450290842172
21450388536750,21450672746628
21450388536750,21450867466091
21450388536750,21451058239326
21450388536750,21451389283684
21451395557850,21451389283684
21451395557850,21451612552588
21451395557850,21451878933522
21451395557850,21452061294342
21451395557850,21452331950820
21452337738930,21452331950820
21452337738930,21452513222625
21452337738930,21452716049464
21452337738930,21452927382992
21452337738930,21453365176872
21453366335497,21453365176872
21453366335497,21453561358078
21453366335497,21453742653291
21453366335497,21453908941986
21453912219883,21453908941986
21453912219883,21454106536693
21453912219883,21454293523404
21453912219883,21454463145766
21453912219883,21454806743800
21453912219883,21455151543133
21455243522066,21455151543133
21455243522066,21455403058046
21455243522066,21455634365597
21455243522066,21455776610279
21455243522066,21456149521596
21456178149478,21456149521596
21456178149478,21456473128028
21456178149478,21456614381948
21456178149478,21456780629816
21456178149478,21457069574226
21457072364598,21457069574226
21457072364598,21457264887002
21457072364598,21457485958153
21457072364598,21457699710260
21457702083452,21457699710260
21457702083452,21458008306690
21457702083452,21458201303972
21457702083452,21458373055523
21457702083452,21458512246181
21457702083452,21458898411929
21458972906455,21458898411929
21458972906455,21459167910299
21458972906455,21459385245156
21458972906455,21459599962146
21458972906455,21459918060321
21459927419220,21459918060321
21459927419220,21460202211664
21459927419220,21460378232570
21459927419220,21460603435747
21459927419220,21460896262601
21460955460596,21460896262601
21460955460596,21461175743220
21460955460596,21461500023879
21460955460596,21461753245781
21460955460596,21461946058203
21461978799594,21461946058203
21461978799594,21462208240827
21461978799594,21462386926821
21461978799594,21462622416518
21461978799594,21462938055897
21462946256679,21462938055897
21462946256679,21463178283325
21462946256679,21463418406814
21462946256679,21463628911402
21462946256679,21463908173707
21463977338190,21463908173707
21463977338190,21464173409999
21463977338190,21464431366309
21463977338190,21464624580752
21463977338190,21464856299806
21464861570905,21464856299806
21464861570905,21465063853391
21464861570905,21465346130194
21464861570905,21465513070977
21464861570905,21465801493286
21465896834493,21465801493286
21465896834493,21466048412974
21465896834493,21466319255748
21465896834493,21466464483357
21465896834493,21466862399058
21466868825210,21466862399058
21466868825210,21467137528458
21466868825210,21467335722555
21466868825210,21467518882630
21466868825210,21467867479124
21467870891772,21467867479124
21467870891772,21468100665824
21467870891772,21468279534781
21467870891772,21468455409785
21467870891772,21468855465846
21468900121964,21468855465846
21468900121964,21469107436560
21468900121964,21469242543354
21468900121964,21469439762540
21469441027278,21469439762540
21469441027278,21469637755827
21469441027278,21469794389115
21469441027278,21469933565067
21469441027278,21470273241273
21469441027278,21470741854109
21470823476281,21470741854109
21470823476281,21471077256436
21470823476281,21471287944194
21470823476281,21471534284622
21470823476281,21471787735845
21471789185436,21471787735845
21471789185436,21472259599154
21471789185436,21472450329950
21471789185436,21472618237620
21471789185436,21472963219862
21473028495870,21472963219862
21473028495870,21473275263918
21473028495870,21473482443543
21473028495870,21473636204467
21473028495870,21473843888753
21473912078488,21473843888753
21473912078488,21474075376047
21473912078488,21474305286036
21473912078488,21474480903394
21473912078488,21474794178879
21474816658595,21474794178879
21474816658595,21474963081668
21474816658595,21475207756346
21474816658595,21475322069581
21475326041484,21475322069581
21475326041484,21475615289586
21475326041484,21475741383894
21475326041484,21475952024753
21475326041484,21476290277806
21475326041484,21476598438390
21476736758837,21476598438390
21476736758837,21477000201513
21476736758837,21477214055288
21476736758837,21477359019817
21476736758837,21477699893784
21477701415077,21477699893784
21477701415077,21477928255635
21477701415077,21478121240180
21477701415077,21478339549643
21478341139442,21478339549643
21478341139442,21478539309323
21478341139442,21478705299990
21478341139442,21478895082022
21478341139442,21479209931165
21478341139442,21479514696889
21479589864321,21479514696889
21479589864321,21479886216411
21479589864321,21480047949071
21479589864321,21480225579828
21479589864321,21480653051857
21480660822874,21480653051857
21480660822874,21480871720243
21480660822874,21481053525986
21480660822874,21481240613080
21480660822874,21481561136253
21481574143222,21481561136253
21481574143222,21481789754270
21481574143222,21481994079213
21481574143222,21482235140338
21481574143222,21482470155710
21482499328385,21482470155710
21482499328385,21482770371068
21482499328385,21482944697012
21482499328385,21483164646103
21482499328385,21483400891091
21483426970174,21483400891091
21483426970174,21483732683657
21483426970174,21483983595403
21483426970174,21484170256325
21483426970174,21484379600381
21484399089987,21484379600381
21484399089987,21484658268238
21484399089987,21484930282015
21484399089987,21485118614239
21484399089987,21485306946029
21485318589486,21485306946029
21485318589486,21485586894792
21485318589486,21485743547855
21485318589486,21485933317060
21485936692247,21485933317060
21485936692247,21486174381938
21485936692247,21486327869892
21485936692247,21486521852240
21485936692247,21486683453666
21485936692247,21487070883643
21487160560410,21487070883643
21487160560410,21487466224825
21487160560410,21487727344255
21487160560410,21487930303704
21487933782556,21487930303704
21487933782556,21488088427399
21487933782556,21488239024545
21487933782556,21488482282214
21487933782556,21488648124585
21487933782556,21488993492111
21489112600231,21488993492111
21489112600231,21489379647541
21489112600231,21489610759257
21489112600231,21489763598479
21489765940913,21489763598479
21489765940913,21489996385545
21489765940913,21490127305739
21489765940913,21490300649782
21489765940913,21490558366444
21489765940913,21491025019885
21491063830578,21491025019885
21491063830578,21491261327680
21491063830578,21491424329440
21491063830578,21491650159163
21491063830578,21491921382561
21491981413136,21491921382561
21491981413136,21492243484907
21491981413136,21492396450778
21491981413136,21492583186069
21492585631872,21492583186069
21492585631872,21492846598301
21492585631872,21493017771514
21492585631872,21493194915482
21492585631872,21493357513696
21492585631872,21493759240888
21493832948556,21493759240888
21493832948556,21494051263536
21493832948556,21494229305228
21493832948556,21494467670707
21494470424783,21494467670707
21494470424783,21494698877421
21494470424783,21494866438806
21494470424783,21495131292007
21494470424783,21495276169944
21494470424783,21495691817557
21495706483254,21495691817557
21495706483254,21495962145080
21495706483254,21496160311914
21495706483254,21496357211285
21495706483254,21496565165075
21496567689834,21496565165075
21496567689834,21496778325963
21496567689834,21496962433525
21496567689834,21497108338635
21496567689834,21497363339957
21497390420111,21497363339957
21497390420111,21497614200605
21497390420111,21497764722767
21497390420111,21498025749246
21497390420111,21498251256272
21498296864559,21498251256272
21498296864559,21498541612543
21498296864559,21498698040370
21498296864559,21498844216768
21498296864559,21499252337697
21499254817990,21499252337697
21499254817990,21499507636222
21499254817990,21499674432676
21499254817990,21499856969099
21499254817990,21500219529315
21500261214075,21500219529315
21500261214075,21500524401382
21500261214075,21500728040109
21500261214075,21500940018767
21500261214075,21501215309886
21501281367709,21501215309886
21501281367709,21501485719931
21501281367709,21501671750482
21501281367709,21501874735644
21501281367709,21502179891117
21502195898420,21502179891117
21502195898420,21502447044098
21502195898420,21502695883974
21502195898420,21502876905140
21502195898420,21503150258771
21503151958900,21503150258771
21503151958900,21503377575637
21503151958900,21503609155348
21503151958900,21503800122461
21503151958900,21503956817312
21503151958900,21504178645750
21504181453799,21504178645750
21504181453799,21504408514949
21504181453799,21504579332628
21504181453799,21504883939356
21504886285765,21504883939356
21504886285765,21505112053970
21504886285765,21505251624772
21504886285765,21505427853494
21505430169718,21505427853494
21505430169718,21505602407980
21505430169718,21505764303911
21505430169718,21505968399435
21505430169718,21506218743025
21505430169718,21506636243049
21506658551703,21506636243049
21506658551703,21506862486843
21506658551703,21507091073146
21506658551703,21507214051810
21506658551703,21507599908186
21507620477113,21507599908186
21507620477113,21507821839581
21507620477113,21508014725636
21507620477113,21508244485799
21508247470955,21508244485799
21508247470955,21508478366294
21508247470955,21508646815911
21508247470955,21508814856248
21508247470955,21509003449648
21508247470955,21509647398050
21508247470955,21509862747455
21509652489080,21509862747455
21509652489080,21510029765571
21509652489080,21510261122959
21509652489080,21510527116688
21510528882584,21510527116688
21510528882584,21510790327541
21510528882584,21510920499597
21510528882584,21511180470236
21510528882584,21511456901803
21511458410256,21511456901803
21511458410256,21511689694984
21511458410256,21511830091409
21511458410256,21512027815415
21511458410256,21512454389118
21512458057036,21512454389118
21512458057036,21512711349596
21512458057036,21512883369387
21512458057036,21513035001148
21512458057036,21513377597043
21513379352739,21513377597043
21513379352739,21513630879755
21513379352739,21513859980489
21513379352739,21514014309427
21513379352739,21514287108606
21514288816178,21514287108606
21514288816178,21514548176581
21514288816178,21514717316299
21514288816178,21514914969722
21514288816178,21515357094930
21515358815609,21515357094930
21515358815609,21515550824019
21515358815609,21515748935631
21515816202698,21515748935631
21515816202698,21516001477062
21515816202698,21516146782794
21515816202698,21516322579420
21515816202698,21516574680185
21515816202698,21516753062597
21515816202698,21517034305849
21517106667089,21517034305849
21517106667089,21517360177088
21517106667089,21517570150288
21517106667089,21517788054596
21517106667089,21518052038000
21518053944596,21518052038000
21518053944596,21518294469231
21518053944596,21518444734419
21518053944596,21518739439095
21518741252796,21518739439095
21518741252796,21518981544457
21518741252796,21519157303669
21518741252796,21519300870034
21518741252796,21519490688034
21519517865276,21519490688034
21519517865276,21519749284652
21519517865276,21519958364304
21519517865276,21520104175052
21519517865276,21520380076306
21519517865276,21520856298560
21520931144977,21520856298560
21520931144977,21521159316310
21520931144977,21521406041185
21520931144977,21521584363553
21520931144977,21521876984991
21521878782338,21521876984991
21521878782338,21522055260554
21521878782338,21522304262063
21521878782338,21522480072459
21521878782338,21522771697077
21522893229882,21522771697077
21522893229882,21523133692875
21522893229882,21523441934967
21522893229882,21523622070534
21522893229882,21523936281153
21523938102590,21523936281153
21523938102590,21524207689867
21523938102590,21524341807063
21523938102590,21524499011542
21523938102590,21524749317825
21525162425061,21524749317825
21525162425061,21525418329380
21525162425061,21525620337170
21525162425061,21525797459716
21525162425061,21526110239400
21526139341396,21526110239400
21526139341396,21526433251990
21526139341396,21526619034344
21526139341396,21526813681879
21526139341396,21527100853722
21527102259860,21527100853722
21527102259860,21527273371814
21527102259860,21527485041762
21527102259860,21527694911660
21527102259860,21528009730029
21528114170570,21528009730029
21528114170570,21528314206651
21528114170570,21528489807072
21528114170570,21528670927663
21528114170570,21529013134407
21529066922711,21529013134407
21529066922711,21529287863046
21529066922711,21529513622379
21529066922711,21529731298519
21529066922711,21529925220674
21529929016816,21529925220674
21529929016816,21530097677540
21529929016816,21530337081802
21529929016816,21530482962202
21529929016816,21530812971423
21530833547776,21530812971423
21530833547776,21531050501818
21530833547776,21531226758623
21530833547776,21531403542905
21531406072367,21531403542905
21531406072367,21531637385093
21531406072367,21531812800812
21531406072367,21531979638828
21531406072367,21532263731865
21531406072367,21532664826748
21532743232880,21532664826748
21532743232880,21532935332189
21532743232880,21533153216039
21532743232880,21533310731813
21533313907348,21533310731813
21533313907348,21533533870042
21533313907348,21533654051090
21533313907348,21533801389360
21533313907348,21534095666989
21533313907348,21534566289034
21534577724477,21534566289034
21534577724477,21534805739619
21534577724477,21534951466592
21534577724477,21535087410218
21535177501883,21535087410218
21535177501883,21535430755785
21535177501883,21535588827761
21535177501883,21535825938777
21535177501883,21536085416794
21535177501883,21536606379456
21536608472155,21536606379456
21536608472155,21536820942873
21536608472155,21536991720156
21536608472155,21537232724560
21536608472155,21537517470470
21537519674072,21537517470470
21537519674072,21537781170915
21537519674072,21537936949146
21537519674072,21538138356738
21538140013890,21538138356738
21538140013890,21538384043636
21538140013890,21538580282668
21538140013890,21538786959444
21538140013890,21538996300878
21538140013890,21539396982059
21539498563637,21539396982059
21539498563637,21539746056460
21539498563637,21539880187020
21539498563637,21540103154495
21539498563637,21540503791425
21540513872153,21540503791425
21540513872153,21540811390121
21540513872153,21540989296121
21540513872153,21541180229189
21540513872153,21541444948380
21541840766247,21541444948380
21541840766247,21542109955294
21541840766247,21542264286981
21541840766247,21542399285974
21541840766247,21542688361160
21542825203764,21542688361160
21542825203764,21543177139476
21542825203764,21543314984421
21542825203764,21543552381585
21542825203764,21543728511080
21543800256354,21543728511080
21543800256354,21544018742289
21543800256354,21544216966321
21543800256354,21544374375834
21543800256354,21544711054801
21544751824496,21544711054801
21544751824496,21544984919191
21544751824496,21545138026835
21544751824496,21545373310408
21544751824496,21545627112558
21545743772366,21545627112558
21545743772366,21546127713667
21545743772366,21546343686926
21545743772366,21546802929826
21545743772366,21547103312252
21547156360128,21547103312252
21547156360128,21547441140957
21547156360128,21547608876293
21547156360128,21547864474681
21547156360128,21548089530142
21548261184882,21548089530142
21548261184882,21548516378644
21548261184882,21548705035143
21548261184882,21548868145324
21548261184882,21549151582998
21548261184882,21549309193250
21549154056439,21549309193250
21549154056439,21549521462691
21549154056439,21549704433603
21549154056439,21549968405821
21550008708856,21549968405821
21550008708856,21550232954245
21550008708856,21550432338780
21550008708856,21550625332371
21550008708856,21550809303592
21550897958143,21550809303592
21550897958143,21551183239312
21550897958143,21551318016402
21550897958143,21551497165958
21551499125900,21551497165958
21551499125900,21551660565436
21551499125900,21551782161363
21551499125900,21551998790086
21551499125900,21552228019582
21551499125900,21552711396266
21552749853599,21552711396266
21552749853599,21552995175463
21552749853599,21553142042138
21552749853599,21553280707934
21552749853599,21553664394410
21553707698402,21553664394410
21553707698402,21554003996353
21553707698402,21554143155205
21553707698402,21554379125845
21553707698402,21554576854282
21554381094367,21554576854282
21554381094367,21554764280514
21554381094367,21555002475430
21554381094367,21555179019298
21554381094367,21555653310442
21555743568778,21555653310442
21555743568778,21556020610847
21555743568778,21556228192505
21555743568778,21556407409550
21555743568778,21556623177486
21556686572490,21556623177486
21556686572490,21556825352238
21556686572490,21557035502284
21556686572490,21557139000106
21556686572490,21557425899099
21556686572490,21557591756132
21557426963772,21557591756132
21557426963772,21557730456479
21557737628266,21557730456479
21557737628266,21557986242665
21557737628266,21558171093843
21557737628266,21558305239698
21557737628266,21558439920509
21557737628266,21558572047448
21557737628266,21558736348875
21558737701839,21558736348875
21558737701839,21558950125122
21558737701839,21559138225594
21558737701839,21559250041457
21558737701839,21559400656098
21559252027809,21559400656098
21559252027809,21559528245877
21559252027809,21559646567546
21559252027809,21559783931688
21559252027809,21559942155600
21559943835026,21559942155600
21559943835026,21560063698831
21559943835026,21560240850693
21559943835026,21560334537588
21559943835026,21560429681426
21559943835026,21560523788992
