41001035115814,41001357350216
41001035115814,41001668961167
41001035115814,41001903398272
41001035115814,41002343843011
41001035115814,41002379383829
41002595377553,41002379383829
41002595377553,41002873447746
41002595377553,41002873147172
41002595377553,41003066847208
41002595377553,41003068427369
41003220220075,41003068427369
41003220220075,41003452969469
41003220220075,41003463368362
41003220220075,41003619656571
41003220220075,41003625998559
41003220220075,41003910496205
41003220220075,41004128217221
41003220220075,41004628338156
41003220220075,41004592591185
41004811200205,41004592591185
41004811200205,41005065602361
41004811200205,41005079796859
41004811200205,41005253384919
41004811200205,41005249872652
41005433259669,41005249872652
41005433259669,41005663408572
41005433259669,41005695191017
41005433259669,41005829103045
41005433259669,41005823801146
41005433259669,41006170391630
41005433259669,41006252817922
41005433259669,41006685064383
41005433259669,41006779234149
41006980562335,41006779234149
41006980562335,41007157217043
41006980562335,41007179130937
41006980562335,41007372547824
41006980562335,41007364653973
41007566196627,41007364653973
41007566196627,41007753965953
41007566196627,41007771408251
41007566196627,41007913952569
41007566196627,41007918270040
41007566196627,41008307892689
41007566196627,41008404460907
41007566196627,41008744210837
41007566196627,41008920603055
41009050687891,41008920603055
41009050687891,41009258146280
41009050687891,41009255388601
41009050687891,41009399164670
41009050687891,41009496222746
41009664482287,41009496222746
41009664482287,41009902739969
41009664482287,41009890441149
41009664482287,41010080280480
41009664482287,41010071739195
41009664482287,41010324924753
41009664482287,41010590325682
41009664482287,41010971233452
41009664482287,41011087265279
41011311205840,41011087265279
41011311205840,41011450853815
41011311205840,41011450810742
41011311205840,41011579209675
41011311205840,41011728019635
41011311205840,41011961758979
41011964578210,41011961758979
41011964578210,41012215745818
41011964578210,41012217924587
41011964578210,41012367028545
41011964578210,41012522850581
41011964578210,41012648587936
41011964578210,41012960996393
41011964578210,41013063994051
41013228327310,41013063994051
41013228327310,41013394306141
41013228327310,41013408232528
41013228327310,41013579169039
41013228327310,41013581303350
41013228327310,41013914532910
41013228327310,41014094437463
41014255396741,41014094437463
41014255396741,41014535479983
41014255396741,41014513524811
41014255396741,41014672195632
41014255396741,41014653502265
41014255396741,41014978190693
41014255396741,41015076093573
41015292357612,41015076093573
41015292357612,41015547691453
41015292357612,41015553790696
41015292357612,41015701315848
41015292357612,41015702646420
41015292357612,41015950189778
41015292357612,41016062429114
41016320710105,41016062429114
41016320710105,41016551164943
41016320710105,41016537895691
41016320710105,41016700384580
41016320710105,41016769654623
41016931859845,41016769654623
41016931859845,41017167110355
41016931859845,41017160624760
41016931859845,41017317553974
41016931859845,41017324230620
41016931859845,41017716355022
41016931859845,41017739967460
41016931859845,41018130138701
41016931859845,41018322475378
41018516546081,41018322475378
41018516546081,41018740377617
41018516546081,41018740065673
41018516546081,41018915385069
41018516546081,41018917298300
41019050452178,41018917298300
41019050452178,41019241603325
41019050452178,41019230766798
41019050452178,41019388331681
41019050452178,41019384376444
41019050452178,41019764640377
41019050452178,41019955315955
41019050452178,41020323635636
41019050452178,41020483479009
41020665829588,41020483479009
41020665829588,41020898995466
41020665829588,41020847896561
41020665829588,41021007539953
41020665829588,41021043841803
41020665829588,41021361495143
41020665829588,41021576620973
41021690563186,41021576620973
41021690563186,41021915393386
41021690563186,41021901496061
41021690563186,41022040039194
41021690563186,41022086522757
41022325147815,41022086522757
41022325147815,41022465932332
41022325147815,41022460295870
41022325147815,41022616252905
41022325147815,41022759186645
41022325147815,41023122547562
41022325147815,41023188416149
41023335240205,41023188416149
41023335240205,41023450403652
41023335240205,41023471359930
41023335240205,41023586903482
41023335240205,41023678151001
41023335240205,41024518679147
41023335240205,41024724016543
41023335240205,41025020540940
41023335240205,41025140338917
41023335240205,41025511855594
41025372471159,41025511855594
41025372471159,41025522261528
41025372471159,41025722341761
41025372471159,41025697365293
41025887948506,41025697365293
41025887948506,41026148198950
41025887948506,41026115738945
41025887948506,41026273116379
41025887948506,41026261622696
41025887948506,41026629502382
41025887948506,41026765444021
41025887948506,41027128786455
41025887948506,41027282286273
41027499382172,41027282286273
41027499382172,41027683317165
41027499382172,41027786369820
41027499382172,41027858768336
41027499382172,41027940402220
41027499382172,41028243921679
41027499382172,41028381879973
41028527899703,41028381879973
41028527899703,41028663902396
41028527899703,41028771648114
41028527899703,41028822181264
41028527899703,41028961066252
41028527899703,41029204052868
41028527899703,41029382309979
41029607726785,41029382309979
41029607726785,41029824272650
41029607726785,41029920388580
41029607726785,41029989574096
41029607726785,41030083665981
41029607726785,41030322851283
41029607726785,41030523211407
41030636542051,41030523211407
41030636542051,41030778812741
41030636542051,41030832863822
41030636542051,41030905181181
41030636542051,41030993358198
41030636542051,41031238551503
41030636542051,41031362367986
41031527784428,41031362367986
41031527784428,41031703662064
41031527784428,41031763472498
41031527784428,41031818695773
41031527784428,41032001347042
41032078635943,41032001347042
41032078635943,41032267361524
41032078635943,41032266973152
41032078635943,41032395253402
41032078635943,41032434036005
41032078635943,41032773701486
41032078635943,41032861001678
41032984213182,41032861001678
41032984213182,41033209660163
41032984213182,41033203216609
41032984213182,41033375086651
41032984213182,41033366091948
41032984213182,41033686203560
41032984213182,41033866389478
41032984213182,41034279197242
41032984213182,41034365387832
41034519574786,41034365387832
41034519574786,41034700866711
41034519574786,41034703740158
41034519574786,41034911648913
41034519574786,41034878973178
41034519574786,41035394191180
41034519574786,41035370671930
41035625503921,41035370671930
41035625503921,41035801480714
41035625503921,41035777310175
41035625503921,41036006250166
41035625503921,41035948181490
41035625503921,41036401269262
41035625503921,41036460685623
41036738789751,41036460685623
41036738789751,41036876666889
41036738789751,41036869174570
41036738789751,41037100257857
41036738789751,41037033382364
41036738789751,41037525952110
41036738789751,41037610412851
41037813130843,41037610412851
41037813130843,41038116847920
41037813130843,41038114831560
41037813130843,41038257700948
41037813130843,41038253059853
41038377759489,41038253059853
41038377759489,41038647511340
41038377759489,41038647979659
41038377759489,41038791472263
41038377759489,41038778366782
41038377759489,41039102356295
41038377759489,41039255240363
41038377759489,41039609113965
41038377759489,41039748399227
41039955409640,41039748399227
41039955409640,41040062952396
41039955409640,41040230484017
41039955409640,41040246681136
41039955409640,41040381380070
41039955409640,41040693271888
41039955409640,41040833325027
41040957604697,41040833325027
41040957604697,41041114761453
41040957604697,41041119248768
41040957604697,41041260390737
41040957604697,41041367409960
41040957604697,41041658915497
41040957604697,41041814078400
41040957604697,41042094816333
41041919365599,41042094816333
41041919365599,41042130794175
41041919365599,41042259250160
41041919365599,41042280121210
41041919365599,41042570329697
41041919365599,41042714189227
41042871076585,41042714189227
41042871076585,41043072575185
41042871076585,41043086882127
41042871076585,41043254079770
41042871076585,41043251242880
41043401454010,41043251242880
41043401454010,41043533740337
41043401454010,41043541086417
41043401454010,41043681980247
41043401454010,41043747136642
41043401454010,41044160286957
41043401454010,41044223702274
41043401454010,41044628474614
41043401454010,41044859122140
41045032730449,41044859122140
41045032730449,41045155168477
41045032730449,41045278519121
41045032730449,41045331625488
41045032730449,41045446392422
41045032730449,41045807817096
41045612013765,41045807817096
41045612013765,41045799654924
41045612013765,41045961161244
41045612013765,41045950424609
41045612013765,41046444061976
41045612013765,41046591503870
41045612013765,41046864488918
41045612013765,41047061173957
41047219841336,41047061173957
41047219841336,41047436338880
41047219841336,41047439634513
41047219841336,41047593799595
41047219841336,41047598421164
41047219841336,41047967206577
41047219841336,41048152985621
41047219841336,41048477240478
41048296775076,41048477240478
41048296775076,41048467471804
41048296775076,41048679429792
41048296775076,41048676315156
41048296775076,41048978237898
41048296775076,41049219343195
41049376449319,41049219343195
41049376449319,41049600879196
41049376449319,41049627178170
41049376449319,41049802564817
41049376449319,41049770500119
41049376449319,41050227133407
41049376449319,41050322481331
41050496087639,41050322481331
41050496087639,41050703752826
41050496087639,41050701245048
41050496087639,41050860248541
41050496087639,41050872454403
41050496087639,41051346598345
41050496087639,41051363033696
41051581180235,41051363033696
41051581180235,41051816464026
41051581180235,41051837865487
41051581180235,41051990221134
41051581180235,41052009123431
41051581180235,41052286494967
41051581180235,41052501436032
41053012738722,41052501436032
41053012738722,41053234311886
41053012738722,41053202280152
41053012738722,41053347554196
41053012738722,41053384723693
41053012738722,41053697553696
41053012738722,41053812384589
41054013083121,41053812384589
41054013083121,41054195172275
41054013083121,41054185012261
41054013083121,41054345274553
41054013083121,41054457464641
41054013083121,41054673378470
41054548113687,41054673378470
41054548113687,41054698865564
41054548113687,41054853145452
41054548113687,41054843290845
41054548113687,41055210079551
41054548113687,41055299339729
41054548113687,41055652327690
41054548113687,41055714483818
41055878987180,41055714483818
41055878987180,41056083046959
41055878987180,41056104621571
41055878987180,41056267890528
41055878987180,41056277416630
41055878987180,41056599369441
41055878987180,41056734792443
41056940098090,41056734792443
41056940098090,41057124900694
41056940098090,41057153429242
41056940098090,41057364150696
41056940098090,41057339923975
41056940098090,41057768524176
41056940098090,41057850372122
41056940098090,41058167416535
41056940098090,41058189751515
41058021457589,41058189751515
41058021457589,41058377469364
41058021457589,41058317192257
41058558125055,41058317192257
41058558125055,41058771062710
41058558125055,41058771055617
41058558125055,41058905628820
41058558125055,41058950826781
41058558125055,41059270653231
41058558125055,41059414878901
41058558125055,41059876518837
41058558125055,41060009579289
41060166089427,41060009579289
41060166089427,41060471038047
41060166089427,41060445959010
41060166089427,41060598930027
41060166089427,41060639151810
41060166089427,41061076274469
41060166089427,41061076307304
41061224160435,41061076307304
41061224160435,41061375160407
41061224160435,41061368893942
41061224160435,41061518660209
41061224160435,41061561629473
41061224160435,41061986015346
41061224160435,41062139086050
41061224160435,41062386852173
41061224160435,41062370392149
41062244803838,41062370392149
41062244803838,41062531247678
41062244803838,41062635464753
41062244803838,41062985467570
41062244803838,41063193226368
41063262437597,41063193226368
41063262437597,41063484912569
41063262437597,41063469329964
41063262437597,41063633758527
41063262437597,41063635072137
41063262437597,41063866164938
41063262437597,41064015827115
41064138030493,41064015827115
41064138030493,41064340380422
41064138030493,41064355348517
41064138030493,41064505182200
41064138030493,41064473516207
41064138030493,41064917956502
41064138030493,41064875477781
41065125679582,41064875477781
41065125679582,41065352619236
41065125679582,41065385898099
41065125679582,41065523032334
41065125679582,41065520883645
41065125679582,41065911434717
41065125679582,41066031041333
41066205632140,41066031041333
41066205632140,41066400526681
41066205632140,41066826278590
41066205632140,41066821228998
41066205632140,41066931679799
41067035680177,41066931679799
41067035680177,41067316945804
41067035680177,41067312383310
41067035680177,41067441774047
41067035680177,41067451633704
41067035680177,41067745176191
41067035680177,41067817105385
41067035680177,41068241714714
41068093351826,41068241714714
41068093351826,41068358496789
41068093351826,41068474321296
41068093351826,41068523881618
41068093351826,41068816464122
41068093351826,41069052123975
41068093351826,41069331185685
41068093351826,41069454354073
41069659180449,41069454354073
41069659180449,41069813073000
41069659180449,41069816148887
41069659180449,41069976298942
41069659180449,41070134952578
41070254967285,41070134952578
41070254967285,41070432817206
41070254967285,41070458989949
41070254967285,41070651265910
41070254967285,41070653754091
41070254967285,41070924531443
41070254967285,41071056257665
41070254967285,41071437594963
41070254967285,41071536303730
41071680454746,41071536303730
41071680454746,41071878031762
41071680454746,41071867524764
41071680454746,41072057958326
41071680454746,41072034371837
41071680454746,41072389653185
41071680454746,41072547347218
41072699197201,41072547347218
41072699197201,41072902167429
41072699197201,41072916805140
41072699197201,41073082157476
41072699197201,41073035673343
41072699197201,41073478312091
41072699197201,41073549854664
41073722857997,41073549854664
41073722857997,41073885290875
41073722857997,41074005636363
41073722857997,41074022485443
41073722857997,41074167073012
41073722857997,41074465960367
41073722857997,41074583214926
41074702161123,41074583214926
41074702161123,41074906194087
41074702161123,41074898063450
41074702161123,41075085668748
41074702161123,41075071072212
41074702161123,41075370872136
41074702161123,41075544127227
41075703553604,41075544127227
41075703553604,41075874241033
41075703553604,41075933904895
41075703553604,41076093653041
41075703553604,41076051383156
41075703553604,41076432145285
41075703553604,41076588385585
41076769531149,41076588385585
41076769531149,41077060153740
41076769531149,41077040295703
41076769531149,41077238304411
41076769531149,41077215969818
41077317907974,41077215969818
41077317907974,41077604484507
41077317907974,41077623175566
41077317907974,41077768336193
41077317907974,41077792983842
41077317907974,41078128886888
41077317907974,41078259874697
41077317907974,41078666126010
41077317907974,41078746757368
41078976809213,41078746757368
41078976809213,41079199415410
41078976809213,41079208966935
41078976809213,41079350001769
41078976809213,41079345684293
41078976809213,41079671063038
41078976809213,41079777254174
41080024475763,41079777254174
41080024475763,41080341372438
41080024475763,41080325672835
41080024475763,41080505856930
41080024475763,41080570040922
41080659295923,41080570040922
41080659295923,41080908539624
41080659295923,41080921666263
41080659295923,41081066363165
41080659295923,41081057146179
41080659295923,41081377689102
41080659295923,41081491886538
41081660650750,41081491886538
41081660650750,41081819387596
41081660650750,41081993369973
41081660650750,41081930336736
41081660650750,41082099110703
41081660650750,41082471101989
41081660650750,41082552184091
41081660650750,41083001896493
41081660650750,41083135605300
41083327990949,41083135605300
41083327990949,41083585306882
41083327990949,41083544764400
41083327990949,41083679252772
41083327990949,41083719083140
41083327990949,41084173499191
41083327990949,41084258922389
41084438954291,41084258922389
41084438954291,41084718160647
41084438954291,41084672601302
41084438954291,41084803991071
41084438954291,41084839573271
41084958272356,41084839573271
41084958272356,41085170257790
41084958272356,41085170237736
41084958272356,41085287346637
41084958272356,41085325700026
41084958272356,41085631395906
41084958272356,41085918218853
41086234448510,41085918218853
41086234448510,41086394738751
41086234448510,41086484652254
41086234448510,41086630588631
41086234448510,41086576464065
41086234448510,41086979947543
41086234448510,41087113855898
41086234448510,41087525343404
41086234448510,41087640766594
41087857052623,41087640766594
41087857052623,41087973758084
41087857052623,41088068398851
41087857052623,41088151688458
41087857052623,41088262215278
41087857052623,41088632974747
41087857052623,41088752524929
41087857052623,41089026833474
41088927028231,41089026833474
41088927028231,41089040356937
41088927028231,41089179225977
41088927028231,41089221688289
41089457518815,41089221688289
41089457518815,41089578020285
41089457518815,41089711074971
41089457518815,41089749228850
41089457518815,41089871165323
41089457518815,41090240357773
41089457518815,41090308611165
41089457518815,41090715520707
41089457518815,41090868084241
41090995611334,41090868084241
41090995611334,41091186922008
41090995611334,41091211771465
41090995611334,41091407104564
41090995611334,41091400142674
41090995611334,41091697209670
41090995611334,41091776354218
41091955935339,41091776354218
41091955935339,41092160298444
41091955935339,41092119390933
41091955935339,41092319791154
41091955935339,41092290202119
41092477796712,41092290202119
41092477796712,41092639139490
41092477796712,41092689283794
41092477796712,41092833206271
41092477796712,41092816607101
41092477796712,41093194373506
41092477796712,41093318810678
41092477796712,41093683629053
41092477796712,41093814095226
41093953221242,41093814095226
41093953221242,41094119118798
41093953221242,41094170696326
41093953221242,41094308805627
41093953221242,41094454491617
41093953221242,41094832554433
41093953221242,41094827245555
41093953221242,41095143458453
41095146527817,41095143458453
41095146527817,41095358070823
41095146527817,41095356338325
41095146527817,41095481322684
41095146527817,41095753696761
41095146527817,41095832840567
41096107710174,41095832840567
41096107710174,41096277116712
41096107710174,41096323017201
41096107710174,41096482195553
41096107710174,41096462144434
41096107710174,41096883961646
41096107710174,41097082223533
41096107710174,41097500640698
41097315131475,41097500640698
41097315131475,41097472208195
41097315131475,41097652838033
41097315131475,41097651037992
41097315131475,41098103784336
41097315131475,41098217237622
41098420949049,41098217237622
41098420949049,41098613655778
41098420949049,41098689353223
41098420949049,41098764101797
41098420949049,41098865796507
41098420949049,41099207647733
41098420949049,41099273511322
41099478492283,41099273511322
41099478492283,41099617362167
41099478492283,41099677888402
41099478492283,41099838252222
41099478492283,41099889829371
41099478492283,41100323159914
41099478492283,41100478716237
41100693071960,41100478716237
41100693071960,41100864104372
41100693071960,41100912780672
41100693071960,41101087353794
41100693071960,41101097404710
41101274859616,41101097404710
41101274859616,41101486451339
41101274859616,41101513261354
41101274859616,41101653560035
41101274859616,41101661199177
41101274859616,41102020930061
41101274859616,41102104976344
41101274859616,41102593139724
41101274859616,41102587673608
41101274859616,41103022809302
41103033414483,41103022809302
41103033414483,41103202343899
41103033414483,41103205839821
41103033414483,41103345231654
41103033414483,41103642085268
41103033414483,41103801455642
41103946841568,41103801455642
41103946841568,41104118270480
41103946841568,41104118454575
41103946841568,41104327085825
41103946841568,41104298800622
41103946841568,41104641866298
41103946841568,41104809987568
41105002134700,41104809987568
41105002134700,41105266171956
41105002134700,41105291150765
41105002134700,41105413193297
41105002134700,41105442370554
41105002134700,41105732828705
41105002134700,41105848863292
41106027557413,41105848863292
41106027557413,41106177470688
41106027557413,41106262805780
41106027557413,41106328701505
41106027557413,41106464959467
41106027557413,41106944102988
41106027557413,41106944085990
41107166276040,41106944085990
41107166276040,41107333260490
41107166276040,41107364601516
41107166276040,41107560638046
41107166276040,41107534919398
41107166276040,41107960245650
41107166276040,41108052481227
41108275493310,41108052481227
41108275493310,41108446807948
41108275493310,41108451584461
41108275493310,41108652428225
41108275493310,41108638509730
41108275493310,41109089463279
41108275493310,41109177711549
41109369226736,41109177711549
41109369226736,41109503144026
41109369226736,41109516385714
41109369226736,41109680311700
41109369226736,41109700250101
41109369226736,41110009882814
41109369226736,41110147178306
41110645683796,41110147178306
41110645683796,41110823135433
41110645683796,41110884936047
41110645683796,41111078728021
41110645683796,41111076963415
41111304054103,41111076963415
41111304054103,41111466046426
41111304054103,41111601048032
41111304054103,41111621405030
41111304054103,41111762294501
41111304054103,41111924831709
41111304054103,41112182379989
41112320481912,41112182379989
41112320481912,41112440298165
41112320481912,41112531286347
41112320481912,41112612179163
41112320481912,41112728065815
41112320481912,41112961888769
41112320481912,41113180220017
41112320481912,41113460656973
41112320481912,41113674473957
41113755424682,41113674473957
41113755424682,41113959145676
41113755424682,41113952310735
41113755424682,41114116612967
41113755424682,41114167904092
41113755424682,41114436281715
41113755424682,41114596468649
41114660960146,41114596468649
41114660960146,41114923838506
41114660960146,41114943686574
41114660960146,41115061341597
41114660960146,41115062884452
41114660960146,41115357000884
41114660960146,41115503603639
41115729573598,41115503603639
41115729573598,41115922212957
41115729573598,41115922195905
41115729573598,41116092275412
41115729573598,41116132850047
41116301119106,41116132850047
41116301119106,41116494808049
41116301119106,41116517228020
41116301119106,41116654314819
41116301119106,41116665316905
41116301119106,41116985667907
41116301119106,41117210425959
41116301119106,41117569762435
41116301119106,41117754243923
41117890999055,41117754243923
41117890999055,41118113472643
41117890999055,41118094568741
41117890999055,41118247799569
41117890999055,41118262911378
41118487043452,41118262911378
41118487043452,41118736745323
41118487043452,41118670158962
41118487043452,41118900949076
41118487043452,41118893187702
41118487043452,41119301184798
41118487043452,41119421298575
41118487043452,41119808645897
41118487043452,41119918506488
41120162514644,41119918506488
41120162514644,41120260983484
41120162514644,41120320782124
41120162514644,41120449370037
41120162514644,41120508975307
41120691785987,41120508975307
41120691785987,41120816076641
41120691785987,41120990975518
41120691785987,41120996941030
41120691785987,41121154481279
41120691785987,41121566250707
41120691785987,41121582018163
41120691785987,41122047079747
41120691785987,41122165811124
41122372234899,41122165811124
41122372234899,41122510830309
41122372234899,41122509612801
41122372234899,41122667957676
41122372234899,41122764375058
41122372234899,41123006915704
41122372234899,41123233781763
41123425740138,41123233781763
41123425740138,41123581068882
41123425740138,41123662327605
41123425740138,41123750454428
41123425740138,41123873967292
41123425740138,41124235815562
41123425740138,41124332614779
41124489310072,41124332614779
41124489310072,41124645420950
41124489310072,41124643294553
41124489310072,41124789700014
41124489310072,41124865588870
41125025818881,41124865588870
41125025818881,41125145332006
41125025818881,41125343572399
41125025818881,41125345479145
41125025818881,41125506250826
41125025818881,41125720306882
41125025818881,41125921273815
41126357767050,41125921273815
41126357767050,41126497198232
41126357767050,41126585405161
41126357767050,41126638331818
41126357767050,41126716078856
41126357767050,41127028627458
41126357767050,41127209151887
41127440221627,41127209151887
41127440221627,41127572138931
41127440221627,41127670951962
41127440221627,41127722331018
41127440221627,41127837518618
41127440221627,41128129669238
41127440221627,41128330242033
41127440221627,41128667334083
41127440221627,41128884628607
41128924701552,41128884628607
41128924701552,41129080827854
41128924701552,41129076369335
41128924701552,41129225483967
41128924701552,41129264924924
41128924701552,41129578916647
41128924701552,41129680155520
41129809367825,41129680155520
41129809367825,41129991275196
41129809367825,41130013704263
41129809367825,41130171894430
41129809367825,41130157171492
41130314779681,41130157171492
41130314779681,41130522488983
41130314779681,41130529828962
41130314779681,41130668352454
41130314779681,41130695759245
41130314779681,41131109022262
41130314779681,41131132165070
41131359105826,41131132165070
41131359105826,41131529216673
41131359105826,41131479977724
41131359105826,41131715454861
41131359105826,41131661084399
41131359105826,41132145513325
41131359105826,41132213743999
41132450910203,41132213743999
41132450910203,41132591222650
41132450910203,41132588782486
41132450910203,41132811152770
41132450910203,41132758090542
41132450910203,41133230390080
41132450910203,41133283487964
41132450910203,41133806396959
41132450910203,41133918485404
41134177788005,41133918485404
41134177788005,41134352911207
41134177788005,41134350270744
41134177788005,41134544359360
41134177788005,41134538415509
41134177788005,41134831569819
41134177788005,41135046228385
41135219099116,41135046228385
41135219099116,41135459603739
41135219099116,41135447870508
41135219099116,41135645893234
41135219099116,41135628356793
41135219099116,41136013575782
41135219099116,41136096701087
41135219099116,41136219508078
41136099540888,41136219508078
41136099540888,41136360865456
41136099540888,41136458630565
41136099540888,41136641433190
41136852235030,41136641433190
41136852235030,41137125021277
41136852235030,41137126175335
41136852235030,41137276787632
41136852235030,41137272160837
41136852235030,41137539550509
41136852235030,41137742289143
41136852235030,41138222888197
41136852235030,41138197768260
41138488258952,41138197768260
41138488258952,41138633709652
41138488258952,41138647792052
41138488258952,41138812408116
41138488258952,41138879881127
41138488258952,41139175432961
41139081066871,41139175432961
41139081066871,41139217156843
41139081066871,41139314384957
41139081066871,41139391456162
41139081066871,41139797979465
41139081066871,41139879716186
41139081066871,41140247152161
41139081066871,41140486325167
41140626483979,41140486325167
41140626483979,41140758776074
41140626483979,41140753041756
41140626483979,41140895798348
41140626483979,41140930871334
41140626483979,41141324198625
41140626483979,41141439928307
41141711897785,41141439928307
41141711897785,41141860761410
41141711897785,41141850387788
41141711897785,41142073942425
41141711897785,41142076992214
41141711897785,41142378969866
41141711897785,41142550114336
41142776925007,41142550114336
41142776925007,41142917563362
41142776925007,41142967922212
41142776925007,41143044874971
41142776925007,41143183120726
41142776925007,41143649218788
41142776925007,41143631208256
41143923930708,41143631208256
41143923930708,41144105403386
41143923930708,41144129332397
41143923930708,41144302917606
41143923930708,41144334984585
41144535302463,41144334984585
41144535302463,41144721524230
41144535302463,41144712398458
41144535302463,41144882649888
41144535302463,41144927736271
41144535302463,41145181787273
41144535302463,41145433645649
41145509398176,41145433645649
41145509398176,41145662890310
41145509398176,41145682742476
41145509398176,41145849260164
41145509398176,41145882083871
41145509398176,41146202560887
41145509398176,41146290127918
41145509398176,41146708847084
41145509398176,41146885487639
41147003766970,41146885487639
41147003766970,41147151112452
41147003766970,41147174444569
41147003766970,41147283857936
41147003766970,41147394427034
41147651354802,41147394427034
41147651354802,41147818666528
41147651354802,41147787364886
41147651354802,41147988562935
41147651354802,41148017817191
41147651354802,41148316923300
41147651354802,41148488526410
41148726293945,41148488526410
41148726293945,41148850129283
41148726293945,41148919977563
41148726293945,41148995853692
41148726293945,41149072047033
41148726293945,41149419367350
41148726293945,41149636090658
41148726293945,41149919430809
41148726293945,41150090871662
41150266731716,41150090871662
41150266731716,41150431275494
41150266731716,41150429184229
41150266731716,41150585160196
41150266731716,41150607478861
41150718223720,41150607478861
41150718223720,41150914746850
41150718223720,41150929494128
41150718223720,41151052230468
41150718223720,41151087950867
41150718223720,41151427201821
41150718223720,41151413867278
41151597178219,41151413867278
41151597178219,41151818465709
41151597178219,41151805385651
41151597178219,41151970790951
41151597178219,41151968391726
41151597178219,41152613167164
41151597178219,41152819147936
41151597178219,41153208787690
41151597178219,41153310387246
41153485495276,41153310387246
41153485495276,41153717512760
41153485495276,41153760590959
41153485495276,41153875527339
41153485495276,41153905905524
41154073046669,41153905905524
41154073046669,41154334089315
41154073046669,41154341679836
41154073046669,41154482203594
41154073046669,41154483204666
41154073046669,41154848183869
41154073046669,41154933525030
41154073046669,41155334895136
41154073046669,41155545217728
41155672889399,41155545217728
41155672889399,41155946853516
41155672889399,41155888180241
41155672889399,41156097295818
41155672889399,41156085305350
41156290043456,41156085305350
41156290043456,41156561268979
41156290043456,41156604135276
41156290043456,41156717165274
41156290043456,41156781320890
41156290043456,41157066920115
41156290043456,41157179566532
41156290043456,41157605393071
41156290043456,41157698130134
41157879430306,41157698130134
41157879430306,41157997042739
41157879430306,41158184251258
41157879430306,41158230275817
41157879430306,41158366299244
41157879430306,41158484800371
41157879430306,41158605146246
41158757912478,41158605146246
41158757912478,41158930315395
41158757912478,41158926836426
41158757912478,41159079146891
41158757912478,41159098413327
41159256718306,41159098413327
41159256718306,41159469350289
41159256718306,41159475100762
41159256718306,41159617385262
41159256718306,41159640948016
41159256718306,41159944414992
41159256718306,41160064813430
41160235471862,41160064813430
41160235471862,41160404817797
41160235471862,41160437064013
41160235471862,41160560417915
41160235471862,41160587186179
41160235471862,41160929591133
41160235471862,41161074865719
41160235471862,41161589774996
41160235471862,41161577633775
41161805051402,41161577633775
41161805051402,41162014254159
41161805051402,41162124664752
41161805051402,41162170918730
41161805051402,41162273362050
41161805051402,41162517110422
41161805051402,41162649749579
41162822125092,41162649749579
41162822125092,41163077150123
41162822125092,41163019120234
41162822125092,41163235914751
41162822125092,41163235690020
41162822125092,41163582234073
41162822125092,41163705049457
41163856953989,41163705049457
41163856953989,41164056876700
41163856953989,41164064346340
41163856953989,41164207317723
41163856953989,41164257411465
41163856953989,41164577662204
41163856953989,41164652786810
41164798029566,41164652786810
41164798029566,41164979668332
41164798029566,41165002911867
41164798029566,41165138705017
41164798029566,41165162143147
41164798029566,41165595692929
41164798029566,41165541294470
41165762790257,41165541294470
41165762790257,41166026382600
41165762790257,41166032495909
41165762790257,41166188432620
41165762790257,41166179964878
41165762790257,41166511030042
41166343583281,41166511030042
41166343583281,41166614538540
41166343583281,41166667284113
41166343583281,41166755286001
41166343583281,41167135926802
41166343583281,41167198363695
41166343583281,41167607346064
41166343583281,41167742354396
41167924332927,41167742354396
41167924332927,41168093385200
41167924332927,41168093282020
41167924332927,41168243823263
41167924332927,41168307664395
41167924332927,41168819599726
41167924332927,41168774675740
41169081424617,41168774675740
41169081424617,41169271231761
41169081424617,41169305513922
41169081424617,41169503603359
41169081424617,41169482174096
41169732110424,41169482174096
41169732110424,41169941379494
41169732110424,41169952884745
41169732110424,41170133388006
41169732110424,41170139541507
41169732110424,41170528380608
41169732110424,41170601404107
41169732110424,41171022402914
41169732110424,41171134360397
41171383778263,41171134360397
41171383778263,41171642195487
41171383778263,41171616059336
41171383778263,41171814513218
41171383778263,41171832209847
41171383778263,41172570804867
41171383778263,41172732075652
41172828648323,41172732075652
41172828648323,41173084088724
41172828648323,41173081365394
41172828648323,41173239962594
41172828648323,41173221158836
41173356357324,41173221158836
41173356357324,41173595436920
41173356357324,41173592500263
41173356357324,41173787295919
41173356357324,41173795470848
41173356357324,41174050542599
41173356357324,41174164489820
41173356357324,41174529168588
41173356357324,41174681258425
41174870488119,41174681258425
41174870488119,41175002988356
41174870488119,41175009568414
41174870488119,41175149693651
41174870488119,41175288294918
41175453989046,41175288294918
41175453989046,41175714944361
41175453989046,41175692938659
41175453989046,41175910594582
41175453989046,41175886451417
41175453989046,41176131111712
41175453989046,41176268124080
41175453989046,41176628225066
41175453989046,41176762183588
41176980856094,41176762183588
41176980856094,41177143472585
41176980856094,41177102717674
41176980856094,41177347322373
41176980856094,41177362086789
41176980856094,41177743307993
41176980856094,41177869840844
41178074143780,41177869840844
41178074143780,41178230089481
41178074143780,41178230120818
41178074143780,41178401730699
41178074143780,41178424892345
41178074143780,41178873715550
41178074143780,41178965493493
41179160898695,41178965493493
41179160898695,41179329443381
41179160898695,41179347249606
41179160898695,41179537230749
41179160898695,41179567513036
41179160898695,41180009212396
41179160898695,41180101947757
41180266114041,41180101947757
41180266114041,41180484808071
41180266114041,41180499975938
41180266114041,41180673464194
41180266114041,41180647808368
41180266114041,41180935357656
41180818776820,41180935357656
41180818776820,41181076805365
41180818776820,41181079303024
41180818776820,41181213623846
41180818776820,41181485575255
41180818776820,41181585073432
41180818776820,41181953568567
41180818776820,41182050697121
41182187195910,41182050697121
41182187195910,41182379893288
41182187195910,41182402399589
41182187195910,41182568120218
41182187195910,41182523207429
41182187195910,41182876280952
41182187195910,41182995786996
41183189522835,41182995786996
41183189522835,41183389088489
41183189522835,41183388931837
41183189522835,41183532391156
41183189522835,41183589859402
41183189522835,41183944611449
41183189522835,41184018787006
41184234253396,41184018787006
41184234253396,41184345593303
41184234253396,41184402627823
41184234253396,41184559472414
41184234253396,41184621750516
41184766449896,41184621750516
41184766449896,41185046084389
41184766449896,41185049459571
41184766449896,41185199876882
41184766449896,41185186180294
41184766449896,41185493854937
41184766449896,41185694632924
41184766449896,41186030901997
41184766449896,41186239271034
41186037863305,41186239271034
41186037863305,41186197727879
41186037863305,41186350035289
41186037863305,41186602262065
41186037863305,41186726604889
41186037863305,41186937526502
41186037863305,41187133059353
41187414146620,41187133059353
41187414146620,41187638483449
41187414146620,41187639668498
41187414146620,41187783331558
41187414146620,41187835933356
41187414146620,41188169663400
41187414146620,41188420725255
41188573485904,41188420725255
41188573485904,41188797730682
41188573485904,41188824966402
41188573485904,41188964556649
41188573485904,41189010210854
41188573485904,41189325365185
41188573485904,41189435478786
41189669063928,41189435478786
41189669063928,41189851521409
41189669063928,41189870717240
41189669063928,41190030065299
41189669063928,41190029971367
41189669063928,41190421907973
41189669063928,41190524122866
41190672796795,41190524122866
41190672796795,41190870784256
41190672796795,41190844891148
41190672796795,41191018239004
41190672796795,41191024111515
41191167657130,41191024111515
41191167657130,41191320926099
41191167657130,41191364315901
41191167657130,41191513239607
41191167657130,41191535146112
41191167657130,41191887262149
41191167657130,41192056308869
41191167657130,41192434190531
41191167657130,41192553308433
41192808497126,41192553308433
41192808497126,41193071160792
41192808497126,41193103217401
41192808497126,41193280405531
41192808497126,41193198659106
41192808497126,41193564265688
41192808497126,41193649392086
41193878017216,41193649392086
41193878017216,41194048433591
41193878017216,41194003223046
41193878017216,41194169133184
41193878017216,41194254561687
41194386336361,41194254561687
41194386336361,41194598107859
41194386336361,41194527347259
41194386336361,41194777506742
41194386336361,41194772989117
41194386336361,41195045527805
41194386336361,41195280284488
41195764532475,41195280284488
41195764532475,41195929397134
41195764532475,41195950689773
41195764532475,41196103325151
41195764532475,41196132420250
41195764532475,41196431778320
41195764532475,41196538381351
41195764532475,41197140902940
41195764532475,41197280468633
41197446761488,41197280468633
41197446761488,41197674658897
41197446761488,41197680126582
41197446761488,41197841304791
41197446761488,41197841287119
41197986397463,41197841287119
41197986397463,41198258350518
41197986397463,41198300453586
41197986397463,41198424303654
41197986397463,41198448423013
41197986397463,41198686549401
41197986397463,41198856543757
41197986397463,41199264329705
41199062517431,41199264329705
41199062517431,41199259303213
41199062517431,41199417615040
41199062517431,41199396623157
41199062517431,41199754637093
41199062517431,41199933834461
41199062517431,41200382461926
41199062517431,41200430516422
41200637128965,41200430516422
41200637128965,41200844376928
41200637128965,41200858488863
41200637128965,41201010600737
41200637128965,41201027314349
41201165722956,41201027314349
41201165722956,41201347211507
41201165722956,41201372368480
41201165722956,41201501810248
41201165722956,41201536107891
41201165722956,41201897407116
41201165722956,41202051263561
41201165722956,41202449016027
41201165722956,41202597590866
41202765142929,41202597590866
41202765142929,41202934879979
41202765142929,41202975777729
41202765142929,41203149874121
41202765142929,41203187601851
41202765142929,41203662970443
41202765142929,41203755519566
41204233167765,41203755519566
41204233167765,41204587022169
41204233167765,41204631361015
41204233167765,41204773379836
41204233167765,41204720066491
41204233167765,41205129110882
41204233167765,41205135229453
41205321462788,41205135229453
41205321462788,41205418162376
41205321462788,41205589545539
41205321462788,41205760753902
41205321462788,41205774057981
41205321462788,41206170657584
41205321462788,41206279018592
41206462239887,41206279018592
41206462239887,41206678742630
41206462239887,41206718260713
41206462239887,41206890398517
41206462239887,41206892508481
41206462239887,41207337334674
41206462239887,41207347122370
41207536662481,41207347122370
41207536662481,41207742389283
41207536662481,41207750729918
41207536662481,41207961666403
41207536662481,41207976955619
41207536662481,41208198382117
41207536662481,41208456381434
41208537853612,41208456381434
41208537853612,41208720645634
41208537853612,41208729790739
41208537853612,41208936089032
41208537853612,41208938274228
41208537853612,41209334114727
41208537853612,41209554720020
41209744472662,41209554720020
41209744472662,41210012983709
41209744472662,41210035287226
41209744472662,41210199900113
41209744472662,41210201591971
41210276635138,41210201591971
41210276635138,41210426240391
41210276635138,41210482403851
41210276635138,41210626670124
41210276635138,41210644930876
41210276635138,41210963263321
41210276635138,41211141489229
41210276635138,41211446265722
41210276635138,41211586874272
41210276635138,41211941189202
41210276635138,41211976738120
41211823660775,41211976738120
41211823660775,41212062312533
41211823660775,41212257413012
41211823660775,41212539490708
41212542162579,41212539490708
41212542162579,41212699472621
41212542162579,41212789166074
41212542162579,41212877337850
41212542162579,41213172441623
41212542162579,41213301445380
41212542162579,41213634306971
41212542162579,41213787687920
41213987565794,41213787687920
41213987565794,41214152902577
41213987565794,41214169249773
41213987565794,41214336412771
41213987565794,41214339176318
41213987565794,41214780622477
41213987565794,41214960046364
41215184119929,41214960046364
41215184119929,41215417430341
41215184119929,41215418300672
41215184119929,41215571640558
41215184119929,41215574231834
41215694174003,41215574231834
41215694174003,41215922084763
41215694174003,41215977070091
41215694174003,41216108451078
41215694174003,41216082256888
41215694174003,41216450330725
41215694174003,41216485317228
41215694174003,41216893836672
41215694174003,41217179140565
41217271528735,41217179140565
41217271528735,41217389370949
41217271528735,41217398868424
41217271528735,41217570877307
41217271528735,41217688958514
41217271528735,41218273292954
41217271528735,41218192428058
41218406200824,41218192428058
41218406200824,41218654228840
41218406200824,41218660313096
41218406200824,41218841633550
41218406200824,41218836383150
41218938877341,41218836383150
41218938877341,41219084930951
41218938877341,41219094152358
41218938877341,41219284250735
41218938877341,41219255386756
41218938877341,41219790828239
41218938877341,41219835810540
41218938877341,41220267472501
41220081571537,41220267472501
41220081571537,41220251787450
41220081571537,41220413209787
41220081571537,41220497475123
41220081571537,41220889830121
41220081571537,41220975505812
41220081571537,41221387550611
41220081571537,41221448978581
41221677446831,41221448978581
41221677446831,41221814609914
41221677446831,41221845877005
41221677446831,41222000487836
41221677446831,41222069045351
41221677446831,41222509453639
41221677446831,41222558152235
41222776558196,41222558152235
41222776558196,41222965425443
41222776558196,41223002274943
41222776558196,41223126079516
41222776558196,41223162700152
41222776558196,41223494866185
41222776558196,41223596180372
41223824032589,41223596180372
41223824032589,41223966021210
41223824032589,41224060068285
41223824032589,41224103767579
41223824032589,41224277518047
41223824032589,41224659397874
41223824032589,41224772875198
41224940650207,41224772875198
41224940650207,41225201231306
41224940650207,41225213266915
41224940650207,41225375953558
41224940650207,41225416712653
41225503366412,41225416712653
41225503366412,41225651235058
41225503366412,41225663260094
41225503366412,41225876053422
41225503366412,41225835068409
41225503366412,41226153787701
41225503366412,41226436987208
41225503366412,41226821042716
41225503366412,41226890240768
41227076193166,41226890240768
41227076193166,41227268081032
41227076193166,41227291723755
41227076193166,41227463419922
41227076193166,41227507087283
41227076193166,41227940299705
41227076193166,41228011924058
41228184444788,41228011924058
41228184444788,41228357986674
41228184444788,41228467291853
41228184444788,41228575901241
41228184444788,41228598082444
41228783409405,41228598082444
41228783409405,41229072184215
41228783409405,41229091844675
41228783409405,41229230314106
41228783409405,41229266906129
41228783409405,41229474515346
41228783409405,41229702416568
41229877389853,41229702416568
41229877389853,41230131094821
41229877389853,41230158780831
41229877389853,41230263172943
41229877389853,41230299646178
41229877389853,41230658441965
41229877389853,41230707302941
41229877389853,41231099753178
41229877389853,41231372706437
41231493148944,41231372706437
41231493148944,41231742287540
41231493148944,41231679031608
41231493148944,41231980965443
41231493148944,41231971874785
41231493148944,41232440598385
41231493148944,41232537378918
41232722191155,41232537378918
41232722191155,41232936251812
41232722191155,41232930266911
41232722191155,41233122438669
41232722191155,41233136902080
41233307552781,41233136902080
41233307552781,41233582163636
41233307552781,41233607357468
41233307552781,41233763090452
41233307552781,41233740599694
41233307552781,41233998426073
41233307552781,41234222615632
41233307552781,41234616058059
41233307552781,41234755751489
41234953906320,41234755751489
41234953906320,41235157965830
41234953906320,41235158046866
41234953906320,41235316104096
41234953906320,41235342940400
41235494912777,41235342940400
41235494912777,41235637833638
41235494912777,41235738425076
41235494912777,41235848338477
41235494912777,41235896824845
41235494912777,41236191687926
41235494912777,41236358104504
41235494912777,41236743154291
41235494912777,41236864285958
41237120214955,41236864285958
41237120214955,41237377203960
41237120214955,41237387933573
41237120214955,41237573185465
41237120214955,41237563380522
41237120214955,41237790743941
41237120214955,41237999704692
41238254940510,41237999704692
41238254940510,41238392143166
41238254940510,41238444938348
41238254940510,41238574419925
41238254940510,41238692399052
41238254940510,41239138912778
41238254940510,41239189481229
41239353131646,41239189481229
41239353131646,41239550279648
41239353131646,41239576378968
41239353131646,41239727231040
41239353131646,41239792951979
41239353131646,41240219356319
41239353131646,41240328298360
41240459760175,41240328298360
41240459760175,41240677700220
41240459760175,41240767552282
41240459760175,41240839537241
41240459760175,41240917907169
41241045897780,41240917907169
41241045897780,41241252576627
41241045897780,41241314508428
41241045897780,41241395407651
41241045897780,41241457319230
41241045897780,41241769601522
41241045897780,41241982411095
41241045897780,41242364922828
41241045897780,41242480539214
41242644107868,41242480539214
41242644107868,41242900674808
41242644107868,41242891902801
41242644107868,41243085959212
41242644107868,41243099353208
41243254262722,41243099353208
41243254262722,41243527398879
41243254262722,41243500341191
41243254262722,41243638113621
41243254262722,41243665503252
41243254262722,41244021585220
41243254262722,41244104195138
41243254262722,41244513267777
41243254262722,41244615769828
41244798319530,41244615769828
41244798319530,41244981267605
41244798319530,41245003682096
41244798319530,41245137422163
41244798319530,41245160735612
41244798319530,41245498680737
41244798319530,41245704356936
41245881266589,41245704356936
41245881266589,41246110173385
41245881266589,41246127575879
41245881266589,41246252365515
41245881266589,41246296545308
41245881266589,41246678353988
41245881266589,41246818505745
41246938093612,41246818505745
41246938093612,41247115342824
41246938093612,41247091798120
41246938093612,41247255452041
41246938093612,41247280278878
41246938093612,41247573210401
41246938093612,41247719186417
41247961964243,41247719186417
41247961964243,41248138895136
41247961964243,41248128214309
41247961964243,41248346949674
41247961964243,41248293490387
41247961964243,41248871143193
41247961964243,41248820066949
41249091054156,41248820066949
41249091054156,41249496920185
41249091054156,41249491975559
41249091054156,41249640104917
41249091054156,41249626775044
41249091054156,41249973681655
41249091054156,41250139469826
41250318525982,41250139469826
41250318525982,41250480909626
41250318525982,41250492653175
41250318525982,41250619816332
41250318525982,41250672568871
41250318525982,41250992088483
41250318525982,41251155142859
41251243425235,41251155142859
41251243425235,41251512411838
41251243425235,41251448052657
41251243425235,41251578726134
41251243425235,41251663763115
41251734561345,41251663763115
41251734561345,41251884401804
41251734561345,41251890125266
41251734561345,41252044373117
41251734561345,41252084094080
41251734561345,41252395052260
41251734561345,41252493343374
41252738323211,41252493343374
41252738323211,41252924057230
41252738323211,41252985675305
41252738323211,41253105293025
41252738323211,41253137630382
41252738323211,41253541597654
41252738323211,41253608428428
41252738323211,41254099747159
41252738323211,41254235039002
41254436619634,41254235039002
41254436619634,41254579140939
41254436619634,41254649256357
41254436619634,41254831572033
41254436619634,41254835233453
41254436619634,41255238705741
41254436619634,41255449912031
41255585047057,41255449912031
41255585047057,41255724247542
41255585047057,41255806415307
41255585047057,41255888292674
41255585047057,41255974442335
41255585047057,41256454783023
41255585047057,41256405186029
41256669318962,41256405186029
41256669318962,41256909135528
41256669318962,41256925341596
41256669318962,41257038345801
41256669318962,41257071011778
41257234968408,41257071011778
41257234968408,41257443910824
41257234968408,41257465258124
41257234968408,41257600826557
41257234968408,41257616445187
41257234968408,41258059480386
41257234968408,41258188345772
41257234968408,41258648278345
41257234968408,41258589935991
41257234968408,41259054952603
41258906695569,41259054952603
41258906695569,41259156682623
41258906695569,41259235665257
41258906695569,41259323080455
41258906695569,41259645617420
41258906695569,41259751064063
41258906695569,41260150896692
41259996667740,41260150896692
41259996667740,41260235387099
41259996667740,41260302495676
41259996667740,41260422355810
41259996667740,41260876373331
41259996667740,41260793942726
41261153648540,41260793942726
41261153648540,41261336555312
41261153648540,41261347163974
41261153648540,41261464730473
41261153648540,41261625379291
41261153648540,41262065298790
41261153648540,41262015415486
41262224067196,41262015415486
41262224067196,41262446385409
41262224067196,41262438188056
41262224067196,41262582579844
41262224067196,41262606900018
41262736987135,41262606900018
41262736987135,41262984219366
41262736987135,41262964506614
41262736987135,41263156531871
41262736987135,41263158084097
41262736987135,41263596481682
41262736987135,41263685476258
41262736987135,41264061037433
41262736987135,41264277024512
41264404221662,41264277024512
41264404221662,41264565204364
41264404221662,41264548392550
41264404221662,41264766605275
41264404221662,41264726067879
41264404221662,41265168265676
41264404221662,41265253399001
41264404221662,41265600094197
41265445350503,41265600094197
41265445350503,41265708133314
41265445350503,41265794843535
41265445350503,41265879367264
41265445350503,41266201333900
41266062259562,41266201333900
41266062259562,41266235758126
41266062259562,41266394944315
41266062259562,41266420800048
41266062259562,41266740740849
41266062259562,41266863938187
41266062259562,41267877953793
41267751729697,41267877953793
41267751729697,41267974697616
41267751729697,41268053927432
41267751729697,41268127917842
41267751729697,41268500917418
41267751729697,41268707218374
41267751729697,41269016475191
41267751729697,41269220364429
41269396710720,41269220364429
41269396710720,41269635248028
41269396710720,41269647818598
41269396710720,41269770786204
41269396710720,41269893227834
41269396710720,41270232960736
41269396710720,41270402770900
41270590552151,41270402770900
41270590552151,41270801869899
41270590552151,41270754843877
41270590552151,41270910098688
41270590552151,41270945132075
41270590552151,41271279898733
41270590552151,41271512278678
41270590552151,41271810360857
41271677895073,41271810360857
41271677895073,41271909684184
41271677895073,41272020792295
41271677895073,41272086222129
41271677895073,41272371925377
41271677895073,41272516193485
41272750011361,41272516193485
41272750011361,41272879514789
41272750011361,41272903153012
41272750011361,41273132247740
41272750011361,41273163559546
41272750011361,41273534048447
41272750011361,41273639531512
41272750011361,41273916529649
41273807382279,41273916529649
41273807382279,41274057264834
41273807382279,41274072946744
41273807382279,41274260938222
41273807382279,41274506000305
41273807382279,41274809969435
41274881354483,41274809969435
41274881354483,41275005525081
41274881354483,41275151743460
41274881354483,41275158213149
41274881354483,41275309195072
41274881354483,41275515263789
41274881354483,41275742603820
41274881354483,41276070036946
41275924157800,41276070036946
41275924157800,41276112981227
41275924157800,41276248983331
41275924157800,41276313448997
41275924157800,41276595444793
41275924157800,41276856288166
41276968748451,41276856288166
41276968748451,41277116427969
41276968748451,41277121535289
41276968748451,41277270770707
41276968748451,41277366551022
41276968748451,41277714369141
41276968748451,41277974376529
41278072697900,41277974376529
41278072697900,41278211739093
41278072697900,41278211399322
41278072697900,41278334454862
41278072697900,41278546089108
41278747058729,41278546089108
41278747058729,41278954066732
41278747058729,41278945243553
41278747058729,41279147115570
41278747058729,41279112851301
41278747058729,41279429829987
41278747058729,41279624124732
41278747058729,41280166373989
41278747058729,41280101443326
41278747058729,41280487152673
41280337049499,41280487152673
41280337049499,41280572264768
41280337049499,41280682555731
41280337049499,41280737191927
41280337049499,41281072351273
41280337049499,41281188342216
41281481996610,41281188342216
41281481996610,41281638317160
41281481996610,41281668951027
41281481996610,41281842277770
41281481996610,41281847045024
41282019540630,41281847045024
41282019540630,41282159068921
41282019540630,41282352347620
41282019540630,41282350457870
41282019540630,41282483639221
41282019540630,41282874404078
41282019540630,41282830540503
41282019540630,41283382286705
41282019540630,41283313209698
41283617347787,41283313209698
41283617347787,41283805343958
41283617347787,41283902524189
41283617347787,41283978582564
41283617347787,41284040091232
41283617347787,41284272328557
41283617347787,41284468451852
41284963352097,41284468451852
41284963352097,41285190289795
41284963352097,41285134870710
41284963352097,41285295249015
41284963352097,41285344687741
41284963352097,41285743603261
41284963352097,41285864542131
41286002268381,41285864542131
41286002268381,41286183907764
41286002268381,41286209375513
41286002268381,41286436383580
41286002268381,41286425224197
41286002268381,41286746327428
41286002268381,41286868406850
41287073133815,41286868406850
41287073133815,41287264371232
41287073133815,41287324769068
41287073133815,41287491874595
41287073133815,41287458335057
41287073133815,41287833517580
41287073133815,41288038378238
41288176834694,41288038378238
41288176834694,41288411425515
41288176834694,41288396273022
41288176834694,41288580457072
41288176834694,41288581215141
41288176834694,41288956094010
41288176834694,41289082561274
41289242444390,41289082561274
41289242444390,41289463826910
41289242444390,41289583310315
41289242444390,41289700053112
41289242444390,41289635592817
41289808161963,41289635592817
41289808161963,41290009243912
41289808161963,41290041044381
41289808161963,41290190442058
41289808161963,41290185270415
41289808161963,41290571799487
41289808161963,41290690445279
41289808161963,41291028577504
41289808161963,41291201099464
41291318014737,41291201099464
41291318014737,41291489023237
41291318014737,41291548577852
41291318014737,41291801915655
41291318014737,41291741480034
41291318014737,41292131629444
41291318014737,41292309782571
41292540935728,41292309782571
41292540935728,41292732378764
41292540935728,41292718821496
41292540935728,41292921918629
41292540935728,41292982174455
41293120783243,41292982174455
41293120783243,41293325976998
41293120783243,41293347270757
41293120783243,41293486582985
41293120783243,41293536162058
41293120783243,41293942499257
41293120783243,41294095217993
41294226713157,41294095217993
41294226713157,41294419428432
41294226713157,41294469413496
41294226713157,41294573443276
41294226713157,41294608193436
41294226713157,41295003475161
41294226713157,41295099575019
41295275121361,41295099575019
41295275121361,41295461443780
41295275121361,41295531705223
41295275121361,41295612762901
41295275121361,41295665045185
41295275121361,41296040501746
41295275121361,41296115902481
41295275121361,41296477310060
41295275121361,41296605209263
41296831488126,41296605209263
41296831488126,41296996091439
41296831488126,41297032521896
41296831488126,41297126417621
41296831488126,41297201215996
41296831488126,41297604952966
41296831488126,41297702311288
41297902211701,41297702311288
41297902211701,41298084432610
41297902211701,41298079897896
41297902211701,41298303577551
41297902211701,41298295967803
41298512155057,41298295967803
41298512155057,41298657125567
41298512155057,41298746538634
41298512155057,41298803507371
41298512155057,41298933913741
41298512155057,41299292161413
41298512155057,41299460451892
41298512155057,41299765886007
41298512155057,41299900064547
41300097210998,41299900064547
41300097210998,41300258033148
41300097210998,41300322541594
41300097210998,41300403269430
41300097210998,41300510419151
41300097210998,41300770860066
41300097210998,41300936682031
41301134770293,41300936682031
41301134770293,41301313525441
41301134770293,41301338546938
41301134770293,41301451487775
41301134770293,41301469262690
41301134770293,41301797923358
41301134770293,41301952179871
41301134770293,41302224810237
41302229097185,41302224810237
41302229097185,41302357746134
41302229097185,41302416682644
41302229097185,41302557488960
41302559553152,41302557488960
41302559553152,41302738213285
41302559553152,41302760626199
41302559553152,41302859603571
41302559553152,41302943963651
41302559553152,41303257191763
41302559553152,41303429238075
41303551314571,41303429238075
41303551314571,41303744689776
41303551314571,41303767890462
41303551314571,41303895793085
41303551314571,41303892218021
41303551314571,41304266239904
41303551314571,41304454660379
41303551314571,41304719255406
41303551314571,41304885350167
41303551314571,41305517061598
41305386671968,41305517061598
41305386671968,41305562573120
41305386671968,41305676593204
41305386671968,41305710976946
41305386671968,41306064903112
41305386671968,41306295410824
41306460910738,41306295410824
41306460910738,41306791290797
41306460910738,41306811333627
41306460910738,41306944709002
41306460910738,41306938455451
41306460910738,41307248255061
41306460910738,41307409710144
41307563981223,41307409710144
41307563981223,41307821435628
41307563981223,41307828834240
41307563981223,41307955821086
41307563981223,41307968410047
41307563981223,41308333194674
41307563981223,41308520518430
41307563981223,41308779103726
41308662469110,41308779103726
41308662469110,41308905211353
41308662469110,41309040329518
41308662469110,41309061938023
41309208265348,41309061938023
41309208265348,41309436042374
41309208265348,41309437406526
41309208265348,41309638297835
41309208265348,41309592127216
41309208265348,41309952754559
41309208265348,41309994893793
41309208265348,41310414697238
41309208265348,41310599642753
41310744984587,41310599642753
41310744984587,41310928449122
41310744984587,41310927716357
41310744984587,41311071036739
41310744984587,41311188260391
41310744984587,41311528677554
41310744984587,41311685402649
41311845159431,41311685402649
41311845159431,41312001745409
41311845159431,41312037328609
41311845159431,41312176664951
41311845159431,41312237447763
41311845159431,41312563730115
41311845159431,41312731216840
41312965361271,41312731216840
41312965361271,41313148051076
41312965361271,41313147814338
41312965361271,41313296035446
41312965361271,41313343125398
41313540043053,41313343125398
41313540043053,41313778208375
41313540043053,41313773808171
41313540043053,41313971278545
41313540043053,41313963488825
41313540043053,41314227661837
41313540043053,41314495213247
41313540043053,41314975928378
41313540043053,41314981657419
41315191344607,41314981657419
41315191344607,41315384797333
41315191344607,41315394360956
41315191344607,41315535671370
41315191344607,41315552416699
41315191344607,41316003109976
41315191344607,41316181714773
41316295065272,41316181714773
41316295065272,41316465645451
41316295065272,41316533120795
41316295065272,41316625170558
41316295065272,41316673046048
41316843997166,41316673046048
41316843997166,41317029063170
41316843997166,41317061401094
41316843997166,41317234697142
41316843997166,41317310320894
41316843997166,41317539391220
41316843997166,41317688251388
41316843997166,41318079540876
41316843997166,41318184373573
41318421456870,41318184373573
41318421456870,41318592393109
41318421456870,41318625304095
41318421456870,41318783742380
41318421456870,41318784880033
41319015445426,41318784880033
41319015445426,41319218661189
41319015445426,41319307334548
41319015445426,41319354450621
41319015445426,41319426532959
41319015445426,41319765554054
41319015445426,41319912183207
41319015445426,41320184253413
41319015445426,41320409503061
41319015445426,41320725267885
41320534904192,41320725267885
41320534904192,41320708411488
41320534904192,41320918702524
41320534904192,41320936256686
41320534904192,41321391377875
41320534904192,41321514730166
41320534904192,41321832877485
41321685862516,41321832877485
41321685862516,41321945123333
41321685862516,41322010425499
41321685862516,41322088198418
41321685862516,41322453660201
41321685862516,41322583843526
41322811052880,41322583843526
41322811052880,41322972552155
41322811052880,41323068431727
41322811052880,41323155853780
41322811052880,41323218391978
41322811052880,41323687236239
41322811052880,41323801424618
41322811052880,41324131749159
41323966704953,41324131749159
41323966704953,41324177020992
41323966704953,41324272720665
41323966704953,41324331303592
41323966704953,41324671396061
41323966704953,41324888859811
41325106303251,41324888859811
41325106303251,41325280974852
41325106303251,41325344238376
41325106303251,41325415749401
41325106303251,41325515040941
41325106303251,41325850037000
41325106303251,41326017198230
41326181520439,41326017198230
41326181520439,41326408205016
41326181520439,41326398150364
41326181520439,41326528620598
41326181520439,41326624779537
41326772042530,41326624779537
41326772042530,41326900386936
41326772042530,41326930640569
41326772042530,41327048460715
41326772042530,41327510876029
41326772042530,41327739109562
41326772042530,41327920603494
41328124368646,41327920603494
41328124368646,41328258917883
41328124368646,41328257614953
41328124368646,41328509452600
41328124368646,41328493235387
41328124368646,41328874225105
41328124368646,41328950193973
41328124368646,41329362881476
41328124368646,41329584384450
41329661858826,41329584384450
41329661858826,41329826455485
41329661858826,41329858443924
41329661858826,41330000224829
41329661858826,41330049965152
41329661858826,41330464017727
41329661858826,41330580379728
41330778962253,41330580379728
41330778962253,41330915566534
41330778962253,41330958971542
41330778962253,41331076081644
41330778962253,41331167180445
41330778962253,41331469302792
41330778962253,41331675796647
41331878134745,41331675796647
41331878134745,41332017969922
41331878134745,41332090144391
41331878134745,41332285273553
41331878134745,41332285275524
41331878134745,41332700730697
41331878134745,41332850547446
41333046161213,41332850547446
41333046161213,41333216922433
41333046161213,41333303915226
41333046161213,41333384522523
41333046161213,41333442533503
41333607083851,41333442533503
41333607083851,41333781930451
41333607083851,41333839423796
41333607083851,41333990390353
41333607083851,41333935816878
41333607083851,41334378209254
41333607083851,41334481762803
41333607083851,41335023045699
41333607083851,41334953603133
41335197820025,41334953603133
41335197820025,41335446744060
41335197820025,41335483862120
41335197820025,41335594653459
41335197820025,41335630453971
41335736355949,41335630453971
41335736355949,41335955838645
41335736355949,41336003211399
41335736355949,41336136177519
41335736355949,41336139552933
41335736355949,41336601759102
41335736355949,41336676759566
41335736355949,41337069738063
41335736355949,41337134864403
41337328623237,41337134864403
41337328623237,41337492590791
41337328623237,41337652918142
41337328623237,41337591369835
41337328623237,41337796601007
41337328623237,41338172421682
41337328623237,41338216144464
41338426634862,41338216144464
41338426634862,41338676388225
41338426634862,41338704115203
41338426634862,41338829377173
41338426634862,41338839418530
41338946146447,41338839418530
41338946146447,41339082023496
41338946146447,41339175162424
41338946146447,41339252557433
41338946146447,41339333355562
41338946146447,41339785233134
41338946146447,41339845613718
41338946146447,41340231539346
41338946146447,41340357430374
41340553359602,41340357430374
41340553359602,41340699170921
41340553359602,41340861237088
41340553359602,41340803531108
41340553359602,41340943307671
41340553359602,41341315746639
41340553359602,41341452611382
41341671067018,41341452611382
41341671067018,41341831766689
41341671067018,41341849665948
41341671067018,41341995768459
41341671067018,41342068042709
41341671067018,41342331786576
41341671067018,41342593206863
41342711220867,41342593206863
41342711220867,41342850066259
41342711220867,41342935449882
41342711220867,41343025418241
41342711220867,41343112782239
41342711220867,41343388089989
41342711220867,41343613345141
41343770767063,41343613345141
41343770767063,41343920064471
41343770767063,41343998467030
41343770767063,41344077375342
41343770767063,41344174584443
41343770767063,41344705360531
41343770767063,41344748578516
41345015885292,41344748578516
41345015885292,41345240893992
41345015885292,41345308322109
41345015885292,41345366073888
41345015885292,41345485829988
41345015885292,41345779498293
41345015885292,41345867743160
41346075808795,41345867743160
41346075808795,41346223762844
41346075808795,41346320430505
41346075808795,41346396530801
41346075808795,41346549945830
41346075808795,41346743321327
41346075808795,41346865907282
41347058803769,41346865907282
41347058803769,41347224091529
41347058803769,41347279497911
41347058803769,41347396126595
41347058803769,41347397750022
41347058803769,41347668344841
41347058803769,41347876023877
41347988327234,41347876023877
41347988327234,41348186608975
41347988327234,41348127990471
41347988327234,41348269401451
41347988327234,41348350309030
41347988327234,41348669712655
41347988327234,41348789285527
41349019201408,41348789285527
41349019201408,41349165120889
41349019201408,41349395618810
41349019201408,41349325238031
41349019201408,41349454194452
41349019201408,41349768351231
41349019201408,41349852510366
41350080051200,41349852510366
41350080051200,41350248321025
41350080051200,41350258993463
41350080051200,41350417516887
41350080051200,41350450320361
41350080051200,41350863615843
41350080051200,41351080329759
41351287636714,41351080329759
41351287636714,41351482173982
41351287636714,41351512166965
41351287636714,41351634491717
41351287636714,41351652177870
41351817711745,41351652177870
41351817711745,41352034184475
41351817711745,41352033349963
41351817711745,41352202703985
41351817711745,41352234275267
41351817711745,41352608747829
41351817711745,41352709424624
41351817711745,41353066887558
41351817711745,41353246662155
41353471615187,41353246662155
41353471615187,41353720752002
41353471615187,41353742553316
41353471615187,41353867746440
41353471615187,41353897691074
41353471615187,41354163262900
41353471615187,41354325969376
41354533991635,41354325969376
41354533991635,41354692770539
41354533991635,41354695279137
41354533991635,41354863444035
41354533991635,41354950526026
41355090652370,41354950526026
41355090652370,41355293041139
41355090652370,41355279456861
41355090652370,41355440501983
41355090652370,41355454426356
41355090652370,41355785455620
41355090652370,41356059083485
41355090652370,41356393333472
41355090652370,41356551847128
41356746955825,41356551847128
41356746955825,41356896675306
41356746955825,41356897028343
41356746955825,41357161353349
41356746955825,41357158066976
41356746955825,41357474390102
41356746955825,41357658240105
41357945261766,41357658240105
41357945261766,41358160395846
41357945261766,41358175384389
41357945261766,41358310241526
41357945261766,41358315149116
41357945261766,41358671361276
41357945261766,41358752480614
41358966226994,41358752480614
41358966226994,41359099821928
41358966226994,41359112699534
41358966226994,41359305813740
41358966226994,41359329323586
41358966226994,41359711312456
41358966226994,41359884947655
41360095568866,41359884947655
41360095568866,41360366262969
41360095568866,41360346371207
41360095568866,41360518658179
41360095568866,41360502308015
41360095568866,41360825251586
41360095568866,41360953712983
41361148402396,41360953712983
41361148402396,41361305378771
41361148402396,41361470403365
41361148402396,41361435323782
41361148402396,41361559721560
41361704818448,41361559721560
41361704818448,41361931747227
41361704818448,41361975788133
41361704818448,41362058772549
41361704818448,41362092585876
41361704818448,41362430284829
41361704818448,41362579477667
41361704818448,41362934190280
41361704818448,41363061966199
41363671132440,41363061966199
41363671132440,41363868168116
41363671132440,41363880649250
41363671132440,41364037183295
41363671132440,41364044195825
41363671132440,41364484943100
41363671132440,41364567328478
41364739495646,41364567328478
41364739495646,41364949217574
41364739495646,41364946366543
41364739495646,41365139213234
41364739495646,41365148260617
41364739495646,41365495234492
41364739495646,41365566647341
41364739495646,41365974996964
41365980398779,41365974996964
41365980398779,41366202353987
41365980398779,41366162373889
41365980398779,41366329308898
41365980398779,41366564306408
41365980398779,41366809383519
41366931268030,41366809383519
41366931268030,41367135096659
41366931268030,41367135076636
41366931268030,41367317945480
41366931268030,41367339060733
41366931268030,41367651029626
41367513083370,41367651029626
41367513083370,41367654225601
41367513083370,41367787183633
41367513083370,41367792438814
41367513083370,41368234565801
41367513083370,41368423535483
41367513083370,41368744672780
41367513083370,41368922428574
41369064718549,41368922428574
41369064718549,41369239666953
41369064718549,41369239764650
41369064718549,41369400388553
41369064718549,41369420064635
41369064718549,41369761506013
41369064718549,41369874395740
41369963552351,41369874395740
41369963552351,41370199276162
41369963552351,41370156386691
41369963552351,41370329367391
41369963552351,41370328097501
41369963552351,41370704340758
41369963552351,41370794927426
41370935163814,41370794927426
41370935163814,41371069390614
41370935163814,41371142314990
41370935163814,41371207237163
41370935163814,41371305554526
41370935163814,41371715420089
41370935163814,41371827350714
41372021667159,41371827350714
41372021667159,41372221272790
41372021667159,41372206318699
41372021667159,41372337231701
41372021667159,41372414807766
41372021667159,41372813718178
41372021667159,41372844498243
41373077093516,41372844498243
41373077093516,41373288844616
41373077093516,41373290090760
41373077093516,41373455466209
41373077093516,41373472357910
41373077093516,41373945646130
41373077093516,41373961350536
41374189698475,41373961350536
41374189698475,41374395914883
41374189698475,41374395989588
41374189698475,41374533188144
41374189698475,41374587084446
41374748153297,41374587084446
41374748153297,41374941291368
41374748153297,41374980211024
41374748153297,41375130436795
41374748153297,41375125425433
41374748153297,41375549648057
41374748153297,41375545292717
41374748153297,41376020907343
41374748153297,41376181363226
41376353362672,41376181363226
41376353362672,41376480663474
41376353362672,41376487219621
41376353362672,41376669751300
41376353362672,41376677697412
41376353362672,41377100114110
41376353362672,41377251199171
41377457080039,41377251199171
41377457080039,41377637691142
41377457080039,41377617419602
41377457080039,41377839970026
41377457080039,41377786260364
41377457080039,41378268153447
41377457080039,41378290458745
41378489363602,41378290458745
41378489363602,41378750383233
41378489363602,41378784848137
41378489363602,41378902373426
41378489363602,41378966740563
41378489363602,41379192166914
41378489363602,41379394615241
41379571678304,41379394615241
41379571678304,41379695623877
41379571678304,41379688192481
41379571678304,41379847872388
41379571678304,41379983602936
41380180127867,41379983602936
41380180127867,41380329385640
41380180127867,41380489381574
41380180127867,41380480070707
41380180127867,41380606567086
41380180127867,41380962420627
41380180127867,41381105257231
41380180127867,41381464793323
41380180127867,41381573312550
41381776295882,41381573312550
41381776295882,41381961674075
41381776295882,41381972232359
41381776295882,41382115976844
41381776295882,41382208385228
41381776295882,41382595336395
41381776295882,41382682410508
41382899054104,41382682410508
41382899054104,41383070283286
41382899054104,41383087071881
41382899054104,41383303321756
41382899054104,41383228624043
41383478776395,41383228624043
41383478776395,41383701106153
41383478776395,41383717292784
41383478776395,41383864624746
41383478776395,41383873820164
41383478776395,41384285344304
41383478776395,41384376426824
41384689437314,41384376426824
41384689437314,41384821586545
41384689437314,41384829546075
41384689437314,41385019271081
41384689437314,41385013263612
41384689437314,41385441290687
41384689437314,41385563823947
41385805106999,41385563823947
41385805106999,41385930279394
41385805106999,41385975498585
41385805106999,41386141289952
41385805106999,41386140062909
41385805106999,41386584262246
41385805106999,41386627109026
41385805106999,41387210214996
41385805106999,41387260732759
41387490790007,41387260732759
41387490790007,41387673326772
41387490790007,41387698400165
41387490790007,41387848566763
41387490790007,41387825151757
41388026648262,41387825151757
41388026648262,41388164661138
41388026648262,41388301617084
41388026648262,41388329307915
41388026648262,41388479166505
41388026648262,41388773141927
41388026648262,41388858829472
41388026648262,41389293564432
41388026648262,41389359908366
41389610874849,41389359908366
41389610874849,41389747361041
41389610874849,41389745114721
41389610874849,41389892333903
41389610874849,41390074650589
41389610874849,41390513012535
41389610874849,41390578126272
41390769308361,41390578126272
41390769308361,41391002355353
41390769308361,41390994574889
41390769308361,41391185123121
41390769308361,41391170310553
41390769308361,41391450599857
41390769308361,41391655398748
41391790368893,41391655398748
41391790368893,41391919815519
41391790368893,41391951171968
41391790368893,41392084218987
41391790368893,41392203506289
41391790368893,41392572300503
41391790368893,41392677123814
41392899275220,41392677123814
41392899275220,41393044093761
41392899275220,41393012427742
41392899275220,41393226410777
41392899275220,41393264385082
41392899275220,41393645092220
41392899275220,41393800877498
41393964899096,41393800877498
41393964899096,41394161227846
41393964899096,41394155245038
41393964899096,41394311982925
41393964899096,41394332432919
41393964899096,41394669923376
41394525921535,41394669923376
41394525921535,41394667477712
41394525921535,41394818319042
41394525921535,41394885324742
41394525921535,41395240017262
41394525921535,41395464991065
41395643172429,41395464991065
41395643172429,41395896772106
41395643172429,41395939346664
41395643172429,41396081909817
41395643172429,41396098249733
41395643172429,41396353168118
41395643172429,41396518809675
41395643172429,41397004508618
41395643172429,41397096147702
41397238677446,41397096147702
41397238677446,41397336935841
41397238677446,41397511346975
41397238677446,41397511689503
41397238677446,41397704875805
41397919060398,41397704875805
41397919060398,41398120047539
41397919060398,41398137969863
41397919060398,41398296348940
41397919060398,41398293910224
41397919060398,41398731264109
41397919060398,41398810432926
41398979104402,41398810432926
41398979104402,41399169011762
41398979104402,41399264541151
41398979104402,41399349341355
41398979104402,41399430023614
41398979104402,41399812636381
41398979104402,41399931265710
41398979104402,41400335768028
41398979104402,41400369256546
41400616201523,41400369256546
41400616201523,41400763398621
41400616201523,41400809382962
41400616201523,41400936933666
41400616201523,41400993836788
41400616201523,41401291546663
41400616201523,41401476135024
41401621689292,41401476135024
41401621689292,41401817115269
41401621689292,41401836221663
41401621689292,41401971295683
41401621689292,41401962065498
41401621689292,41402431164680
41401621689292,41402552370383
41402673781202,41402552370383
41402673781202,41402841230229
41402673781202,41402934643050
41402673781202,41402984874688
41402673781202,41403044911905
41402673781202,41403293238326
41402673781202,41403499178246
41403606807708,41403499178246
41403606807708,41403820342458
41403606807708,41403807065260
41403606807708,41403965350334
41403606807708,41403957101629
41403606807708,41404379408132
41403606807708,41404453596614
41404629014135,41404453596614
41404629014135,41404864355359
41404629014135,41404909607197
41404629014135,41405012674745
41404629014135,41405049620832
41405219314647,41405049620832
41405219314647,41405414246387
41405219314647,41405452017641
41405219314647,41405568739360
41405219314647,41405577882368
41405219314647,41406002913908
41405219314647,41406089805148
41405219314647,41406499212773
41405219314647,41406688009894
41406838558080,41406688009894
41406838558080,41407112795467
41406838558080,41407107354198
41406838558080,41407278962194
41406838558080,41407282174315
41407488781902,41407282174315
41407488781902,41407711387180
41407488781902,41407718418210
41407488781902,41407914979294
41407488781902,41407867202663
41407488781902,41408207249140
41407488781902,41408298325062
41407488781902,41408822081554
41407488781902,41408920398971
41409066323076,41408920398971
41409066323076,41409267681733
41409066323076,41409444014024
41409066323076,41409373639169
41409066323076,41409519225741
41409066323076,41409905128175
41409066323076,41410043575227
41410215772080,41410043575227
41410215772080,41410421083870
41410215772080,41410427768124
41410215772080,41410563669617
41410215772080,41410585344838
41410215772080,41410852535565
41410215772080,41411020266130
41411220360841,41411020266130
41411220360841,41411387775020
41411220360841,41411390048393
41411220360841,41411508311249
41411220360841,41411603600821
41411220360841,41411910623411
41411220360841,41411960340735
41411220360841,41412320606073
41412325138080,41412320606073
41412325138080,41412484424069
41412325138080,41412499811278
41412325138080,41412653567556
41412325138080,41412816169337
41412325138080,41412978371254
41413120771955,41412978371254
41413120771955,41413365886994
41413120771955,41413363411873
41413120771955,41413517472608
41413120771955,41413589662409
41413651273926,41413589662409
41413651273926,41413820118474
41413651273926,41413873428699
41413651273926,41413979259781
41413651273926,41414013311084
41413651273926,41414341373648
41413651273926,41414510262133
41414649662369,41414510262133
41414649662369,41414870500558
41414649662369,41414969222159
41414649662369,41415044350815
41414649662369,41415103286282
41414649662369,41415499781760
41414649662369,41415541870906
41414649662369,41415841168515
41414649662369,41416020759268
41416245996655,41416020759268
41416245996655,41416441685347
41416245996655,41416487355724
41416245996655,41416623452491
41416245996655,41416641643761
41416245996655,41417320578511
41416245996655,41417324204963
41417563496602,41417324204963
41417563496602,41417777135715
41417563496602,41417792257676
41417563496602,41417947326605
41417563496602,41417916413803
41417563496602,41418250741435
41417563496602,41418437416753
41418655753643,41418437416753
41418655753643,41418890839224
41418655753643,41418872304661
41418655753643,41419056754965
41418655753643,41419053329143
41419189348846,41419053329143
41419189348846,41419353979472
41419189348846,41419343134529
41419189348846,41419525369000
41419189348846,41419556432797
41419189348846,41419870194942
41419189348846,41420097618952
41420211833716,41420097618952
41420211833716,41420371831086
41420211833716,41420376209789
41420211833716,41420508390194
41420211833716,41420596485679
41420211833716,41421041576082
41420211833716,41421108406673
41420211833716,41421465279799
41420211833716,41421648966593
41421816177545,41421648966593
41421816177545,41422017882065
41421816177545,41422029676966
41421816177545,41422206846632
41421816177545,41422170332416
41421816177545,41422564391076
41421816177545,41422757015439
41422927868551,41422757015439
41422927868551,41423093491129
41422927868551,41423141204035
41422927868551,41423232417739
41422927868551,41423361685249
41422927868551,41423605695301
41422927868551,41423780214124
41423889323019,41423780214124
41423889323019,41424049252625
41423889323019,41424096197325
41423889323019,41424203322936
41423889323019,41424239250698
41424356765896,41424239250698
41424356765896,41424543521601
41424356765896,41424500215120
41424356765896,41424689303118
41424356765896,41424711338889
41424356765896,41425009393894
41424356765896,41425171045622
41425369256389,41425171045622
41425369256389,41425558961284
41425369256389,41425569726185
41425369256389,41425726339218
41425369256389,41425736449332
41425369256389,41426198627756
41425369256389,41426209728377
41425369256389,41426643106233
41425369256389,41426667034563
41426885165221,41426667034563
41426885165221,41426995635808
41426885165221,41427170951832
41426885165221,41427124289679
41426885165221,41427321402040
41426885165221,41427573421550
41426885165221,41427762362565
41427853457883,41427762362565
41427853457883,41428039724314
41427853457883,41428031887228
41427853457883,41428179761790
41427853457883,41428178575393
41427853457883,41428501821504
41427853457883,41428650144282
41428769262800,41428650144282
41428769262800,41428987219225
41428769262800,41429013576161
41428769262800,41429167364499
41428769262800,41429159186964
41428769262800,41429540717549
41428769262800,41429638244371
41429792126012,41429638244371
41429792126012,41429973630812
41429792126012,41430016281492
41429792126012,41430182524587
41429792126012,41430170131500
41430359938042,41430170131500
41430359938042,41430539143635
41430359938042,41430589353510
41430359938042,41430724344191
41430359938042,41430732106472
41430359938042,41431059038667
41430359938042,41431288219300
41430359938042,41431659436748
41430359938042,41431794090627
41432029651223,41431794090627
41432029651223,41432205434463
41432029651223,41432187699506
41432029651223,41432393081550
41432029651223,41432424569027
41432963907383,41432424569027
41432963907383,41433217370352
41432963907383,41433141677914
41432963907383,41433291276287
41432963907383,41433385668068
41432963907383,41433789944122
41432963907383,41433883192775
41432963907383,41434243318453
41432963907383,41434447092153
41434636323653,41434447092153
41434636323653,41434798192158
41434636323653,41434783311981
41434636323653,41434944509835
41434636323653,41435033675606
41434636323653,41435556412950
41434636323653,41435571844822
41435775160970,41435571844822
41435775160970,41436087546650
41435775160970,41436068426288
41435775160970,41436299321923
41435775160970,41436265206672
41435775160970,41436587753539
41436592268724,41436587753539
41436592268724,41436794131312
41436592268724,41436802460111
41436592268724,41436901887409
41436592268724,41437144432495
41436592268724,41437210587400
41436592268724,41437646093927
41436592268724,41437737036513
41436592268724,41438158888024
41437970093136,41438158888024
41437970093136,41438174568202
41437970093136,41438361634195
41437970093136,41438354576244
41437970093136,41438711734604
41438582384385,41438711734604
41438582384385,41438790476701
41438582384385,41438951059517
41438582384385,41438886448744
41438582384385,41439319614393
41438582384385,41439394230335
41438582384385,41439784407141
41438582384385,41439941963260
41440108141361,41439941963260
41440108141361,41440342481488
41440108141361,41440347414774
41440108141361,41440463547079
41440108141361,41440473835223
41440108141361,41440805287555
41440108141361,41440932148312
41440108141361,41441260940912
41441084744761,41441260940912
41441084744761,41441279919401
41441084744761,41441447915676
41441084744761,41441401327371
41441084744761,41441847360107
41441084744761,41441923428809
41441084744761,41442242656814
41442097402341,41442242656814
41442097402341,41442385863733
41442097402341,41442365432111
41442097402341,41442483339415
41442097402341,41442841436191
41442097402341,41442951070038
41443070711234,41442951070038
41443070711234,41443271445706
41443070711234,41443264816693
41443070711234,41443460605695
41443070711234,41443450090350
41443617849696,41443450090350
41443617849696,41443887275496
41443617849696,41443886761487
41443617849696,41444044400353
41443617849696,41444025211615
41443617849696,41444397246106
41443617849696,41444463875591
41443617849696,41444846091873
41443617849696,41444954388141
41445156496871,41444954388141
41445156496871,41445368417685
41445156496871,41445347485125
41445156496871,41445490519269
41445156496871,41445521116530
41445689282096,41445521116530
41445689282096,41445837202000
41445689282096,41446011308970
41445689282096,41445993095782
41445689282096,41446130629097
41445689282096,41446679941310
41445689282096,41446790823988
41446985888069,41446790823988
41446985888069,41447158475378
41446985888069,41447140863587
41446985888069,41447299949125
41446985888069,41447299245694
41446985888069,41447786028028
41446985888069,41447897804565
41446985888069,41448229163777
41446985888069,41448411908175
41448571829941,41448411908175
41448571829941,41448766401767
41448571829941,41448738249016
41448571829941,41448932737974
41448571829941,41448964594105
41449159164163,41448964594105
41449159164163,41449359650795
41449159164163,41449349577468
41449159164163,41449580406666
41449159164163,41449592999416
41449159164163,41449996452757
41449159164163,41450123343124
41449159164163,41450607494374
41449159164163,41450693361693
41450864507342,41450693361693
41450864507342,41451097263688
41450864507342,41451122352817
41450864507342,41451245254406
41450864507342,41451279067444
41450864507342,41451600843459
41450864507342,41451710955935
41451920701689,41451710955935
41451920701689,41452125258269
41451920701689,41452121047573
41451920701689,41452303626696
41451920701689,41452350430189
41451920701689,41452662441136
41452518458739,41452662441136
41452518458739,41452725166370
41452518458739,41452799395888
41452518458739,41452895801530
41452518458739,41453306392526
41452518458739,41453351220389
41452518458739,41453769909221
41452518458739,41453947984877
41454090606753,41453947984877
41454090606753,41454264112741
41454090606753,41454434162750
41454090606753,41454420374545
41454090606753,41454572183956
41454090606753,41454774428209
41454090606753,41454941398235
41454090606753,41455230813673
41454090606753,41455235264454
41455083385393,41455235264454
41455083385393,41455425835988
41455083385393,41455475563017
41455083385393,41455777924196
41455083385393,41455949797864
41456176386249,41455949797864
41456176386249,41456304317882
41456176386249,41456317309727
41456176386249,41456464583848
41456176386249,41456561728688
41456176386249,41456871720734
41456176386249,41457087332259
41456176386249,41457382155763
41457252783809,41457382155763
41457252783809,41457429400985
41457252783809,41457518734871
41457252783809,41457678210952
41457867294154,41457678210952
41457867294154,41458050350938
41457867294154,41458113798813
41457867294154,41458303183717
41457867294154,41458224273412
41457867294154,41458594821322
41457867294154,41458766856265
41457867294154,41459071023459
41457867294154,41459273051712
41459388487237,41459273051712
41459388487237,41459541621761
41459388487237,41459535781046
41459388487237,41459708952220
41459388487237,41459802154391
41459987373889,41459802154391
41459987373889,41460134037936
41459987373889,41460130949992
41459987373889,41460268227926
41459987373889,41460402370945
41459987373889,41460696176166
41459987373889,41460938912930
41459987373889,41461211734017
41459987373889,41461404432695
41461543319151,41461404432695
41461543319151,41461711843798
41461543319151,41461738828827
41461543319151,41461908399112
41461543319151,41461891138634
41461543319151,41462219437273
41461543319151,41462333237768
41462613199979,41462333237768
41462613199979,41462766938461
41462613199979,41462766033728
41462613199979,41462913453805
41462613199979,41463012282333
41462613199979,41463479335678
41462613199979,41463460755076
41463726425394,41463460755076
41463726425394,41463837822160
41463726425394,41463848495197
41463726425394,41463956170806
41463726425394,41464080509911
41463726425394,41464589973514
41463726425394,41464753823433
41464930192021,41464753823433
41464930192021,41465118820673
41464930192021,41465117234424
41464930192021,41465288395084
41464930192021,41465280759827
41465428655238,41465280759827
41465428655238,41465644327205
41465428655238,41465614631741
41465428655238,41465818665534
41465428655238,41465810141171
41465428655238,41466206161460
41465428655238,41466328975361
41465428655238,41466666130231
41465428655238,41466805333847
41465428655238,41467208415757
41465428655238,41467336560850
41465428655238,41467442388725
41467338992581,41467442388725
41467338992581,41467507769811
41467553776560,41467507769811
41467553776560,41467783316804
41467553776560,41467798581708
41467553776560,41467935718028
41467553776560,41467945118423
41467553776560,41468611710138
41467553776560,41468671294119
41467553776560,41469158408021
41467553776560,41469250962119
41469464315906,41469250962119
41469464315906,41469711877514
41469464315906,41469696461013
41469464315906,41469880398970
41469464315906,41469888374597
41469464315906,41470268659081
41469464315906,41470448716545
41470617288473,41470448716545
41470617288473,41470783905428
41470617288473,41470860650122
41470617288473,41470960896277
41470617288473,41471022919201
41470617288473,41471463228590
41470617288473,41471393579508
41470617288473,41471770455643
41471658599603,41471770455643
41471658599603,41471781285982
41471658599603,41471976484667
41471658599603,41472044240880
41472210931669,41472044240880
41472210931669,41472427417205
41472210931669,41472399330406
41472210931669,41472584965301
41472210931669,41472581979052
41472210931669,41473021093053
41472210931669,41473163247119
41472210931669,41473458908672
41472210931669,41473659049126
41473871954784,41473659049126
41473871954784,41474025780056
41473871954784,41474103976781
41473871954784,41474253148700
41473871954784,41474259579410
41473871954784,41474594381756
41474440973258,41474594381756
41474440973258,41474651421402
41474440973258,41474775991054
41474440973258,41474819534638
41474440973258,41475282247157
41474440973258,41475233933696
41474440973258,41475740194320
41474440973258,41475854943667
41476032421400,41475854943667
41476032421400,41476290837643
41476032421400,41476298463734
41476032421400,41476428601496
41476032421400,41476475574628
41476580679142,41476475574628
41476580679142,41476774042619
41476580679142,41476728099690
41476580679142,41476873913586
41476580679142,41476986771978
41476580679142,41477367046396
41476580679142,41477366965474
41476580679142,41477700303144
41476580679142,41477895242602
41478145595685,41477895242602
41478145595685,41478299822477
41478145595685,41478336069165
41478145595685,41478451695065
41478145595685,41478517424102
41478145595685,41479006356077
41478145595685,41479085540023
41478145595685,41479403988710
41479290182122,41479403988710
41479290182122,41479453854854
41479290182122,41479528854170
41479290182122,41479677297450
41479290182122,41480219843825
41479290182122,41480195201478
41480428048975,41480195201478
41480428048975,41480545629267
41480428048975,41480648429663
41480428048975,41480767644871
41480428048975,41480812192457
41480428048975,41481099110747
41480428048975,41481260946234
41481480399310,41481260946234
41481480399310,41481666262782
41481480399310,41481655747139
41481480399310,41481801020563
41481480399310,41481804375060
41481988036372,41481804375060
41481988036372,41482168134208
41481988036372,41482172783249
41481988036372,41482343130793
41481988036372,41482343772190
41481988036372,41482685848683
41481988036372,41482764941950
41482970056873,41482764941950
41482970056873,41483186302008
41482970056873,41483156211323
41482970056873,41483329170451
41482970056873,41483293858339
41482970056873,41483697773237
41482970056873,41483783852539
41482970056873,41484203487577
41482970056873,41484278801504
41482970056873,41484637429863
41484445743056,41484637429863
41484445743056,41484666266892
41484445743056,41484839439903
41484445743056,41484840889456
41485058289947,41484840889456
41485058289947,41485372175208
41485058289947,41485372075621
41485058289947,41485551355092
41485058289947,41485547236061
41485058289947,41485797780187
41485058289947,41485915924594
41485058289947,41486314900480
41485058289947,41486430711406
41486606782290,41486430711406
41486606782290,41486806199201
41486606782290,41486864516847
41486606782290,41486984555740
41486606782290,41487013500544
41487203231465,41487013500544
41487203231465,41487372219416
41487203231465,41487432229112
41487203231465,41487574082974
41487203231465,41487592567805
41487203231465,41488005066872
41487203231465,41488058367245
41487203231465,41488582300053
41487203231465,41488541923526
41488779130965,41488541923526
41488779130965,41489018143899
41488779130965,41489029387654
41488779130965,41489163664938
41488779130965,41489191441496
41489336625832,41489191441496
41489336625832,41489566207400
41489336625832,41489532402232
41489336625832,41489675754194
41489336625832,41489760675666
41489336625832,41490180327203
41489336625832,41490138535035
41489336625832,41490650407018
41489336625832,41490783188557
41490946578389,41490783188557
41490946578389,41491112343068
41490946578389,41491143753899
41490946578389,41491272272090
41490946578389,41491323128579
41490946578389,41491807245320
41490946578389,41491746363671
41491966792147,41491746363671
41491966792147,41492084605261
41491966792147,41492122349279
41491966792147,41492303377982
41491966792147,41492312083777
41491966792147,41492686889717
41491966792147,41492889185053
41493053030681,41492889185053
41493053030681,41493224530731
41493053030681,41493325463912
41493053030681,41493423241526
41493053030681,41493518216648
41493599010960,41493518216648
41493599010960,41493729100632
41493599010960,41493798521028
41493599010960,41493869412593
41493599010960,41493948503118
41493599010960,41494334081999
41493599010960,41494407234564
41493599010960,41494755250748
41494625387958,41494755250748
41494625387958,41494794486282
41494625387958,41495001318287
41494625387958,41495056255042
41494625387958,41495343586499
41494625387958,41495457349581
41494625387958,41495730342558
41494625387958,41495866612015
41496051398634,41495866612015
41496051398634,41496216472824
41496051398634,41496262257997
41496051398634,41496344203028
41496051398634,41496411729403
41496051398634,41496715235408
41496547742355,41496715235408
41496547742355,41496832362758
41496547742355,41496879274301
41496547742355,41496972233391
41496547742355,41497298271981
41496547742355,41497477203461
41497654480901,41497477203461
41497654480901,41497871919538
41497654480901,41497879780829
41497654480901,41498026650703
41497654480901,41498096379364
41497654480901,41498383252541
41497654480901,41498482386352
41497654480901,41498927803347
41497654480901,41499009058854
41497654480901,41499366773082
41499200695558,41499366773082
41499200695558,41499418681814
41499200695558,41499505990841
41499200695558,41499597035024
41499732262779,41499597035024
41499732262779,41499945290080
41499732262779,41499943986713
41499732262779,41500076388663
41499732262779,41500123654381
41499732262779,41500490719086
41499732262779,41500948171615
41499732262779,41501280237326
41499732262779,41501450857326
41501646142472,41501450857326
41501646142472,41501808927300
41501646142472,41501799366414
41501646142472,41501941055378
41501646142472,41501946811763
41501646142472,41502316786273
41501646142472,41502433074343
41502521804743,41502433074343
41502521804743,41502735401990
41502521804743,41502711523823
41502521804743,41502865442925
41502521804743,41502876243826
41502521804743,41503221540961
41502521804743,41503344359175
41503522220725,41503344359175
41503522220725,41503722263045
41503522220725,41503874275421
41503522220725,41503886232996
41503522220725,41504002752051
41504149374175,41504002752051
41504149374175,41504328823167
41504149374175,41504375391519
41504149374175,41504472988968
41504149374175,41504522544401
41504149374175,41504883348093
41504149374175,41505056063808
41504149374175,41505395884843
41504149374175,41505547499109
41505761942779,41505547499109
41505761942779,41505951359381
41505761942779,41505927803469
41505761942779,41506095109740
41505761942779,41506175503511
41506333741121,41506175503511
41506333741121,41506608184028
41506333741121,41506631191748
41506333741121,41506769278638
41506333741121,41506751290497
41506333741121,41507168863373
41506333741121,41507243719008
41507405204458,41507243719008
41507405204458,41507514103568
41507405204458,41507593173367
41507405204458,41507685203708
41507405204458,41507805484070
41507405204458,41508130828220
41507405204458,41508122631763
41507405204458,41508509727317
41508515693021,41508509727317
41508515693021,41508656140475
41508515693021,41508803413767
41508515693021,41508825222566
41508515693021,41508984914129
41508515693021,41509136999862
41508515693021,41509586254726
41508515693021,41509638433988
41509805455968,41509638433988
41509805455968,41510006386458
41509805455968,41510010326096
41509805455968,41510179405541
41509805455968,41510151318825
41510278282963,41510151318825
41510278282963,41510502493501
41510278282963,41510476976108
41510278282963,41510620042550
41510278282963,41510660876951
41510278282963,41511031315782
41510278282963,41511142908259
41510278282963,41511477954903
41510278282963,41511706212516
41511882093374,41511706212516
41511882093374,41511975399869
41511882093374,41512055348072
41511882093374,41512095321941
41511882093374,41512300074271
41512505464298,41512300074271
41512505464298,41512746675902
41512505464298,41512747190386
41512505464298,41512880137242
41512505464298,41512878222497
41512505464298,41513255697784
41512505464298,41513398478035
41512505464298,41513750735546
41512505464298,41513909316419
41514117453747,41513909316419
41514117453747,41514249293611
41514117453747,41514329838548
41514117453747,41514502276388
41514117453747,41514470279828
41514117453747,41514834198892
41514117453747,41515012389355
41514117453747,41515295122964
