26666966887136,26668042186660
26666966887136,26668432092335
26668438284844,26668432092335
26668438284844,26668646236560
26668438284844,26668827248823
26668438284844,26668955398105
26668438284844,26669319580932
26669320740913,26669319580932
26669320740913,26669562370759
26669320740913,26669750752027
26669320740913,26669924186734
26669320740913,26670340738622
26670492667443,26670340738622
26670492667443,26670692751258
26670492667443,26670830572882
26670492667443,26671042587363
26671043905328,26671042587363
26671043905328,26671214657285
26671043905328,26671365301475
26671043905328,26671567374894
26671043905328,26671745160478
26671043905328,26672059625643
26672061509636,26672059625643
26672061509636,26672313920616
26672061509636,26672508389391
26672518664594,26672508389391
26672518664594,26672711415803
26672518664594,26672885445873
26672518664594,26673045935472
26672518664594,26673262251444
26672518664594,26673444851267
26672518664594,26673951079530
26673992482501,26673951079530
26673992482501,26674216215581
26673992482501,26674416436954
26673992482501,26674620348074
26674622453302,26674620348074
26674622453302,26674860039686
26674622453302,26675023217994
26674622453302,26675174660677
26674622453302,26675351854396
26674622453302,26675955199605
26675956988269,26675955199605
26675956988269,26676130604171
26675956988269,26676275108816
26675956988269,26676527187211
26675956988269,26676760708895
26676762416982,26676760708895
26676762416982,26676991001318
26676762416982,26677276313766
26676762416982,26677454780495
26677457234548,26677454780495
26677457234548,26677682264791
26677457234548,26677829109916
26677457234548,26677968583735
26677457234548,26678162415757
26677457234548,26678680652170
26677457234548,26678845019242
26678847768590,26678845019242
26678847768590,26679047257643
26678847768590,26679215458720
26678847768590,26679429990446
26679466726621,26679429990446
26679466726621,26679664752520
26679466726621,26679835233705
26679466726621,26680040276150
26679466726621,26680427169310
26680428840431,26680427169310
26680428840431,26680695311882
26680428840431,26680866039395
26680428840431,26681006690639
26680428840431,26681339422624
26681444857930,26681339422624
26681444857930,26681646296546
26681444857930,26681841703714
26681444857930,26682005318832
26682007468016,26682005318832
26682007468016,26682259167052
26682007468016,26682470196134
26682007468016,26682617067355
26682007468016,26682801261022
26682007468016,26683237372365
26683238723745,26683237372365
26683238723745,26683496742842
26683238723745,26683639248009
26683238723745,26683759629929
26683762509985,26683759629929
26683762509985,26684037765746
26683762509985,26684199108240
26683762509985,26684321283561
26683762509985,26684569924329
26684646573803,26684569924329
26684646573803,26684928525935
26684646573803,26685372767867
26684646573803,26685519325362
26684646573803,26685744375799
26684646573803,26686168828774
26686278331545,26686168828774
26686278331545,26686570574113
26686278331545,26686738259218
26686278331545,26686922459728
26686923749615,26686922459728
26686923749615,26687167091360
26686923749615,26687384953934
26686923749615,26687549127578
26686923749615,26687787371322
26687798788342,26687787371322
26687798788342,26687993346417
26687798788342,26688176393244
26687798788342,26688386417982
26687798788342,26688598662431
26688618774713,26688598662431
26688618774713,26688862455096
26688618774713,26689085773880
26688618774713,26689271541651
26688618774713,26689609901109
26688618774713,26689874947950
26689927970907,26689874947950
26689927970907,26690188263209
26689927970907,26690336311638
26689927970907,26690557229027
26689927970907,26690909781608
26690911689311,26690909781608
26690911689311,26691164931275
26690911689311,26691331497834
26690911689311,26691488850708
26691491410370,26691488850708
26691491410370,26691671851451
26691491410370,26691793768051
26691491410370,26691939923838
26691491410370,26692295603568
26691491410370,26692713150492
26692716675590,26692713150492
26692716675590,26692898026970
26692716675590,26693087771538
26692716675590,26693245118431
26692716675590,26693618123989
26693731431687,26693618123989
26693731431687,26693905342570
26693731431687,26694107566779
26693731431687,26694364338443
26694367201770,26694364338443
26694367201770,26694621960611
26694367201770,26694778621766
26694367201770,26694954513183
26694367201770,26695113605613
26694367201770,26695446188572
26695539399477,26695446188572
26695539399477,26695749342993
26695539399477,26695984383268
26695986245506,26695984383268
26695986245506,26696147619006
26695986245506,26696296233758
26695986245506,26696446803004
26695986245506,26696577214661
26695986245506,26696876180969
26696913720833,26696876180969
26696913720833,26697124995599
26696913720833,26697303423283
26696913720833,26697466099077
26696913720833,26697808927595
26696913720833,26698165546322
26698247643239,26698165546322
26698247643239,26698490931248
26698247643239,26698694515069
26698247643239,26698879095903
26698247643239,26699085356208
26699113344471,26699085356208
26699113344471,26699325061989
26699113344471,26699490657839
26699113344471,26699674073673
26699113344471,26700091318313
26700097204966,26700091318313
26700097204966,26700314890739
26700097204966,26700520635596
26700097204966,26700713614460
26700715926504,26700713614460
26700715926504,26700946421409
26700715926504,26701083304017
26700715926504,26701236463250
26700715926504,26701678830845
26700715926504,26702018257077
26702025806415,26702018257077
26702025806415,26702196163252
26702025806415,26702416685169
26702025806415,26702626312983
26702025806415,26702869844597
26702950026612,26702869844597
26702950026612,26703213086707
26702950026612,26703428446521
26702950026612,26703589481483
26702950026612,26703820378272
26703826255895,26703820378272
26703826255895,26703999460526
26703826255895,26704214534343
26703826255895,26704398853400
26704402673048,26704398853400
26704402673048,26704644298965
26704402673048,26704800375778
26704402673048,26704997933117
26704402673048,26705237218332
26704402673048,26705648549074
26705741535573,26705648549074
26705741535573,26705988332197
26705741535573,26706141541777
26705741535573,26706269339868
26705741535573,26706691219015
26706700667349,26706691219015
26706700667349,26706954328653
26706700667349,26707124336437
26706700667349,26707285254797
26706700667349,26707526746688
26707557989715,26707526746688
26707557989715,26707788432586
26707557989715,26708008575847
26707557989715,26708204445046
26707557989715,26708540697858
26707557989715,26708786873276
26708585607735,26708786873276
26708585607735,26708983602414
26708585607735,26709191277225
26708585607735,26709499706486
26709504793574,26709499706486
26709504793574,26709709451202
26709504793574,26709882292752
26709504793574,26710136552356
26709504793574,26710314231941
26709504793574,26710460812861
26710316389089,26710460812861
26710316389089,26710617296350
26710316389089,26710773099176
26710316389089,26711348933810
26711351703932,26711348933810
26711351703932,26711605443908
26711351703932,26711764415084
26711351703932,26711986535965
26711351703932,26712161387675
26712163874331,26712161387675
26712163874331,26712311343902
26712163874331,26712492128371
26712163874331,26712612296441
26712163874331,26713210155041
26713211849729,26713210155041
26713211849729,26713430200398
26713211849729,26713583930952
26713211849729,26713719571239
26713211849729,26714160302089
26714161772535,26714160302089
26714161772535,26714373756431
26714161772535,26714527413587
26714161772535,26714768332041
26714161772535,26715123510696
26715128481899,26715123510696
26715128481899,26715340044526
26715128481899,26715530464064
26715128481899,26715745521036
26715128481899,26716065367952
26716114969039,26716065367952
26716114969039,26716392337825
26716114969039,26716593444832
26716114969039,26716753656352
26716114969039,26716949034825
26717039362349,26716949034825
26717039362349,26717200219700
26717039362349,26717446620002
26717039362349,26717647562915
26717650352240,26717647562915
26717650352240,26717887282130
26717650352240,26718032915542
26717650352240,26718164680236
26717650352240,26718366766765
26717650352240,26718825829605
26718903734221,26718825829605
26718903734221,26719113321672
26718903734221,26719266628744
26718903734221,26719455666361
26718903734221,26720241877157
26720244012486,26720241877157
26720244012486,26720455750226
26720244012486,26720573679203
26720244012486,26720738488850
26720244012486,26721174832680
26721177059527,26721174832680
26721177059527,26721372961528
26721177059527,26721595825471
26721177059527,26721778149172
26721780695491,26721778149172
26721780695491,26721952017779
26721780695491,26722123235353
26721780695491,26722286351483
26721780695491,26722492174296
26722564594378,26722492174296
26722564594378,26722862251585
26722564594378,26723075448764
26722564594378,26723256185014
26722564594378,26723514063979
26723518471265,26723514063979
26723518471265,26723776140857
26723518471265,26723897030671
26723518471265,26724127203314
26723518471265,26724389774433
26723518471265,26724812266792
26725034254570,26724812266792
26725034254570,26725254512374
26725034254570,26725382389292
26725034254570,26725613782193
26725034254570,26725921163134
26725922773197,26725921163134
26725922773197,26726102819288
26725922773197,26726260313697
26725922773197,26726426362471
26725922773197,26726638217689
26726690582174,26726638217689
26726690582174,26726893806635
26726690582174,26727163439638
26726690582174,26727329414715
26726690582174,26727699482222
26727700986871,26727699482222
26727700986871,26727888705290
26727700986871,26728124763361
26727700986871,26728412772636
26727700986871,26728636921004
26728674273972,26728636921004
26728674273972,26728897538963
26728674273972,26729073276364
26728674273972,26729216270174
26729217907872,26729216270174
26729217907872,26729389953373
26729217907872,26729540876518
26729217907872,26729681537688
26729217907872,26729960467668
26729974889501,26729960467668
26729974889501,26730217344252
26729974889501,26730357637459
26729974889501,26730547235407
26729974889501,26730852714588
26729974889501,26731427390350
26731429276469,26731427390350
26731429276469,26731609064899
26731429276469,26731821021946
26731429276469,26732017340876
26731429276469,26732191200629
26732199184481,26732191200629
26732199184481,26732422672517
26732199184481,26732593218159
26732199184481,26732857325827
26732199184481,26733132947212
26733171030123,26733132947212
26733171030123,26733428194217
26733171030123,26733652854551
26733171030123,26733798336714
26733801707346,26733798336714
26733801707346,26733982141756
26733801707346,26734174792112
26733801707346,26734351334388
26733801707346,26734612456700
26734657673378,26734612456700
26734657673378,26734812714598
26734657673378,26735027089222
26734657673378,26735280472482
26734657673378,26735499095926
26734657673378,26735907847847
26735956679801,26735907847847
26735956679801,26736160057542
26735956679801,26736419079373
26735956679801,26736556336321
26735956679801,26736916816845
26736933947046,26736916816845
26736933947046,26737134598488
26736933947046,26737406068380
26736933947046,26737549871508
26736933947046,26737932426459
26737969740735,26737932426459
26737969740735,26738163067383
26737969740735,26738629083403
26737969740735,26738727676746
26737969740735,26739185295863
26739186784815,26739185295863
26739186784815,26739398000946
26739186784815,26739654803567
26739186784815,26739816374986
26739818430995,26739816374986
26739818430995,26740027342822
26739818430995,26740187978736
26739818430995,26740367169605
26739818430995,26740662188522
26739818430995,26741038317615
26741098331355,26741038317615
26741098331355,26741344723499
26741098331355,26741556260487
26741098331355,26741721259575
26741098331355,26741936262684
26741098331355,26742164303779
26741980311040,26742164303779
26741980311040,26742376590391
26741980311040,26742528563728
26741980311040,26742857997921
26742921396506,26742857997921
26742921396506,26743157974873
26742921396506,26743327826678
26742921396506,26743498167655
26742921396506,26743875897935
26743877366277,26743875897935
26743877366277,26744145974688
26743877366277,26744300528956
26743877366277,26744437118604
26743877366277,26744676405870
26744819665003,26744676405870
26744819665003,26745007992333
26744819665003,26745220368372
26744819665003,26745364764299
26745368576342,26745364764299
26745368576342,26745646570940
26745368576342,26745798217960
26745368576342,26745962146576
26745368576342,26746169071675
26745368576342,26746573803738
26746675731732,26746573803738
26746675731732,26746908015858
26746675731732,26747084246339
26746675731732,26747205441035
26747206900127,26747205441035
26747206900127,26747425898073
26747206900127,26747576132050
26747206900127,26747761330456
26747206900127,26748102127447
26747206900127,26748607268349
26748609409124,26748607268349
26748609409124,26748874814995
26748609409124,26749041660878
26748609409124,26749204423777
26748609409124,26749388093990
26748609409124,26749517695038
26749519094551,26749517695038
26749519094551,26750159175477
26749519094551,26750320366497
26750332677008,26750320366497
26750332677008,26750587141808
26750332677008,26750793769568
26750332677008,26750922623084
26750332677008,26751224877216
26750332677008,26751608216593
26751689520904,26751608216593
26751689520904,26751917934742
26751689520904,26752185165514
26751689520904,26752312433927
26751689520904,26752646360285
26752648246203,26752646360285
26752648246203,26752904045817
26752648246203,26753124467683
26752648246203,26753279054697
26752648246203,26753725773016
26753727034992,26753725773016
26753727034992,26753912818840
26753727034992,26754124279133
26753727034992,26754299465418
26753727034992,26754638756365
26754657321871,26754638756365
26754657321871,26754925246495
26754657321871,26755154552609
26754657321871,26755396306229
26754657321871,26755615312845
26755616672216,26755615312845
26755616672216,26755849948675
26755616672216,26756011895232
26755616672216,26756210677795
26755616672216,26756416031143
26756544518104,26756416031143
26756544518104,26756771980107
26756544518104,26756954783989
26756544518104,26757125589513
26757128326170,26757125589513
26757128326170,26757313642143
26757128326170,26757441222934
26757128326170,26757623419861
26757128326170,26757859146986
26757901833326,26757859146986
26757901833326,26758210501375
26757901833326,26758463286171
26757901833326,26758618091529
26757901833326,26758845503289
26757901833326,26759259925098
26759278641680,26759259925098
26759278641680,26759441466076
26759278641680,26759653440130
26759278641680,26759872719498
26759875239052,26759872719498
26759875239052,26760100994242
26759875239052,26760287459648
26759875239052,26760440307507
26759875239052,26760612896921
26760614901222,26760612896921
26760614901222,26760856159970
26760614901222,26761038195522
26760614901222,26761188137295
26760614901222,26761446255522
26760614901222,26762021930561
26762023614553,26762021930561
26762023614553,26762199868641
26762023614553,26762387591979
26762023614553,26762588253568
26762023614553,26762779680305
26762863957299,26762779680305
26762863957299,26763116961745
26762863957299,26763289254242
26762863957299,26763818048526
26762863957299,26764032760237
26764310620681,26764032760237
26764310620681,26764476433941
26764310620681,26764658095011
26764310620681,26764832300163
26764310620681,26765123536463
26765131287370,26765123536463
26765131287370,26765367418382
26765131287370,26765537161295
26765131287370,26765740805854
26765131287370,26766149550719
26766151563592,26766149550719
26766151563592,26766400074429
26766151563592,26766553159960
26766151563592,26766714878321
26766151563592,26767117944642
26767183161595,26767117944642
26767183161595,26767418336177
26767183161595,26767611233405
26767183161595,26767765212084
26767183161595,26768090318499
26768109722870,26768090318499
26768109722870,26768313164356
26768109722870,26768557377620
26768109722870,26768699473852
26768109722870,26768957996327
26768960257558,26768957996327
26768960257558,26769216350184
26768960257558,26769368701339
26768960257558,26769557045939
26768960257558,26769854223631
26769855169453,26769854223631
26769855169453,26770091503113
26769855169453,26770223791441
26769855169453,26770373111142
26770377713794,26770373111142
26770377713794,26770614388317
26770377713794,26770763671562
26770377713794,26770986293084
26770377713794,26771275449199
26770377713794,26771778055316
26771780087981,26771778055316
26771780087981,26771989371914
26771780087981,26772163811340
26771780087981,26772431586713
26771780087981,26772579943070
26772676186504,26772579943070
26772676186504,26772967177207
26772676186504,26773219951186
26772676186504,26773401696935
26772676186504,26773709074133
26773711222132,26773709074133
26773711222132,26773956271181
26773711222132,26774115529192
26773711222132,26774341334984
26773711222132,26774628481102
26774634328307,26774628481102
26774634328307,26774925497295
26774634328307,26775108153094
26774634328307,26775295444044
26774634328307,26775447267480
26775448899349,26775447267480
26775448899349,26775651683814
26775448899349,26775871591960
26775448899349,26776060729980
26775448899349,26776382776096
26776384631510,26776382776096
26776384631510,26776638891005
26776384631510,26776859811894
26776384631510,26777037964562
26776384631510,26777259093234
26777302738893,26777259093234
26777302738893,26777533494210
26777302738893,26777742199989
26777302738893,26777960057721
26777302738893,26778221743284
26778304130253,26778221743284
26778304130253,26778523157568
26778304130253,26778767274731
26778304130253,26778957068769
26778304130253,26779259815140
26779263283636,26779259815140
26779263283636,26779402935577
26779263283636,26779638244193
26779263283636,26779859628323
26779263283636,26780170846524
26780296445562,26780170846524
26780296445562,26780530915215
26780296445562,26780720394168
26780296445562,26780888280190
26780296445562,26781152232484
26781180508501,26781152232484
26781180508501,26781426338969
26781180508501,26781596201525
26781180508501,26781844471353
26781847366360,26781844471353
26781847366360,26782043278018
26781847366360,26782286392107
26781847366360,26782469041445
26781847366360,26782611683709
26781847366360,26782939167055
26783065172958,26782939167055
26783065172958,26783275617460
26783065172958,26783463801622
26783065172958,26783681047652
26783065172958,26783951102392
26784063414071,26783951102392
26784063414071,26784307702218
26784063414071,26784481419338
26784063414071,26784693243394
26784063414071,26784968581645
26784970488739,26784968581645
26784970488739,26785166427887
26784970488739,26785342606643
26784970488739,26785622782309
26784970488739,26785868679787
26785891491922,26785868679787
26785891491922,26786099471818
26785891491922,26786313440945
26785891491922,26786686112563
26785891491922,26787120175259
26787124173129,26787120175259
26787124173129,26787333552271
26787124173129,26787441933272
26787124173129,26787697944467
26787124173129,26788001458477
26788073834294,26788001458477
26788073834294,26788283187616
26788073834294,26788517168404
26788525719159,26788517168404
26788525719159,26788739549332
26788525719159,26788900060677
26788525719159,26789056391636
26788525719159,26789271768811
26788525719159,26789510142755
26788525719159,26789805182563
26789894854338,26789805182563
26789894854338,26790210057020
26789894854338,26790472366577
26789894854338,26790674589268
26789894854338,26790837790653
26790840743852,26790837790653
26790840743852,26791088780012
26790840743852,26791354328575
26790840743852,26791508401072
26790840743852,26791740369069
26791818146749,26791740369069
26791818146749,26792134220423
26791818146749,26792382765148
26791818146749,26792565574615
26791818146749,26792728168440
26791818146749,26792964929236
26792755680070,26792964929236
26792755680070,26793139812863
26792755680070,26793331774838
26792755680070,26793654535995
26793708635346,26793654535995
26793708635346,26793961828542
26793708635346,26794111578207
26793708635346,26794340742117
26793708635346,26794680426423
26794683634155,26794680426423
26794683634155,26794924211130
26794683634155,26795112732642
26794683634155,26795269784019
26794683634155,26795597040367
26795619862546,26795597040367
26795619862546,26795902152358
26795619862546,26796074312782
26795619862546,26796230976311
26795619862546,26796520884030
26796523507330,26796520884030
26796523507330,26796780099666
26796523507330,26796936647858
26796523507330,26797105490586
26796523507330,26797375576011
26797419559810,26797375576011
26797419559810,26797653204968
26797419559810,26797812203997
26797419559810,26797989916666
26797991783947,26797989916666
26797991783947,26798168459514
26797991783947,26798356828714
26797991783947,26798491021849
26797991783947,26798781627080
26797991783947,26799282663781
26799398794202,26799282663781
26799398794202,26799600290687
26799398794202,26799772137486
26799398794202,26799924701648
26799398794202,26800280335481
26800282625066,26800280335481
26800282625066,26800500432189
26800282625066,26800681577543
26800282625066,26800955349326
26800282625066,26801100371127
26801198568222,26801100371127
26801198568222,26801446326018
26801198568222,26801595940636
26801198568222,26801843622077
26801198568222,26802115332746
26802125758940,26802115332746
26802125758940,26802328333319
26802125758940,26802522678608
26802125758940,26802723985032
26802125758940,26803110684151
26803113252830,26803110684151
26803113252830,26803272691724
26803113252830,26803470505007
26803113252830,26803651869439
26803656074690,26803651869439
26803656074690,26803909193270
26803656074690,26804076350775
26803656074690,26804203967031
26803656074690,26804371462449
26804417990610,26804371462449
26804417990610,26804627735282
26804417990610,26804832243704
26804417990610,26804991220601
26804417990610,26805279351411
26805317162661,26805279351411
26805317162661,26805499199338
26805317162661,26805826767308
26805317162661,26806026308316
26805317162661,26806195675005
26805317162661,26806664938801
26806728832255,26806664938801
26806728832255,26807019336438
26806728832255,26807259407381
26806728832255,26807423536939
26806728832255,26807671168814
26807697140475,26807671168814
26807697140475,26807942560470
26807697140475,26808165410460
26807697140475,26808409338367
26807697140475,26808607346894
26808609939005,26808607346894
26808609939005,26808870395198
26808609939005,26809040128358
26808609939005,26809182139091
26808609939005,26809552848318
26809583477454,26809552848318
26809583477454,26809772463213
26809583477454,26809999423480
26809583477454,26810187176928
26809583477454,26810468600086
26810573808960,26810468600086
26810573808960,26810831417116
26810573808960,26811006868056
26810573808960,26811524155292
26810573808960,26811780450688
26811782030568,26811780450688
26811782030568,26811937300286
26811782030568,26812115269044
26811782030568,26812289241845
26811782030568,26812625589444
26812627198873,26812625589444
26812627198873,26812862131699
26812627198873,26813016228722
26812627198873,26813162291308
26812627198873,26813375215285
26813462573418,26813375215285
26813462573418,26813659854146
26813462573418,26813860291002
26813462573418,26814035143854
26814037490971,26814035143854
26814037490971,26814329700639
26814037490971,26814528664687
26814037490971,26814667744693
26814037490971,26814834208614
26814836452965,26814834208614
26814836452965,26815099365468
26814836452965,26815234255808
26814836452965,26815459551451
26814836452965,26815692950093
26814836452965,26816067554845
26816149598313,26816067554845
26816149598313,26816318301515
26816149598313,26816611655857
26816149598313,26816830202380
26816149598313,26817202845173
26817271431916,26817202845173
26817271431916,26817496171010
26817271431916,26817696157245
26817271431916,26817915127294
26817271431916,26818112935612
26818174795044,26818112935612
26818174795044,26818423101130
26818174795044,26818612525254
26818174795044,26818843175693
26818174795044,26818990084299
26819131756868,26818990084299
26819131756868,26819349298300
26819131756868,26819535486685
26819131756868,26819689541758
26819131756868,26820011042273
26820068593636,26820011042273
26820068593636,26820248882856
26820068593636,26820401641313
26820068593636,26820589554076
26820068593636,26821004613134
26821097063179,26821004613134
26821097063179,26821367581897
26821097063179,26821510507099
26821097063179,26821756562419
26821097063179,26821928261599
26822011841098,26821928261599
26822011841098,26822226301432
26822011841098,26822435579304
26822011841098,26822608455700
26822610729513,26822608455700
26822610729513,26822832970872
26822610729513,26822975191839
26822610729513,26823113720787
26822610729513,26823315121933
26823425419200,26823315121933
26823425419200,26823686348616
26823425419200,26823845164600
26823425419200,26824067577844
26823425419200,26824249762143
26823425419200,26824846366111
26824848429874,26824846366111
26824848429874,26825065882612
26824848429874,26825302044331
26824848429874,26825525736646
26824848429874,26825691340585
26824848429874,26825828897257
26824848429874,26825997915300
26825830390703,26825997915300
26825830390703,26826282085944
26825830390703,26826781372692
26825830390703,26826997274601
26826783084309,26826997274601
26826783084309,26827141267626
26826783084309,26827321888128
26826783084309,26827794610938
26827805495587,26827794610938
26827805495587,26828056206300
26827805495587,26828283956559
26827805495587,26828449103085
26827805495587,26828803212820
26827805495587,26829019392776
26828820695642,26829019392776
26828820695642,26829632901542
26828820695642,26829827255757
26828820695642,26830094753462
26830096616365,26830094753462
26830096616365,26830355306997
26830096616365,26830563291209
26830096616365,26830747185241
26830749278397,26830747185241
26830749278397,26830969485844
26830749278397,26831176658075
26830749278397,26831392777010
26830749278397,26831642167946
26830749278397,26831876267379
26830749278397,26832135192847
26831940372904,26832135192847
26831940372904,26832383865152
26831940372904,26832533897891
26831940372904,26832836103633
26832858227995,26832836103633
26832858227995,26833135904999
26832858227995,26833279315911
26832858227995,26833457014569
26832858227995,26833741830787
26833810907821,26833741830787
26833810907821,26834137717905
26833810907821,26834272925746
26833810907821,26834427261971
26833810907821,26834704771275
26834706895521,26834704771275
26834706895521,26834907345606
26834706895521,26835062373191
26834706895521,26835196567341
26834706895521,26835595487001
26835602449791,26835595487001
26835602449791,26835761373316
26835602449791,26835951302787
26835602449791,26836165308915
26835602449791,26836470362094
26836476429483,26836470362094
26836476429483,26836723270500
26836476429483,26836963782530
26836476429483,26837083374586
26837084483566,26837083374586
26837084483566,26837245722098
26837084483566,26837423297947
26837084483566,26837585221244
26837084483566,26837854378626
26837989950228,26837854378626
26837989950228,26838251235392
26837989950228,26838431286068
26837989950228,26838600369048
26837989950228,26838774545019
26837989950228,26839263468374
26839322947891,26839263468374
26839322947891,26839528402493
26839322947891,26839692844978
26839322947891,26839869269144
26839322947891,26840053529198
26840242389452,26840053529198
26840242389452,26840463614403
26840242389452,26840682490563
26840242389452,26840856551617
26840242389452,26841155838451
26841158163331,26841155838451
26841158163331,26841397281661
26841158163331,26841576392115
26841158163331,26841723227763
26841158163331,26841936479810
26842050686163,26841936479810
26842050686163,26842305277857
26842050686163,26842471362498
26842050686163,26842662478381
26842050686163,26842964883953
26843048729735,26842964883953
26843048729735,26843257544800
26843048729735,26843405593942
26843048729735,26843619383348
26843048729735,26843860185676
26843995929485,26843860185676
26843995929485,26844184336606
26843995929485,26844352770501
26843995929485,26844553284537
26843995929485,26844794972133
26844850174809,26844794972133
26844850174809,26845053457856
26844850174809,26845289903743
26844850174809,26845520378015
26844850174809,26845725018970
26845727394203,26845725018970
26845727394203,26845959265982
26845727394203,26846223270664
26845727394203,26846396261354
26845727394203,26846691299254
26846696637743,26846691299254
26846696637743,26846938584733
26846696637743,26847074712767
26846696637743,26847223349592
26846696637743,26847612168380
26847632099300,26847612168380
26847632099300,26847824407188
26847632099300,26847995651014
26847632099300,26848218071589
26847632099300,26848501418947
26848517858473,26848501418947
26848517858473,26848777389647
26848517858473,26848929157220
26848517858473,26849123416858
26848517858473,26849383510620
26849434791737,26849383510620
26849434791737,26849659269888
26849434791737,26849818911903
26849434791737,26850058417339
26850059745566,26850058417339
26850059745566,26850290228287
26850059745566,26850526693524
26850059745566,26850696128580
26850059745566,26850906349420
26850059745566,26851231933293
26851268552257,26851231933293
26851268552257,26851465634497
26851268552257,26851679102055
26851268552257,26851799337288
26851268552257,26852125900044
26852231602064,26852125900044
26852231602064,26852493969683
26852231602064,26852657513080
26852231602064,26852801092790
26852231602064,26853281823266
26853284602841,26853281823266
26853284602841,26853484655486
26853284602841,26853672594316
26853284602841,26853844282682
26853284602841,26854156729654
26854183289015,26854156729654
26854183289015,26854385358411
26854183289015,26854524553548
26854183289015,26854748874260
26854183289015,26855420747949
26855443473497,26855420747949
26855443473497,26855698442034
26855443473497,26855847248217
26855443473497,26856043350164
26855443473497,26856385490573
26856387471286,26856385490573
26856387471286,26856618754693
26856387471286,26856771535369
26856387471286,26856979310181
26856981162941,26856979310181
26856981162941,26857186893298
26856981162941,26857369068565
26856981162941,26857540719994
26856981162941,26857715332409
26856981162941,26858005113351
26858087408300,26858005113351
26858087408300,26858285343150
26858087408300,26858520261904
26858087408300,26858687568687
26858690615168,26858687568687
26858690615168,26859020851975
26858690615168,26859200273006
26858690615168,26859342022657
26858690615168,26859524247100
26858690615168,26859870509581
26859972829338,26859870509581
26859972829338,26860188461630
26859972829338,26860356435916
26859972829338,26860489920426
26859972829338,26860826644926
26860929291053,26860826644926
26860929291053,26861126579724
26860929291053,26861343299077
26860929291053,26861541315339
26861543148015,26861541315339
26861543148015,26861752152354
26861543148015,26861902995325
26861543148015,26862030995388
26861543148015,26862237416225
26861543148015,26862753560371
26862755937709,26862753560371
26862755937709,26862914094058
26862755937709,26863077598720
26862755937709,26863267085386
26863296703859,26863267085386
26863296703859,26863519789303
26863296703859,26863718229502
26863296703859,26863857405735
26863296703859,26864226373937
26863296703859,26864692359439
26864695768220,26864692359439
26864695768220,26864945796829
26864695768220,26865100672816
26864695768220,26865262786505
26864695768220,26865549703273
26865552132016,26865549703273
26865552132016,26865730790568
26865552132016,26865973686411
26865552132016,26866123689864
26865552132016,26866343960590
26866445067330,26866343960590
26866445067330,26866629331519
26866445067330,26866888566495
26866445067330,26867064287115
26866445067330,26867378763258
26867431500913,26867378763258
26867431500913,26867685699997
26867431500913,26867878721099
26867431500913,26868005327648
26867431500913,26868269148181
26868301785527,26868269148181
26868301785527,26868517360235
26868301785527,26868668666151
26868301785527,26868875970025
26868301785527,26869170115063
26869173450602,26869170115063
26869173450602,26869375936415
26869173450602,26869584517536
26869173450602,26869748973688
26869173450602,26870195980584
26870198652964,26870195980584
26870198652964,26870394733433
26870198652964,26870537882228
26870198652964,26870710165631
26870198652964,26871133840259
26871136127652,26871133840259
26871136127652,26871326615488
26871136127652,26871502812634
26871136127652,26871702453502
26871136127652,26871961114616
26871963386319,26871961114616
26871963386319,26872220842616
26871963386319,26872431026980
26871963386319,26872612298142
26871963386319,26872937036358
26872941444714,26872937036358
26872941444714,26873214927871
26872941444714,26873408435147
26872941444714,26873548988749
26873551624532,26873548988749
26873551624532,26873730477822
26873551624532,26873883614835
26873551624532,26874025380126
26873551624532,26874304794748
26873551624532,26874800510072
26874893879200,26874800510072
26874893879200,26875163591704
26874893879200,26875326807020
26874893879200,26875521822579
26875523498093,26875521822579
26875523498093,26875791329800
26875523498093,26875975518467
26875523498093,26876161218135
26875523498093,26876320690715
26875523498093,26876712295603
26876803504140,26876712295603
26876803504140,26877080892116
26876803504140,26877374436453
26876803504140,26877548327872
26877551557750,26877548327872
26877551557750,26877737951625
26877551557750,26877887135425
26877551557750,26878112344888
26877551557750,26878315432173
26877551557750,26878823748350
26878826335792,26878823748350
26878826335792,26879063655899
26878826335792,26879271305351
26878826335792,26879439744348
26878826335792,26879857741766
26879995258418,26879857741766
26879995258418,26880204904918
26879995258418,26880339976131
26879995258418,26880624323913
26879995258418,26880758174473
26880760868788,26880758174473
26880760868788,26880984041345
26880760868788,26881169614383
26880760868788,26881407297936
26880760868788,26881713946678
26881749321186,26881713946678
26881749321186,26882004246988
26881749321186,26882191469962
26881749321186,26882392360171
26881749321186,26882707446177
26882800780379,26882707446177
26882800780379,26883017913988
26882800780379,26883233183479
26882800780379,26883386181096
26883389461383,26883386181096
26883389461383,26883655788777
26883389461383,26883819644005
26883389461383,26884001196104
26883389461383,26884407857136
26883389461383,26884600276976
26884722852340,26884600276976
26884722852340,26885012995432
26884722852340,26885235626512
26884722852340,26885440818805
26885442125281,26885440818805
26885442125281,26885593374323
26885442125281,26885753057666
26885442125281,26885991494741
26885442125281,26886151449887
26885442125281,26886516834956
26886519366969,26886516834956
26886519366969,26886787806220
26886519366969,26886962094789
26886519366969,26887108388537
26886519366969,26887532289109
26887534546471,26887532289109
26887534546471,26887829922076
26887534546471,26888016295695
26887534546471,26888208322920
26887534546471,26888405215796
26888488407724,26888405215796
26888488407724,26888757197818
26888488407724,26889028615605
26888488407724,26889229385195
26889231221551,26889229385195
26889231221551,26889390050487
26889231221551,26889551724731
26889231221551,26889747376436
26889231221551,26889936675962
26889938341146,26889936675962
26889938341146,26890228214186
26889938341146,26890375778486
26889938341146,26890550772045
26889938341146,26890871589114
26889938341146,26891218711448
26891333393351,26891218711448
26891333393351,26891560221923
26891333393351,26891741574521
26891333393351,26891922170634
26891925973860,26891922170634
26891925973860,26892129831999
26891925973860,26892318747550
26891925973860,26892535993678
26891925973860,26892860900209
26891925973860,26893267074084
26893274471987,26893267074084
26893274471987,26893508657571
26893274471987,26893665213759
26893274471987,26893847967359
26893849832287,26893847967359
26893849832287,26894071791952
26893849832287,26894250566833
26893849832287,26894393473888
26893849832287,26894645401204
26893849832287,26895158229401
26895234595487,26895158229401
26895234595487,26895583079606
26895234595487,26895756529456
26895234595487,26895950041240
26895234595487,26896086348935
26896138798391,26896086348935
26896138798391,26896394193471
26896138798391,26896542625482
26896138798391,26896685027858
26896138798391,26897094343373
26897138886435,26897094343373
26897138886435,26897362927658
26897138886435,26897658199874
26897138886435,26897826773160
26897828473112,26897826773160
26897828473112,26898061309991
26897828473112,26898180426419
26897828473112,26898402895641
26897828473112,26898612622301
26897828473112,26898889844566
26899400997342,26898889844566
26899400997342,26899666511758
26899400997342,26899844310416
26899400997342,26900000293806
26899400997342,26900221300579
26900267498663,26900221300579
26900267498663,26900465236185
26900267498663,26900720597416
26900267498663,26900908036960
26900267498663,26901176340875
26901221179058,26901176340875
26901221179058,26901491422271
26901221179058,26901670075440
26901221179058,26901844397996
26901221179058,26902201536599
26902210892953,26902201536599
26902210892953,26902542300230
26902210892953,26902689264273
26902210892953,26902843264521
26902210892953,26903098864166
26903144761757,26903098864166
26903144761757,26903366562489
26903144761757,26903588594588
26903144761757,26903764258145
26903144761757,26904064351979
26904105067813,26904064351979
26904105067813,26904297580985
26904105067813,26904548697297
26904105067813,26904732261311
26904105067813,26905001462941
26905069022509,26905001462941
26905069022509,26905345995227
26905069022509,26905505066391
26905069022509,26905696385953
26905069022509,26906020266300
26905069022509,26906526143010
26906051614401,26906526143010
26906051614401,26906667421682
26906051614401,26906811416708
26906051614401,26907345112502
26906051614401,26907542015835
26907347975918,26907542015835
26907347975918,26907687413920
26907347975918,26907856057957
26907347975918,26908121124451
26908264809772,26908121124451
26908264809772,26908518024805
26908264809772,26908666280407
26908264809772,26908854919730
26908856693411,26908854919730
26908856693411,26909018642600
26908856693411,26909226852735
26908856693411,26909503740653
26908856693411,26909742420250
26908856693411,26910275563564
26910279533030,26910275563564
26910279533030,26910464260575
26910279533030,26910616259053
26910279533030,26910797732821
26910279533030,26911173693237
26911175467034,26911173693237
26911175467034,26911364452675
26911175467034,26911538494972
26911175467034,26911819424702
26911821820540,26911819424702
26911821820540,26912054606319
26911821820540,26912250140577
26911821820540,26912417371691
26911821820540,26912622828374
26911821820540,26913161348913
26913164825934,26913161348913
26913164825934,26913429566546
26913164825934,26913613735183
26913164825934,26913737655021
26913164825934,26914011364736
26914015924643,26914011364736
26914015924643,26914211349337
26914015924643,26914400817858
26914015924643,26914599790523
26914015924643,26914932248593
26914935207645,26914932248593
26914935207645,26915121517250
26914935207645,26915305057546
26914935207645,26915555134893
26914935207645,26915825369647
26914935207645,26916018191423
26915827935980,26916018191423
26915827935980,26916229998748
26915827935980,26916435513086
26915827935980,26916729890757
26916731688580,26916729890757
26916731688580,26916948955949
26916731688580,26917112453975
26916731688580,26917339371644
26916731688580,26917624658602
26917690859614,26917624658602
26917690859614,26917942353226
26917690859614,26918117243695
26917690859614,26918327535417
26918328911099,26918327535417
26918328911099,26918521559412
26918328911099,26918731512194
26918328911099,26918905493862
26918328911099,26919155257958
26918328911099,26919539218805
26919583436620,26919539218805
26919583436620,26919827108653
26919583436620,26920066173952
26919583436620,26920235402514
26919583436620,26920415671124
26920518858380,26920415671124
26920518858380,26920735855238
26920518858380,26920996763900
26920518858380,26921225997880
26920518858380,26921510647786
26921517723422,26921510647786
26921517723422,26921766126530
26921517723422,26921924536048
26921517723422,26922078458922
26921517723422,26922379191126
26922381728438,26922379191126
26922381728438,26922684817755
26922381728438,26922875534760
26922381728438,26923095503557
26922381728438,26923360439745
26923366861139,26923360439745
26923366861139,26923601332436
26923366861139,26923809120913
26923366861139,26923954540782
26923956852192,26923954540782
26923956852192,26924125554742
26923956852192,26924326278076
26923956852192,26924548824876
26923956852192,26924691021381
26924753559203,26924691021381
26924753559203,26925010791757
26924753559203,26925275765297
26924753559203,26925445457738
26924753559203,26925549255226
26924753559203,26926073107479
26926092734280,26926073107479
26926092734280,26926325037780
26926092734280,26926505631746
26926092734280,26926980993508
26926092734280,26927403034226
26927406304976,26927403034226
26927406304976,26927625412295
26927406304976,26927771939142
26927406304976,26927963853708
26927406304976,26928260292158
26928409982296,26928260292158
26928409982296,26928617279554
26928409982296,26928801570035
26928409982296,26928992482561
26928409982296,26929286342212
26929365993445,26929286342212
26929365993445,26929689788198
26929365993445,26929871516095
26929365993445,26930042449916
26929365993445,26930361778008
26930372455247,26930361778008
26930372455247,26930630453719
26930372455247,26930798231094
26930372455247,26930983157943
26930372455247,26931187962397
26931213538344,26931187962397
26931213538344,26931451967661
26931213538344,26931648384202
26931213538344,26931868271148
26931213538344,26932080197477
26932107135058,26932080197477
26932107135058,26932384000969
26932107135058,26932657780999
26932107135058,26932821066176
26932107135058,26932967599795
26932990902240,26932967599795
26932990902240,26933263099302
26932990902240,26933411791550
26932990902240,26933565816225
26932990902240,26933858665833
26933906964144,26933858665833
26933906964144,26934147552193
26933906964144,26934361877998
26933906964144,26934574822471
26933906964144,26934856323923
26934921761773,26934856323923
26934921761773,26935188015311
26934921761773,26935459808032
26934921761773,26935607529345
26934921761773,26935759417622
26935984537864,26935759417622
26935984537864,26936177860411
26935984537864,26936345181672
26935984537864,26936534942062
26936537089702,26936534942062
26936537089702,26936772242695
26936537089702,26936993429010
26936537089702,26937206043588
26936537089702,26937373251245
26936537089702,26937750362711
26937818255547,26937750362711
26937818255547,26938104033213
26937818255547,26938253254509
26937818255547,26938442981893
26937818255547,26938874189307
26938876269628,26938874189307
26938876269628,26939149574262
26938876269628,26939358739588
26938876269628,26939546082348
26939547947593,26939546082348
26939547947593,26939728764395
26939547947593,26939865860844
26939547947593,26940034411876
26939547947593,26940219254876
26939547947593,26940599214135
26940757320825,26940599214135
26940757320825,26940973249899
26940757320825,26941161334449
26940757320825,26941339255017
26940757320825,26941663482336
26941665823338,26941663482336
26941665823338,26941862735564
26941665823338,26942018888722
26941665823338,26942184134949
26941665823338,26942526070583
26942630488408,26942526070583
26942630488408,26942907641364
26942630488408,26943124512185
26942630488408,26943403455476
26942630488408,26943584876206
26943622831347,26943584876206
26943622831347,26943905861562
26943622831347,26944094923495
26943622831347,26944243494351
26943622831347,26944554318652
26944555838641,26944554318652
26944555838641,26944795215469
26944555838641,26945011558102
26944555838641,26945171143570
26944555838641,26945498386050
26945547748884,26945498386050
26945547748884,26945794666023
26945547748884,26945949677430
26945547748884,26946185116480
26945547748884,26946498438012
26946512651168,26946498438012
26946512651168,26946752398678
26946512651168,26946931794744
26946512651168,26947090261499
26946512651168,26947382436439
26947397034637,26947382436439
26947397034637,26947859274052
26947397034637,26948022133040
26947397034637,26948173757338
26947397034637,26948631028134
26948632668407,26948631028134
26948632668407,26948928285570
26948632668407,26949105456540
26948632668407,26949330906900
26948632668407,26949728065718
26949770744317,26949728065718
26949770744317,26949958528513
26949770744317,26950158924252
26949770744317,26950337257255
26949770744317,26950608443853
26950624823197,26950608443853
26950624823197,26950870377320
26950624823197,26951081503032
26950624823197,26951250459754
26950624823197,26951571362748
26951576995842,26951571362748
26951576995842,26951815135811
26951576995842,26952013836264
26951576995842,26952215545936
26952217866682,26952215545936
26952217866682,26952423361997
26952217866682,26952580571271
26952217866682,26952762333284
26952217866682,26953064746664
26952217866682,26953518395578
26953521885453,26953518395578
26953521885453,26953734924392
26953521885453,26953916160415
26953521885453,26954061411842
26954063389672,26954061411842
26954063389672,26954322292959
26954063389672,26954449118945
26954063389672,26954611272716
26954063389672,26954844522747
26954063389672,26955234256183
26955291716881,26955234256183
26955291716881,26955478464746
26955291716881,26955753442762
26955291716881,26955945223826
26955947042311,26955945223826
26955947042311,26956145361194
26955947042311,26956348384779
26955947042311,26956550625132
26955947042311,26956718187901
26956720167277,26956718187901
26956720167277,26956919498799
26956720167277,26957145295129
26956720167277,26957276826643
26956720167277,26957676554549
26956720167277,26958124112607
26958178386268,26958124112607
26958178386268,26958492162213
26958178386268,26958694173093
26958178386268,26958869074613
26958178386268,26959204734807
26959206401433,26959204734807
26959206401433,26959500386758
26959206401433,26959687221036
26959689083462,26959687221036
26959689083462,26959905637519
26959689083462,26960027095196
26959689083462,26960160850518
26959689083462,26960383157884
26959689083462,26960661977815
26959689083462,26960956036050
26961052803493,26960956036050
26961052803493,26961335700915
26961052803493,26961535734091
26961052803493,26961736356504
26961052803493,26961949355424
26962054205837,26961949355424
26962054205837,26962275726517
26962054205837,26962468282891
26962054205837,26962633146155
26962054205837,26963006492438
26963008287193,26963006492438
26963008287193,26963259227355
26963008287193,26963407207731
26963008287193,26963592650065
26963008287193,26963800286625
26963912179308,26963800286625
26963912179308,26964242401320
26963912179308,26964435222478
26963912179308,26964639281170
26963912179308,26964924937497
26964927022610,26964924937497
26964927022610,26965163296986
26964927022610,26965331329182
26964927022610,26965499656132
26964927022610,26966129750973
26966168240417,26966129750973
26966168240417,26966433385223
26966168240417,26966604304805
26966168240417,26966747522996
26966750076916,26966747522996
26966750076916,26966921330791
26966750076916,26967099864479
26966750076916,26967312446785
26966750076916,26967597062173
26966750076916,26968159249040
26968161653696,26968159249040
26968161653696,26968393289200
26968161653696,26968538557417
26968161653696,26968766321742
26968161653696,26969058778667
26969060812284,26969058778667
26969060812284,26969315880633
26969060812284,26969460606786
26969060812284,26969641440207
26969060812284,26969927146885
26969995226297,26969927146885
26969995226297,26970299324102
26969995226297,26970448064425
26969995226297,26970623394902
26969995226297,26971100845368
26971103606656,26971100845368
26971103606656,26971307310628
26971103606656,26971480306147
26971103606656,26971655654846
26971103606656,26971951619512
26971953890127,26971951619512
26971953890127,26972146281129
26971953890127,26972339028172
26971953890127,26972565484894
26972567326639,26972565484894
26972567326639,26972704056278
26972567326639,26972846126737
26972567326639,26972973140103
26972567326639,26973300593713
26972567326639,26973766075702
26973767009173,26973766075702
26973767009173,26974057476542
26973767009173,26974171883434
26973767009173,26974303166138
26974305109071,26974303166138
26974305109071,26974559351991
26974305109071,26974713640104
26974305109071,26974859749137
26974305109071,26975209259444
26974305109071,26975591777361
26975594713198,26975591777361
26975594713198,26975875228397
26975594713198,26976056131162
26975594713198,26976188554235
26975594713198,26976533574347
26976356384188,26976533574347
26976356384188,26976676412028
26976356384188,26976899555727
26976356384188,26977122345561
26976356384188,26977617044368
26977626710765,26977617044368
26977626710765,26977891346462
26977626710765,26978130304425
26977626710765,26978274716339
26977626710765,26978486855442
26977626710765,26978750165891
26978565580851,26978750165891
26978565580851,26979076095823
26978565580851,26979226351439
26978565580851,26979417325598
26979229485430,26979417325598
26979229485430,26979583166287
26979229485430,26979753649978
26979229485430,26979905946035
26979229485430,26980428017874
26980430534840,26980428017874
26980430534840,26980677345211
26980430534840,26980847368076
26980430534840,26981038279460
26980430534840,26981330862236
26981334717832,26981330862236
26981334717832,26981615638734
26981334717832,26981773045453
26981334717832,26981932888130
26981334717832,26982131170079
26982257423144,26982131170079
26982257423144,26982525465040
26982257423144,26982661115344
26982257423144,26982882703835
26982257423144,26983237856734
26983247444580,26983237856734
26983247444580,26983541868251
26983247444580,26983680835856
26983247444580,26983843842681
26983247444580,26984285127852
26984287199653,26984285127852
26984287199653,26984505574817
26984287199653,26984689559396
26984287199653,26984866929022
26984870104978,26984866929022
26984870104978,26985077079702
26984870104978,26985255564464
26984870104978,26985733893055
26984870104978,26985874348489
26984870104978,26986365177540
26986462238588,26986365177540
26986462238588,26986752883309
26986462238588,26986911907795
26986462238588,26987081053946
26986462238588,26987375171338
26987377233753,26987375171338
26987377233753,26987603858157
26987377233753,26987800328364
26987377233753,26987992515967
26987377233753,26988199902425
26987994646608,26988199902425
26987994646608,26988373487021
26987994646608,26988518193162
26987994646608,26988782262996
26987994646608,26989226533407
26989238122539,26989226533407
26989238122539,26989471001968
26989238122539,26989627539610
26989238122539,26989867970025
26989238122539,26990131019297
26990209265451,26990131019297
26990209265451,26990472431605
26990209265451,26990626928250
26990209265451,26990786978301
26990209265451,26991212080329
26990209265451,26991416230827
26991216772114,26991416230827
26991216772114,26991650394433
26991216772114,26991815122062
26991823733941,26991815122062
26991823733941,26992086016261
26991823733941,26992262025754
26991823733941,26992442255102
26991823733941,26992730725696
26991823733941,26993305333566
26993307623941,26993305333566
26993307623941,26993493331238
26993307623941,26993657512273
26993307623941,26993888261494
26993889853683,26993888261494
26993889853683,26994069216806
26993889853683,26994206304692
26993889853683,26994390616227
26993889853683,26994652037164
26993889853683,26995068434350
26995091950652,26995068434350
26995091950652,26995363128620
26995091950652,26995638177578
26995091950652,26995804258364
26995091950652,26996030261652
26996069513451,26996030261652
26996069513451,26996215181389
26996069513451,26996456127654
26996069513451,26996637831799
26996640041655,26996637831799
26996640041655,26996829196199
26996640041655,26996976582309
26996640041655,26997143367415
26996640041655,26997439476215
26996640041655,26997892428284
26997916390040,26997892428284
26997916390040,26998158649415
26997916390040,26998418292427
26997916390040,26998568746722
26997916390040,26998763681808
26998570406231,26998763681808
26998570406231,26998974397934
26998570406231,26999100378213
26998570406231,26999546138248
26998570406231,26999845282894
26999941533733,26999845282894
26999941533733,27000170968012
26999941533733,27000325525036
26999941533733,27000522996921
27000524568316,27000522996921
27000524568316,27000747352809
27000524568316,27000895346817
27000524568316,27001047683450
27000524568316,27001242936657
27000524568316,27001689397774
27001731521580,27001689397774
27001731521580,27001951302783
27001731521580,27002165995481
27001731521580,27002387102499
27002391843857,27002387102499
27002391843857,27002590385511
27002391843857,27002758105360
27002391843857,27002907326878
27002391843857,27003103889968
27003142042383,27003103889968
27003142042383,27003366206620
27003142042383,27003610754402
27003142042383,27003761455355
27003142042383,27003985258566
27003142042383,27004816234555
27004868126162,27004816234555
27004868126162,27005162992771
27004868126162,27005305355175
27004868126162,27005466492454
27005661842445,27005466492454
27005661842445,27005942987629
27005661842445,27006083080563
27005661842445,27006277782113
27005661842445,27006465313421
27006468693479,27006465313421
27006468693479,27006690643878
27006468693479,27006812434401
27006468693479,27006995329925
27006468693479,27007205477964
27006468693479,27007568275410
27007734265360,27007568275410
27007734265360,27007936207691
27007734265360,27008113779834
27007734265360,27008263370651
27007734265360,27008600252954
27008679376312,27008600252954
27008679376312,27008922674720
27008679376312,27009087027578
27008679376312,27009213507540
27009216917237,27009213507540
27009216917237,27009416025778
27009216917237,27009597414318
27009216917237,27009782795039
27009216917237,27010006156173
27009216917237,27010508343296
27010577061463,27010508343296
27010577061463,27010777013891
27010577061463,27011102334065
27010577061463,27011268196851
27010577061463,27011508535523
27011605245109,27011508535523
27011605245109,27011873677958
27011605245109,27012010343951
27011605245109,27012184118671
27012185431584,27012184118671
27012185431584,27012428999247
27012185431584,27012641185222
27012185431584,27012828092209
27012185431584,27013032091950
27012185431584,27013413811996
27012185431584,27013621984881
27013491277309,27013621984881
27013491277309,27013937088268
27013491277309,27014080478886
27013491277309,27014538892567
27014541324883,27014538892567
27014541324883,27014784328294
27014541324883,27014970678177
27014541324883,27015198311292
27014541324883,27015431169049
27015507511076,27015431169049
27015507511076,27015751994400
27015507511076,27015902343071
27015507511076,27016087098295
27015507511076,27016491808096
27016493710225,27016491808096
27016493710225,27016693253035
27016493710225,27016865389388
27016493710225,27017058381893
27016493710225,27017412726874
27017414413527,27017412726874
27017414413527,27017607097716
27017414413527,27017785519231
27017414413527,27017992807067
27017414413527,27018182837162
27018283998194,27018182837162
27018283998194,27018511060721
27018283998194,27018698950227
27018283998194,27018972408548
27018283998194,27019131834580
27018975886300,27019131834580
27018975886300,27019284853710
27018975886300,27019451761538
27018975886300,27019747844409
27019771322085,27019747844409
27019771322085,27019989414357
27019771322085,27020242467812
27019771322085,27020407326223
27019771322085,27020644454534
27019771322085,27021127512634
27021130470047,27021127512634
27021130470047,27021376517832
27021130470047,27021601204506
27021130470047,27021800136886
27021801950408,27021800136886
27021801950408,27022061463161
27021801950408,27022230173435
27021801950408,27022391732931
27021801950408,27022582687764
27021801950408,27022791768759
27022584191387,27022791768759
27022584191387,27022935838963
27022584191387,27023136725040
27022584191387,27023435848043
27022584191387,27024205837447
27024290407103,27024205837447
27024290407103,27024470123454
27024290407103,27024626207778
27024290407103,27024903122332
27024290407103,27025152238268
27025157369572,27025152238268
27025157369572,27025404702059
27025157369572,27025542094476
27025157369572,27025681863120
27025683699936,27025681863120
27025683699936,27025866341636
27025683699936,27026039943901
27025683699936,27026219015055
27025683699936,27026626214263
27025683699936,27026850449582
27026930397449,27026850449582
27026930397449,27027135172048
27026930397449,27027380941749
27026930397449,27027577515086
27026930397449,27027944231007
27027948766651,27027944231007
27027948766651,27028114841222
27027948766651,27028333250640
27027948766651,27028532372484
27028536696667,27028532372484
27028536696667,27028718463982
27028536696667,27028884787583
27028536696667,27029043179931
27028536696667,27029240034677
27028536696667,27029657450227
27029701608597,27029657450227
27029701608597,27029941832957
27029701608597,27030187527360
27029701608597,27030352930226
27029701608597,27030651567765
27030653173357,27030651567765
27030653173357,27030863187654
27030653173357,27031056573366
27030653173357,27031255479699
27030653173357,27031610207911
27031611704550,27031610207911
27031611704550,27031833322704
27031611704550,27032021632972
27031611704550,27032188547801
27031611704550,27032465202889
27032466796867,27032465202889
27032466796867,27032680238150
27032466796867,27032835282748
27032466796867,27033047631673
27033050390450,27033047631673
27033050390450,27033280670812
27033050390450,27033455335997
27033050390450,27033609961268
27033050390450,27033847775036
27033050390450,27034432949445
27034434896082,27034432949445
27034434896082,27034686233977
27034434896082,27034826300357
27034434896082,27035013314430
27034434896082,27035174683241
27035014540319,27035174683241
27035014540319,27035348440582
27035014540319,27035511852006
27035014540319,27035679630862
27035757843835,27035679630862
27035757843835,27036031463422
27035757843835,27036222468352
27035757843835,27036413423449
27035757843835,27036688614226
27035757843835,27037059485876
27037151766689,27037059485876
27037151766689,27037391923203
27037151766689,27037604911936
27037151766689,27037817255639
27037821928301,27037817255639
27037821928301,27038025215477
27037821928301,27038202117076
27037821928301,27038411758751
27037821928301,27038623469568
27037821928301,27038940054679
27037821928301,27039197607698
27039025835400,27039197607698
27039025835400,27039471478265
27039025835400,27039637893004
27039638769941,27039637893004
27039638769941,27039927454478
27039638769941,27040094012519
27039638769941,27040252630244
27039638769941,27040413986231
27039638769941,27040720126651
27040830733545,27040720126651
27040830733545,27041040789764
27040830733545,27041233916300
27040830733545,27041431979905
27040830733545,27041608185656
27041434942385,27041608185656
27041434942385,27041759840463
27041434942385,27041985427623
27041434942385,27042222535105
27041434942385,27042747392091
27042753430684,27042747392091
27042753430684,27042936452394
27042753430684,27043099377971
27042753430684,27043278717076
27043280169941,27043278717076
27043280169941,27043473641541
27043280169941,27043629766795
27043280169941,27043774082676
27043280169941,27044090347883
27043280169941,27044594930212
27044597576382,27044594930212
27044597576382,27044843917548
27044597576382,27045027953565
27044597576382,27045236508313
27045240443260,27045236508313
27045240443260,27045472957171
27045240443260,27045618351140
27045240443260,27045768881718
27045240443260,27046014707768
27045240443260,27046323476015
27046812171175,27046323476015
27046812171175,27047145392923
27046812171175,27047281910168
27046812171175,27047517120517
27047519753187,27047517120517
27047519753187,27047699036492
27047519753187,27047842510585
27047519753187,27048028309412
27047519753187,27048255841699
27048258556403,27048255841699
27048258556403,27048449492033
27048258556403,27048672021827
27048258556403,27048882135093
27048258556403,27049163200203
27048258556403,27049570980761
27049690590962,27049570980761
27049690590962,27049958791113
27049690590962,27050167928972
27049690590962,27050382785729
27049690590962,27050604229588
27050628191885,27050604229588
27050628191885,27050900273921
27050628191885,27051089388342
27051107956623,27051089388342
27051107956623,27051328670967
27051107956623,27051496747480
27051107956623,27051641273331
27051107956623,27051814592825
27051107956623,27052070123126
27051107956623,27052458850830
27052503787177,27052458850830
27052503787177,27052726264496
27052503787177,27052881172466
27052503787177,27053060792844
27052503787177,27053513597898
27053515354110,27053513597898
27053515354110,27053763644702
27053515354110,27053966262563
27053515354110,27054172772022
27053515354110,27054512115596
27054528476174,27054512115596
27054528476174,27054742938821
27054528476174,27054986814935
27054528476174,27055189770794
27054528476174,27055564216647
27055566921341,27055564216647
27055566921341,27055756836354
27055566921341,27055901370317
27055566921341,27056115477315
27055566921341,27056390088757
27056418654568,27056390088757
27056418654568,27056648215910
27056418654568,27056810334476
27056418654568,27056947773173
27056950364695,27056947773173
27056950364695,27057203309921
27056950364695,27057334690154
27056950364695,27057587410244
27056950364695,27057808568752
27056950364695,27058218694832
27058299655175,27058218694832
27058299655175,27058524956859
27058299655175,27058663601102
27058299655175,27058877280229
27058299655175,27059179243031
27059216741591,27059179243031
27059216741591,27059437499849
27059216741591,27059572742171
27059216741591,27059807510429
27059216741591,27060073508087
27060110450480,27060073508087
27060110450480,27060396591962
27060110450480,27060558533511
27060110450480,27060728580101
27060110450480,27060959296187
27061069673295,27060959296187
27061069673295,27061312794926
27061069673295,27061495844104
27061069673295,27061718676904
27061069673295,27061994386003
27062000226438,27061994386003
27062000226438,27062226686845
27062000226438,27062369926075
27062000226438,27062496447033
27062000226438,27062916621025
27063102309771,27062916621025
27063102309771,27063302344147
27063102309771,27063436181985
27063102309771,27063574770331
27063102309771,27063983353637
27064076271191,27063983353637
27064076271191,27064274262261
27064076271191,27064566101766
27064076271191,27064808355756
27064810554146,27064808355756
27064810554146,27065029273733
27064810554146,27065237304385
27064810554146,27065360437736
27064810554146,27065527284637
27065529719498,27065527284637
27065529719498,27065753143053
27065529719498,27065932254651
27065529719498,27066101327838
27065529719498,27066381167874
27065529719498,27067078310807
27065529719498,27067245813733
27067081015982,27067245813733
27067081015982,27067409037332
27067081015982,27067576604737
27067081015982,27067743448028
27067081015982,27067915460246
27067919512512,27067915460246
27067919512512,27068127664767
27067919512512,27068262713871
27068265647247,27068262713871
27068265647247,27068507237000
27068265647247,27068685732585
27068265647247,27068848351194
27068265647247,27069072962486
27069141343283,27069072962486
27069141343283,27069540574838
27069141343283,27069835431269
27069141343283,27070165202235
27069141343283,27070378756472
27069141343283,27070792592188
27070795112761,27070792592188
27070795112761,27071010336090
27070795112761,27071185742134
27070795112761,27071374671355
27070795112761,27071795974687
27071798544504,27071795974687
27071798544504,27071992775141
27071798544504,27072154956232
27071798544504,27072307074666
27071798544504,27072568248232
27072732178157,27072568248232
27072732178157,27072912148553
27072732178157,27073061380489
27072732178157,27073193602647
27072732178157,27073654913563
27073658819167,27073654913563
27073658819167,27073896623223
27073658819167,27074066461057
27073658819167,27074243365528
27073658819167,27074499489718
27074535769665,27074499489718
27074535769665,27074681343167
27074535769665,27074947702284
27074535769665,27075107776136
27074535769665,27075386631130
27075445394807,27075386631130
27075445394807,27075661079636
27075445394807,27075950234107
27075445394807,27076131802187
27075445394807,27076332462906
27076368219055,27076332462906
27076368219055,27076541458932
27076368219055,27076747773714
27076368219055,27076959562179
27076368219055,27077329163175
27077422731079,27077329163175
27077422731079,27077688638977
27077422731079,27077912732878
27077422731079,27078092872772
27077422731079,27078363341427
27078368187990,27078363341427
27078368187990,27078618098089
27078368187990,27078767345835
27078368187990,27078920292178
27078922070234,27078920292178
27078922070234,27079162690783
27078922070234,27079347347422
27078922070234,27079490119200
27078922070234,27079722959329
27078922070234,27080091396654
27080211382528,27080091396654
27080211382528,27080467699964
27080211382528,27080653186986
27080211382528,27080840634039
27080211382528,27081136051273
27081222026316,27081136051273
27081222026316,27081460717024
27081222026316,27081657527808
27081222026316,27081872034610
27081222026316,27082158437593
27082249725520,27082158437593
27082249725520,27082515244240
27082249725520,27082644842163
27082647575159,27082644842163
27082647575159,27082847165531
27082647575159,27082998151616
27082647575159,27083148980083
27082647575159,27083299849460
27082647575159,27083478344820
27082647575159,27083782902698
27083512642620,27083782902698
27083512642620,27083951000066
27083512642620,27084207417244
27083512642620,27084335514960
27083512642620,27084897639961
27083512642620,27085059401142
27083512642620,27085191522601
27084912498820,27085191522601
27084912498820,27085567707703
27085732602641,27085567707703
27085732602641,27085955746941
27085732602641,27086099106961
27085732602641,27086235385853
27085732602641,27086674371424
27085732602641,27087094373620
27087166785830,27087094373620
27087166785830,27087423222793
27087166785830,27087574294157
27087166785830,27087745717065
27087166785830,27088094302090
27088097872239,27088094302090
27088097872239,27088344181997
27088097872239,27088593628561
27088097872239,27088764608409
27088097872239,27088939114633
27089122170821,27088939114633
27089122170821,27089370060625
27089122170821,27089623930804
27089122170821,27089809938958
27089122170821,27089920678277
27089986660679,27089920678277
27089986660679,27090238690786
27089986660679,27090401464333
27089986660679,27090575658145
27089986660679,27090950734894
27090993618885,27090950734894
27090993618885,27091228482417
27090993618885,27091419545893
27090993618885,27091620664996
27090993618885,27091894109808
27091896067195,27091894109808
27091896067195,27092147376875
27091896067195,27092354295717
27091896067195,27092619534784
27091896067195,27092913434426
27092940803754,27092913434426
27092940803754,27093177317105
27092940803754,27093321329202
27092940803754,27093520237197
27092940803754,27093693888685
27092940803754,27093873964665
27092940803754,27094060093720
27093874698388,27094060093720
27093874698388,27094226382823
27093874698388,27094622089831
27094623936038,27094622089831
27094623936038,27094815394537
27094623936038,27095123599082
27094623936038,27095349519848
27094623936038,27095488405484
27095490454556,27095488405484
27095490454556,27095709138823
27095490454556,27095871147461
27095490454556,27096017106499
27096019541698,27096017106499
27096019541698,27096221939284
27096019541698,27096379044818
27096019541698,27096581594336
27096019541698,27096790683397
27096019541698,27097213205775
27097215858081,27097213205775
27097215858081,27097401157751
27097215858081,27097665282800
27097215858081,27097931083837
27097215858081,27098127255116
27098185886221,27098127255116
27098185886221,27098426548415
27098185886221,27098591349268
27098185886221,27098809597001
27098185886221,27099150400749
27099152863252,27099150400749
27099152863252,27099406125179
27099152863252,27099598064832
27099152863252,27099732364300
27099152863252,27100043958184
27099152863252,27100216418627
27100046261495,27100216418627
27100046261495,27100433831917
27100046261495,27100687019036
27100046261495,27100872025203
27100877017214,27100872025203
27100877017214,27101133289923
27100877017214,27101328893692
27100877017214,27101516298497
27100877017214,27101702409022
27101829406485,27101702409022
27101829406485,27102095065142
27101829406485,27102288552943
27101829406485,27102489261678
27101829406485,27102762098473
27102768251802,27102762098473
27102768251802,27103044336129
27102768251802,27103222042724
27102768251802,27103354820800
27103356820806,27103354820800
27103356820806,27103529452978
27103356820806,27103753741924
27103356820806,27103930412604
27103356820806,27104257128266
27103356820806,27104657523841
27104840904463,27104657523841
27104840904463,27105042832957
27104840904463,27105203244619
27104840904463,27105381254984
27104840904463,27105682316174
27105685709461,27105682316174
27105685709461,27105868566284
27105685709461,27106042678639
27105685709461,27106191706404
27105685709461,27106571360352
27106619163792,27106571360352
27106619163792,27106879891251
27106619163792,27107058563242
27106619163792,27107221455534
27106619163792,27107493670475
27107638254603,27107493670475
27107638254603,27107856377482
27107638254603,27108042925080
27107638254603,27108172784513
27107638254603,27108610322515
27108633312200,27108610322515
27108633312200,27108917029881
27108633312200,27109085228753
27108633312200,27109267636833
27109270355898,27109267636833
27109270355898,27109497867634
27109270355898,27109647817370
27109270355898,27109830394985
27109270355898,27110058828095
27109270355898,27110471234822
27110569371050,27110471234822
27110569371050,27110805670163
27110569371050,27110984803726
27110569371050,27111131117199
27111136437235,27111131117199
27111136437235,27111408778762
27111136437235,27111573477193
27111136437235,27111773165751
27111136437235,27111935018023
27111136437235,27112300074509
27112365939664,27112300074509
27112365939664,27112618269161
27112365939664,27112827304094
27112365939664,27112983731592
27112365939664,27113340160165
27113410550554,27113340160165
27113410550554,27113646920309
27113410550554,27113801292591
27113410550554,27113943617654
27113410550554,27114468110133
27114469526434,27114468110133
27114469526434,27114720316148
27114469526434,27114885744460
27114469526434,27115047754123
27114469526434,27115329248612
27115406738808,27115329248612
27115406738808,27115628367315
27115406738808,27115802572922
27115406738808,27116021463338
27116024998069,27116021463338
27116024998069,27116223452764
27116024998069,27116385553200
27116024998069,27116601939638
27116024998069,27116761616762
27116024998069,27117225145444
27117226894371,27117225145444
27117226894371,27117461170645
27117226894371,27117727873682
27117226894371,27117950237578
27117226894371,27118180165598
27118190656424,27118180165598
27118190656424,27118446887949
27118190656424,27118673602954
27118190656424,27118925966343
27118190656424,27119096418019
27119129949203,27119096418019
27119129949203,27119389171363
27119129949203,27119652221471
27119129949203,27119797440159
27119129949203,27120016320974
27120124527410,27120016320974
27120124527410,27120370568233
27120124527410,27120546098508
27120124527410,27120738905067
27120124527410,27120997446270
27121123049801,27120997446270
27121123049801,27121377271311
27121123049801,27121654446796
27121123049801,27121850662175
27121123049801,27121981194730
27122069545413,27121981194730
27122069545413,27122252358761
27122069545413,27122481473450
27122069545413,27122713819175
27122069545413,27122991171150
27123001340530,27122991171150
27123001340530,27123215511298
27123001340530,27123485130181
27123001340530,27123611338072
27123001340530,27124010264575
27124011882277,27124010264575
27124011882277,27124220879901
27124011882277,27124391675981
27124011882277,27124562011041
27124011882277,27124888203260
27124889473210,27124888203260
27124889473210,27125090866583
27124889473210,27125271660504
27124889473210,27125498403443
27124889473210,27125682393351
27125741502409,27125682393351
27125741502409,27125997122031
27125741502409,27126269492606
27125741502409,27126425316662
27125741502409,27126603081264
27126654769670,27126603081264
27126654769670,27126920317229
27126654769670,27127124604889
27126654769670,27127299345877
27127301811825,27127299345877
27127301811825,27127529115757
27127301811825,27127683388301
27127301811825,27127840380418
27127301811825,27128124646451
27127301811825,27128552981814
27128557854189,27128552981814
27128557854189,27128811370323
27128557854189,27128956318973
27128557854189,27129153861082
27128557854189,27129437107172
27129485256394,27129437107172
27129485256394,27129709989087
27129485256394,27129912120447
27129485256394,27130152126982
27129485256394,27130469933006
27130493100839,27130469933006
27130493100839,27130724392131
27130493100839,27130867638692
27130493100839,27131071368073
27130493100839,27131411580574
27131494579622,27131411580574
27131494579622,27131705153016
27131494579622,27131934514141
27131494579622,27132105180625
27131494579622,27132279140382
27132368136459,27132279140382
27132368136459,27132805205702
27132368136459,27132954944708
27132368136459,27133124557121
27132368136459,27133489905874
27133627303236,27133489905874
27133627303236,27133839491870
27133627303236,27134017799662
27133627303236,27134236709933
27133627303236,27134500290880
27134628936881,27134500290880
27134628936881,27134848160794
27134628936881,27135114121635
27134628936881,27135296146482
27134628936881,27135554138512
27135557743102,27135554138512
27135557743102,27135769160471
27135557743102,27135908328262
27135557743102,27136098636059
27135557743102,27136361238341
27136413640498,27136361238341
27136413640498,27136649501063
27136413640498,27136833515269
27136413640498,27136964747832
27136966798584,27136964747832
27136966798584,27137180245693
27136966798584,27137397901378
27136966798584,27137561907480
27136966798584,27137722442048
27136966798584,27138149100843
27138245122647,27138149100843
27138245122647,27138455169720
27138245122647,27138654767766
27138245122647,27138848400728
27138245122647,27139166103745
27139223579485,27139166103745
27139223579485,27139433227509
27139223579485,27139648367892
27139223579485,27139799273776
27139223579485,27140235997832
27140237859177,27140235997832
27140237859177,27140460573606
27140237859177,27140699805817
27140237859177,27140875756305
27140237859177,27141047718434
27141054221315,27141047718434
27141054221315,27141379328621
27141054221315,27141569672970
27141054221315,27141722418093
27141054221315,27141946464429
27142033544832,27141946464429
27142033544832,27142322408038
27142033544832,27142544229534
27142033544832,27142720250653
27142033544832,27143003128119
27143046108464,27143003128119
27143046108464,27143310525808
27143046108464,27143477246369
27143046108464,27143673480371
27143046108464,27144033747783
27144035143301,27144033747783
27144035143301,27144256432593
27144035143301,27144408413510
27144035143301,27144602479704
27144035143301,27144947187320
27145286976886,27144947187320
27145286976886,27145498575776
27145286976886,27145706124719
27145286976886,27145908260181
27145911394860,27145908260181
27145911394860,27146109733691
27145911394860,27146289295115
27145911394860,27146443795849
27145911394860,27146681398124
27146726411340,27146681398124
27146726411340,27146914347303
27146726411340,27147108526624
27146726411340,27147284146364
27146726411340,27147523122376
27147625881402,27147523122376
27147625881402,27147814150516
27147625881402,27148031608213
27147625881402,27148282956030
27147625881402,27148543660711
27148565706249,27148543660711
27148565706249,27148822987732
27148565706249,27149005590968
27148565706249,27149185348993
27148565706249,27149425059218
27148565706249,27149939171496
27149940135396,27149939171496
27149940135396,27150135425388
27149940135396,27150286967534
27149940135396,27150558214517
27149940135396,27150740655290
27150869666792,27150740655290
27150869666792,27151103374904
27150869666792,27151345841025
27150869666792,27151536877170
27150869666792,27151721196643
27151814753838,27151721196643
27151814753838,27152051023849
27151814753838,27152256131069
27151814753838,27152444695401
27151814753838,27152653490941
27152718833884,27152653490941
27152718833884,27152959364234
27152718833884,27153080169841
27152718833884,27153261058452
27152718833884,27153662751845
27153663814614,27153662751845
27153663814614,27153915884601
27153663814614,27154176045021
27153663814614,27154375937581
27153663814614,27154662164311
27154667065191,27154662164311
27154667065191,27154853696442
27154667065191,27155048100229
27154667065191,27155244430536
27154667065191,27155495310520
27155552524665,27155495310520
27155552524665,27155829371719
27155552524665,27155944994784
27155552524665,27156092849393
27155552524665,27156461418032
27155552524665,27156642274340
