26666966797544,26667854940542
26666966797544,26668217861173
26668295700009,26668217861173
26668295700009,26668558820319
26668295700009,26668760241817
26668295700009,26668919390999
26668921145723,26668919390999
26668921145723,26669148680656
26668921145723,26669317415314
26668921145723,26669441737860
26668921145723,26669740963073
26668921145723,26670337546452
26670515566942,26670337546452
26670515566942,26670707416450
26670515566942,26670842429045
26670515566942,26671097282120
26670515566942,26671331153629
26671358544883,26671331153629
26671358544883,26671626536893
26671358544883,26671816933136
26671853109968,26671816933136
26671853109968,26672063241228
26671853109968,26672246243454
26671853109968,26672387147394
26671853109968,26672560936217
26671853109968,26672732165687
26671853109968,26673269280733
26673271408409,26673269280733
26673271408409,26673497380436
26673271408409,26673651179180
26673271408409,26673867251444
26673271408409,26674176374867
26674177340288,26674176374867
26674177340288,26674299609126
26674177340288,26674479918310
26674177340288,26674651464109
26674704908604,26674651464109
26674704908604,26674944763182
26674704908604,26675144662224
26674704908604,26675358755804
26674704908604,26675616031679
26675619978515,26675616031679
26675619978515,26675976170774
26675619978515,26676270124172
26675619978515,26676526867933
26675619978515,26676730099376
26675619978515,26676959788224
26677032805988,26676959788224
26677032805988,26677276325481
26677032805988,26677441674626
26677032805988,26677664459125
26677032805988,26677912371005
26677976539219,26677912371005
26677976539219,26678171226631
26677976539219,26678430270292
26678441682845,26678430270292
26678441682845,26678682562287
26678441682845,26678867030938
26678441682845,26679013346481
26678441682845,26679200284484
26678441682845,26679377433009
26678441682845,26679788403586
26679828417148,26679788403586
26679828417148,26680105204245
26679828417148,26680236359560
26679828417148,26680372275945
26679828417148,26680751073936
26680752288202,26680751073936
26680752288202,26680978144661
26680752288202,26681144345466
26680752288202,26681358460591
26680752288202,26681655891359
26681742367585,26681655891359
26681742367585,26681955802325
26681742367585,26682145655661
26681742367585,26682357078358
26682358961267,26682357078358
26682358961267,26682561087044
26682358961267,26682696593290
26682358961267,26682878193986
26682358961267,26683244170660
26682358961267,26683680786272
26683732790499,26683680786272
26683732790499,26684040251207
26683732790499,26684214814906
26683732790499,26684417490306
26684419764856,26684417490306
26684419764856,26684587324737
26684419764856,26684739919128
26684419764856,26684935324976
26684419764856,26685365395322
26684419764856,26685837903170
26685895830860,26685837903170
26685895830860,26686090840905
26685895830860,26686264247505
26685895830860,26686557000791
26685895830860,26686735058598
26686833710592,26686735058598
26686833710592,26687024288123
26686833710592,26687168567626
26686833710592,26687385881982
26686833710592,26687797290490
26687799530442,26687797290490
26687799530442,26688017203764
26687799530442,26688175409055
26687799530442,26688360185537
26687799530442,26688692684191
26688695070598,26688692684191
26688695070598,26688911244645
26688695070598,26689097183731
26688695070598,26689345211681
26688695070598,26689603775733
26689626731921,26689603775733
26689626731921,26689873812569
26689626731921,26690085242822
26689626731921,26690223388183
26689626731921,26690646453769
26690649073255,26690646453769
26690649073255,26690850466012
26690649073255,26691044568431
26690649073255,26691192083699
26690649073255,26691376591482
26691515774722,26691376591482
26691515774722,26691750226320
26691515774722,26691908751132
26691515774722,26692122167061
26691515774722,26692291197201
26692410723013,26692291197201
26692410723013,26692611846496
26692410723013,26692817647880
26692410723013,26693079024836
26693080796677,26693079024836
26693080796677,26693228202501
26693080796677,26693382063474
26693080796677,26693535167656
26693080796677,26693706861436
26693080796677,26694236205770
26694238222154,26694236205770
26694238222154,26694463413875
26694238222154,26694644589873
26694238222154,26694839327759
26694238222154,26695112766000
26695159111333,26695112766000
26695159111333,26695394498008
26695159111333,26695587643172
26695159111333,26695820249913
26695822092731,26695820249913
26695822092731,26695986856372
26695822092731,26696135287343
26695822092731,26696312838090
26695822092731,26696559644953
26696564751930,26696559644953
26696564751930,26696795764274
26696564751930,26697100897491
26696564751930,26697299486671
26696564751930,26697437507466
26696564751930,26698080318866
26698082186390,26698080318866
26698082186390,26698289747862
26698082186390,26698504562876
26698082186390,26698778272791
26698781264745,26698778272791
26698781264745,26699004408750
26698781264745,26699187650642
26698781264745,26699364447029
26698781264745,26699524689140
26698781264745,26699913019915
26699915431511,26699913019915
26699915431511,26700117673026
26699915431511,26700304978977
26699915431511,26700519948204
26700521828850,26700519948204
26700521828850,26700700754443
26700521828850,26700886954178
26700521828850,26701028609100
26700521828850,26701186669994
26700521828850,26701664368863
26701666361774,26701664368863
26701666361774,26701835167132
26701666361774,26702021336531
26701666361774,26702184553631
26702186479589,26702184553631
26702186479589,26702418566014
26702186479589,26702602903344
26702186479589,26702795936609
26702186479589,26702945757741
26702186479589,26703333745536
26703392919288,26703333745536
26703392919288,26703589262811
26703392919288,26703785182618
26703392919288,26703947410438
26703392919288,26704274386330
26704277053511,26704274386330
26704277053511,26704496913332
26704277053511,26704648457811
26704277053511,26704805833898
26704277053511,26704955467693
26704809189623,26704955467693
26704809189623,26705241142043
26704809189623,26705447135748
26704809189623,26705648615987
26705680755317,26705648615987
26705680755317,26705900996307
26705680755317,26706057112352
26705680755317,26706250230117
26705680755317,26706442943390
26705680755317,26706919640805
26706986357463,26706919640805
26706986357463,26707189293203
26706986357463,26707353283006
26706986357463,26707539101721
26707542242007,26707539101721
26707542242007,26707823281592
26707542242007,26708005549606
26707542242007,26708128941917
26707542242007,26708341566104
26708523589472,26708341566104
26708523589472,26708729962500
26708523589472,26708989203779
26708523589472,26709191229665
26708523589472,26709361676016
26708523589472,26709884984150
26709886634785,26709884984150
26709886634785,26710155814350
26709886634785,26710337345000
26709886634785,26710489739305
26709886634785,26710775656479
26710777482875,26710775656479
26710777482875,26711074589402
26710777482875,26711241495499
26710777482875,26711388255775
26710777482875,26711606324188
26711705384958,26711606324188
26711705384958,26711975407386
26711705384958,26712229392399
26711705384958,26712462925930
26711705384958,26712598486055
26712714352554,26712598486055
26712714352554,26712993775426
26712714352554,26713247220797
26712714352554,26713395095336
26712714352554,26713545456907
26713585101978,26713545456907
26713585101978,26713918267451
26713585101978,26714133282989
26713585101978,26714383035952
26713585101978,26714545503457
26713585101978,26714724236109
26714727459527,26714724236109
26714727459527,26714956980559
26714727459527,26715114173691
26715117065387,26715114173691
26715117065387,26715327492140
26715117065387,26715509183264
26715117065387,26715667877581
26715117065387,26715869028327
26715117065387,26716280490014
26716283334419,26716280490014
26716283334419,26716422688099
26716283334419,26716637732792
26716283334419,26716850457623
26716283334419,26717195394552
26717197596405,26717195394552
26717197596405,26717343054975
26717197596405,26717528944331
26717197596405,26717776447331
26717197596405,26718018398247
26718109320484,26718018398247
26718109320484,26718369551543
26718109320484,26718558580914
26718109320484,26718733186201
26718735037815,26718733186201
26718735037815,26718888498951
26718735037815,26719102446387
26718735037815,26719246501942
26718735037815,26719475827052
26718735037815,26719933421669
26719935326519,26719933421669
26719935326519,26720229824265
26719935326519,26720387239407
26719935326519,26720561435307
26719935326519,26720864192765
26721005064457,26720864192765
26721005064457,26721206388057
26721005064457,26721466202532
26721005064457,26721670354739
26721005064457,26721825297762
26721846684392,26721825297762
26721846684392,26722080203057
26721846684392,26722256624355
26721846684392,26722398773069
26721846684392,26722680555072
26722688972658,26722680555072
26722688972658,26722911315583
26722688972658,26723074504791
26722688972658,26723263955820
26722688972658,26723547660929
26723635475107,26723547660929
26723635475107,26723846838043
26723635475107,26723988596769
26723635475107,26724245560612
26723635475107,26724488095846
26724567736654,26724488095846
26724567736654,26724742747439
26724567736654,26724903160638
26724567736654,26725156765136
26725159300904,26725156765136
26725159300904,26725324943789
26725159300904,26725542389009
26725159300904,26725705881136
26725159300904,26725916727648
26725952885448,26725916727648
26725952885448,26726118773056
26725952885448,26726398744466
26725952885448,26726637583412
26725952885448,26726913510916
26725952885448,26727412080629
26727468276762,26727412080629
26727468276762,26727720381631
26727468276762,26727901234241
26727924705829,26727901234241
26727924705829,26728174121113
26727924705829,26728387250734
26727924705829,26728510330262
26727924705829,26728697350047
26727924705829,26728944827452
26727924705829,26729219827283
26729336857994,26729219827283
26729336857994,26729599158533
26729336857994,26729810410227
26729336857994,26729992951632
26729994415586,26729992951632
26729994415586,26730212264773
26729994415586,26730356642262
26729994415586,26730524513568
26729994415586,26730724409863
26730786626404,26730724409863
26730786626404,26731048360504
26730786626404,26731248289061
26730786626404,26731408544892
26730786626404,26731694781777
26730786626404,26732144949362
26732176622852,26732144949362
26732176622852,26732433970440
26732176622852,26732593173171
26732176622852,26732850591626
26732176622852,26733141529882
26733167434665,26733141529882
26733167434665,26733459093195
26733167434665,26733637139378
26733167434665,26733881128819
26733884094513,26733881128819
26733884094513,26734123276277
26733884094513,26734260276192
26733884094513,26734399405174
26733884094513,26734624255806
26733884094513,26735023995400
26735073373302,26735023995400
26735073373302,26735305542536
26735073373302,26735513816904
26735073373302,26735677700722
26735073373302,26735921331145
26735991818521,26735921331145
26735991818521,26736262656573
26735991818521,26736454901236
26735991818521,26736665953990
26735991818521,26736819651481
26736931449187,26736819651481
26736931449187,26737135487184
26736931449187,26737343891056
26736931449187,26737508109106
26736931449187,26737840190376
26737879693169,26737840190376
26737879693169,26738129695144
26737879693169,26738270195939
26737879693169,26738681280685
26737879693169,26739199785251
26739201394570,26739199785251
26739201394570,26739405324512
26739201394570,26739554555879
26739201394570,26739681909467
26739683672009,26739681909467
26739683672009,26739927849356
26739683672009,26740051476780
26739683672009,26740250798486
26739683672009,26740544270391
26739683672009,26741073344377
26741120311904,26741073344377
26741120311904,26741355894760
26741120311904,26741583493928
26741120311904,26741741773561
26741120311904,26742076118765
26742094263598,26742076118765
26742094263598,26742343306533
26742094263598,26742488584579
26742094263598,26742671345180
26742094263598,26743065369194
26743087412806,26743065369194
26743087412806,26743296203211
26743087412806,26743505345351
26743087412806,26743682977717
26743687273091,26743682977717
26743687273091,26743869203398
26743687273091,26744042479065
26743687273091,26744210434140
26743687273091,26744393138324
26744431342301,26744393138324
26744431342301,26744678016220
26744431342301,26744906247365
26744431342301,26745051903214
26744431342301,26745301162980
26744431342301,26745732132253
26745775996597,26745732132253
26745775996597,26746019266419
26745775996597,26746202117810
26745775996597,26746344068608
26746346015076,26746344068608
26746346015076,26746574980713
26746346015076,26746701166943
26746346015076,26746872890773
26746346015076,26747143578715
26747173945579,26747143578715
26747173945579,26747536812474
26747173945579,26747688251298
26747173945579,26747847294725
26747173945579,26748178117412
26747173945579,26748547677910
26748621958013,26748547677910
26748621958013,26748892135241
26748621958013,26749058399234
26748621958013,26749239975899
26748621958013,26749546405060
26749639095107,26749546405060
26749639095107,26750202410136
26749639095107,26750332583650
26749639095107,26750558779752
26749639095107,26750833746060
26750955949553,26750833746060
26750955949553,26751150233914
26750955949553,26751353152663
26750955949553,26751551888411
26750955949553,26751938812030
26751940385571,26751938812030
26751940385571,26752173546833
26751940385571,26752321259727
26751940385571,26752505565617
26752510317971,26752505565617
26752510317971,26752687889409
26752510317971,26752881755678
26752510317971,26753071927951
26752510317971,26753241415208
26753274984161,26753241415208
26753274984161,26753515256857
26753274984161,26753761274347
26753274984161,26753931294787
26753274984161,26754216287382
26753274984161,26754638871657
26753274984161,26754826465798
26754641196137,26754826465798
26754641196137,26754988138438
26754641196137,26755161269979
26755163445460,26755161269979
26755163445460,26755410439007
26755163445460,26755578516570
26755163445460,26755750118270
26755163445460,26755976303053
26756007982353,26755976303053
26756007982353,26756250159245
26756007982353,26756395149953
26756007982353,26756518370250
26756007982353,26756950749795
26756007982353,26757367310788
26757418458038,26757367310788
26757418458038,26757719313039
26757418458038,26757879455351
26757418458038,26758059172305
26758061317939,26758059172305
26758061317939,26758260288087
26758061317939,26758399047756
26758061317939,26758558419734
26758061317939,26758731671502
26758061317939,26759264089996
26759265423966,26759264089996
26759265423966,26759446827706
26759265423966,26759642428465
26759265423966,26759852101581
26759265423966,26760105951720
26760113297087,26760105951720
26760113297087,26760352323400
26760113297087,26760570129457
26760113297087,26760713968032
26760113297087,26761097319942
26761099238289,26761097319942
26761099238289,26761270111135
26761099238289,26761426905352
26761099238289,26761592772878
26761099238289,26761877973697
26761881368434,26761877973697
26761881368434,26762122509132
26761881368434,26762280391184
26761881368434,26762519853301
26762521403474,26762519853301
26762521403474,26762699346410
26762521403474,26762867766882
26762521403474,26763017279448
26762521403474,26763295815665
26762521403474,26763995787256
26764093113007,26763995787256
26764093113007,26764326834223
26764093113007,26764495276602
26764093113007,26764671521491
26764093113007,26764987190156
26765014197763,26764987190156
26765014197763,26765266992326
26765014197763,26765473139334
26765014197763,26765631431367
26765632884196,26765631431367
26765632884196,26765897138908
26765632884196,26766054320286
26765632884196,26766207256460
26765632884196,26766411430279
26765632884196,26766911245852
26766912917264,26766911245852
26766912917264,26767136388613
26766912917264,26767414971699
26766912917264,26767597397966
26766912917264,26767806258166
26767808248221,26767806258166
26767808248221,26768019090472
26767808248221,26768168365977
26767808248221,26768356394761
26767808248221,26768817303015
26768819796872,26768817303015
26768819796872,26769094361433
26768819796872,26769242371905
26768819796872,26769386361731
26768819796872,26769838267861
26768819796872,26770019446367
26769840471201,26770019446367
26769840471201,26770219215002
26769840471201,26770402431221
26769840471201,26770822955301
26770828522629,26770822955301
26770828522629,26771081414027
26770828522629,26771223196567
26770828522629,26771381067898
26771382573045,26771381067898
26771382573045,26771617476765
26771382573045,26771791269512
26771382573045,26772005611435
26771382573045,26772160281159
26771382573045,26772635719150
26772701405643,26772635719150
26772701405643,26772971346019
26772701405643,26773138410808
26772701405643,26773384216167
26772701405643,26773622206906
26773624511669,26773622206906
26773624511669,26773869998252
26773624511669,26774052669864
26773624511669,26774242292441
26773624511669,26774545898171
26774677837543,26774545898171
26774677837543,26774924179781
26774677837543,26775100362790
26774677837543,26775282625447
26774677837543,26775443832026
26775445890215,26775443832026
26775445890215,26775652582044
26775445890215,26775880060907
26775445890215,26776072317035
26775445890215,26776371702427
26776373334206,26776371702427
26776373334206,26776638933904
26776373334206,26776795412971
26776373334206,26776957596010
26776373334206,26777293494295
26777296307339,26777293494295
26777296307339,26777590715411
26777296307339,26777769616777
26777296307339,26777980966102
26777296307339,26778167442851
26778204631900,26778167442851
26778204631900,26778393684479
26778204631900,26778578395218
26778204631900,26778796124895
26778204631900,26779245182757
26779337176444,26779245182757
26779337176444,26779550250508
26779337176444,26779703182897
26779337176444,26779857308376
26779337176444,26780007983505
26779337176444,26780168174031
26780170223350,26780168174031
26780170223350,26780436947410
26780170223350,26780584934635
26780170223350,26780947062831
26780949041179,26780947062831
26780949041179,26781174095806
26780949041179,26781317338269
26780949041179,26781589215408
26781591455932,26781589215408
26781591455932,26781850651456
26781591455932,26782020279429
26781591455932,26782172114739
26781591455932,26782361124365
26781591455932,26782728990492
26782730590516,26782728990492
26782730590516,26782920208438
26782730590516,26783073770502
26782730590516,26783255096164
26783257665053,26783255096164
26783257665053,26783445062125
26783257665053,26783596953394
26783257665053,26783762068456
26783257665053,26783918547554
26783257665053,26784323745176
26784437317454,26784323745176
26784437317454,26784706514402
26784437317454,26784840327465
26784437317454,26785051415363
26785081373738,26785051415363
26785081373738,26785314622505
26785081373738,26785465278454
26785081373738,26785660631717
26785081373738,26785851357803
26785081373738,26786296115506
26786667472716,26786296115506
26786667472716,26786908621538
26786667472716,26787077433607
26786667472716,26787296925144
26786667472716,26787578452231
26787580614471,26787578452231
26787580614471,26787838967901
26787580614471,26787969233605
26787580614471,26788100041293
26787580614471,26788510974968
26788521686659,26788510974968
26788521686659,26788733604570
26788521686659,26788909681335
26788521686659,26789053281018
26789055178390,26789053281018
26789055178390,26789282171766
26789055178390,26789474482142
26789055178390,26789662698832
26789055178390,26789972594309
26789974533301,26789972594309
26789974533301,26790226279283
26789974533301,26790440788272
26789974533301,26790626302783
26789974533301,26790765652868
26790828587326,26790765652868
26790828587326,26791111378841
26790828587326,26791255069597
26790828587326,26791472847074
26790828587326,26791732025842
26790828587326,26792164897864
26792191622590,26792164897864
26792191622590,26792424352727
26792191622590,26792572046973
26792191622590,26792752817754
26792191622590,26793037660273
26793127943651,26793037660273
26793127943651,26793408725689
26793127943651,26793563067399
26793567016208,26793563067399
26793567016208,26793753659560
26793567016208,26793906184867
26793567016208,26794117314326
26793567016208,26794316094919
26793567016208,26794468553272
26793567016208,26794945277071
26794948076404,26794945277071
26794948076404,26795179666489
26794948076404,26795343020106
26794948076404,26795456499746
26794948076404,26795897990299
26795904532684,26795897990299
26795904532684,26796114060213
26795904532684,26796369977045
26795904532684,26796545282851
26796550684182,26796545282851
26796550684182,26796781195490
26796550684182,26796940319499
26796550684182,26797135189609
26796550684182,26797296540976
26796550684182,26797859452709
26797864436007,26797859452709
26797864436007,26798162392901
26797864436007,26798331410675
26797864436007,26798474503481
26797864436007,26798767277534
26798888662141,26798767277534
26798888662141,26799111685192
26798888662141,26799282287815
26798888662141,26799513147580
26799514703045,26799513147580
26799514703045,26799700234723
26799514703045,26799824635296
26799514703045,26800002281377
26799514703045,26800305484428
26799514703045,26800689324575
26800734641515,26800689324575
26800734641515,26800965824538
26800734641515,26801100411692
26800734641515,26801270053534
26801275252254,26801270053534
26801275252254,26801534039133
26801275252254,26801703785507
26801275252254,26801889951186
26801275252254,26802170082814
26801275252254,26802517342998
26802518908806,26802517342998
26802518908806,26802737020628
26802518908806,26802925397676
26802518908806,26803071708053
26803073354159,26803071708053
26803073354159,26803230281125
26803073354159,26803420497980
26803073354159,26803627612032
26803073354159,26803930643340
26803073354159,26804360532654
26804362128099,26804360532654
26804362128099,26804628537646
26804362128099,26804801771128
26804362128099,26804941763204
26804943382558,26804941763204
26804943382558,26805105710978
26804943382558,26805352685391
26804943382558,26805638948053
26804943382558,26805828446745
26804943382558,26806346508176
26806349888326,26806346508176
26806349888326,26806526453027
26806349888326,26806750548834
26806349888326,26807019277085
26806349888326,26807186033914
26807281057685,26807186033914
26807281057685,26807501961382
26807281057685,26807667232046
26807281057685,26807878877132
26807281057685,26808295084133
26808336559123,26808295084133
26808336559123,26808600950055
26808336559123,26808875356125
26808336559123,26809039546573
26809041310225,26809039546573
26809041310225,26809241273919
26809041310225,26809424228956
26809041310225,26809584273396
26809041310225,26809784425809
26809041310225,26810279572594
26810283624727,26810279572594
26810283624727,26810479256442
26810283624727,26810695575239
26810283624727,26810856431640
26810283624727,26811069106010
26811133520812,26811069106010
26811133520812,26811568564179
26811133520812,26811727420154
26811133520812,26811890876720
26811133520812,26812347607555
26812392731656,26812347607555
26812392731656,26812588371138
26812392731656,26812762059777
26812392731656,26812890632934
26812392731656,26813274513106
26813340382066,26813274513106
26813340382066,26813609274201
26813340382066,26813757909840
26813340382066,26813892297643
26813340382066,26814327773183
26814329015610,26814327773183
26814329015610,26814597933420
26814329015610,26814722886390
26814329015610,26814890965287
26814894293052,26814890965287
26814894293052,26815113160937
26814894293052,26815245971962
26814894293052,26815437382296
26814894293052,26815599752589
26814894293052,26816054295557
26816129403356,26816054295557
26816129403356,26816340356813
26816129403356,26816489320031
26816129403356,26816658114532
26816661021628,26816658114532
26816661021628,26816974341408
26816661021628,26817177372011
26816661021628,26817331373216
26816661021628,26817480774720
26817484394324,26817480774720
26817484394324,26817703422545
26817484394324,26817910240410
26817484394324,26818114048317
26817484394324,26818331417079
26818333589810,26818331417079
26818333589810,26818550795726
26818333589810,26818705183188
26818333589810,26818918194769
26818333589810,26819144490997
26818333589810,26819536447410
26819609830960,26819536447410
26819609830960,26819837243249
26819609830960,26820002775294
26819609830960,26820109131814
26820111377206,26820109131814
26820111377206,26820339624164
26820111377206,26820522716681
26820111377206,26820720945627
26820111377206,26821017094846
26820111377206,26821526061233
26821527780333,26821526061233
26821527780333,26821756677221
26821527780333,26821926063990
26821527780333,26822136916512
26821527780333,26822435329928
26822440357578,26822435329928
26822440357578,26822784197474
26822440357578,26822939933256
26822440357578,26823089643803
26822440357578,26823362651254
26823389205028,26823362651254
26823389205028,26823723210112
26823389205028,26823867844398
26823389205028,26824037582965
26824039407493,26824037582965
26824039407493,26824271448843
26824039407493,26824414387173
26824039407493,26824584170564
26824039407493,26824843110473
26824039407493,26825296988684
26825299769110,26825296988684
26825299769110,26825616159782
26825299769110,26825784361649
26825299769110,26825954215978
26825956232220,26825954215978
26825956232220,26826132074757
26825956232220,26826302826606
26825956232220,26826529183070
26825956232220,26826687979328
26825956232220,26826844353657
26826689438692,26826844353657
26826689438692,26827106210477
26826689438692,26827265013939
26826689438692,26827565835259
26827567713646,26827565835259
26827567713646,26827786218019
26827567713646,26828023737155
26827567713646,26828174652340
26827567713646,26828510185140
26828512661169,26828510185140
26828512661169,26828811754837
26828512661169,26829041076359
26828512661169,26829545279514
26828512661169,26829749812913
26829751675291,26829749812913
26829751675291,26829970391505
26829751675291,26830102870250
26829751675291,26830368444361
26829751675291,26830570650918
26829751675291,26830969531630
26831070301394,26830969531630
26831070301394,26831369955962
26831070301394,26831619431982
26831070301394,26831811934780
26831070301394,26831989515946
26831994499686,26831989515946
26831994499686,26832229229403
26831994499686,26832401178649
26831994499686,26832592466193
26831994499686,26832885223380
26832963663391,26832885223380
26832963663391,26833212642095
26832963663391,26833428707945
26832963663391,26833596158124
26832963663391,26833803290893
26833599973008,26833803290893
26833599973008,26834002848860
26833599973008,26834177761395
26833599973008,26834431552552
26833599973008,26834907725312
26834910851446,26834907725312
26834910851446,26835131860107
26834910851446,26835279356116
26834910851446,26835457767651
26834910851446,26835761872081
26835866530594,26835761872081
26835866530594,26836103797038
26835866530594,26836278273011
26835866530594,26836508708470
26836511566499,26836508708470
26836511566499,26836729752486
26836511566499,26836880524026
26836511566499,26837050946019
26836511566499,26837211530238
26836511566499,26837726160995
26837734788116,26837726160995
26837734788116,26837995086575
26837734788116,26838161306820
26837734788116,26838339355118
26837734788116,26838793303567
26838797304798,26838793303567
26838797304798,26839046559039
26838797304798,26839181072183
26838797304798,26839438286994
26838797304798,26839662571133
26839675418756,26839662571133
26839675418756,26839876095487
26839675418756,26840024986122
26839675418756,26840266408558
26839675418756,26840542472823
26840544642372,26840542472823
26840544642372,26840792811603
26840544642372,26840943993748
26840544642372,26841125246526
26841127078540,26841125246526
26841127078540,26841281516444
26841127078540,26841462754587
26841127078540,26841681902227
26841127078540,26841944298739
26841127078540,26842369398248
26842400358734,26842369398248
26842400358734,26842631565711
26842400358734,26842840474927
26842400358734,26843029241158
26842400358734,26843256396431
26843336544678,26843256396431
26843336544678,26843621101571
26843336544678,26843806503993
26843336544678,26843996665460
26843336544678,26844175780708
26844293187114,26844175780708
26844293187114,26844553188973
26844293187114,26844679260677
26844293187114,26844845725341
26844293187114,26845264150550
26845266852992,26845264150550
26845266852992,26845518850573
26845266852992,26845772245982
26845266852992,26845974376626
26845266852992,26846139134990
26846245279713,26846139134990
26846245279713,26846539080199
26846245279713,26846759235655
26846245279713,26846950518593
26846245279713,26847296396268
26847345645071,26847296396268
26847345645071,26847519458400
26847345645071,26847737903566
26847345645071,26847907201687
26847345645071,26848306282972
26848311230670,26848306282972
26848311230670,26848541470111
26848311230670,26848705305763
26848311230670,26848865568826
26848311230670,26848995700478
26849124625369,26848995700478
26849124625369,26849333799443
26849124625369,26849451045622
26849124625369,26849632971446
26849636917178,26849632971446
26849636917178,26849855387353
26849636917178,26850034202280
26849636917178,26850176265695
26849636917178,26850609714110
26850613157436,26850609714110
26850613157436,26850840672054
26850613157436,26851008262708
26850613157436,26851162616277
26850613157436,26851321359680
26851372873285,26851321359680
26851372873285,26851558136126
26851372873285,26851782098759
26851372873285,26851947458797
26851372873285,26852232366430
26851372873285,26852736260815
26852738712244,26852736260815
26852738712244,26852968061389
26852738712244,26853133517106
26852738712244,26853296867856
26852738712244,26853627591152
26853696527789,26853627591152
26853696527789,26853914309869
26853696527789,26854152132598
26853696527789,26854315870908
26854317202854,26854315870908
26854317202854,26854509306958
26854317202854,26854689344146
26854317202854,26855211535717
26854317202854,26855406344328
26854317202854,26855629209003
26855712498745,26855629209003
26855712498745,26855928823042
26855712498745,26856130167246
26855712498745,26856341110495
26856344845864,26856341110495
26856344845864,26856594671682
26856344845864,26856733572329
26856344845864,26856902509804
26856344845864,26857148245775
26856344845864,26857603550414
26857610566440,26857603550414
26857610566440,26857815434186
26857610566440,26858040449322
26857610566440,26858217141176
26857610566440,26858546229895
26858548319268,26858546229895
26858548319268,26858713245689
26858548319268,26859024418317
26858548319268,26859217871223
26859220236249,26859217871223
26859220236249,26859374362341
26859220236249,26859535751985
26859220236249,26859689932645
26859220236249,26859854418590
26859220236249,26860291977900
26860458912621,26860291977900
26860458912621,26860596160141
26860458912621,26860817604897
26860458912621,26861016440273
26860458912621,26861412221671
26861466971677,26861412221671
26861466971677,26861662842804
26861466971677,26861903185928
26861466971677,26862143660131
26861466971677,26862422780740
26862429971370,26862422780740
26862429971370,26862630813130
26862429971370,26862813766644
26862429971370,26862988092341
26862989883939,26862988092341
26862989883939,26863287099457
26862989883939,26863453242923
26862989883939,26863644391627
26862989883939,26863908932939
26862989883939,26864188827365
26864280764078,26864188827365
26864280764078,26864573814812
26864280764078,26864758891981
26864280764078,26864930601289
26864280764078,26865216525997
26865291523507,26865216525997
26865291523507,26865541079530
26865291523507,26865672351656
26865291523507,26865858661664
26865291523507,26866236364481
26866242609454,26866236364481
26866242609454,26866449248253
26866242609454,26866610389780
26866242609454,26866780347030
26866242609454,26867104305870
26867168166427,26867104305870
26867168166427,26867373618179
26867168166427,26867573181615
26867168166427,26867750059584
26867785847201,26867750059584
26867785847201,26867975856285
26867785847201,26868110895558
26867785847201,26868300750733
26867785847201,26868521288163
26867785847201,26868987386720
26869046932332,26868987386720
26869046932332,26869305191748
26869046932332,26869508382854
26869509919773,26869508382854
26869509919773,26869703313577
26869509919773,26869840816808
26869509919773,26870017618133
26869509919773,26870232809346
26869509919773,26870524449454
26869509919773,26870836910167
26870864417090,26870836910167
26870864417090,26871129987128
26870864417090,26871338397818
26870864417090,26871520576002
26870864417090,26871940495798
26871965351176,26871940495798
26871965351176,26872185432838
26871965351176,26872452199401
26871965351176,26872628327714
26871965351176,26872937103538
26872949136972,26872937103538
26872949136972,26873228813236
26872949136972,26873454878673
26872949136972,26873591283891
26872949136972,26873946353199
26873948982963,26873946353199
26873948982963,26874210965419
26873948982963,26874349346680
26873948982963,26874500422211
26874502570370,26874500422211
26874502570370,26874693047383
26874502570370,26874809409389
26874502570370,26875005967654
26874502570370,26875342661469
26874502570370,26875975523158
26875979015873,26875975523158
26875979015873,26876172171978
26875979015873,26876360442682
26875979015873,26876537599858
26875979015873,26876663884448
26876729443457,26876663884448
26876729443457,26876954312018
26876729443457,26877158497873
26876729443457,26877366519851
26876729443457,26877579247324
26877620510654,26877579247324
26877620510654,26877834342823
26877620510654,26878105333423
26877620510654,26878282414661
26878284437241,26878282414661
26878284437241,26878546366737
26878284437241,26878715229227
26878284437241,26878846342652
26878284437241,26879038211036
26878284437241,26879397760699
26878284437241,26879544396733
26879399903116,26879544396733
26879399903116,26879869223704
26879399903116,26880098199780
26879399903116,26880458338403
26880572056501,26880458338403
26880572056501,26880797372779
26880572056501,26880974994903
26880572056501,26881162702602
26881165413768,26881162702602
26881165413768,26881407410358
26881165413768,26881645437830
26881165413768,26881811560368
26881165413768,26882004868896
26881165413768,26882420327361
26881165413768,26882611712630
26882423528391,26882611712630
26882423528391,26882798525157
26882423528391,26882974699043
26882977224018,26882974699043
26882977224018,26883205849809
26882977224018,26883428667103
26882977224018,26883620146379
26882977224018,26883800262252
26883803217102,26883800262252
26883803217102,26884037850086
26883803217102,26884195161479
26883803217102,26884464192137
26883803217102,26884692920126
26883803217102,26885085250342
26885139628553,26885085250342
26885139628553,26885459832939
26885139628553,26885622812848
26885139628553,26885758293793
26885760354509,26885758293793
26885760354509,26885997732916
26885760354509,26886229710644
26885760354509,26886393206987
26885760354509,26886561217415
26886563751930,26886561217415
26886563751930,26886749760406
26886563751930,26886920727679
26886563751930,26887085321249
26886563751930,26887523930709
26886563751930,26887904316091
26887955096539,26887904316091
26887955096539,26888194701507
26887955096539,26888427527926
26887955096539,26888567888045
26888569573972,26888567888045
26888569573972,26888756385806
26888569573972,26888946470144
26888569573972,26889118601801
26888569573972,26889274080351
26888569573972,26889637712981
26889741342252,26889637712981
26889741342252,26890020138024
26889741342252,26890221027572
26889741342252,26890396898566
26890398708489,26890396898566
26890398708489,26890649857450
26890398708489,26890790476626
26890398708489,26890954961748
26890398708489,26891279624369
26890398708489,26891578254463
26891617834956,26891578254463
26891617834956,26891853878194
26891617834956,26892085996792
26891617834956,26892240458213
26891617834956,26892633576374
26892640117734,26892633576374
26892640117734,26892868162232
26892640117734,26893081958246
26892640117734,26893281928940
26892640117734,26893599456849
26893601215534,26893599456849
26893601215534,26893803626367
26893601215534,26894006444749
26893601215534,26894168353301
26893601215534,26894372576925
26894455668380,26894372576925
26894455668380,26894683749328
26894455668380,26894920765526
26894455668380,26895089820971
26894455668380,26895395061991
26895397991439,26895395061991
26895397991439,26895586065163
26895397991439,26895737260469
26895397991439,26895935670141
26895397991439,26896372140768
26896376222149,26896372140768
26896376222149,26896569505685
26896376222149,26896696048125
26896376222149,26896864418512
26896866356552,26896864418512
26896866356552,26897136244226
26896866356552,26897318393386
26896866356552,26897487117886
26896866356552,26897656619629
26897657475630,26897656619629
26897657475630,26897902440568
26897657475630,26898079850527
26897657475630,26898200781166
26897657475630,26898576353188
26897657475630,26898758946397
26899218694363,26898758946397
26899218694363,26899403521401
26899218694363,26899695970363
26899218694363,26899855360637
26899218694363,26900064574848
26900067525417,26900064574848
26900067525417,26900291931421
26900067525417,26900443683324
26900067525417,26900684935170
26900067525417,26900855549154
26900907571881,26900855549154
26900907571881,26901169851842
26900907571881,26901329107950
26900907571881,26901502424438
26900907571881,26901910615652
26901912787960,26901910615652
26901912787960,26902110333449
26901912787960,26902264373848
26901912787960,26902514988506
26901912787960,26902778947409
26902781212682,26902778947409
26902781212682,26903052955818
26902781212682,26903182862438
26902781212682,26903373041604
26902781212682,26903838103638
26903841623275,26903838103638
26903841623275,26904068613563
26903841623275,26904283788868
26903841623275,26904458438185
26903841623275,26904665148876
26904676610492,26904665148876
26904676610492,26904890310912
26904676610492,26905028543799
26904676610492,26905180293250
26905181610631,26905180293250
26905181610631,26905436204126
26905181610631,26905643470720
26905181610631,26905870172670
26905181610631,26906101876155
26905181610631,26906689567265
26907084838580,26906689567265
26907084838580,26907345325241
26907084838580,26907557164456
26907084838580,26907709049539
26907084838580,26907868553428
26907871395775,26907868553428
26907871395775,26908078916066
26907871395775,26908299431821
26907871395775,26908494676959
26907871395775,26908693068460
26908733748283,26908693068460
26908733748283,26908950063213
26908733748283,26909088593991
26908733748283,26909322116923
26909324260258,26909322116923
26909324260258,26909579931165
26909324260258,26909822451056
26909324260258,26910056752952
26909324260258,26910212660444
26909324260258,26910564866378
26910610408195,26910564866378
26910610408195,26910818581877
26910610408195,26910984326945
26910610408195,26911141258435
26910610408195,26911579287730
26911580790175,26911579287730
26911580790175,26911802251187
26911580790175,26911971199815
26911580790175,26912200714829
26911580790175,26912348930873
26912469646330,26912348930873
26912469646330,26912769024919
26912469646330,26913002965951
26912469646330,26913188649852
26912469646330,26913402171645
26913457504925,26913402171645
26913457504925,26913706489865
26913457504925,26913882472998
26913457504925,26914049236505
26913457504925,26914321398061
26914344629444,26914321398061
26914344629444,26914550271003
26914344629444,26914711467392
26914344629444,26914891835199
26914895460533,26914891835199
26914895460533,26915122855358
26914895460533,26915326415540
26914895460533,26915541531342
26914895460533,26915795020749
26914895460533,26916229927119
26916273668755,26916229927119
26916273668755,26916504908269
26916273668755,26916696697505
26916273668755,26916859765738
26916934471499,26916859765738
26916934471499,26917099202758
26916934471499,26917264704722
26916934471499,26917399677720
26916934471499,26917703638588
26916934471499,26918091992190
26918239492215,26918091992190
26918239492215,26918439400046
26918239492215,26918606060757
26918239492215,26918769020581
26918239492215,26919131584743
26919160942135,26919131584743
26919160942135,26919337242726
26919160942135,26919527442063
26919160942135,26919745295586
26919160942135,26920019290172
26920067013883,26920019290172
26920067013883,26920285426627
26920067013883,26920421871471
26920067013883,26920623407044
26920067013883,26920967460420
26920989811112,26920967460420
26920989811112,26921198328683
26920989811112,26921573798450
26920989811112,26921757635470
26920989811112,26921929350522
26921938942308,26921929350522
26921938942308,26922164922265
26921938942308,26922370698499
26921938942308,26922497163842
26921938942308,26922885057193
26923047726928,26922885057193
26923047726928,26923304604473
26923047726928,26923438427132
26923047726928,26923615624514
26923047726928,26923874377823
26923875899361,26923874377823
26923875899361,26924093027548
26923875899361,26924305391892
26923875899361,26924449255866
26923875899361,26924784249660
26924823636434,26924784249660
26924823636434,26925067924709
26924823636434,26925262095235
26924823636434,26925465167877
26924823636434,26925662250475
26925673414296,26925662250475
26925673414296,26925918277692
26925673414296,26926099137965
26925673414296,26926287412278
26925673414296,26926514638566
26926521558187,26926514638566
26926521558187,26926973223981
26926521558187,26927181221837
26926521558187,26927306409650
26927310565173,26927306409650
26927310565173,26927522150045
26927310565173,26927721789654
26927310565173,26927906949774
26927310565173,26928181624348
26927310565173,26928475884979
26928710825210,26928475884979
26928710825210,26928893344064
26928710825210,26929060361164
26929062155420,26929060361164
26929062155420,26929300213575
26929062155420,26929457724942
26929062155420,26929695066957
26929062155420,26929906202983
26929062155420,26930066367373
26929062155420,26930402422048
26930407428430,26930402422048
26930407428430,26930636607120
26930407428430,26930891352867
26930407428430,26931112203834
26930407428430,26931418627211
26931420540596,26931418627211
26931420540596,26931635228306
26931420540596,26931869870970
26931420540596,26932089324194
26931420540596,26932391913315
26932403463790,26932391913315
26932403463790,26932640407080
26932403463790,26932811318273
26932403463790,26932986434761
26932987334811,26932986434761
26932987334811,26933149971511
26932987334811,26933339238058
26932987334811,26933569092316
26932987334811,26933856418562
26932987334811,26934253523973
26934388651674,26934253523973
26934388651674,26934596723133
26934388651674,26934856057373
26934388651674,26934992976699
26934388651674,26935312183641
26935315186674,26935312183641
26935315186674,26935555459216
26935315186674,26935741849082
26935315186674,26935915465463
26935315186674,26936183762926
26936219042746,26936183762926
26936219042746,26936456942229
26936219042746,26936637984685
26936219042746,26936759043067
26936219042746,26936996435046
26937072034629,26936996435046
26937072034629,26937267838325
26937072034629,26937486503827
26937072034629,26937656457021
26937072034629,26937893031726
26937962506422,26937893031726
26937962506422,26938264423575
26937962506422,26938438616634
26937962506422,26938622398102
26938625110248,26938622398102
26938625110248,26938874353346
26938625110248,26939094806547
26938625110248,26939227215550
26938625110248,26939393241757
26939395362309,26939393241757
26939395362309,26939594243692
26939395362309,26939753823630
26939395362309,26939938602832
26939395362309,26940121371955
26940251936444,26940121371955
26940251936444,26940485802482
26940251936444,26940746523132
26940251936444,26940948915431
26940251936444,26941207438618
26940251936444,26941642186623
26941694488493,26941642186623
26941694488493,26942005613855
26941694488493,26942220217707
26941694488493,26942428764673
26941694488493,26942645076516
26942676829985,26942645076516
26942676829985,26942911472269
26942676829985,26943169149301
26942676829985,26943362349231
26943365503176,26943362349231
26943365503176,26943565701899
26943365503176,26943758256500
26943365503176,26943894434995
26943365503176,26944085082886
26943365503176,26944421673149
26944464075863,26944421673149
26944464075863,26944640673172
26944464075863,26944867923397
26944464075863,26945032155068
26945034107647,26945032155068
26945034107647,26945257799784
26945034107647,26945488497438
26945034107647,26945660364255
26945034107647,26945886287839
26945034107647,26946392673449
26946393900106,26946392673449
26946393900106,26946560180892
26946393900106,26946764191911
26946393900106,26947005321135
26947097208777,26947005321135
26947097208777,26947268421817
26947097208777,26947445230109
26947097208777,26947843273540
26947097208777,26948037277769
26947097208777,26948599165495
26948633765356,26948599165495
26948633765356,26948917920195
26948633765356,26949099853299
26948633765356,26949332429101
26949334597370,26949332429101
26949334597370,26949574928691
26949334597370,26949735722831
26949334597370,26949906934777
26949334597370,26950048083659
26949334597370,26950518700128
26950550496478,26950518700128
26950550496478,26950837274374
26950550496478,26951018307106
26950550496478,26951208528030
26950550496478,26951383357500
26951484609484,26951383357500
26951484609484,26951686533587
26951484609484,26951904342798
26951484609484,26952100071161
26951484609484,26952508077743
26952509908447,26952508077743
26952509908447,26952687262508
26952509908447,26952857349973
26952509908447,26953064971690
26953065792320,26953064971690
26953065792320,26953311153486
26953065792320,26953432831608
26953065792320,26953606706507
26953065792320,26953817905510
26953065792320,26954319218857
26954399354521,26954319218857
26954399354521,26954709341595
26954399354521,26954916425341
26954399354521,26955076643452
26954399354521,26955307656302
26955373850018,26955307656302
26955373850018,26955653837950
26955373850018,26955832051327
26955373850018,26955963543494
26955373850018,26956352179879
26956387768169,26956352179879
26956387768169,26956618207834
26956387768169,26956749887828
26956387768169,26956949499722
26956387768169,26957242229505
26957413598559,26957242229505
26957413598559,26957593439195
26957413598559,26957853889943
26957413598559,26958002912940
26957413598559,26958224806099
26958251474975,26958224806099
26958251474975,26958490887720
26958251474975,26958712209850
26958251474975,26958930433298
26958251474975,26959175915365
26959177642437,26959175915365
26959177642437,26959478472659
26959177642437,26959637331163
26959177642437,26959787462506
26959177642437,26959934405707
26960059968835,26959934405707
26960059968835,26960255560862
26960059968835,26960466716224
26960059968835,26960675619805
26960059968835,26960964100442
26961053566418,26960964100442
26961053566418,26961357694061
26961053566418,26961559306441
26961053566418,26961742808330
26961745033162,26961742808330
26961745033162,26961951811794
26961745033162,26962099224245
26961745033162,26962264040280
26961745033162,26962454651282
26962473119044,26962454651282
26962473119044,26962667239409
26962473119044,26962835221825
26962473119044,26962993635597
26962473119044,26963464864973
26962473119044,26963880240527
26963943235275,26963880240527
26963943235275,26964249848332
26963943235275,26964442434799
26963943235275,26964635681120
26963943235275,26964768711262
26963943235275,26964905805958
26963943235275,26965024894058
26964907116748,26965024894058
26964907116748,26965417394369
26964907116748,26965703928078
26966146123490,26965703928078
26966146123490,26966456470736
26966146123490,26966591242376
26966146123490,26966812344184
26966146123490,26967107764345
26967109601373,26967107764345
26967109601373,26967298205965
26967109601373,26967522339205
26967109601373,26967685416741
26967109601373,26967965048616
26968030666646,26967965048616
26968030666646,26968325626208
26968030666646,26968526621260
26968030666646,26968685342535
26968030666646,26968915116522
26969005430288,26968915116522
26969005430288,26969231065703
26969005430288,26969441020770
26969005430288,26969630278756
26969632330448,26969630278756
26969632330448,26969862259742
26969632330448,26970004407632
26969632330448,26970148486262
26969632330448,26970440062775
26969632330448,26970856799375
26970874178223,26970856799375
26970874178223,26971128462867
26970874178223,26971304366644
26970874178223,26971452142267
26971454276485,26971452142267
26971454276485,26971705454699
26971454276485,26971836619378
26971454276485,26972009069038
26971454276485,26972240383672
26971454276485,26972757455208
26972849611699,26972757455208
26972849611699,26973084335422
26972849611699,26973262402307
26972849611699,26973406125029
26972849611699,26973751000925
26973762663547,26973751000925
26973762663547,26974019122922
26973762663547,26974163248709
26973762663547,26974340239059
26973762663547,26974745656171
26974746893251,26974745656171
26974746893251,26975011314495
26974746893251,26975141728183
26974746893251,26975377147956
26974746893251,26975566413145
26975647642236,26975566413145
26975647642236,26975863307467
26975647642236,26976059292051
26975647642236,26976214163703
26975647642236,26976559271231
26976609074495,26976559271231
26976609074495,26976935288657
26976609074495,26977130187531
26976609074495,26977301354952
26976609074495,26977642084714
26977643785498,26977642084714
26977643785498,26977873311412
26977643785498,26978033226324
26977643785498,26978235358994
26977643785498,26978399847076
26978483209653,26978399847076
26978483209653,26978739976782
26978483209653,26978876866324
26978483209653,26979050965473
26978483209653,26979416285380
26979530533931,26979416285380
26979530533931,26979749745910
26979530533931,26980014495126
26979530533931,26980219156512
26979530533931,26980428061510
26979530533931,26980680323974
26980430324605,26980680323974
26980430324605,26980866116344
26980430324605,26981053426017
26980430324605,26981332408935
26981333332500,26981332408935
26981333332500,26981588000379
26981333332500,26981790951266
26981333332500,26981935588619
26981333332500,26982251674435
26982264324112,26982251674435
26982264324112,26982499537920
26982264324112,26982657375375
26982264324112,26982879548888
26982264324112,26983129327637
26983170844477,26983129327637
26983170844477,26983365944576
26983170844477,26983570358565
26983170844477,26983784516820
26983170844477,26984044492722
26984045559060,26984044492722
26984045559060,26984291749007
26984045559060,26984528223558
26984045559060,26984743376040
26984045559060,26984917994277
26984045559060,26985043982384
26985047349430,26985043982384
26985047349430,26985273477027
26985047349430,26985407901062
26985730811871,26985407901062
26985730811871,26985958577332
26985730811871,26986166648618
26985730811871,26986376680101
26985730811871,26986686961514
26985730811871,26986942967697
26985730811871,26987199194374
26986983130398,26987199194374
26986983130398,26987384231338
26986983130398,26987602264136
26986983130398,26987874146379
26988007877822,26987874146379
26988007877822,26988253779786
26988007877822,26988495081845
26988007877822,26988654765548
26988007877822,26988887814039
26988921445878,26988887814039
26988921445878,26989128229653
26988921445878,26989343598017
26988921445878,26989531408998
26988921445878,26989877373830
26989898477446,26989877373830
26989898477446,26990123865571
26989898477446,26990295562771
26989898477446,26990449356459
26989898477446,26990819865986
26990822336118,26990819865986
26990822336118,26991054346240
26990822336118,26991331669784
26990822336118,26991486615866
26990822336118,26991640770558
26991723815506,26991640770558
26991723815506,26991973487359
26991723815506,26992258703368
26991723815506,26992442264592
26991723815506,26992604552371
26991723815506,26992790252588
26992792330892,26992790252588
26992792330892,26993024507896
26992792330892,26993188409258
26993189950550,26993188409258
26993189950550,26993446294771
26993189950550,26993662821817
26993189950550,26993852384772
26993189950550,26994066174271
26993189950550,26994554243532
26994582792733,26994554243532
26994582792733,26994841919403
26994582792733,26994979515880
26994582792733,26995151266024
26995153388736,26995151266024
26995153388736,26995343342653
26995153388736,26995482991150
26995153388736,26995631232330
26995153388736,26995869794479
26995153388736,26996367703237
26996396060024,26996367703237
26996396060024,26996671987898
26996396060024,26996847071102
26996396060024,26996988275882
26996396060024,26997428052219
26997430049975,26997428052219
26997430049975,26997675114892
26997430049975,26997846731556
26997430049975,26997983069793
26997984829726,26997983069793
26997984829726,26998160246993
26997984829726,26998413339324
26997984829726,26998576883893
26997984829726,26998855048672
26997984829726,26999385391496
26999387623108,26999385391496
26999387623108,26999577341314
26999387623108,26999782361566
26999387623108,26999955256970
26999387623108,27000279592941
27000281962029,27000279592941
27000281962029,27000458050612
27000281962029,27000709450700
27000281962029,27000873572251
27000281962029,27001217039168
27001219454661,27001217039168
27001219454661,27001496521752
27001219454661,27001676628559
27001219454661,27001819347361
27001219454661,27002174444262
27002178812803,27002174444262
27002178812803,27002395898551
27002178812803,27002595448665
27002178812803,27002739262595
27002178812803,27002884439077
27002740510834,27002884439077
27002740510834,27003025083469
27002740510834,27003187223696
27002740510834,27003520040687
27002740510834,27004016044880
27004031581874,27004016044880
27004031581874,27004224235190
27004031581874,27004384551006
27004031581874,27004682865143
27004684420171,27004682865143
27004684420171,27004904442029
27004684420171,27005178240320
27004684420171,27005314021419
27004684420171,27005702136550
27005704612983,27005702136550
27005704612983,27005922058017
27005704612983,27006081316054
27005704612983,27006269692269
27005704612983,27006467671886
27005704612983,27006971805987
27006977623709,27006971805987
27006977623709,27007251099885
27006977623709,27007440642306
27007442313234,27007440642306
27007442313234,27007647157537
27007442313234,27007885615352
27007442313234,27008007311117
27007442313234,27008151465570
27007442313234,27008323310482
27007442313234,27008709430330
27008740388717,27008709430330
27008740388717,27008962140920
27008740388717,27009142251335
27009159172933,27009142251335
27009159172933,27009399609297
27009159172933,27009569763480
27009159172933,27009748033011
27009159172933,27009891706550
27009159172933,27010050168910
27010076355593,27010050168910
27010076355593,27010229026523
27010076355593,27010418469746
27010076355593,27010599762407
27010076355593,27010988881262
27010076355593,27011353261120
27011519532696,27011353261120
27011519532696,27011677973550
27011519532696,27011879036661
27011519532696,27012026418971
27011519532696,27012174988078
27012176397945,27012174988078
27012176397945,27012399985288
27012176397945,27012567517894
27012176397945,27012700176872
27012702432257,27012700176872
27012702432257,27012959570280
27012702432257,27013144500947
27012702432257,27013327180431
27012702432257,27013586024096
27012702432257,27014055478771
27014056932963,27014055478771
27014056932963,27014286370174
27014056932963,27014494194612
27014056932963,27014676381986
27014677730482,27014676381986
27014677730482,27014815643563
27014677730482,27014983591412
27014677730482,27015213330244
27014677730482,27015485476254
27014677730482,27015870294271
27015897423527,27015870294271
27015897423527,27016163405381
27015897423527,27016329961445
27015897423527,27016498653042
27015897423527,27016782407389
27016807156946,27016782407389
27016807156946,27017039722129
27016807156946,27017191094245
27016807156946,27017408405077
27017411695274,27017408405077
27017411695274,27017600325190
27017411695274,27017734034346
27017411695274,27017969949918
27017411695274,27018192045911
27017411695274,27018627374093
27018653756730,27018627374093
27018653756730,27019014781394
27018653756730,27019166086625
27018653756730,27019296489454
27018653756730,27019484348541
27019531537096,27019484348541
27019531537096,27019751131338
27019531537096,27019979304258
27019531537096,27020185235452
27019531537096,27020391460549
27020459795053,27020391460549
27020459795053,27020673100425
27020459795053,27020860197235
27020459795053,27021051352657
27021054541579,27021051352657
27021054541579,27021259056521
27021054541579,27021418446509
27021054541579,27021583877328
27021054541579,27021946047204
27021054541579,27022342086095
27022387502021,27022342086095
27022387502021,27022561722700
27022387502021,27022783353071
27022387502021,27022953666350
27022956245321,27022953666350
27022956245321,27023199458722
27022956245321,27023372188495
27022956245321,27023540989159
27022956245321,27023785780460
27022956245321,27024416930373
27024568219054,27024416930373
27024568219054,27024851351025
27024568219054,27025077326266
27024568219054,27025267506502
27024568219054,27025471712023
27025590325116,27025471712023
27025590325116,27025832525755
27025590325116,27026083365748
27025590325116,27026224202221
27025590325116,27026580125369
27026582464329,27026580125369
27026582464329,27026785277606
27026582464329,27026954156598
27026582464329,27027194999344
27026582464329,27027476875101
27027497287414,27027476875101
27027497287414,27027749948660
27027497287414,27027933330616
27027497287414,27028126694277
27027497287414,27028415211137
27028432534564,27028415211137
27028432534564,27028657157456
27028432534564,27028827770443
27028432534564,27029056628826
27028432534564,27029329614541
27029349521509,27029329614541
27029349521509,27029583234286
27029349521509,27029803189310
27029349521509,27029945356527
27029947570437,27029945356527
27029947570437,27030185190996
27029947570437,27030353359311
27029947570437,27030515045538
27029947570437,27030804597781
27029947570437,27031239295727
27031308625825,27031239295727
27031308625825,27031598732201
27031308625825,27031840541059
27031308625825,27032026470789
27031308625825,27032227348677
27031308625825,27032440805323
27032289500655,27032440805323
27032289500655,27032674777290
27032289500655,27032840936694
27032879242861,27032840936694
27032879242861,27033063082423
27032879242861,27033231715150
27032879242861,27033357265850
27032879242861,27033768127015
27032879242861,27034163263453
27034198650949,27034163263453
27034198650949,27034454355398
27034198650949,27034646476311
27034198650949,27034813841540
27034816138762,27034813841540
27034816138762,27035023919057
27034816138762,27035180216029
27034816138762,27035358270574
27034816138762,27035568798906
27034816138762,27035998915120
27036043173830,27035998915120
27036043173830,27036331205667
27036043173830,27036504428079
27036043173830,27036690193709
27036043173830,27036970990834
27036043173830,27037190247265
27037019963837,27037190247265
27037019963837,27037392113900
27037019963837,27037624250960
27037019963837,27037868982531
27037947250524,27037868982531
27037947250524,27038229095833
27037947250524,27038427309694
27037947250524,27038579811992
27037947250524,27038804762993
27038861850528,27038804762993
27038861850528,27039062321998
27038861850528,27039245837753
27038861850528,27039445432733
27039447681449,27039445432733
27039447681449,27039702385008
27039447681449,27039840282659
27039447681449,27039983400555
27039447681449,27040205515514
27039447681449,27040579146479
27040633659145,27040579146479
27040633659145,27040800196008
27040633659145,27041069337789
27040633659145,27041342704482
27040633659145,27041500766804
27041506191218,27041500766804
27041506191218,27041734243151
27041506191218,27041991977468
27041506191218,27042174441023
27041506191218,27042454125447
27042474805412,27042454125447
27042474805412,27042742305103
27042474805412,27042907190231
27042474805412,27043108757744
27042474805412,27043353357901
27043370110031,27043353357901
27043370110031,27043644523904
27043370110031,27043823555322
27043830659291,27043823555322
27043830659291,27044062204669
27043830659291,27044217326085
27043830659291,27044368940164
27043830659291,27044519200750
27043830659291,27044706830184
27043830659291,27045260759475
27045263182135,27045260759475
27045263182135,27045461650787
27045263182135,27045620617939
27045263182135,27045797669622
27045263182135,27046140776413
27046143071782,27046140776413
27046143071782,27046266245538
27046143071782,27046731827734
27046875316095,27046731827734
27046875316095,27046873196505
27046875316095,27047136358668
27046875316095,27047301417731
27046875316095,27047460015824
27046875316095,27047709279064
27046875316095,27048134280005
27048213982841,27048134280005
27048213982841,27048481505203
27048213982841,27048645474501
27048213982841,27048778192707
27048213982841,27049051914356
27049146396433,27049051914356
27049146396433,27049375037700
27049146396433,27049555368596
27049146396433,27049714165729
27049716390999,27049714165729
27049716390999,27049979931346
27049716390999,27050153739243
27049716390999,27050327122551
27049716390999,27050641555548
27050646206016,27050641555548
27050646206016,27050876557737
27050646206016,27051097250288
27050646206016,27051338756100
27050646206016,27051574287757
27050646206016,27052085015051
27052086710858,27052085015051
27052086710858,27052262224749
27052086710858,27052491270098
27052086710858,27052720873522
27052086710858,27052933265042
27053057925317,27052933265042
27053057925317,27053301073144
27053057925317,27053501465245
27053057925317,27053746960790
27053748503032,27053746960790
27053748503032,27053920931253
27053748503032,27054073127928
27053748503032,27054271155296
27053748503032,27054511476529
27054544596233,27054511476529
27054544596233,27054784023988
27054544596233,27054929304289
27054544596233,27055088934695
27054544596233,27055380106402
27055432630923,27055380106402
27055432630923,27055639780386
27055432630923,27055789906089
27055432630923,27055992487842
27055432630923,27056426092079
27055432630923,27056818276975
27056824299650,27056818276975
27056824299650,27057011949431
27056824299650,27057186545641
27056824299650,27057369346147
27057371773643,27057369346147
27057371773643,27057636107161
27057371773643,27057798273285
27057371773643,27057966289959
27057371773643,27058214986897
27057371773643,27058673354781
27058727397248,27058673354781
27058727397248,27059022163809
27058727397248,27059202256443
27058727397248,27059430374933
27058727397248,27059599117107
27058727397248,27059795350691
27059603409424,27059795350691
27059603409424,27059952617136
27059603409424,27060111959705
27060139964334,27060111959705
27060139964334,27060390605217
27060139964334,27060566647953
27060139964334,27060840034466
27060139964334,27061117142989
27060139964334,27061488107029
27061633157417,27061488107029
27061633157417,27061894065858
27061633157417,27062049955035
27061633157417,27062218588410
27061633157417,27062563130122
27062564731903,27062563130122
27062564731903,27062831106707
27062564731903,27062990787297
27062564731903,27063227852660
27062564731903,27063548100378
27063576017321,27063548100378
27063576017321,27063909607758
27063576017321,27064079386459
27063576017321,27064288201756
27063576017321,27064555415175
27064556980543,27064555415175
27064556980543,27064810358805
27064556980543,27065014356066
27064556980543,27065206844451
27064556980543,27065327573517
27065330747086,27065327573517
27065330747086,27065587146276
27065330747086,27065766180823
27065330747086,27065925244212
27065330747086,27066338630010
27066353159725,27066338630010
27066353159725,27066887929993
27066892712824,27066887929993
27066892712824,27067044887765
27066892712824,27067238388539
27066892712824,27067390292787
27066892712824,27067571384632
27066892712824,27067737281109
27066892712824,27067916297362
27066892712824,27068347333499
27068350583064,27068347333499
27068350583064,27068572486997
27068350583064,27068762808613
27068350583064,27069023346125
27068350583064,27069160974662
27069623215359,27069160974662
27069623215359,27069883490564
27069623215359,27070157142401
27069623215359,27070333282374
27069623215359,27070567628205
27070570834398,27070567628205
27070570834398,27070803483644
27070570834398,27071007763483
27070570834398,27071206511639
27070570834398,27071572254888
27071574530426,27071572254888
27071574530426,27071797659300
27071574530426,27072056713499
27072064414669,27072056713499
27072064414669,27072305475021
27072064414669,27072458382936
27072064414669,27072628445793
27072064414669,27072804834039
27072064414669,27072957410520
27072064414669,27073431413357
27073441397351,27073431413357
27073441397351,27073706617064
27073441397351,27073888125991
27073441397351,27074033072103
27073441397351,27074281988360
27074368467346,27074281988360
27074368467346,27074588403765
27074368467346,27074814295736
27074368467346,27075017197738
27074368467346,27075414349799
27075416856342,27075414349799
27075416856342,27075660751951
27075416856342,27075845591671
27075416856342,27075949743121
27075951491137,27075949743121
27075951491137,27076128037442
27075951491137,27076353796310
27075951491137,27076499953607
27075951491137,27076849081713
27076851930559,27076849081713
27076851930559,27077076492282
27076851930559,27077234226574
27076851930559,27077443861698
27076851930559,27077667128829
27076851930559,27078057171110
27078153923985,27078057171110
27078153923985,27078386414340
27078153923985,27078580317289
27078153923985,27078741252115
27078153923985,27079087126806
27079126302156,27079087126806
27079126302156,27079362252500
27079126302156,27079548325007
27079126302156,27079772237540
27079126302156,27079936305176
27080005365895,27079936305176
27080005365895,27080278947079
27080005365895,27080463247543
27080005365895,27080646207261
27080005365895,27080993906861
27081056489801,27080993906861
27081056489801,27081330671174
27081056489801,27081515308276
27081056489801,27081684205487
27081686780705,27081684205487
27081686780705,27081887172160
27081686780705,27082048476960
27081686780705,27082225407138
27081686780705,27082518621694
27082527262146,27082518621694
27082527262146,27082748979896
27082527262146,27083011606281
27082527262146,27083185749909
27082527262146,27083470973584
27083498269130,27083470973584
27083498269130,27083816376966
27083498269130,27083979814635
27083498269130,27084185916838
27083498269130,27084383786955
27083498269130,27084879618955
27084881393475,27084879618955
27084881393475,27085414288310
27084881393475,27085575598672
27084881393475,27085732150271
27085733274516,27085732150271
27085733274516,27085974331034
27085733274516,27086112444368
27085733274516,27086274883595
27085733274516,27086566401476
27085733274516,27087084052585
27087092565514,27087084052585
27087092565514,27087297961219
27087092565514,27087477535492
27087092565514,27087672109799
27087092565514,27087957335113
27088024580098,27087957335113
27088024580098,27088298589458
27088024580098,27088457747685
27088024580098,27088627028586
27088024580098,27088922229478
27088924222347,27088922229478
27088924222347,27089190469144
27088924222347,27089394497723
27088924222347,27089638441558
27088924222347,27089842745446
27089641253233,27089842745446
27089641253233,27089995263062
27089641253233,27090165733462
27089641253233,27090384310031
27089641253233,27090793218867
27090864063309,27090793218867
27090864063309,27091130501901
27090864063309,27091255398768
27090864063309,27091397972599
27091399815073,27091397972599
27091399815073,27091637849892
27091399815073,27091782351019
27091399815073,27091949298858
27091399815073,27092246225572
27092280995882,27092246225572
27092280995882,27092566311790
27092280995882,27092699528988
27092280995882,27092838537305
27092280995882,27093230644396
27093234057927,27093230644396
27093234057927,27093467210576
27093234057927,27093614362283
27093234057927,27093792214716
27093234057927,27094062468334
27093234057927,27094520030994
27094521993941,27094520030994
27094521993941,27094740397618
27094521993941,27094934505822
27094521993941,27095128486139
27094521993941,27095353338998
27095438920338,27095353338998
27095438920338,27095699732353
27095438920338,27095867977847
27095438920338,27096026696573
27095438920338,27096496276765
27096498611465,27096496276765
27096498611465,27096775244962
27096498611465,27096922993733
27096498611465,27097065789757
27096498611465,27097425298593
27097487198812,27097425298593
27097487198812,27097658245928
27097487198812,27097918242219
27097487198812,27098085171732
27097487198812,27098379355961
27098438110331,27098379355961
27098438110331,27098696212343
27098438110331,27098829311348
27098438110331,27098976941908
27098438110331,27099388087097
27099389389457,27099388087097
27099389389457,27099618798106
27099389389457,27099749355194
27099389389457,27099905791885
27099389389457,27100194571753
27100275739314,27100194571753
27100275739314,27100549874621
27100275739314,27100728208321
27100275739314,27100907078015
27100275739314,27101187691396
27101313151929,27101187691396
27101313151929,27101548642108
27101313151929,27101685079550
27101313151929,27101952465888
27101313151929,27102323254362
27102325038618,27102323254362
27102325038618,27102568462157
27102325038618,27102793307709
27102794875418,27102793307709
27102794875418,27103029710998
27102794875418,27103213164553
27102794875418,27103362239144
27102794875418,27103545219312
27102794875418,27103729758379
27102794875418,27104034984066
27104118498060,27104034984066
27104118498060,27104300580918
27104118498060,27104496297723
27104118498060,27104737869580
27104118498060,27105036814857
27104118498060,27105231117907
27105055252692,27105231117907
27105055252692,27105407274766
27105055252692,27105524206755
27105526289811,27105524206755
27105526289811,27105774134572
27105526289811,27105951461227
27105526289811,27106162432552
27105526289811,27106434231301
27105526289811,27106805418914
27106914624653,27106805418914
27106914624653,27107104317189
27106914624653,27107302861197
27107354464253,27107302861197
27107354464253,27107555868302
27107354464253,27107739027444
27107354464253,27107866445837
27107354464253,27108054957168
27107354464253,27108354529484
27108356233045,27108354529484
27108356233045,27108604981588
27108356233045,27108731635801
27108356233045,27108941288519
27108356233045,27109086425698
27108356233045,27109627620739
27109631728202,27109627620739
27109631728202,27109851628302
27109631728202,27110012793876
27109631728202,27110248563411
27110250238795,27110248563411
27110250238795,27110465314274
27110250238795,27110610045943
27110250238795,27110804806851
27110250238795,27111048428250
27110250238795,27111458694177
27111538616195,27111458694177
27111538616195,27111839069151
27111538616195,27112014991698
27111538616195,27112167356244
27111538616195,27112569905386
27112571840972,27112569905386
27112571840972,27112814057630
27112571840972,27113038656173
27112571840972,27113218831076
27113220069138,27113218831076
27113220069138,27113350145688
27113220069138,27113471346049
27113220069138,27113639297257
27113220069138,27113805524203
27113220069138,27114290247394
27114403902280,27114290247394
27114403902280,27114646816954
27114403902280,27114923574113
27114403902280,27115090557337
27114403902280,27115322307258
27115361953763,27115322307258
27115361953763,27115625365775
27115361953763,27115811488681
27115821329556,27115811488681
27115821329556,27116013687814
27115821329556,27116167370296
27115821329556,27116322296845
27115821329556,27116516304275
27115821329556,27116672254520
27115821329556,27117078405233
27117187587623,27117078405233
27117187587623,27117463688469
27117187587623,27117727855420
27117187587623,27117922362376
27117925601177,27117922362376
27117925601177,27118183616188
27117925601177,27118364807655
27117925601177,27118511926033
27117925601177,27118695525566
27118696842232,27118695525566
27118696842232,27118965794057
27118696842232,27119093949571
27118696842232,27119322939387
27118696842232,27119492481239
27118696842232,27119946317668
27120106477954,27119946317668
27120106477954,27120352769459
27120106477954,27120500427783
27120106477954,27120687533332
27120106477954,27120951494142
27120954107204,27120951494142
27120954107204,27121144776067
27120954107204,27121396106570
27120954107204,27121561047825
27121562541569,27121561047825
27121562541569,27121788913074
27121562541569,27121940962247
27121562541569,27122121213388
27121562541569,27122387249928
27121562541569,27122771205750
27122777779667,27122771205750
27122777779667,27123007747111
27122777779667,27123193045774
27122777779667,27123368895207
27122777779667,27123554374998
27123751817789,27123554374998
27123751817789,27124010429118
27123751817789,27124208189848
27123751817789,27124376979451
27123751817789,27124698825954
27124722194591,27124698825954
27124722194591,27124888280089
27124722194591,27125086233616
27124722194591,27125227051186
27124722194591,27125716046612
27125719640025,27125716046612
27125719640025,27125907064537
27125719640025,27126037327646
27125719640025,27126205997707
27125719640025,27126475358419
27126540760791,27126475358419
27126540760791,27126794571262
27126540760791,27126997022406
27126540760791,27127164806671
27127166966610,27127164806671
27127166966610,27127428607206
27127166966610,27127622215329
27127166966610,27127784783821
27127166966610,27127955079041
27127166966610,27128300364936
27128345924097,27128300364936
27128345924097,27128607518328
27128345924097,27128773174212
27128345924097,27128913802496
27128345924097,27129236280119
27129238127529,27129236280119
27129238127529,27129428116077
27129238127529,27129604409208
27129238127529,27129877361634
27129238127529,27130168406373
27130169588944,27130168406373
27130169588944,27130462942868
27130169588944,27130630377490
27130169588944,27130804841172
27130169588944,27131063803682
27131065500067,27131063803682
27131065500067,27131292422514
27131065500067,27131456234367
27131457480533,27131456234367
27131457480533,27131652388749
27131457480533,27131810024831
27131457480533,27132006492608
27131457480533,27132173250480
27131457480533,27132326237037
27132358881575,27132326237037
27132358881575,27132810511417
27132358881575,27132956283509
27132358881575,27133117222462
27132358881575,27133545471190
27133616076159,27133545471190
27133616076159,27133847204534
27133616076159,27134026051735
27133616076159,27134226540908
27133616076159,27134406283525
27133616076159,27134827259369
27134854844824,27134827259369
27134854844824,27135119122127
27134854844824,27135334355598
27134854844824,27135546212205
27134854844824,27135769047494
27135842614844,27135769047494
27135842614844,27136058013506
27135842614844,27136218215233
27135842614844,27136461821169
27135842614844,27136839131832
27136869635358,27136839131832
27136869635358,27137113144809
27136869635358,27137340258851
27136869635358,27137514068621
27136869635358,27137800986811
27137894013549,27137800986811
27137894013549,27138077327241
27137894013549,27138242775692
27137894013549,27138416407336
27138418137643,27138416407336
27138418137643,27138608726728
27138418137643,27138869313727
27138418137643,27139035316316
27138418137643,27139257932911
27138418137643,27139738129408
27139782266170,27139738129408
27139782266170,27140003793156
27139782266170,27140231351881
27139782266170,27140447844168
27139782266170,27140695470955
27140715999794,27140695470955
27140715999794,27140980679831
27140715999794,27141155145645
27140715999794,27141356202848
27140715999794,27141564567229
27141656699678,27141564567229
27141656699678,27141860956511
27141656699678,27142057439832
27141656699678,27142319285115
27142321804718,27142319285115
27142321804718,27142591140388
27142321804718,27142781313331
27142321804718,27142944327289
27142321804718,27143071708466
27143074920998,27143071708466
27143074920998,27143316509723
27143074920998,27143485269355
27143074920998,27143750862649
27143074920998,27143991789354
27143993583103,27143991789354
27143993583103,27144187542420
27143993583103,27144337456097
27143993583103,27144518818553
27143993583103,27144777365096
27143993583103,27145307926133
27145577955071,27145307926133
27145577955071,27145808594193
27145577955071,27145996024799
27145577955071,27146233782586
27145577955071,27146576163941
27146578927760,27146576163941
27146578927760,27146816462977
27146578927760,27146971085628
27146578927760,27147135582103
27146578927760,27147524840278
27147526609892,27147524840278
27147526609892,27147728440854
27147526609892,27148027902501
27147526609892,27148199405451
27147526609892,27148501453986
27148503323139,27148501453986
27148503323139,27148765743463
27148503323139,27148951029156
27148503323139,27149153122895
27148503323139,27149293064815
27149326859916,27149293064815
27149326859916,27149550192336
27149326859916,27149716245035
27149326859916,27149919459716
27149326859916,27150227411469
27150282503623,27150227411469
27150282503623,27150556337971
27150282503623,27150701373839
27150282503623,27150849536828
27150282503623,27151174024607
27151219593254,27151174024607
27151219593254,27151436757959
27151219593254,27151622512273
27151219593254,27151753620440
27151759106048,27151753620440
27151759106048,27151937952475
27151759106048,27152093933390
27151759106048,27152303122898
27151759106048,27152658744584
27151759106048,27152954193813
27153052501351,27152954193813
27153052501351,27153264997068
27153052501351,27153538324307
27153052501351,27153673619391
27153052501351,27154003456747
27154067577903,27154003456747
27154067577903,27154227412782
27154067577903,27154564684321
27154067577903,27154723516260
27154067577903,27154883138893
27154967545219,27154883138893
27154967545219,27155141181309
27154967545219,27155461224567
27154967545219,27155645788944
27154967545219,27155932968046
27154967545219,27156200942733
