26666980326788,26667902349110
26666980326788,26668220448336
26668330899601,26668220448336
26668330899601,26668594434781
26668330899601,26668757789997
26668330899601,26668904211714
26668330899601,26669220404187
26669278071726,26669220404187
26669278071726,26669572135893
26669278071726,26669733066210
26669278071726,26669911375644
26669278071726,26670174126206
26670178388722,26670174126206
26670178388722,26670517256591
26670178388722,26670692307238
26670178388722,26670830476576
26670178388722,26671102884200
26671105469546,26671102884200
26671105469546,26671333600715
26671105469546,26671611180119
26671105469546,26671773361597
26671105469546,26672017139338
26672018796522,26672017139338
26672018796522,26672232335193
26672018796522,26672397230869
26672018796522,26672639133030
26672018796522,26672924607889
26673030047205,26672924607889
26673030047205,26673255480630
26673030047205,26673459465064
26673030047205,26673597186566
26673599630908,26673597186566
26673599630908,26673827164299
26673599630908,26673988103924
26673599630908,26674163266204
26673599630908,26674452235383
26673599630908,26674825452954
26674887163574,26674825452954
26674887163574,26675156488480
26674887163574,26675353248347
26674887163574,26675576410613
26674887163574,26675758107235
26675760895907,26675758107235
26675760895907,26675972917062
26675760895907,26676275342135
26675760895907,26676520755233
26675760895907,26676754293592
26676756142390,26676754293592
26676756142390,26676991250016
26676756142390,26677237319130
26676756142390,26677386659506
26676756142390,26677677720608
26677680601516,26677677720608
26677680601516,26677885410344
26677680601516,26678195242654
26677680601516,26678405383045
26677680601516,26678538956176
26678584142577,26678538956176
26678584142577,26678766444277
26678584142577,26679043162315
26678584142577,26679203832760
26678584142577,26679486746490
26679563772273,26679486746490
26679563772273,26679778343055
26679563772273,26679926156977
26679563772273,26680158497048
26679563772273,26680350340754
26680432317294,26680350340754
26680432317294,26680704442421
26680432317294,26680845334694
26680432317294,26681062116140
26680432317294,26681346692854
26681412842267,26681346692854
26681412842267,26681652967988
26681412842267,26681864034365
26681412842267,26682041477449
26681412842267,26682263825804
26682265771518,26682263825804
26682265771518,26682561550108
26682265771518,26682693143366
26682265771518,26682857440322
26682265771518,26683156356115
26683242583413,26683156356115
26683242583413,26683515985515
26683242583413,26683682721928
26683242583413,26683915727777
26683242583413,26684170276262
26684181418197,26684170276262
26684181418197,26684394234062
26684181418197,26684568361078
26684181418197,26684743856714
26684181418197,26685061115930
26685458303264,26685061115930
26685458303264,26685698087151
26685458303264,26685845203994
26685458303264,26686095075274
26685458303264,26686390233190
26686392916251,26686390233190
26686392916251,26686573991929
26686392916251,26686701121995
26686392916251,26686874403979
26686876806758,26686874403979
26686876806758,26687138921460
26686876806758,26687359477783
26686876806758,26687536381531
26686876806758,26687664749369
26686876806758,26688083617707
26688155329096,26688083617707
26688155329096,26688388019782
26688155329096,26688597917042
26688155329096,26688849256966
26688155329096,26689097193556
26689152551048,26689097193556
26689152551048,26689431873604
26689152551048,26689583136766
26689152551048,26689714786712
26689152551048,26690130252947
26690133050734,26690130252947
26690133050734,26690363610606
26690133050734,26690558213592
26690133050734,26690707210306
26690708970280,26690707210306
26690708970280,26690913477521
26690708970280,26691138442294
26690708970280,26691280230847
26690708970280,26691456304803
26691458071343,26691456304803
26691458071343,26691726587597
26691458071343,26691908441109
26691458071343,26692124171624
26691458071343,26692275251767
26691458071343,26692832740321
26692836751471,26692832740321
26692836751471,26693092167485
26692836751471,26693239304412
26692836751471,26693401684428
26692836751471,26693721478176
26693765469407,26693721478176
26693765469407,26694010071662
26693765469407,26694137422031
26693765469407,26694359248138
26693765469407,26694650751281
26694654696640,26694650751281
26694654696640,26694914636836
26694654696640,26695050518169
26694654696640,26695230236165
26695232966098,26695230236165
26695232966098,26695390367841
26695232966098,26695594943225
26695232966098,26695771258504
26695232966098,26696036488970
26695232966098,26696551588954
26696576114767,26696551588954
26696576114767,26696830366692
26696576114767,26697042149804
26696576114767,26697266844469
26697269258837,26697266844469
26697269258837,26697451395723
26697269258837,26697600509077
26697269258837,26697761157155
26697269258837,26698084593580
26697269258837,26698360558426
26698490936835,26698360558426
26698490936835,26698812492430
26698490936835,26698996449501
26698490936835,26699148065817
26699151086322,26699148065817
26699151086322,26699346775747
26699151086322,26699495646028
26699151086322,26699634471658
26699151086322,26699908323513
26699923647321,26699908323513
26699923647321,26700146677228
26699923647321,26700320970032
26699923647321,26700519978192
26699923647321,26700934879654
26699923647321,26701195328058
26699923647321,26701593784887
26701595324095,26701593784887
26701595324095,26701734718658
26701595324095,26701908925615
26701595324095,26702226803928
26702278783997,26702226803928
26702278783997,26702448690290
26702278783997,26702623135526
26702278783997,26702808759632
26702830063445,26702808759632
26702830063445,26703051164775
26702830063445,26703204795786
26702830063445,26703369030864
26702830063445,26703715412536
26702830063445,26704177399283
26702830063445,26704401881785
26704215416075,26704401881785
26704215416075,26704640308599
26704215416075,26704796457388
26704215416075,26705121325581
26705245679186,26705121325581
26705245679186,26705499165762
26705245679186,26705653772223
26705245679186,26705844611910
26705845835262,26705844611910
26705845835262,26706014878102
26705845835262,26706169367099
26705845835262,26706306556555
26705845835262,26706666050450
26705845835262,26707016200825
26707018088091,26707016200825
26707018088091,26707186253391
26707018088091,26707346133510
26707018088091,26707545517924
26707549162186,26707545517924
26707549162186,26707810447742
26707549162186,26708025635904
26707549162186,26708183556175
26707549162186,26708343587712
26707549162186,26708782550045
26708876024798,26708782550045
26708876024798,26709137616462
26708876024798,26709390334203
26708876024798,26709560529290
26708876024798,26709765583956
26709867449167,26709765583956
26709867449167,26710161284974
26709867449167,26710314470474
26709867449167,26710536066640
26709867449167,26710781135856
26710873250092,26710781135856
26710873250092,26711131861503
26710873250092,26711319260067
26710873250092,26711504554404
26710873250092,26711713998086
26711506863320,26711713998086
26711506863320,26711899343043
26711506863320,26712059468427
26711506863320,26712222855249
26711506863320,26712744490800
26712764182159,26712744490800
26712764182159,26713008441287
26712764182159,26713224603157
26712764182159,26713383700173
26712764182159,26713919653143
26713922373870,26713919653143
26713922373870,26714161236206
26713922373870,26714341816620
26713922373870,26714470393643
26713922373870,26714768498462
26714770623812,26714768498462
26714770623812,26714967113131
26714770623812,26715143313994
26714770623812,26715316200590
26715345481437,26715316200590
26715345481437,26715568099399
26715345481437,26715701115411
26715345481437,26715923253996
26715345481437,26716111483387
26715345481437,26716619909100
26716622043226,26716619909100
26716622043226,26716871020359
26716622043226,26717036035810
26717063162185,26717036035810
26717063162185,26717269480002
26717063162185,26717477414132
26717063162185,26717658174534
26717063162185,26717835983335
26717063162185,26718008740777
26717063162185,26718446376921
26718591402044,26718446376921
26718591402044,26718825841492
26718591402044,26718966628374
26718591402044,26719115148788
26718591402044,26719341486569
26719344259776,26719341486569
26719344259776,26719477259967
26719344259776,26719784061051
26719344259776,26719923507817
26719344259776,26720009211678
26719924928267,26720009211678
26719924928267,26720440802037
26719924928267,26720553243412
26719924928267,26720892979296
26719924928267,26721465397447
26721501256353,26721465397447
26721501256353,26721772187925
26721501256353,26721957512420
26721501256353,26722131032263
26721501256353,26722368860149
26722509415904,26722368860149
26722509415904,26722846054919
26722509415904,26722997285027
26722509415904,26723136329896
26722509415904,26723401039411
26723502927954,26723401039411
26723502927954,26723777333088
26723502927954,26724018433863
26723502927954,26724198173383
26723502927954,26724330503481
26724199380869,26724330503481
26724199380869,26724485695403
26724199380869,26724621361161
26724199380869,26724920314760
26724199380869,26725244230732
26725311256165,26725244230732
26725311256165,26725588081279
26725311256165,26725754858360
26725311256165,26725927273495
26725928741438,26725927273495
26725928741438,26726123458429
26725928741438,26726271349353
26725928741438,26726426999841
26725928741438,26726663694548
26725928741438,26727016438946
26725928741438,26727263986003
26727071497441,26727263986003
26727071497441,26727457143665
26727071497441,26727646259646
26727647890118,26727646259646
26727647890118,26727868214198
26727647890118,26728109644729
26727647890118,26728346748101
26727647890118,26728486986553
26727647890118,26728894539063
26728971126629,26728894539063
26728971126629,26729172865258
26728971126629,26729378133964
26728971126629,26729595107201
26728971126629,26729850874824
26729957822663,26729850874824
26729957822663,26730195020643
26729957822663,26730485213766
26729957822663,26730632219145
26729957822663,26730832606822
26730960447657,26730832606822
26730960447657,26731215537307
26730960447657,26731418183039
26730960447657,26731606314054
26731608837016,26731606314054
26731608837016,26731836229374
26731608837016,26731989717620
26731608837016,26732155639313
26731608837016,26732280189411
26731608837016,26732685494047
26732745458405,26732685494047
26732745458405,26732951272807
26732745458405,26733124555751
26732745458405,26733381421948
26732745458405,26733696075219
26733698169422,26733696075219
26733698169422,26733937178958
26733698169422,26734107925033
26733698169422,26734254461864
26733698169422,26734510724240
26734512149963,26734510724240
26734512149963,26734734120832
26734512149963,26734949202901
26734512149963,26735122890523
26734512149963,26735423340969
26735484835673,26735423340969
26735484835673,26735750490913
26735484835673,26735916236490
26735484835673,26736173967395
26735484835673,26736434081488
26736484859256,26736434081488
26736484859256,26736757894678
26736484859256,26736932499159
26736484859256,26737188345232
26736484859256,26737427897519
26737456788539,26737427897519
26737456788539,26737619909130
26737456788539,26737826370330
26737456788539,26737983412045
26738684772486,26737983412045
26738684772486,26738683422688
26738684772486,26738981394809
26738684772486,26739184856494
26738684772486,26739422106328
26738684772486,26739576956547
26739788321720,26739576956547
26739788321720,26739977154496
26739788321720,26740164000052
26739788321720,26740358930395
26739788321720,26740548649794
26740629493356,26740548649794
26740629493356,26740854902912
26740629493356,26741093436214
26740629493356,26741298946472
26741299964338,26741298946472
26741299964338,26741576199932
26741299964338,26741723614253
26741299964338,26741911104037
26741299964338,26742081825503
26741299964338,26742483884047
26742553560971,26742483884047
26742553560971,26742769600110
26742553560971,26742990817356
26742553560971,26743204160203
26743208081485,26743204160203
26743208081485,26743369253714
26743208081485,26743512910386
26743208081485,26743727344834
26743208081485,26743901690103
26743208081485,26744279732177
26744333944914,26744279732177
26744333944914,26744649426117
26744333944914,26744804452978
26744807110992,26744804452978
26744807110992,26744992837985
26744807110992,26745215836060
26744807110992,26745353896714
26744807110992,26745508332025
26744807110992,26745690581203
26744807110992,26746080055281
26746156583439,26746080055281
26746156583439,26746329166808
26746156583439,26746575298797
26746156583439,26746711769705
26746156583439,26747022533747
26747128045525,26747022533747
26747128045525,26747397937905
26747128045525,26747558416262
26747128045525,26747751278970
26747128045525,26748203680603
26748212742225,26748203680603
26748212742225,26748445734886
26748212742225,26748610062392
26748212742225,26748753388507
26748212742225,26749065717977
26749067882188,26749065717977
26749067882188,26749283446869
26749067882188,26749464087237
26749067882188,26749674113452
26749067882188,26750360497907
26750401831267,26750360497907
26750401831267,26750596522744
26750401831267,26750873303529
26750401831267,26751057422156
26750401831267,26751359990489
26751367302503,26751359990489
26751367302503,26751590081936
26751367302503,26751754931107
26751367302503,26751968547367
26751367302503,26752416572517
26752424145449,26752416572517
26752424145449,26752688120387
26752424145449,26752898700670
26752424145449,26753085822324
26752424145449,26753389820449
26753392763678,26753389820449
26753392763678,26753578758336
26753392763678,26753843496850
26753392763678,26754013197746
26753392763678,26754302274013
26753392763678,26754565349221
26754404131622,26754565349221
26754404131622,26754796687897
26754404131622,26754954190916
26754955348598,26754954190916
26754955348598,26755143182134
26754955348598,26755305674289
26754955348598,26755477883055
26754955348598,26755687425827
26754955348598,26756092499214
26756094683227,26756092499214
26756094683227,26756279092704
26756094683227,26756492455611
26756094683227,26756717700122
26756094683227,26756979868299
26757059369286,26756979868299
26757059369286,26757267903213
26757059369286,26757477804372
26757059369286,26757667648591
26757669628036,26757667648591
26757669628036,26757838383609
26757669628036,26758005608642
26757669628036,26758233516980
26757669628036,26758508669776
26757669628036,26758901533055
26758908036726,26758901533055
26758908036726,26759145559378
26758908036726,26759389661135
26758908036726,26759579401221
26758908036726,26759826877750
26759905814278,26759826877750
26759905814278,26760154355493
26759905814278,26760317741058
26759905814278,26760469559625
26760471671347,26760469559625
26760471671347,26760648174271
26760471671347,26760812490820
26760471671347,26760998198620
26760471671347,26761304219077
26761392341822,26761304219077
26761392341822,26761623256472
26761392341822,26761834879011
26761392341822,26762008839301
26761392341822,26762305986443
26761392341822,26762723678082
26762868706080,26762723678082
26762868706080,26763078165575
26762868706080,26763218794114
26762868706080,26763340350353
26763382328905,26763340350353
26763382328905,26763825368530
26763382328905,26764058227662
26763382328905,26764287980540
26763382328905,26764559274033
26763382328905,26764907279566
26764982717940,26764907279566
26764982717940,26765260607147
26764982717940,26765444222721
26764982717940,26765622362114
26764982717940,26765833684492
26765929919450,26765833684492
26765929919450,26766115720904
26765929919450,26766353692935
26765929919450,26766500784619
26765929919450,26766758558069
26766824496335,26766758558069
26766824496335,26766969337448
26766824496335,26767186233145
26766824496335,26767396810244
26766824496335,26767666260580
26767742867074,26767666260580
26767742867074,26768047932114
26767742867074,26768211959454
26768214785078,26768211959454
26768214785078,26768388551134
26768214785078,26768555817521
26768214785078,26768696876089
26768214785078,26768830239338
26768214785078,26769104877634
26768214785078,26769497127982
26769500267111,26769497127982
26769500267111,26769682864870
26769500267111,26769856536360
26769500267111,26770019661903
26770021412366,26770019661903
26770021412366,26770197151858
26770021412366,26770355556367
26770021412366,26770551741662
26770021412366,26770792252340
26770021412366,26771297052924
26771299870874,26771297052924
26771299870874,26771593339595
26771299870874,26771761723121
26771299870874,26771967283179
26771969376792,26771967283179
26771969376792,26772149050741
26771969376792,26772278312848
26771969376792,26772441862574
26771969376792,26772598194966
26771969376792,26773138463704
26773140027238,26773138463704
26773140027238,26773380865439
26773140027238,26773500116165
26773140027238,26773707459746
26773140027238,26773994157880
26774029179784,26773994157880
26774029179784,26774274353366
26774029179784,26774422158810
26774029179784,26774622433884
26774625547450,26774622433884
26774625547450,26774923984895
26774625547450,26775069251397
26774625547450,26775244329672
26774625547450,26775396867688
26774625547450,26775838858834
26775841119988,26775838858834
26775841119988,26776127481628
26775841119988,26776275248692
26775841119988,26776398163404
26775841119988,26776851157566
26776852671125,26776851157566
26776852671125,26777082177760
26776852671125,26777236257690
26776852671125,26777371699271
26777374685068,26777371699271
26777374685068,26777631900844
26777374685068,26777790398157
26777374685068,26777996731634
26777374685068,26778236628484
26777374685068,26778628296214
26778777056440,26778628296214
26778777056440,26779052263916
26778777056440,26779234909585
26778777056440,26779383938288
26778777056440,26779536224816
26779638491899,26779536224816
26779638491899,26779861473015
26779638491899,26780056346413
26779638491899,26780201348894
26779638491899,26780557257857
26780596462787,26780557257857
26780596462787,26780822274435
26780596462787,26780956766136
26780596462787,26781161256714
26780596462787,26781430346929
26781528160827,26781430346929
26781528160827,26781809087832
26781528160827,26782009941419
26781528160827,26782160295938
26782162696615,26782160295938
26782162696615,26782326516844
26782162696615,26782516882015
26782162696615,26782677479199
26782162696615,26782963886351
26782162696615,26783472743504
26783493392420,26783472743504
26783493392420,26783800621958
26783493392420,26783956629986
26783493392420,26784107051992
26783493392420,26784409839531
26784614182269,26784409839531
26784614182269,26784802105741
26784614182269,26784970518665
26784614182269,26785134498020
26784614182269,26785330702915
26784614182269,26785653687860
26785487303370,26785653687860
26785487303370,26785808865233
26785487303370,26785972404429
26785487303370,26786189498142
26786221331793,26786189498142
26786221331793,26786691587371
26786221331793,26786874303594
26786221331793,26787004128133
26786221331793,26787512930318
26787515439568,26787512930318
26787515439568,26787683524018
26787515439568,26787867526816
26787515439568,26788049479682
26787515439568,26788361358415
26788373363820,26788361358415
26788373363820,26788571180160
26788373363820,26788844141227
26788373363820,26789044360846
26788373363820,26789272718093
26789347431330,26789272718093
26789347431330,26789660349038
26789347431330,26789802746363
26789347431330,26789975062995
26789347431330,26790220111568
26790240927210,26790220111568
26790240927210,26790487032455
26790240927210,26790656034745
26790240927210,26790847848806
26790240927210,26791138891554
26791184646019,26791138891554
26791184646019,26791356958006
26791184646019,26791571371329
26791184646019,26791764272633
26791184646019,26791969701831
26791766566209,26791969701831
26791766566209,26792164487538
26791766566209,26792438031838
26791766566209,26792605952736
26791766566209,26793042269780
26793123125735,26793042269780
26793123125735,26793423664504
26793123125735,26793564929590
26793123125735,26793781889883
26793123125735,26793964994572
26794032799398,26793964994572
26794032799398,26794342513177
26794032799398,26794471503123
26794032799398,26794680439800
26794682795430,26794680439800
26794682795430,26794930960541
26794682795430,26795094238440
26794682795430,26795288323664
26794682795430,26795442093138
26794682795430,26795898000474
26795914328570,26795898000474
26795914328570,26796106190738
26795914328570,26796292807355
26795914328570,26796495821508
26795914328570,26796764193018
26796875446412,26796764193018
26796875446412,26797131474882
26796875446412,26797294901427
26796875446412,26797428044925
26796875446412,26797894323880
26797896286342,26797894323880
26797896286342,26798144502022
26797896286342,26798320640741
26797896286342,26798454153559
26797896286342,26798796077430
26798801329076,26798796077430
26798801329076,26798980883362
26798801329076,26799221694170
26798801329076,26799414119527
26798801329076,26799710537237
26799767818443,26799710537237
26799767818443,26800030245721
26799767818443,26800176308171
26800205264098,26800176308171
26800205264098,26800471688028
26800205264098,26800634132357
26800205264098,26800757112730
26800205264098,26800967304853
26800205264098,26801202196607
26800205264098,26801587315194
26801593857873,26801587315194
26801593857873,26801863459268
26801593857873,26802025438490
26801593857873,26802209353258
26802211011529,26802209353258
26802211011529,26802426469434
26802211011529,26802566986191
26802211011529,26802731072912
26802211011529,26802939483896
26802211011529,26803424228840
26803426652170,26803424228840
26803426652170,26803651771728
26803426652170,26803833981155
26803426652170,26803992442545
26803426652170,26804324694991
26804382428061,26804324694991
26804382428061,26804562788094
26804382428061,26804729657137
26804382428061,26804944863704
26804382428061,26805207665410
26805294165326,26805207665410
26805294165326,26805631058364
26805294165326,26805825634217
26805294165326,26806012446716
26805294165326,26806116511448
26806233523668,26806116511448
26806233523668,26806455488336
26806233523668,26806640857509
26806233523668,26806828767558
26806830598024,26806828767558
26806830598024,26807031405954
26806830598024,26807292843165
26806830598024,26807466352136
26806830598024,26807670630094
26806830598024,26808046257831
26808047914793,26808046257831
26808047914793,26808285582623
26808047914793,26808470450364
26808486960626,26808470450364
26808486960626,26808650950871
26808486960626,26808810922802
26808486960626,26808959172467
26808486960626,26809117144229
26808486960626,26809378153444
26808486960626,26809801925877
26809804186591,26809801925877
26809804186591,26810049694254
26809804186591,26810276504608
26809804186591,26810472631045
26809804186591,26810730071770
26810735915365,26810730071770
26810735915365,26811000484387
26810735915365,26811206046963
26810735915365,26811762059444
26810735915365,26811905112759
26811978496437,26811905112759
26811978496437,26812147390769
26811978496437,26812366459927
26811978496437,26812555141445
26811978496437,26812873161180
26812874498116,26812873161180
26812874498116,26813091400763
26812874498116,26813262163580
26812874498116,26813423199411
26812874498116,26813773298939
26813819985915,26813773298939
26813819985915,26814066350020
26813819985915,26814323895639
26813819985915,26814535908457
26813819985915,26814772127404
26814832749950,26814772127404
26814832749950,26815086395747
26814832749950,26815247777902
26814832749950,26815523655163
26815526384831,26815523655163
26815526384831,26815687799452
26815526384831,26815820888420
26815526384831,26815986895617
26815526384831,26816204328057
26816216146665,26816204328057
26816216146665,26816423105287
26816216146665,26816595745313
26816216146665,26816737063975
26816216146665,26817195103049
26816216146665,26817708563150
26817711983948,26817708563150
26817711983948,26817925739994
26817711983948,26818047409733
26817711983948,26818194345397
26817711983948,26818558623434
26818560782298,26818558623434
26818560782298,26818847461203
26818560782298,26819001248654
26818560782298,26819146991302
26818560782298,26819536108973
26819581702442,26819536108973
26819581702442,26819850222242
26819581702442,26820006063972
26819581702442,26820109503956
26819581702442,26820518251582
26820519380346,26820518251582
26820519380346,26820722551687
26820519380346,26820919441916
26820519380346,26821069709970
26820519380346,26821350413755
26821422452609,26821350413755
26821422452609,26821715345432
26821422452609,26821927915460
26821422452609,26822090253502
26821422452609,26822340383510
26822356501517,26822340383510
26822356501517,26822609465339
26822356501517,26822775442307
26822356501517,26822939733384
26822356501517,26823230636885
26823265115976,26823230636885
26823265115976,26823456238178
26823265115976,26823724785343
26823265115976,26823859251597
26823862942974,26823859251597
26823862942974,26824070210400
26823862942974,26824261322239
26823862942974,26824401376784
26823862942974,26824586568158
26823862942974,26825050983962
26825052778558,26825050983962
26825052778558,26825297174259
26825052778558,26825504972457
26825052778558,26825649250907
26825651180316,26825649250907
26825651180316,26825791247550
26825651180316,26825978887100
26825651180316,26826131528607
26825651180316,26826332030509
26826333325588,26826332030509
26826333325588,26826559982201
26826333325588,26826792316297
26826333325588,26826987397092
26826333325588,26827253207278
26826333325588,26827676539661
26827677686342,26827676539661
26827677686342,26827858703742
26827677686342,26828062045019
26827677686342,26828308644299
26827677686342,26828565276524
26828567719054,26828565276524
26828567719054,26828803124326
26828567719054,26829044251759
26828567719054,26829535852811
26828567719054,26829826392341
26829887567817,26829826392341
26829887567817,26830102251940
26829887567817,26830344313034
26829887567817,26830548215438
26829887567817,26830701494273
26830711684948,26830701494273
26830711684948,26830920292497
26830711684948,26831142765072
26830711684948,26831304648478
26830711684948,26831596802214
26831599175925,26831596802214
26831599175925,26831816447407
26831599175925,26831993426539
26831599175925,26832135192849
26832180439327,26832135192849
26832180439327,26832418685391
26832180439327,26832596194437
26832180439327,26832779403583
26832180439327,26833029608212
26832180439327,26833445953105
26833457047074,26833445953105
26833457047074,26833726976502
26833457047074,26833928835502
26833457047074,26834105510614
26833457047074,26834396609818
26834422580548,26834396609818
26834422580548,26834598876475
26834422580548,26834900313476
26834422580548,26835085374221
26834422580548,26835369102445
26835371032892,26835369102445
26835371032892,26835622529820
26835371032892,26835832279034
26835371032892,26836002168061
26836004078764,26836002168061
26836004078764,26836158347451
26836004078764,26836372326602
26836004078764,26836520160248
26836004078764,26836796785000
26836004078764,26837268430555
26837335283338,26837268430555
26837335283338,26837533884480
26837335283338,26837790085576
26837335283338,26837999424456
26838001557965,26837999424456
26838001557965,26838258254931
26838001557965,26838422238301
26838001557965,26838596823718
26838001557965,26838798166129
26838803174906,26838798166129
26838803174906,26839047253835
26838803174906,26839199294086
26838803174906,26839439050682
26838803174906,26839667967166
26838803174906,26840076061764
26840140390127,26840076061764
26840140390127,26840300300249
26840140390127,26840481149555
26840140390127,26840659745653
26840662428305,26840659745653
26840662428305,26840840855004
26840662428305,26840963123490
26840662428305,26841222869136
26840662428305,26841488290334
26840662428305,26842003963064
26842005988624,26842003963064
26842005988624,26842333263048
26842005988624,26842484358140
26842005988624,26842655036168
26842005988624,26842786283087
26842905074008,26842786283087
26842905074008,26843184394677
26842905074008,26843352402770
26842905074008,26843576247420
26843579925677,26843576247420
26843579925677,26843770803437
26843579925677,26843919093075
26843579925677,26844104095751
26843579925677,26844278227642
26844310300317,26844278227642
26844310300317,26844522334733
26844310300317,26844687234852
26844310300317,26844845849682
26844310300317,26845259601963
26844310300317,26845619445142
26845658283294,26845619445142
26845658283294,26845938344201
26845658283294,26846075558021
26845658283294,26846245279384
26846246420577,26846245279384
26846246420577,26846539167273
26846246420577,26846746524453
26846246420577,26846951059928
26846246420577,26847077249045
26846246420577,26847443669678
26847504347431,26847443669678
26847504347431,26847751409104
26847504347431,26847950411809
26847504347431,26848076312593
26847504347431,26848440021787
26848496344770,26848440021787
26848496344770,26848709453161
26848496344770,26848953486239
26848496344770,26849086388833
26848496344770,26849344382187
26849433679378,26849344382187
26849433679378,26849632517712
26849433679378,26849874618460
26849433679378,26850057758839
26849433679378,26850512280275
26850513814718,26850512280275
26850513814718,26850722708818
26850513814718,26850866993614
26850513814718,26851053291470
26850513814718,26851501420326
26851506147699,26851501420326
26851506147699,26851731832899
26851506147699,26851976260215
26851506147699,26852143810514
26851506147699,26852364123179
26852366300217,26852364123179
26852366300217,26852613040570
26852366300217,26852775249969
26852366300217,26852942789609
26852945430754,26852942789609
26852945430754,26853133566289
26852945430754,26853297903017
26852945430754,26853485646130
26852945430754,26853651589729
26852945430754,26854225914688
26854351038941,26854225914688
26854351038941,26854531918410
26854351038941,26854678988765
26854351038941,26855221039685
26854351038941,26855401359253
26855402714350,26855401359253
26855402714350,26855659924990
26855402714350,26855900972381
26855402714350,26856127944051
26855402714350,26856337591812
26856372903076,26856337591812
26856372903076,26856573469712
26856372903076,26856771298313
26856372903076,26856955279679
26856372903076,26857215939965
26857331150204,26857215939965
26857331150204,26857552896740
26857331150204,26857757742613
26857331150204,26857945305080
26857947056313,26857945305080
26857947056313,26858084560216
26857947056313,26858247180929
26857947056313,26858443432390
26857947056313,26858725489016
26858727339005,26858725489016
26858727339005,26858951781947
26858727339005,26859208498524
26858727339005,26859384300405
26858727339005,26859625689690
26858727339005,26859938237810
26860119174992,26859938237810
26860119174992,26860294568691
26860119174992,26860509899084
26860119174992,26860697674818
26860119174992,26860923426811
26861005925829,26860923426811
26861005925829,26861227139093
26861005925829,26861419648968
26861005925829,26861547800632
26861005925829,26861903137127
26862001669339,26861903137127
26862001669339,26862243765312
26862001669339,26862429859517
26862001669339,26862575155648
26862001669339,26862818142371
26863005956559,26862818142371
26863005956559,26863240564284
26863005956559,26863456961547
26863005956559,26863673963702
26863005956559,26863811783017
26863676418642,26863811783017
26863676418642,26863943030744
26863676418642,26864098764360
26863676418642,26864267792003
26863676418642,26864749255334
26864803446992,26864749255334
26864803446992,26865069959564
26864803446992,26865223451175
26864803446992,26865489485070
26864803446992,26865633340449
26865739137099,26865633340449
26865739137099,26865971391743
26865739137099,26866156186658
26865739137099,26866391343635
26865739137099,26866647946556
26866648796760,26866647946556
26866648796760,26866877395064
26866648796760,26867084957367
26867099470528,26867084957367
26867099470528,26867315139338
26867099470528,26867560309123
26867099470528,26867847353312
26867099470528,26868021574055
26867099470528,26868213288003
26867099470528,26868498736713
26868509825928,26868498736713
26868509825928,26868709312008
26868509825928,26868859041291
26868509825928,26869044942367
26868509825928,26869358642513
26869404641732,26869358642513
26869404641732,26869595129407
26869404641732,26869775949794
26869404641732,26869918108518
26869404641732,26870088678532
26869921369926,26870088678532
26869921369926,26870263457837
26869921369926,26870519144244
26869921369926,26870808636427
26869921369926,26871204345768
26871241523939,26871204345768
26871241523939,26871521371676
26871241523939,26871715082380
26871241523939,26871882231684
26871241523939,26872214372289
26872217532989,26872214372289
26872217532989,26872419377002
26872217532989,26872609114308
26872217532989,26872779295092
26872217532989,26873202993047
26873205368328,26873202993047
26873205368328,26873473899211
26873205368328,26873657447145
26873205368328,26873821537840
26873205368328,26873961307973
26874012086261,26873961307973
26874012086261,26874217383963
26874012086261,26874403482159
26874012086261,26874584317679
26874585982199,26874584317679
26874585982199,26874759073243
26874585982199,26874927637234
26874585982199,26875167492381
26874585982199,26875341190093
26875483369459,26875341190093
26875483369459,26875788346681
26875483369459,26875947551090
26875483369459,26876136724577
26875483369459,26876353928295
26875483369459,26876721505976
26876838162739,26876721505976
26876838162739,26877116264439
26876838162739,26877368172021
26876838162739,26877570305480
26876838162739,26877746632010
26877804734313,26877746632010
26877804734313,26878116155728
26877804734313,26878306917700
26877804734313,26878567687613
26878570323683,26878567687613
26878570323683,26878840287006
26878570323683,26879081194793
26878570323683,26879231274512
26878570323683,26879435604387
26878570323683,26879543163722
26879842734691,26879543163722
26879842734691,26880085132405
26879842734691,26880285172644
26879842734691,26880510918756
26879842734691,26880797353342
26880871864700,26880797353342
26880871864700,26881169483530
26880871864700,26881310287244
26880871864700,26881509095466
26880871864700,26881905272448
26881911288657,26881905272448
26881911288657,26882144524075
26881911288657,26882320095220
26881911288657,26882534832671
26881911288657,26882700350470
26882760634716,26882700350470
26882760634716,26883009995074
26882760634716,26883230579115
26882760634716,26883437395786
26882760634716,26883662693924
26883713235794,26883662693924
26883713235794,26883862289473
26883713235794,26884131284340
26883713235794,26884445480940
26883713235794,26884620244935
26884628963856,26884620244935
26884628963856,26884779254206
26884628963856,26884982420924
26884628963856,26885227045965
26884628963856,26885675555364
26885676944460,26885675555364
26885676944460,26885984344271
26885676944460,26886207197924
26885676944460,26886404715339
26885676944460,26886570179044
26885676944460,26886761060696
26886762589725,26886761060696
26886762589725,26887009132630
26886762589725,26887151372668
26886762589725,26887374788971
26887396580769,26887374788971
26887396580769,26887631983143
26887396580769,26887878445589
26887396580769,26888049107628
26887396580769,26888298464053
26888389876492,26888298464053
26888389876492,26888652874529
26888389876492,26888845452597
26888389876492,26889080719297
26888389876492,26889388289700
26889395519530,26889388289700
26889395519530,26889632545192
26889395519530,26889792260414
26889395519530,26889971427701
26889395519530,26890265545649
26890342152763,26890265545649
26890342152763,26890553483869
26890342152763,26890776494234
26890342152763,26890954909147
26890342152763,26891328197992
26891329776154,26891328197992
26891329776154,26891578151411
26891329776154,26891784029080
26891329776154,26891894260775
26891329776154,26892312734639
26892315418254,26892312734639
26892315418254,26892620980466
26892315418254,26892789348388
26892315418254,26892972394574
26892315418254,26893171174450
26893223706564,26893171174450
26893223706564,26893472551886
26893223706564,26893665035013
26893223706564,26893869226441
26893223706564,26894308067915
26894309813180,26894308067915
26894309813180,26894570516246
26894309813180,26894704851256
26894309813180,26894937756312
26894940250323,26894937756312
26894940250323,26895158797985
26894940250323,26895295431033
26894940250323,26895515339489
26894940250323,26895727642063
26894940250323,26896134657215
26896136677449,26896134657215
26896136677449,26896396907608
26896136677449,26896524620868
26896136677449,26896655285298
26896659131591,26896655285298
26896659131591,26896923854650
26896659131591,26897136162537
26896659131591,26897296061379
26896659131591,26897469362362
26897656511545,26897469362362
26897656511545,26897896781838
26897656511545,26898149582420
26897656511545,26898398309973
26897656511545,26898649078011
26897656511545,26898954570260
26897656511545,26899609990790
26899407476804,26899609990790
26899407476804,26899849419029
26899407476804,26900081658817
26899407476804,26900338403996
26900455028361,26900338403996
26900455028361,26900693894123
26900455028361,26900954810118
26900455028361,26901158393368
26900455028361,26901328871488
26901413815135,26901328871488
26901413815135,26901621206737
26901413815135,26901870352437
26901413815135,26902037862627
26901413815135,26902271184558
26902332934028,26902271184558
26902332934028,26902540826424
26902332934028,26902775922679
26902332934028,26902941150930
26902332934028,26903145074370
26903313449566,26903145074370
26903313449566,26903579730037
26903313449566,26903823296462
26903313449566,26903987318628
26903989890987,26903987318628
26903989890987,26904297983960
26903989890987,26904458453260
26903989890987,26904574638509
26903989890987,26904789140533
26903989890987,26905174361625
26905195465284,26905174361625
26905195465284,26905449372017
26905195465284,26905627363191
26905195465284,26905845400801
26905847627102,26905845400801
26905847627102,26906038758279
26905847627102,26906523352998
26905847627102,26906700369260
26905847627102,26906882276580
26906914497016,26906882276580
26906914497016,26907142468452
26906914497016,26907403961297
26906914497016,26907548628058
26906914497016,26907823367151
26906914497016,26908196159095
26908205615877,26908196159095
26908205615877,26908491064828
26908205615877,26908786531850
26908205615877,26908918217855
26908205615877,26909080696193
26909162230966,26909080696193
26909162230966,26909344805539
26909162230966,26909515516789
26909162230966,26909748677404
26909751547991,26909748677404
26909751547991,26910039152461
26909751547991,26910222706101
26909751547991,26910366810007
26909751547991,26910564136508
26909751547991,26910923084704
26911008919833,26910923084704
26911008919833,26911331310483
26911008919833,26911576465795
26911008919833,26911744854613
26911747494402,26911744854613
26911747494402,26911951924454
26911747494402,26912143464253
26911747494402,26912322002165
26911747494402,26912469632332
26912472618146,26912469632332
26912472618146,26912739726833
26912472618146,26912890946165
26912472618146,26913125875920
26912472618146,26913277143872
26912472618146,26913705409631
26913794222359,26913705409631
26913794222359,26913987097847
26913794222359,26914210683447
26913794222359,26914401809652
26914403085590,26914401809652
26914403085590,26914569900321
26914403085590,26914745661984
26914403085590,26914957941576
26914403085590,26915252280664
26914403085590,26915602705609
26915719846671,26915602705609
26915719846671,26915944320041
26915719846671,26916207371081
26915719846671,26916353321790
26915719846671,26916624348418
26916663505105,26916624348418
26916663505105,26916965717516
26916663505105,26917116192513
26916663505105,26917340027750
26916663505105,26917491279017
26917560608407,26917491279017
26917560608407,26917873393196
26917560608407,26918020110452
26917560608407,26918230601388
26917560608407,26918518611723
26918520579778,26918518611723
26918520579778,26918754300696
26918520579778,26918921809957
26918520579778,26919101183606
26918520579778,26919414260616
26919475553010,26919414260616
26919475553010,26919706416621
26919475553010,26919929294710
26919475553010,26920129283336
26919475553010,26920518239238
26920520517772,26920518239238
26920520517772,26920748322508
26920520517772,26920939331628
26920520517772,26921227063117
26921231601613,26921227063117
26921231601613,26921471834073
26921231601613,26921640631884
26921231601613,26921779694003
26921231601613,26921944556334
26921231601613,26922390622824
26922396428838,26922390622824
26922396428838,26922645972538
26922396428838,26922792154681
26922396428838,26922929228116
26922396428838,26923342437494
26922396428838,26923577713091
26923371614871,26923577713091
26923371614871,26923780921473
26923371614871,26923981554492
26923371614871,26924315278570
26924342202221,26924315278570
26924342202221,26924564535479
26924342202221,26924785428598
26924342202221,26925044472350
26925046082708,26925044472350
26925046082708,26925271633697
26925046082708,26925407144929
26925046082708,26925525491532
26925046082708,26925670537383
26925046082708,26926109807371
26926187295404,26926109807371
26926187295404,26926372639115
26926187295404,26926751299979
26926187295404,26926909817755
26926187295404,26927285402585
26927545897980,26927285402585
26927545897980,26927704044140
26927545897980,26927908020642
26927545897980,26928068370856
26927545897980,26928308555633
26928370139605,26928308555633
26928370139605,26928575905168
26928370139605,26928735525865
26928370139605,26928905661968
26928945426789,26928905661968
26928945426789,26929186726463
26928945426789,26929329539997
26928945426789,26929482841082
26928945426789,26929875090794
26928945426789,26930280071490
26930282583871,26930280071490
26930282583871,26930544648885
26930282583871,26930704394414
26930282583871,26930864075263
26930866254056,26930864075263
26930866254056,26931073141562
26930866254056,26931218708825
26930866254056,26931449444694
26930866254056,26931646659362
26930866254056,26932069394440
26932070943488,26932069394440
26932070943488,26932383212750
26932070943488,26932530694760
26932070943488,26932759357936
26932762133238,26932759357936
26932762133238,26932938719012
26932762133238,26933096755741
26932762133238,26933291119408
26932762133238,26933559825082
26932762133238,26934069735524
26934071449662,26934069735524
26934071449662,26934258298183
26934071449662,26934431304468
26934071449662,26934592138387
26934071449662,26934923299327
26934969318509,26934923299327
26934969318509,26935205660551
26934969318509,26935434717832
26934969318509,26935627109216
26935629981423,26935627109216
26935629981423,26935805309413
26935629981423,26935963254653
26935629981423,26936131815793
26935629981423,26936497771255
26935629981423,26936993473091
26936995767994,26936993473091
26936995767994,26937226419258
26936995767994,26937393276332
26936995767994,26937568272974
26936995767994,26937829416012
26937858119445,26937829416012
26937858119445,26938118109216
26937858119445,26938325323169
26937858119445,26938452119463
26937858119445,26938868569420
26938871153013,26938868569420
26938871153013,26939082432845
26938871153013,26939341695576
26938871153013,26939498118495
26939503200700,26939498118495
26939503200700,26939715401756
26939503200700,26939865737116
26939503200700,26940041866044
26939503200700,26940257130475
26939503200700,26940746846374
26940749866057,26940746846374
26940749866057,26940968572566
26940749866057,26941141167900
26940749866057,26941309469147
26940749866057,26941675987269
26941716056805,26941675987269
26941716056805,26941976996583
26941716056805,26942221864011
26941716056805,26942432236796
26941716056805,26942625790965
26942674231223,26942625790965
26942674231223,26942910306266
26942674231223,26943120248597
26942674231223,26943357135116
26942674231223,26943621637338
26943622747543,26943621637338
26943622747543,26943814224978
26943622747543,26943953403140
26943622747543,26944141372800
26943622747543,26944543233795
26944578446575,26944543233795
26944578446575,26944808918114
26944578446575,26944999914031
26944578446575,26945229469115
26944578446575,26945409345060
26945560341783,26945409345060
26945560341783,26945797637973
26945560341783,26945950779029
26945560341783,26946159888475
26945560341783,26946478358846
26946742534232,26946478358846
26946742534232,26946977854765
26946742534232,26947170359136
26946742534232,26947354904458
26946742534232,26947585369702
26948036948475,26947585369702
26948036948475,26948291260307
26948036948475,26948463887859
26948036948475,26948633315882
26948635099304,26948633315882
26948635099304,26948873913124
26948635099304,26949016673121
26948635099304,26949133281776
26948635099304,26949431040999
26948635099304,26949892146158
26949919465450,26949892146158
26949919465450,26950127693595
26949919465450,26950280526481
26949919465450,26950407451485
26950409485693,26950407451485
26950409485693,26950607346947
26950409485693,26950831932051
26950409485693,26950963405840
26950409485693,26951296341475
26951298102373,26951296341475
26951298102373,26951563190298
26951298102373,26951868857124
26951298102373,26952043354469
26951298102373,26952302594562
26952305980714,26952302594562
26952305980714,26952502702013
26952305980714,26952616303714
26952305980714,26952799489832
26952305980714,26953029622447
26952305980714,26953625691245
26953629998569,26953625691245
26953629998569,26953866376899
26953629998569,26954007877865
26953629998569,26954152044262
26953629998569,26954399984324
26954622303764,26954399984324
26954622303764,26954835728080
26954622303764,26954996272940
26954622303764,26955164020128
26954622303764,26955288706201
26955398219269,26955288706201
26955398219269,26955669378244
26955398219269,26955830703159
26955398219269,26956073369453
26955398219269,26956338401039
26956359131405,26956338401039
26956359131405,26956586190335
26956359131405,26956895650825
26956359131405,26957061102563
26957065124318,26957061102563
26957065124318,26957229958372
26957065124318,26957409224268
26957065124318,26957560057779
26957065124318,26957716215627
26957065124318,26958103189047
26958210756858,26958103189047
26958210756858,26958505012901
26958210756858,26958753719234
26958210756858,26958939463472
26958210756858,26959170657235
26959208470143,26959170657235
26959208470143,26959495492257
26959208470143,26959712291239
26959208470143,26959900847276
26959208470143,26960157245213
26960158686885,26960157245213
26960158686885,26960443300169
26960158686885,26960588499112
26960158686885,26960760120833
26960158686885,26961063555570
26961066239588,26961063555570
26961066239588,26961346203009
26961066239588,26961556288384
26961066239588,26961746302560
26961066239588,26961962251127
26962267325176,26961962251127
26962267325176,26962469189541
26962267325176,26962657587143
26962267325176,26962785673128
26962787553186,26962785673128
26962787553186,26962991323882
26962787553186,26963209756250
26962787553186,26963346297808
26962787553186,26963489586231
26963491622164,26963489586231
26963491622164,26963678745706
26963491622164,26963865235380
26963491622164,26963998970220
26963491622164,26964487335320
26963491622164,26964855337162
26963491622164,26965073868238
26964911140420,26965073868238
26964911140420,26965392964595
26964911140420,26965554138095
26964911140420,26965852980004
26966168043753,26965852980004
26966168043753,26966475117391
26966168043753,26966642582780
26966168043753,26966826356231
26966168043753,26966994692288
26967090158883,26966994692288
26967090158883,26967343417238
26967090158883,26967525427310
26967090158883,26967693307768
26967090158883,26967998446134
26968008417031,26967998446134
26968008417031,26968200538346
26968008417031,26968411723371
26968008417031,26968555839343
26968008417031,26968913796681
26968982024632,26968913796681
26968982024632,26969278300639
26968982024632,26969460517522
26968982024632,26969632149444
26968982024632,26970014577519
26970016079600,26970014577519
26970016079600,26970215991351
26970016079600,26970447293662
26970016079600,26970623170559
26970624792358,26970623170559
26970624792358,26970856074580
26970624792358,26971042269825
26970624792358,26971227984232
26970624792358,26971445366587
26970624792358,26971928138487
26971930590077,26971928138487
26971930590077,26972182321062
26971930590077,26972340882633
26971930590077,26972531136307
26971930590077,26972922665528
26972995699447,26972922665528
26972995699447,26973267061351
26972995699447,26973457520118
26972995699447,26973624473236
26972995699447,26973932994705
26973935715906,26973932994705
26973935715906,26974153754961
26973935715906,26974321914243
26973935715906,26974507694119
26973935715906,26974744073262
26974748127791,26974744073262
26974748127791,26975018317393
26974748127791,26975248379963
26974748127791,26975422100387
26974748127791,26975646846632
26975657269194,26975646846632
26975657269194,26975880175685
26975657269194,26976057953192
26975657269194,26976267436622
26975657269194,26976545272075
26976637538054,26976545272075
26976637538054,26976931184319
26976637538054,26977062643735
26976637538054,26977237748349
26976637538054,26977624398064
26977626379065,26977624398064
26977626379065,26977868898039
26977626379065,26977994364391
26977626379065,26978207902561
26977626379065,26978397801997
26978486258952,26978397801997
26978486258952,26978783636063
26978486258952,26978903965697
26978486258952,26979076231872
26978486258952,26979397860047
26979471001642,26979397860047
26979471001642,26979669458865
26979471001642,26979813255993
26979471001642,26980005338730
26980007189556,26980005338730
26980007189556,26980217227293
26980007189556,26980403286954
26980007189556,26980645426666
26980007189556,26980916153560
26980007189556,26981335506997
26981336382471,26981335506997
26981336382471,26981602302543
26981336382471,26981765644642
26981336382471,26981945270620
26981947689666,26981945270620
26981947689666,26982105982966
26981947689666,26982256626170
26981947689666,26982463371899
26981947689666,26982625286505
26981947689666,26983230201321
26983233660673,26983230201321
26983233660673,26983512886548
26983233660673,26983639487766
26983233660673,26983841498362
26983233660673,26984030883044
26984279456930,26984030883044
26984279456930,26984495236704
26984279456930,26984643562694
26984279456930,26984803354022
26984279456930,26984979811569
26985048937517,26984979811569
26985048937517,26985301602448
26985048937517,26985718669982
26985048937517,26985900373031
26985048937517,26986156947426
26986159078052,26986156947426
26986159078052,26986351038420
26986159078052,26986536060374
26986159078052,26986715596974
26986159078052,26986936402436
26987083286526,26986936402436
26987083286526,26987359264710
26987083286526,26987559752188
26987083286526,26987750401005
26987752527017,26987750401005
26987752527017,26987964513292
26987752527017,26988137429668
26987752527017,26988308951495
26987752527017,26988505364206
26987752527017,26988813454744
26988905745676,26988813454744
26988905745676,26989122227132
26988905745676,26989313377239
26988905745676,26989523911928
26988905745676,26989843523498
26990032711337,26989843523498
26990032711337,26990228175411
26990032711337,26990391115170
26990032711337,26990578268521
26990032711337,26990738443914
26990741173249,26990738443914
26990741173249,26990990500169
26990741173249,26991136968030
26990741173249,26991316468306
26990741173249,26991628744071
26991702931929,26991628744071
26991702931929,26991987391416
26991702931929,26992127962906
26991702931929,26992338969849
26991702931929,26992755889425
26992819264399,26992755889425
26992819264399,26993057341240
26992819264399,26993263983520
26992819264399,26993456433086
26993458330526,26993456433086
26993458330526,26993658145164
26993458330526,26993905268956
26993458330526,26994100408893
26993458330526,26994261421985
26993458330526,26994514572868
26994586192150,26994514572868
26994586192150,26994772849388
26994586192150,26995187320525
26994586192150,26995440907395
26994586192150,26995603912787
26995605530297,26995603912787
26995605530297,26995894569861
26995605530297,26996064477909
26995605530297,26996284491029
26995605530297,26996620433782
26996781327097,26996620433782
26996781327097,26996954434927
26996781327097,26997147263449
26996781327097,26997307605181
26996781327097,26997691810069
26997695558687,26997691810069
26997695558687,26997900480075
26997695558687,26998020740257
26997695558687,26998284048223
26998286346050,26998284048223
26998286346050,26998467506206
26998286346050,26998635491827
26998286346050,26998788181460
26998286346050,26998936960999
26998286346050,26999563101652
26998286346050,26999767663902
26999584841508,26999767663902
26999584841508,26999933421108
26999584841508,27000074282920
26999584841508,27000370000593
27000397140309,27000370000593
27000397140309,27000697275054
27000397140309,27000873528112
27000397140309,27001014090349
27000397140309,27001405455381
27001476769536,27001405455381
27001476769536,27001677806105
27001476769536,27001915536378
27001476769536,27002169212183
27001476769536,27002397742319
27002399714731,27002397742319
27002399714731,27002665317916
27002399714731,27002793341059
27002399714731,27002969967976
27002399714731,27003307215753
27003326191533,27003307215753
27003326191533,27003572714995
27003326191533,27003741532117
27003326191533,27003874889437
27003326191533,27004220838582
27004286262505,27004220838582
27004286262505,27004820052896
27004286262505,27005003411365
27004286262505,27005303388878
27004286262505,27005490147563
27005492256907,27005490147563
27005492256907,27005686315600
27005492256907,27005833660876
27005492256907,27006013644817
27005492256907,27006262675357
27006264516034,27006262675357
27006264516034,27006481267869
27006264516034,27006665174722
27006264516034,27006856393602
27006264516034,27007001677557
27006857553134,27007001677557
27006857553134,27007202286185
27006857553134,27007393257580
27006857553134,27007665261472
27006857553134,27008115387490
27008245820546,27008115387490
27008245820546,27008514877612
27008245820546,27008646046811
27008245820546,27008809609571
27008245820546,27009300972044
27009303534813,27009300972044
27009303534813,27009480987548
27009303534813,27009639401445
27009303534813,27009784069267
27009303534813,27010075094654
27010251260933,27010075094654
27010251260933,27010503646532
27010251260933,27010637503170
27010251260933,27010868369264
27010251260933,27011045173154
27010870014721,27011045173154
27010870014721,27011228624332
27010870014721,27011395254585
27010870014721,27011628230494
27010870014721,27012166824925
27012168337749,27012166824925
27012168337749,27012441741835
27012168337749,27012629080508
27012168337749,27012786332653
27012168337749,27013010850325
27013070415485,27013010850325
27013070415485,27013333283039
27013070415485,27013549074659
27013070415485,27013731816019
27013734871994,27013731816019
27013734871994,27013990516680
27013734871994,27014178879267
27013734871994,27014331997826
27013734871994,27014538608498
27013734871994,27014975860283
27014978726832,27014975860283
27014978726832,27015188453372
27014978726832,27015333716591
27014978726832,27015586738610
27014978726832,27015817517492
27015838444875,27015817517492
27015838444875,27016096286884
27015838444875,27016330792945
27015838444875,27016486907573
27015838444875,27016693361839
27016762794556,27016693361839
27016762794556,27017057532253
27016762794556,27017210754702
27016762794556,27017359461332
27016762794556,27017626035566
27017702706543,27017626035566
27017702706543,27017960164859
27017702706543,27018098903185
27017702706543,27018297280051
27017702706543,27018882287165
27018884464391,27018882287165
27018884464391,27019083193055
27018884464391,27019257299653
27018884464391,27019462499241
27018884464391,27019607831177
27019609864353,27019607831177
27019609864353,27019889873354
27019609864353,27020044056774
27019609864353,27020216972920
27019609864353,27020519507357
27020568646481,27020519507357
27020568646481,27020775131822
27020568646481,27020929842295
27020568646481,27021120329531
27020568646481,27021586228377
27021589745857,27021586228377
27021589745857,27021783109554
27021589745857,27021945734896
27021589745857,27022185327603
27021589745857,27022428079085
27022492672972,27022428079085
27022492672972,27022656789301
27022492672972,27022831121905
27022492672972,27023041946205
27023043159771,27023041946205
27023043159771,27023252593946
27023043159771,27023449126933
27023043159771,27023598103255
27023043159771,27023742389087
27023043159771,27024621364509
27024624096920,27024621364509
27024624096920,27024900002188
27024624096920,27025073594213
27024624096920,27025333953264
27024624096920,27025582598473
27025605608489,27025582598473
27025605608489,27025860477313
27025605608489,27026083628880
27025605608489,27026252380699
27025605608489,27026467654419
27026513695771,27026467654419
27026513695771,27026736488616
27026513695771,27026898325322
27026513695771,27027069909744
27026513695771,27027381185556
27027461173057,27027381185556
27027461173057,27027750441497
27027461173057,27027930474048
27027461173057,27028073338057
27028075167315,27028073338057
27028075167315,27028343725038
27028075167315,27028484361468
27028075167315,27028673447974
27028075167315,27028826379339
27028075167315,27029304937412
27029307738088,27029304937412
27029307738088,27029572146648
27029307738088,27029718980421
27029307738088,27029938831738
27029307738088,27030356344678
27030428671056,27030356344678
27030428671056,27030609112097
27030428671056,27030849083903
27030428671056,27031028212146
27031030814304,27031028212146
27031030814304,27031250339603
27031030814304,27031386870400
27031030814304,27031588997657
27031030814304,27031788931551
27031030814304,27032272482162
27032453677113,27032272482162
27032453677113,27032674941807
27032453677113,27032830602757
27032453677113,27033016737397
27032453677113,27033156278892
27033258675816,27033156278892
27033258675816,27033473308898
27033258675816,27033698309594
27033258675816,27033849201302
27033258675816,27034190903892
27034229702426,27034190903892
27034229702426,27034475373783
27034229702426,27034673284333
27034229702426,27034841694332
27034229702426,27035176222257
27035377157794,27035176222257
27035377157794,27035553835363
27035377157794,27035702665962
27035377157794,27035930883401
27035932702590,27035930883401
27035932702590,27036094825155
27035932702590,27036279691671
27035932702590,27036447335037
27035932702590,27036580161316
27035932702590,27037022167889
27037040088627,27037022167889
27037040088627,27037262420012
27037040088627,27037485106838
27037040088627,27037648209024
27037658108981,27037648209024
27037658108981,27037907787203
27037658108981,27038107958991
27037658108981,27038281403729
27037658108981,27038445347184
27037658108981,27038923729863
27038981772615,27038923729863
27038981772615,27039179598073
27038981772615,27039447686841
27038981772615,27039588242927
27038981772615,27039927322483
27040087416926,27039927322483
27040087416926,27040339360802
27040087416926,27040564538008
27040087416926,27040770454542
27040087416926,27041061374973
27041064043916,27041061374973
27041064043916,27041336173852
27041064043916,27041608261042
27041064043916,27041743042302
27041754688998,27041743042302
27041754688998,27041987577829
27041754688998,27042206988836
27041754688998,27042416283934
27041754688998,27042710042150
27041754688998,27043036364954
27043097465934,27043036364954
27043097465934,27043338638794
27043097465934,27043544872570
27043097465934,27043711433388
27043097465934,27044249267277
27044250559152,27044249267277
27044250559152,27044419862353
27044250559152,27044609400383
27044250559152,27044815642027
27044250559152,27045029838419
27045112739330,27045029838419
27045112739330,27045340655716
27045112739330,27045523082486
27045112739330,27045693354974
27045112739330,27045901294201
27045962159407,27045901294201
27045962159407,27046542178296
27045962159407,27046726012457
27045962159407,27046882030958
27045962159407,27047322991234
27047324510830,27047322991234
27047324510830,27047585766652
27047324510830,27047751248219
27047324510830,27047952432051
27047324510830,27048146070203
27048189195904,27048146070203
27048189195904,27048358905761
27048189195904,27048588768106
27048189195904,27048768460888
27048189195904,27049073646036
27049171443612,27049073646036
27049171443612,27049366300393
27049171443612,27049576691990
27049171443612,27049774493742
27049171443612,27050189723497
27050193561616,27050189723497
27050193561616,27050376119006
27050193561616,27050621117689
27050193561616,27050870314380
27050193561616,27051011041183
27051014148725,27051011041183
27051014148725,27051332421032
27051014148725,27051507497849
27051014148725,27051648724164
27051650939589,27051648724164
27051650939589,27051875668031
27051650939589,27052080955904
27051650939589,27052335082093
27051650939589,27052498593381
27051650939589,27053049970068
27053053864126,27053049970068
27053053864126,27053285652030
27053053864126,27053493572222
27053053864126,27053654037466
27053655785420,27053654037466
27053655785420,27053911198058
27053655785420,27054021316002
27053655785420,27054193045528
27053655785420,27054473271316
27053655785420,27054928969503
27055027492568,27054928969503
27055027492568,27055196370412
27055027492568,27055472808150
27055027492568,27055670299462
27055027492568,27055966339860
27056002809093,27055966339860
27056002809093,27056237503958
27056002809093,27056399592705
27056002809093,27056576981525
27056579939513,27056576981525
27056579939513,27056816477140
27056579939513,27056992463806
27056579939513,27057176141066
27056579939513,27057326077514
27056579939513,27057831380006
27057921568330,27057831380006
27057921568330,27058134491094
27057921568330,27058329916214
27057921568330,27058491603509
27057921568330,27058721768210
27058784791405,27058721768210
27058784791405,27059005068715
27058784791405,27059193102470
27058784791405,27059404053729
27058784791405,27059651339019
27059760517705,27059651339019
27059760517705,27059973448557
27059760517705,27060151846047
27059760517705,27060386961271
27059760517705,27060585258968
27060657771259,27060585258968
27060657771259,27060883833694
27060657771259,27061066083131
27060657771259,27061336564282
27060657771259,27061606400882
27061664286986,27061606400882
27061664286986,27061945520305
27061664286986,27062143303374
27061664286986,27062304608307
27061664286986,27062482978206
27062555573174,27062482978206
27062555573174,27062816852299
27062555573174,27063020920942
27062555573174,27063201976674
27062555573174,27063480127297
27063555435414,27063480127297
27063555435414,27063922800581
27063555435414,27064105158780
27063555435414,27064304597512
27063555435414,27064448984601
27064515959821,27064448984601
27064515959821,27064821401016
27064515959821,27065004364912
27064515959821,27065227231223
27064515959821,27065369282988
27065438944239,27065369282988
27065438944239,27065668344779
27065438944239,27065809953453
27065438944239,27066063340511
27066066040899,27066063340511
27066066040899,27066217295698
27066066040899,27066387654965
27066066040899,27066791614829
27066066040899,27067180080825
27066066040899,27067390627269
27067392673089,27067390627269
27067392673089,27067548606802
27067392673089,27067721570828
27067392673089,27067914202504
27067392673089,27068118169652
27068224584748,27068118169652
27068224584748,27068525645414
27068224584748,27068659726840
27068224584748,27068874453612
27068877150024,27068874453612
27068877150024,27069064095846
27068877150024,27069210846897
27068877150024,27069610568745
27068877150024,27070156075093
27068877150024,27070377212277
27070444606061,27070377212277
27070444606061,27070669921564
27070444606061,27070859572577
27070444606061,27071074342847
27070444606061,27071282786786
27071355181312,27071282786786
27071355181312,27071558866378
27071355181312,27071752877817
27071355181312,27072039461140
27071355181312,27072288079149
27072290656827,27072288079149
27072290656827,27072488826145
27072290656827,27072687894713
27072290656827,27072828847956
27072290656827,27073079349257
27073151493198,27073079349257
27073151493198,27073433399297
27073151493198,27073661952437
27073151493198,27073808578500
27073151493198,27073974158197
27074022537441,27073974158197
27074022537441,27074235407911
27074022537441,27074402302974
27074022537441,27074632016226
27074636762167,27074632016226
27074636762167,27074806476090
27074636762167,27075024933820
27074636762167,27075209453430
27074636762167,27075425091687
27074636762167,27075832738283
27075931774132,27075832738283
27075931774132,27076161249379
27075931774132,27076302489567
27075931774132,27076543432978
27075931774132,27076851454479
27077032364049,27076851454479
27077032364049,27077238558199
27077032364049,27077409529729
27077032364049,27077570504772
27077032364049,27077730693307
27077732759344,27077730693307
27077732759344,27077920725774
27077732759344,27078080376947
27077732759344,27078293302284
27078298660404,27078293302284
27078298660404,27078577221317
27078298660404,27078737626738
27078298660404,27078891382996
27078298660404,27079137254407
27078298660404,27079567641346
27079617285321,27079567641346
27079617285321,27079850696641
27079617285321,27080047647117
27079617285321,27080229745650
27079617285321,27080428515877
27080581749515,27080428515877
27080581749515,27080793317810
27080581749515,27081036288154
27080581749515,27081238711266
27081072624958,27081238711266
27081072624958,27081403563654
27081072624958,27081563355588
27081072624958,27081748610024
27081072624958,27081928232888
27082043418715,27081928232888
27082043418715,27082325049242
27082043418715,27082515054519
27082043418715,27082672237848
27082043418715,27082969341497
27082043418715,27083345991823
27083446506283,27083345991823
27083446506283,27083810654133
27083446506283,27083981539777
27083446506283,27084172592887
27084174283605,27084172592887
27084174283605,27084326401990
27084174283605,27084465187178
27084174283605,27084621565297
27084174283605,27084909070619
27084174283605,27085609243460
27085711922576,27085609243460
27085711922576,27085908865018
27085711922576,27086103291947
27085711922576,27086293123357
27085711922576,27086504352777
27086652764847,27086504352777
27086652764847,27086893484761
27086652764847,27087024774713
27086652764847,27087190260456
27087448456481,27087190260456
27087448456481,27087648059234
27087448456481,27087813360148
27087448456481,27087931253657
27087448456481,27088129899053
27087448456481,27088454298671
27088456195522,27088454298671
27088456195522,27088735524716
27088456195522,27088922259096
27088456195522,27089116676538
27089118435168,27089116676538
27089118435168,27089336042758
27089118435168,27089477037543
27089118435168,27089618310587
27089118435168,27089878392893
27089118435168,27090355811840
27090358484514,27090355811840
27090358484514,27090561411773
27090358484514,27090753425198
27090358484514,27090970495850
27090358484514,27091242423371
27091326701987,27091242423371
27091326701987,27091586189876
27091326701987,27091747531005
27091326701987,27091862646892
27091326701987,27092256047547
27092258036838,27092256047547
27092258036838,27092466279525
27092258036838,27092667466891
27092258036838,27092874105232
27092258036838,27093166196980
27093192230910,27093166196980
27093192230910,27093389335014
27093192230910,27093563930560
27093192230910,27093809613864
27093811448834,27093809613864
27093811448834,27094025185800
27093811448834,27094226383092
27093811448834,27094384554229
27093811448834,27094604785614
27094675976287,27094604785614
27094675976287,27094886385194
27094675976287,27095133800749
27094675976287,27095318382067
27094675976287,27095563123861
27094675976287,27095974922755
27096016708438,27095974922755
27096016708438,27096226087654
27096016708438,27096506704872
27096016708438,27096743245383
27096016708438,27096907574566
27096952897905,27096907574566
27096952897905,27097233922875
27096952897905,27097403218988
27096952897905,27097662730475
27097664402074,27097662730475
27097664402074,27097950424130
27097664402074,27098163435362
27097664402074,27098306776047
27097664402074,27098446768022
27097664402074,27098912161565
27098913745029,27098912161565
27098913745029,27099133667292
27098913745029,27099311592714
27098913745029,27099526431500
27098913745029,27099796278538
27099867535114,27099796278538
27099867535114,27100010338405
27099867535114,27100308375198
27099867535114,27100461469812
27099867535114,27100813144967
27100821499983,27100813144967
27100821499983,27101052631789
27100821499983,27101198292143
27100821499983,27101362733527
27100821499983,27101709778011
27101711887372,27101709778011
27101711887372,27101975926557
27101711887372,27102116934797
27101711887372,27102293158600
27102294796899,27102293158600
27102294796899,27102566201426
27102294796899,27102751927529
27102294796899,27102897236344
27102294796899,27103054728871
27102294796899,27103454977340
27103534762619,27103454977340
27103534762619,27103779629456
27103534762619,27103964795460
27103534762619,27104117813040
27103534762619,27104453805044
27104506914769,27104453805044
27104506914769,27104776118320
27104506914769,27104917528732
27104506914769,27105053223144
27104506914769,27105339143750
27105358717688,27105339143750
27105358717688,27105535262113
27105358717688,27105791881659
27105358717688,27105988760810
27105990517874,27105988760810
27105990517874,27106196360676
27105990517874,27106362752190
27105990517874,27106493321692
27105990517874,27106659349631
27105990517874,27107162356836
27107212707126,27107162356836
27107212707126,27107367476268
27107212707126,27107557331361
27107212707126,27107785578238
27107787568911,27107785578238
27107787568911,27107987401920
27107787568911,27108167216880
27107787568911,27108354455285
27107787568911,27108603580410
27107787568911,27109077140666
27109080464222,27109077140666
27109080464222,27109294284039
27109080464222,27109474727966
27109080464222,27109611021946
27109080464222,27109867312451
27109979903400,27109867312451
27109979903400,27110200311118
27109979903400,27110424732751
27109979903400,27110590266378
27109979903400,27110891357977
27110893442586,27110891357977
27110893442586,27111116769887
27110893442586,27111310884814
27110893442586,27111464318538
27110893442586,27111822401381
27111827373777,27111822401381
27111827373777,27112002514183
27111827373777,27112163954479
27111827373777,27112389983359
27112392738436,27112389983359
27112392738436,27112617884100
27112392738436,27112769983980
27112392738436,27112973022101
27112392738436,27113167785735
27113169341487,27113167785735
27113169341487,27113427790056
27113169341487,27113591338026
27113169341487,27113768415255
27113169341487,27114007420637
27114013484408,27114007420637
27114013484408,27114263675374
27114013484408,27114450796186
27114013484408,27114676262657
27114013484408,27114932539156
27114013484408,27115329270991
27115339805289,27115329270991
27115339805289,27115619257625
27115339805289,27115821801536
27115339805289,27115970784070
27115339805289,27116205631557
27116349810547,27116205631557
27116349810547,27116607816199
27116349810547,27116751982332
27116349810547,27116944563487
27116349810547,27117231765257
27117320044206,27117231765257
27117320044206,27117539485433
27117320044206,27117736076403
27117320044206,27118004445322
27117320044206,27118185811640
27118223735811,27118185811640
27118223735811,27118476231206
27118223735811,27118691206701
27118223735811,27118904445353
27118223735811,27119188238548
27119194758802,27119188238548
27119194758802,27119427080931
27119194758802,27119564164609
27119194758802,27119737159997
27119739535594,27119737159997
27119739535594,27119994372762
27119739535594,27120162423666
27119739535594,27120356911745
27119739535594,27120548684330
27119739535594,27121145942844
27121147571803,27121145942844
27121147571803,27121419628964
27121147571803,27121606730709
27121147571803,27121786935228
27121147571803,27122089315261
27122098646991,27122089315261
27122098646991,27122388260342
27122098646991,27122565330640
27122098646991,27122757265999
27122098646991,27123014132229
27123023510707,27123014132229
27123023510707,27123263529791
27123023510707,27123504447194
27123023510707,27123639450903
27123023510707,27123880182515
27123910103758,27123880182515
27123910103758,27124096508609
27123910103758,27124264022036
27123910103758,27124501385495
27123910103758,27124753466193
27124765621097,27124753466193
27124765621097,27124996482371
27124765621097,27125175726181
27124765621097,27125297362874
27124765621097,27125739142608
27125747619428,27125739142608
27125747619428,27126002295239
27125747619428,27126156140078
27125747619428,27126331802161
27125747619428,27126708219734
27126877097806,27126708219734
27126877097806,27127107378285
27126877097806,27127261198597
27126877097806,27127421345074
27126877097806,27127655275092
27127708313831,27127655275092
27127708313831,27127912942961
27127708313831,27128123283735
27127708313831,27128337295498
27128340642141,27128337295498
27128340642141,27128564417822
27128340642141,27128707986962
27128340642141,27128861301501
27128340642141,27129175427024
27128340642141,27129523934028
27129525693069,27129523934028
27129525693069,27129731216864
27129525693069,27129903782924
27129525693069,27130174943486
27130176993762,27130174943486
27130176993762,27130468709406
27130176993762,27130647026100
27130176993762,27130827678143
27130176993762,27131045838498
27130176993762,27131221676367
27131294675500,27131221676367
27131294675500,27131520486831
27131294675500,27131739415483
27131294675500,27132005500701
27131294675500,27132224039799
27132272250975,27132224039799
27132272250975,27132814165631
27132272250975,27132957270139
27132272250975,27133137493753
27133170404189,27133137493753
27133170404189,27133369107545
27133170404189,27133593900836
27133170404189,27133808285700
27133170404189,27134080630247
27134134792956,27134080630247
27134134792956,27134340833675
27134134792956,27134537507647
27134134792956,27134662081947
27134134792956,27135107532335
27135109076130,27135107532335
27135109076130,27135301972941
27135109076130,27135457325920
27135109076130,27135616447322
27135109076130,27135920131750
27135109076130,27136276229497
27136348422559,27136276229497
27136348422559,27136601117419
27136348422559,27136746313349
27136348422559,27136967154026
27136348422559,27137396341948
27137459160328,27137396341948
27137459160328,27137687839047
27137459160328,27137857966984
27137459160328,27138070047734
27137459160328,27138385072172
27138399419812,27138385072172
27138399419812,27138590531101
27138399419812,27138869584107
27138399419812,27139045295772
27138399419812,27139412887586
27139417716103,27139412887586
27139417716103,27139584415128
27139417716103,27139816383011
27139417716103,27139991701954
27139994951104,27139991701954
27139994951104,27140174341763
27139994951104,27140385292218
27139994951104,27140534883611
27139994951104,27140715977165
27139994951104,27141069070328
27141165366361,27141069070328
27141165366361,27141430918433
27141165366361,27141593520753
27141165366361,27141778061208
27141165366361,27142062447951
27142063568655,27142062447951
27142063568655,27142331247687
27142063568655,27142547078606
27142063568655,27142771451923
27142774156261,27142771451923
27142774156261,27142994371185
27142774156261,27143193095472
27142774156261,27143341782413
27142774156261,27143480146745
27142774156261,27144028100855
27144029655244,27144028100855
27144029655244,27144249203253
27144029655244,27144418237118
27144029655244,27144627932892
27144029655244,27144972477709
27145279368971,27144972477709
27145279368971,27145522362968
27145279368971,27145735957183
27145279368971,27145930358385
27145931927291,27145930358385
27145931927291,27146104643018
27145931927291,27146260087945
27145931927291,27146425107594
27145931927291,27146647498265
27146649263388,27146647498265
27146649263388,27146886199143
27146649263388,27147036141214
27146649263388,27147246113330
27146649263388,27147536179690
27147539846578,27147536179690
27147539846578,27147781304653
27147539846578,27147902917933
27147539846578,27148150850081
27147539846578,27148413860792
27147539846578,27148974499651
27149009497248,27148974499651
27149009497248,27149251191762
27149009497248,27149420182932
27149009497248,27149567303427
27149009497248,27149944127001
27149947073044,27149944127001
27149947073044,27150166024780
27149947073044,27150320433087
27149947073044,27150452104489
27149947073044,27150759321818
27150821794140,27150759321818
27150821794140,27151113291720
27150821794140,27151297705582
27150821794140,27151542657173
27150821794140,27151715393036
27151863905886,27151715393036
27151863905886,27152093975358
27151863905886,27152269077740
27151863905886,27152413289129
27152504635730,27152413289129
27152504635730,27152713998202
27152504635730,27152935578288
27152504635730,27153090493715
27152504635730,27153267721429
27152504635730,27153543961817
27153673185956,27153543961817
27153673185956,27153944184181
27153673185956,27154141215686
27153673185956,27154336141945
27154338683700,27154336141945
27154338683700,27154570789271
27154338683700,27154715262088
27154338683700,27154894461467
27154338683700,27155020515508
27154338683700,27155495476402
27155502575911,27155495476402
27155502575911,27155709141756
27155502575911,27155903210380
27155502575911,27156081263792
27155502575911,27156349547335
27155502575911,27156612215685
