26667232030009,26667674527585
26667682893254,26667674527585
26667682893254,26667878677796
26667682893254,26668044242149
26667682893254,26668190207746
26667682893254,26668330265077
26667682893254,26668682265909
26667682893254,26668949873831
26669026739118,26668949873831
26669026739118,26669207796428
26669026739118,26669547684683
26669026739118,26669670428840
26669026739118,26669959836820
26669026739118,26670144294432
26669961455815,26670144294432
26669961455815,26670515826133
26669961455815,26670671771305
26669961455815,26670832674646
26670834550751,26670832674646
26670834550751,26671058154608
26670834550751,26671208803356
26670834550751,26671365194061
26671366811238,26671365194061
26671366811238,26671560040692
26671366811238,26671705090633
26671366811238,26671855141737
26671366811238,26672239256974
26671366811238,26672627139517
26672719564427,26672627139517
26672719564427,26672910071638
26672719564427,26673147472253
26672719564427,26673324828204
26672719564427,26673604237423
26673689769932,26673604237423
26673689769932,26673929545665
26673689769932,26674132354851
26673689769932,26674272141992
26673689769932,26674627708563
26674758195892,26674627708563
26674758195892,26674941635047
26674758195892,26675111656422
26674758195892,26675271644563
26675272837953,26675271644563
26675272837953,26675553403322
26675272837953,26675758117684
26675272837953,26675954101176
26676063610217,26675954101176
26676063610217,26676265078192
26676063610217,26676494375813
26676063610217,26676724197875
26676063610217,26676867202219
26676063610217,26677026989249
26677028878737,26677026989249
26677028878737,26677248115999
26677028878737,26677459102918
26677028878737,26677672052596
26677028878737,26677960310553
26677028878737,26678366373809
26678416863750,26678366373809
26678416863750,26678729918127
26678416863750,26678996429652
26678416863750,26679158524145
26678416863750,26679440359493
26679444235847,26679440359493
26679444235847,26679665207635
26679444235847,26679842817020
26679444235847,26680068289513
26679444235847,26680372201718
26680422952087,26680372201718
26680422952087,26680702295057
26680422952087,26680852179467
26680878891205,26680852179467
26680878891205,26681078443829
26680878891205,26681238360943
26680878891205,26681392143268
26680878891205,26681569266321
26680878891205,26681768238087
26680878891205,26682160526962
26682258397765,26682160526962
26682258397765,26682493208509
26682258397765,26682692633510
26682258397765,26682905781505
26682258397765,26683082012271
26683189887512,26683082012271
26683189887512,26683357552948
26683189887512,26683573234548
26683189887512,26683742268739
26683189887512,26684066119914
26684206695208,26684066119914
26684206695208,26684401934106
26684206695208,26684603061033
26684206695208,26684739036615
26684741387530,26684739036615
26684741387530,26684972926353
26684741387530,26685368232617
26684741387530,26685645472941
26684741387530,26685786479347
26684741387530,26686182229518
26686270926139,26686182229518
26686270926139,26686538740748
26686270926139,26686678872896
26686270926139,26686879451566
26686270926139,26687167720102
26687169325913,26687167720102
26687169325913,26687385045877
26687169325913,26687603400601
26687169325913,26687770273235
26687169325913,26688018067869
26688096273760,26688018067869
26688096273760,26688351178000
26688096273760,26688518981311
26688096273760,26688738868046
26688096273760,26689037233377
26689047089298,26689037233377
26689047089298,26689242328521
26689047089298,26689430406369
26689047089298,26689622373289
26689047089298,26689950279949
26689981486191,26689950279949
26689981486191,26690212257566
26689981486191,26690368781588
26689981486191,26690586434471
26689981486191,26690905463964
26690906929141,26690905463964
26690906929141,26691173415105
26690906929141,26691331924308
26690906929141,26691536364162
26690906929141,26691898787740
26691903673497,26691898787740
26691903673497,26692130419548
26691903673497,26692317309690
26691903673497,26692504078231
26691903673497,26692784122474
26692807059871,26692784122474
26692807059871,26692969683914
26692807059871,26693193426911
26692807059871,26693336308374
26693337660451,26693336308374
26693337660451,26693501132363
26693337660451,26693688300222
26693337660451,26693904775741
26693337660451,26694070661027
26693337660451,26694697684956
26694699265119,26694697684956
26694699265119,26694882002407
26694699265119,26695046325688
26694699265119,26695228580716
26694699265119,26695482105308
26695590706416,26695482105308
26695590706416,26695837428793
26695590706416,26695987623083
26695590706416,26696192312404
26695590706416,26696680455429
26696681976369,26696680455429
26696681976369,26696853202210
26696681976369,26697042103549
26696681976369,26697197176421
26696681976369,26697486329034
26697575687916,26697486329034
26697575687916,26697808337116
26697575687916,26698006336329
26697575687916,26698191885708
26697575687916,26698537836255
26698555815771,26698537836255
26698555815771,26698850311801
26698555815771,26699022222171
26698555815771,26699187678765
26698555815771,26699511889123
26699583140497,26699511889123
26699583140497,26699809394452
26699583140497,26700048535960
26699583140497,26700195576022
26699583140497,26700660606240
26700662465711,26700660606240
26700662465711,26700951899817
26700662465711,26701116298388
26700662465711,26701291467456
26700662465711,26701492227928
26701622084751,26701492227928
26701622084751,26701833945519
26701622084751,26702045105641
26701622084751,26702251920946
26702253999885,26702251920946
26702253999885,26702412447108
26702253999885,26702642820897
26702253999885,26702816621975
26702253999885,26703076279759
26703078892730,26703076279759
26703078892730,26703412729053
26703078892730,26703576403002
26703078892730,26703785640292
26703078892730,26703978183532
26703078892730,26704390734931
26704394184257,26704390734931
26704394184257,26704640420267
26704394184257,26704788840561
26704394184257,26705001703517
26705004092865,26705001703517
26705004092865,26705171556013
26705004092865,26705353255263
26705004092865,26705498833634
26705004092865,26705694029754
26705004092865,26706206924007
26706216892233,26706206924007
26706216892233,26706461378686
26706216892233,26706627752346
26706216892233,26706831973622
26706216892233,26707089919261
26707286228670,26707089919261
26707286228670,26707461408454
26707286228670,26707616523588
26707286228670,26707798455922
26707286228670,26708050678226
26708051583165,26708050678226
26708051583165,26708276277481
26708051583165,26708494931972
26708051583165,26708649728554
26708651942462,26708649728554
26708651942462,26708871264267
26708651942462,26708995806091
26708651942462,26709198615901
26708651942462,26709378428780
26709447827003,26709378428780
26709447827003,26709689295080
26709447827003,26709829891943
26709447827003,26709993507883
26709447827003,26710322294305
26709447827003,26710707389153
26710788359951,26710707389153
26710788359951,26711059574671
26710788359951,26711206111035
26710788359951,26711436876030
26710788359951,26711694289858
26711794828187,26711694289858
26711794828187,26712059404491
26711794828187,26712230207304
26711794828187,26712429900315
26712271366954,26712429900315
26712271366954,26712572936841
26712271366954,26712752691559
26712271366954,26712928337207
26712271366954,26713254904440
26712271366954,26713514272962
26713613284590,26713514272962
26713613284590,26713906566988
26713613284590,26714154973310
26713613284590,26714373734746
26713613284590,26714523339546
26714567890915,26714523339546
26714567890915,26714849904259
26714567890915,26715010823168
26714567890915,26715185047541
26715189064861,26715185047541
26715189064861,26715442787663
26715189064861,26715615920742
26715189064861,26715798777279
26715189064861,26715963465720
26715189064861,26716281653027
26716300764013,26716281653027
26716300764013,26716543951253
26716300764013,26716686926318
26716300764013,26716880311725
26716882091439,26716880311725
26716882091439,26717056186322
26716882091439,26717214080553
26716882091439,26717377123915
26716882091439,26717724746163
26717760190515,26717724746163
26717760190515,26717979026716
26717760190515,26718198741306
26717760190515,26718374987034
26717760190515,26718622248641
26717760190515,26719006147309
26719058817767,26719006147309
26719058817767,26719270408906
26719058817767,26719410307540
26719058817767,26719554269914
26719556226073,26719554269914
26719556226073,26719761322678
26719556226073,26719897361813
26719556226073,26720347463140
26719556226073,26720651932040
26719556226073,26721147217647
26721148692970,26721147217647
26721148692970,26721326413844
26721148692970,26721530975735
26721148692970,26721754165962
26721148692970,26722050035012
26722051680239,26722050035012
26722051680239,26722275360000
26722051680239,26722424908772
26722051680239,26722561488662
26722562388477,26722561488662
26722562388477,26722860482916
26722562388477,26723043467927
26722562388477,26723238783501
26722562388477,26723523909254
26722562388477,26723913214136
26724034375609,26723913214136
26724034375609,26724219039659
26724034375609,26724416562741
26724034375609,26724595256293
26724034375609,26724955272476
26724956866673,26724955272476
26724956866673,26725090285239
26724956866673,26725344680363
26724956866673,26725494193497
26724956866673,26725829496352
26725923352032,26725829496352
26725923352032,26726150027407
26725923352032,26726348034479
26725923352032,26726502139705
26726503641389,26726502139705
26726503641389,26726774894866
26726503641389,26726936299511
26726503641389,26727176249889
26726503641389,26727381523952
26726503641389,26727887326447
26727896423877,26727887326447
26727896423877,26728173436196
26727896423877,26728366185780
26727896423877,26728491029453
26727896423877,26728771710534
26728910361932,26728771710534
26728910361932,26729166922308
26728910361932,26729385289414
26728910361932,26729578443192
26728910361932,26729756887553
26729779547141,26729756887553
26729779547141,26729970464141
26729779547141,26730236224565
26729779547141,26730366833072
26729779547141,26730615454638
26730722959494,26730615454638
26730722959494,26730972107638
26730722959494,26731153274505
26730722959494,26731304324020
26730722959494,26731613187154
26731629190587,26731613187154
26731629190587,26731831438893
26731629190587,26731982976897
26731629190587,26732181307621
26731629190587,26732511950622
26732597881154,26732511950622
26732597881154,26732831174593
26732597881154,26733015517205
26732597881154,26733187365915
26732597881154,26733497578752
26733557438758,26733497578752
26733557438758,26733706522234
26733557438758,26733987248149
26733557438758,26734150197773
26733557438758,26734412374569
26734480599008,26734412374569
26734480599008,26734755580249
26734480599008,26734927854743
26734480599008,26735187281405
26734480599008,26735341834752
26735445743284,26735341834752
26735445743284,26735642730321
26735445743284,26735822814091
26735445743284,26736011252269
26736013121813,26736011252269
26736013121813,26736229482807
26736013121813,26736353751060
26736013121813,26736538472794
26736013121813,26736849236935
26736013121813,26737354761220
26737381670328,26737354761220
26737381670328,26737546116638
26737381670328,26737761064903
26737381670328,26737983526515
26737381670328,26738346965936
26738690410503,26738346965936
26738690410503,26738854619497
26738690410503,26739172713119
26738690410503,26739399546207
26738690410503,26739569929950
26739573154313,26739569929950
26739573154313,26739772232039
26739573154313,26739996083444
26739573154313,26740155966234
26740160069645,26740155966234
26740160069645,26740392000904
26740160069645,26740505218307
26740160069645,26740660858240
26740160069645,26740952414006
26740160069645,26741390811838
26741394335037,26741390811838
26741394335037,26741576488652
26741394335037,26741746190674
26741394335037,26741930382761
26741394335037,26742198757748
26742216988661,26742198757748
26742216988661,26742482510253
26742216988661,26742673209973
26742216988661,26742820825916
26742823457680,26742820825916
26742823457680,26742983107123
26742823457680,26743158116863
26742823457680,26743323203877
26742823457680,26743506383765
26742823457680,26743900249697
26743975692712,26743900249697
26743975692712,26744204417247
26743975692712,26744388343696
26743975692712,26744640384676
26743975692712,26744941213934
26744953656215,26744941213934
26744953656215,26745217595398
26744953656215,26745489500245
26744953656215,26745670649174
26744953656215,26745909278854
26745932766872,26745909278854
26745932766872,26746134164050
26745932766872,26746307374374
26745932766872,26746515423082
26745932766872,26746840381383
26746864784987,26746840381383
26746864784987,26747128332040
26746864784987,26747280574347
26746864784987,26747494890311
26746864784987,26747760368464
26747761518728,26747760368464
26747761518728,26747976348444
26747761518728,26748151710065
26747761518728,26748288147688
26747761518728,26748627894121
26748638077203,26748627894121
26748638077203,26748903807186
26748638077203,26749046763565
26748638077203,26749297414033
26748638077203,26749525554377
26749694212845,26749525554377
26749694212845,26750246770183
26749694212845,26750395990056
26749694212845,26750595202603
26749694212845,26750852226254
26750924708630,26750852226254
26750924708630,26751197067326
26750924708630,26751367209546
26750924708630,26751496257981
26751503181446,26751496257981
26751503181446,26751747360644
26751503181446,26751914990891
26751503181446,26752141768117
26751503181446,26752423014762
26752427643124,26752423014762
26752427643124,26752669503456
26752427643124,26752939283092
26752427643124,26753092836448
26752427643124,26753391435304
26752427643124,26753899802558
26753902385932,26753899802558
26753902385932,26754079736040
26753902385932,26754224782268
26753902385932,26754418727186
26753902385932,26754674332820
26754675788501,26754674332820
26754675788501,26754913230353
26754675788501,26755038228164
26754675788501,26755178961033
26754675788501,26755513212838
26755614276036,26755513212838
26755614276036,26755852927515
26755614276036,26756011750134
26755614276036,26756265469318
26755614276036,26756507746961
26756549031899,26756507746961
26756549031899,26756753954124
26756549031899,26756951433792
26756549031899,26757148216130
26757150580926,26757148216130
26757150580926,26757367290131
26757150580926,26757507463573
26757150580926,26757687514316
26757150580926,26757859196223
26757150580926,26758433444919
26758468108838,26758433444919
26758468108838,26758653848751
26758468108838,26758837477032
26758468108838,26759087125761
26758468108838,26759365058540
26759376054432,26759365058540
26759376054432,26759615427446
26759376054432,26759791702585
26759376054432,26759937067971
26759376054432,26760147088247
26760279674286,26760147088247
26760279674286,26760459574501
26760279674286,26760634809907
26760279674286,26760790748001
26760279674286,26761100182585
26761112126620,26761100182585
26761112126620,26761344177657
26761112126620,26761518382338
26761112126620,26761682889642
26761112126620,26761958831054
26762047866685,26761958831054
26762047866685,26762273286889
26762047866685,26762507369051
26762047866685,26762671404112
26762047866685,26762863283687
26762891231673,26762863283687
26762891231673,26763111646339
26762891231673,26763295760980
26762891231673,26763828660559
26762891231673,26764142510313
26764151285865,26764142510313
26764151285865,26764415396936
26764151285865,26764556521306
26764151285865,26764705150865
26764151285865,26765119150965
26765120756381,26765119150965
26765120756381,26765295840153
26765120756381,26765623518442
26765120756381,26765753506799
26765755486377,26765753506799
26765755486377,26765965732633
26765755486377,26766145016381
26765755486377,26766311259189
26765755486377,26766468957646
26765755486377,26767023259848
26767025206527,26767023259848
26767025206527,26767194518215
26767025206527,26767412470438
26767025206527,26767596335861
26767025206527,26767811836702
26767895956323,26767811836702
26767895956323,26768122238845
26767895956323,26768348902725
26767895956323,26768514944109
26767895956323,26768822941624
26768839043911,26768822941624
26768839043911,26769088898592
26768839043911,26769270499970
26768839043911,26769391725610
26769393440099,26769391725610
26769393440099,26769623212248
26769393440099,26769817841956
26769393440099,26769992130307
26769393440099,26770308100373
26769393440099,26770754763530
26770765206924,26770754763530
26770765206924,26771057048430
26770765206924,26771212374372
26770765206924,26771398025629
26770765206924,26771609092533
26771399227015,26771609092533
26771399227015,26771846741775
26771399227015,26772034858899
26771399227015,26772223494941
26771399227015,26772606403259
26772687376238,26772606403259
26772687376238,26772977208492
26772687376238,26773129634871
26772687376238,26773397652147
26773401900637,26773397652147
26773401900637,26773639115167
26773401900637,26773812054967
26773401900637,26773970228855
26773401900637,26774116881416
26773401900637,26774643135184
26774645994464,26774643135184
26774645994464,26774899432936
26774645994464,26775053127520
26774645994464,26775275770703
26774645994464,26775542486347
26775609599841,26775542486347
26775609599841,26775858117343
26775609599841,26776072182895
26775609599841,26776260196245
26775609599841,26776507753749
26776511317525,26776507753749
26776511317525,26776759964470
26776511317525,26776884178996
26776511317525,26777074647749
26776511317525,26777504821993
26777506141453,26777504821993
26777506141453,26777684402815
26777506141453,26777838188896
26777506141453,26778008065596
26778009945398,26778008065596
26778009945398,26778189133592
26778009945398,26778355437473
26778009945398,26778586464218
26778009945398,26778796153654
26778824219731,26778796153654
26778824219731,26779073649790
26778824219731,26779237144241
26778824219731,26779484297943
26778824219731,26779638586032
26779736949342,26779638586032
26779736949342,26779998022619
26779736949342,26780148934072
26779736949342,26780310494572
26779736949342,26780538214847
26779736949342,26781005688599
26781025185217,26781005688599
26781025185217,26781266709700
26781025185217,26781418730764
26781025185217,26781623828794
26781025185217,26781950916269
26781994686104,26781950916269
26781994686104,26782180900677
26781994686104,26782358976269
26781994686104,26782515614091
26781994686104,26782942629785
26783032309967,26782942629785
26783032309967,26783171247045
26783032309967,26783474944390
26783032309967,26783602912469
26783032309967,26783951814758
26784027596481,26783951814758
26784027596481,26784209880911
26784027596481,26784466782132
26784027596481,26784690249033
26784027596481,26784979266119
26785038909908,26784979266119
26785038909908,26785257304814
26785038909908,26785447932682
26785038909908,26785641147616
26785038909908,26786108346164
26786110178193,26786108346164
26786110178193,26786622659218
26786110178193,26786791018357
26786110178193,26786946541834
26786110178193,26787131182780
26786110178193,26787325506769
26786110178193,26787510099015
26787327670649,26787510099015
26787327670649,26787648295493
26787327670649,26788089667462
26788091172948,26788089667462
26788091172948,26788362216751
26788091172948,26788529745273
26788091172948,26788755720237
26788758317962,26788755720237
26788758317962,26788951153267
26788758317962,26789106623860
26788758317962,26789282044456
26788758317962,26789610486258
26788758317962,26789970152793
26790030175528,26789970152793
26790030175528,26790230167085
26790030175528,26790526168977
26790030175528,26790672684722
26790674194630,26790672684722
26790674194630,26790807934816
26790674194630,26790972757470
26790674194630,26791151335060
26790674194630,26791366969383
26790674194630,26791808661642
26791878686914,26791808661642
26791878686914,26792078276820
26791878686914,26792425095361
26791878686914,26792591611412
26791878686914,26792745684957
26792762238658,26792745684957
26792762238658,26792980057197
26792762238658,26793137638528
26792762238658,26793391647087
26792762238658,26793654703529
26793659193832,26793654703529
26793659193832,26793857941153
26793659193832,26794082891550
26793659193832,26794348241103
26793659193832,26794537799646
26794626530319,26794537799646
26794626530319,26794925110696
26794626530319,26795188205493
26794626530319,26795351251983
26794626530319,26795600732650
26795642024164,26795600732650
26795642024164,26795855257811
26795642024164,26796126714441
26795642024164,26796281830545
26795642024164,26796610245301
26796612866728,26796610245301
26796612866728,26796859374108
26796612866728,26797005342217
26796612866728,26797187470406
26797189900065,26797187470406
26797189900065,26797406760215
26797189900065,26797638446573
26797189900065,26797798129158
26797189900065,26797916815805
26797189900065,26798307275186
26798371432664,26798307275186
26798371432664,26798628864099
26798371432664,26798786125486
26798371432664,26798952033589
26798371432664,26799195601651
26799282867050,26799195601651
26799282867050,26799532336856
26799282867050,26799729603683
26799282867050,26799912757054
26799282867050,26800120047254
26800200686522,26800120047254
26800200686522,26800382973472
26800200686522,26800724047502
26800200686522,26800875934989
26800200686522,26801202774374
26801214783015,26801202774374
26801214783015,26801427947734
26801214783015,26801620976078
26801214783015,26801867449245
26801214783015,26802167206001
26802193912257,26802167206001
26802193912257,26802417291903
26802193912257,26802629918483
26802193912257,26802835808354
26802193912257,26803199296602
26803200824797,26803199296602
26803200824797,26803416436358
26803200824797,26803582192445
26803200824797,26803727030039
26803200824797,26804107981087
26804142059219,26804107981087
26804142059219,26804363887046
26804142059219,26804635274082
26804142059219,26804815159539
26804142059219,26804997419202
26805035907168,26804997419202
26805035907168,26805214263732
26805035907168,26805468421599
26805035907168,26805638645168
26805035907168,26806035927609
26806040180882,26806035927609
26806040180882,26806252247188
26806040180882,26806435536824
26806040180882,26806586158760
26806040180882,26806945058428
26806975439669,26806945058428
26806975439669,26807263355215
26806975439669,26807431827427
26806975439669,26807661183506
26807663438771,26807661183506
26807663438771,26807840205291
26807663438771,26807994791461
26807663438771,26808159325923
26807663438771,26808317891036
26807663438771,26808831384301
26808833628444,26808831384301
26808833628444,26809075711466
26808833628444,26809216849688
26808833628444,26809387532460
26808833628444,26809624491716
26809675648322,26809624491716
26809675648322,26809895535615
26809675648322,26810049688086
26809675648322,26810285987686
26809675648322,26810573828888
26810582727481,26810573828888
26810582727481,26810842193371
26810582727481,26811001833899
26810582727481,26811212196990
26811213271851,26811212196990
26811213271851,26811580062429
26811213271851,26811727449949
26811213271851,26811889246343
26811213271851,26812265470827
26811213271851,26812856182705
26812858176447,26812856182705
26812858176447,26813107434093
26812858176447,26813239246600
26812858176447,26813394229075
26812858176447,26813762298380
26813764212265,26813762298380
26813764212265,26814031038693
26813764212265,26814321420155
26813764212265,26814533861627
26813764212265,26814734294801
26814738940798,26814734294801
26814738940798,26815032626927
26814738940798,26815180615634
26814738940798,26815339478827
26814738940798,26815569238149
26815744697544,26815569238149
26815744697544,26816027216773
26815744697544,26816181858261
26816186903231,26816181858261
26816186903231,26816421029560
26816186903231,26816636303324
26816186903231,26816811891210
26816186903231,26816986744599
26816186903231,26817179566792
26817181532827,26817179566792
26817181532827,26817449296590
26817181532827,26817612649761
26817181532827,26817836492792
26817181532827,26818005453879
26817181532827,26818349074195
26818365076840,26818349074195
26818365076840,26818622201755
26818365076840,26818829421233
26818365076840,26818981019989
26818982677671,26818981019989
26818982677671,26819236755188
26818982677671,26819427036591
26818982677671,26819585874222
26818982677671,26819714434881
26818982677671,26820087654802
26820192199642,26820087654802
26820192199642,26820429761114
26820192199642,26820587309840
26820192199642,26820807206312
26820809125882,26820807206312
26820809125882,26820956452992
26820809125882,26821107181702
26820809125882,26821281139066
26820809125882,26821578955275
26820809125882,26822050347285
26822081416101,26822050347285
26822081416101,26822339033004
26822081416101,26822557358823
26822081416101,26822717340817
26822081416101,26823061684397
26823064133772,26823061684397
26823064133772,26823236419180
26823064133772,26823384319964
26823064133772,26823619432914
26823064133772,26823922571867
26823974983320,26823922571867
26823974983320,26824195284826
26823974983320,26824414084270
26823974983320,26824654127114
26823974983320,26824841743928
26824897553340,26824841743928
26824897553340,26825162977453
26824897553340,26825303084016
26824897553340,26825526135892
26824897553340,26825823859937
26825930099027,26825823859937
26825930099027,26826156399871
26825930099027,26826316520350
26825930099027,26826542343653
26826544521339,26826542343653
26826544521339,26826768150730
26826544521339,26826969441061
26826544521339,26827128647055
26826544521339,26827304326293
26827358294346,26827304326293
26827358294346,26827591361827
26827358294346,26827786872137
26827358294346,26827971656141
26827358294346,26828267599384
26828314332973,26828267599384
26828314332973,26828540097978
26828314332973,26828756708270
26828314332973,26828890991870
26828314332973,26829597030185
26829604384814,26829597030185
26829604384814,26829828196053
26829604384814,26830098283078
26829604384814,26830335603258
26829604384814,26830562378265
26829604384814,26830950458984
26831049420259,26830950458984
26831049420259,26831391169057
26831049420259,26831630047539
26831049420259,26831817906873
26831049420259,26832025655331
26832053808240,26832025655331
26832053808240,26832335216371
26832053808240,26832511317073
26832053808240,26832691324330
26832693190576,26832691324330
26832693190576,26832851075572
26832693190576,26833018342481
26832693190576,26833234176986
26832693190576,26833466921257
26832693190576,26833804989467
26834068031613,26833804989467
26834068031613,26834246207363
26834068031613,26834427316148
26834428840505,26834427316148
26834428840505,26834645702756
26834428840505,26834838513694
26834428840505,26835011496839
26834428840505,26835176206900
26834428840505,26835340223521
26834428840505,26835656345741
26835708755323,26835656345741
26835708755323,26835892748665
26835708755323,26836150369677
26835708755323,26836351108972
26835708755323,26836589619530
26836591815680,26836589619530
26836591815680,26836846535762
26836591815680,26837033698868
26836591815680,26837204400420
26836591815680,26837546382672
26837567410408,26837546382672
26837567410408,26837859448065
26837567410408,26838036622029
26837567410408,26838207430172
26837567410408,26838449088400
26838492230555,26838449088400
26838492230555,26838775104052
26838492230555,26838961153846
26838492230555,26839097350605
26839129531607,26839097350605
26839129531607,26839396163204
26839129531607,26839532200395
26839129531607,26839737602710
26839129531607,26840023710874
26839129531607,26840456974001
26840562185566,26840456974001
26840562185566,26840768619920
26840562185566,26840933372011
26840562185566,26841125398029
26840562185566,26841475817185
26840562185566,26841630370986
26841477469143,26841630370986
26841477469143,26841840080740
26841477469143,26842027001821
26841477469143,26842372527179
26842377156840,26842372527179
26842377156840,26842626716736
26842377156840,26842870569832
26842377156840,26843068269090
26843071489918,26843068269090
26843071489918,26843250348743
26843071489918,26843395129768
26843071489918,26843608345079
26843071489918,26843804421129
26843071489918,26844176974627
26844294342719,26844176974627
26844294342719,26844517607318
26844294342719,26844797406734
26844294342719,26845020915671
26844294342719,26845273312819
26845274980751,26845273312819
26845274980751,26845517320097
26845274980751,26845703654136
26845274980751,26845867789138
26845274980751,26846195313049
26846196753852,26846195313049
26846196753852,26846508050283
26846196753852,26846680403176
26846196753852,26846844332828
26846196753852,26846983424864
26846846190885,26846983424864
26846846190885,26847166548012
26846846190885,26847309315310
26846846190885,26847573345853
26846846190885,26847995065798
26848043952749,26847995065798
26848043952749,26848296678147
26848043952749,26848445114609
26848043952749,26848634713983
26848043952749,26848995987950
26849094045985,26848995987950
26849094045985,26849306246002
26849094045985,26849444717340
26849094045985,26849581539058
26849717369741,26849581539058
26849717369741,26849885240042
26849717369741,26850064978866
26849717369741,26850274695468
26849717369741,26850531571355
26849717369741,26850939050908
26851029956560,26850939050908
26851029956560,26851196226257
26851029956560,26851450251963
26851029956560,26851724103598
26851029956560,26851920651362
26852044386086,26851920651362
26852044386086,26852232312555
26852044386086,26852427888108
26852044386086,26852653185798
26852044386086,26852819301168
26852654799867,26852819301168
26852654799867,26852974175803
26852654799867,26853099275798
26852654799867,26853491137018
26852654799867,26853967114770
26853996042865,26853967114770
26853996042865,26854232519754
26853996042865,26854476078214
26853996042865,26854629069582
26853996042865,26855227173114
26853996042865,26855563395589
26855350842890,26855563395589
26855350842890,26855723653399
26855350842890,26855885205259
26855886889897,26855885205259
26855886889897,26856116333065
26855886889897,26856260256780
26855886889897,26856401298897
26855886889897,26856596167737
26855886889897,26856973328451
26857050045616,26856973328451
26857050045616,26857273191905
26857050045616,26857536381199
26857050045616,26857701996830
26857703307894,26857701996830
26857703307894,26857856423971
26857703307894,26858045888611
26857703307894,26858220185191
26857703307894,26858492938963
26857703307894,26859027796035
26859034436680,26859027796035
26859034436680,26859264663862
26859034436680,26859402363191
26859034436680,26859560418075
26859034436680,26859719203219
26859034436680,26859866227250
26859034436680,26860009152315
26859867206429,26860009152315
26859867206429,26860210306537
26859867206429,26860743264307
26860745926245,26860743264307
26860745926245,26860917728872
26860745926245,26861111998181
26861127610343,26861111998181
26861127610343,26861330702798
26861127610343,26861450429708
26861127610343,26861663313289
26861127610343,26861879256166
26861127610343,26862125730824
26861127610343,26862493153913
26862511984723,26862493153913
26862511984723,26862721435839
26862511984723,26862931867002
26862511984723,26863128473299
26862511984723,26863423517413
26863443303989,26863423517413
26863443303989,26863661432230
26863443303989,26863812079412
26863443303989,26864028660894
26863443303989,26864345035203
26864359062047,26864345035203
26864359062047,26864566237358
26864359062047,26864714263697
26864359062047,26864932389632
26864935163197,26864932389632
26864935163197,26865171591102
26864935163197,26865315640514
26864935163197,26865467412762
26864935163197,26865740541583
26864935163197,26866140495141
26866146564079,26866140495141
26866146564079,26866396192996
26866146564079,26866592385435
26866146564079,26866756933852
26866146564079,26867075202743
26867080122646,26867075202743
26867080122646,26867317451102
26867080122646,26867520192137
26867080122646,26867640478248
26867080122646,26867978313775
26868086534430,26867978313775
26868086534430,26868323116128
26868086534430,26868539033315
26868086534430,26868789352675
26868086534430,26868979410126
26869050340385,26868979410126
26869050340385,26869312258493
26869050340385,26869491116232
26869050340385,26869621423595
26869050340385,26869997479335
26870003676842,26869997479335
26870003676842,26870263383949
26870003676842,26870491380365
26870003676842,26870709666714
26870003676842,26870862391182
26870898747136,26870862391182
26870898747136,26871146111999
26870898747136,26871319095123
26870898747136,26871524305340
26870898747136,26871895188204
26871912036767,26871895188204
26871912036767,26872188890740
26871912036767,26872412193116
26871912036767,26872567415840
26871912036767,26872937143981
26873027946175,26872937143981
26873027946175,26873205224164
26873027946175,26873338448651
26873027946175,26873463986113
26873472762194,26873463986113
26873472762194,26873701908054
26873472762194,26873935140417
26873472762194,26874077672880
26873472762194,26874384178423
26873472762194,26874987616939
26874989106783,26874987616939
26874989106783,26875184570617
26874989106783,26875332277922
26874989106783,26875527104362
26874989106783,26875936921648
26874989106783,26876166180190
26875942431993,26876166180190
26875942431993,26876326403153
26875942431993,26876483140173
26875942431993,26876838786644
26876854365145,26876838786644
26876854365145,26877118913986
26876854365145,26877311395598
26876854365145,26877477850452
26876854365145,26877775481187
26877811547497,26877775481187
26877811547497,26878116206230
26877811547497,26878306692269
26877811547497,26878582194576
26878584623503,26878582194576
26878584623503,26878830624529
26878584623503,26879079502315
26878584623503,26879250486772
26878584623503,26879420614238
26879851070228,26879420614238
26879851070228,26880120200717
26879851070228,26880278753371
26879851070228,26880430905707
26879851070228,26880617829550
26879851070228,26880766483508
26880873318099,26880766483508
26880873318099,26881157198656
26880873318099,26881423216171
26880873318099,26881603277746
26880873318099,26881899292004
26881922559840,26881899292004
26881922559840,26882161591387
26881922559840,26882400529795
26881922559840,26882600709122
26882604313959,26882600709122
26882604313959,26882803121118
26882604313959,26882966131042
26882604313959,26883154268062
26882604313959,26883285317906
26882604313959,26883702159178
26883805967635,26883702159178
26883805967635,26884004524177
26883805967635,26884258683087
26883805967635,26884459840626
26883805967635,26884751581560
26884755309494,26884751581560
26884755309494,26885016239846
26884755309494,26885240201164
26884755309494,26885431554003
26884755309494,26885658684701
26885736204052,26885658684701
26885736204052,26885991455868
26885736204052,26886188331975
26885736204052,26886374021170
26885736204052,26886649659336
26885736204052,26886898391278
26886737067254,26886898391278
26886737067254,26887167570009
26886737067254,26887312698322
26886737067254,26887684097642
26887687018412,26887684097642
26887687018412,26887934738812
26887687018412,26888090453357
26887687018412,26888271583935
26887687018412,26888555371249
26888564675637,26888555371249
26888564675637,26888782993094
26888564675637,26888977297371
26888564675637,26889198675103
26888564675637,26889463688020
26889536418109,26889463688020
26889536418109,26889780427714
26889536418109,26889994271037
26889536418109,26890223255955
26889536418109,26890498844959
26890501792128,26890498844959
26890501792128,26890752667726
26890501792128,26890951517992
26890501792128,26891109995592
26891112252813,26891109995592
26891112252813,26891328254172
26891112252813,26891461227632
26891112252813,26891652299231
26891112252813,26891871647021
26891112252813,26892314420945
26892316835392,26892314420945
26892316835392,26892633482138
26892316835392,26892774941519
26892316835392,26892944453748
26892316835392,26893085960826
26893159905072,26893085960826
26893159905072,26893374771132
26893159905072,26893606212889
26893159905072,26893802214962
26893159905072,26894039140757
26894121666654,26894039140757
26894121666654,26894372692536
26894121666654,26894533805445
26894121666654,26894706199141
26894707346248,26894706199141
26894707346248,26894873936236
26894707346248,26895087411192
26894707346248,26895303044451
26894707346248,26895586115437
26894707346248,26896016239168
26896051367776,26896016239168
26896051367776,26896281528762
26896051367776,26896461250881
26896051367776,26896655528085
26896051367776,26897031444541
26897143914363,26897031444541
26897143914363,26897436393284
26897143914363,26897618874995
26897143914363,26897764573057
26897143914363,26898065325366
26898133770987,26898065325366
26898133770987,26898415752398
26898133770987,26898622267927
26898133770987,26898724973653
26898133770987,26899353509628
26898133770987,26899600154415
26899399300487,26899600154415
26899399300487,26899844837210
26899399300487,26900047444209
26900049184712,26900047444209
26900049184712,26900287668678
26900049184712,26900462803848
26900049184712,26900608263211
26900049184712,26900891956287
26900049184712,26901245309054
26901336704891,26901245309054
26901336704891,26901526222278
26901336704891,26901824871300
26901336704891,26902024697346
26901336704891,26902189500426
26902236955808,26902189500426
26902236955808,26902426472825
26902236955808,26902608490436
26902236955808,26902794036562
26902236955808,26903114262151
26903132227252,26903114262151
26903132227252,26903321204091
26903132227252,26903579761126
26903581545239,26903579761126
26903581545239,26903853042514
26903581545239,26904068774225
26903581545239,26904311686270
26903581545239,26904494410505
26903581545239,26904642982729
26904647149687,26904642982729
26904647149687,26904862430677
26904647149687,26905006231969
26904647149687,26905172764758
26904647149687,26905382359665
26904647149687,26905880270593
26905882144847,26905880270593
26905882144847,26906118810737
26905882144847,26906501153647
26905882144847,26906835908483
26905882144847,26907088106588
26907273998067,26907088106588
26907273998067,26907445868935
26907273998067,26907597047008
26907273998067,26907776539678
26907273998067,26908108334587
26908120117703,26908108334587
26908120117703,26908363488827
26908120117703,26908577274332
26908120117703,26908785572003
26908120117703,26909079719267
26909081589653,26909079719267
26909081589653,26909301388034
26909081589653,26909498357620
26909081589653,26909623899855
26909081589653,26910010267969
26910013727829,26910010267969
26910013727829,26910305262388
26910013727829,26910460254820
26910013727829,26910709977627
26910013727829,26910971390029
26911047455736,26910971390029
26911047455736,26911300401666
26911047455736,26911505452650
26911047455736,26911718053737
26911047455736,26911987303599
26911989397914,26911987303599
26911989397914,26912261285637
26911989397914,26912383209646
26911989397914,26912622826524
26911989397914,26912978214293
26912981629153,26912978214293
26912981629153,26913205451452
26912981629153,26913335172166
26912981629153,26913484187111
26912981629153,26913765864102
26913984738585,26913765864102
26913984738585,26914177401746
26913984738585,26914327950298
26913984738585,26914535286841
26913984738585,26914686778725
26914788822638,26914686778725
26914788822638,26915070403452
26914788822638,26915238294455
26914788822638,26915397032168
26914788822638,26915825383413
26915827511774,26915825383413
26915827511774,26916038405643
26915827511774,26916241477768
26915827511774,26916454919394
26915827511774,26916633327339
26916635180976,26916633327339
26916635180976,26916852397016
26916635180976,26917018141431
26916635180976,26917167172044
26916635180976,26917475736035
26917540517217,26917475736035
26917540517217,26917708889305
26917540517217,26917939464625
26917540517217,26918110983958
26918113430867,26918110983958
26918113430867,26918397222038
26918113430867,26918535367697
26918113430867,26918737668535
26918113430867,26918918208945
26918975947773,26918918208945
26918975947773,26919232087120
26918975947773,26919415395632
26918975947773,26919562451855
26918975947773,26919829266210
26918975947773,26920319346763
26920321320107,26920319346763
26920321320107,26920522576396
26920321320107,26920788350698
26920321320107,26920998614249
26920321320107,26921264124386
26921278737524,26921264124386
26921278737524,26921553592038
26921278737524,26921765244961
26921278737524,26921944032182
26921278737524,26922150755222
26922211002315,26922150755222
26922211002315,26922433563768
26922211002315,26922660303749
26922211002315,26922885028279
26922211002315,26923078140661
26923099200449,26923078140661
26923099200449,26923321954578
26923099200449,26923613254527
26923099200449,26923766619239
26923099200449,26924079571276
26924081707211,26924079571276
26924081707211,26924333715170
26924081707211,26924540210150
26924081707211,26924702131768
26924081707211,26925037755790
26925039319676,26925037755790
26925039319676,26925330348731
26925039319676,26925511941391
26925039319676,26925649332662
26925039319676,26926103138694
26926104623715,26926103138694
26926104623715,26926339501787
26926104623715,26926518166162
26926104623715,26926973047286
26926104623715,26927173244248
26927252455780,26927173244248
26927252455780,26927504704661
26927252455780,26927665703950
26927252455780,26927800540695
26927252455780,26928114338989
26928151464822,26928114338989
26928151464822,26928421213596
26928151464822,26928611319163
26928151464822,26928759216171
26928151464822,26928997373093
26929156547845,26928997373093
26929156547845,26929425377383
26929156547845,26929621346897
26929156547845,26929762272307
26929156547845,26930029757006
26930128509724,26930029757006
26930128509724,26930338960747
26930128509724,26930538873772
26930128509724,26930748611868
26930128509724,26931169339616
26931172332905,26931169339616
26931172332905,26931420613687
26931172332905,26931591701339
26931172332905,26931767553469
26931172332905,26932071804688
26932072773738,26932071804688
26932072773738,26932309698584
26932072773738,26932532982769
26932072773738,26932715387377
26932719448461,26932715387377
26932719448461,26932956407081
26932719448461,26933085591058
26932719448461,26933214279586
26932719448461,26933564510545
26932719448461,26933940642127
26933946679572,26933940642127
26933946679572,26934165854586
26933946679572,26934392688651
26933946679572,26934606570053
26933946679572,26934882378704
26934921655757,26934882378704
26934921655757,26935222266302
26934921655757,26935375427768
26934921655757,26935545299897
26935547170641,26935545299897
26935547170641,26935759645870
26935547170641,26935961194989
26935547170641,26936138345259
26935547170641,26936426857900
26935547170641,26936967276364
26936969625045,26936967276364
26936969625045,26937229467987
26936969625045,26937386291508
26936969625045,26937541510794
26936969625045,26937802226492
26937807650195,26937802226492
26937807650195,26937977408838
26937807650195,26938242838684
26937807650195,26938426278758
26938428086596,26938426278758
26938428086596,26938625216091
26938428086596,26938851361204
26938428086596,26939041916112
26938428086596,26939197615686
26938428086596,26939625744608
26939752061636,26939625744608
26939752061636,26939946423533
26939752061636,26940127177029
26939752061636,26940277124310
26940278417816,26940277124310
26940278417816,26940539352662
26940278417816,26940667278970
26940278417816,26940865877657
26940278417816,26941153699877
26940278417816,26941661308415
26941715047217,26941661308415
26941715047217,26941974894544
26941715047217,26942147651578
26941715047217,26942307116645
26942309915216,26942307116645
26942309915216,26942511251786
26942309915216,26942666863370
26942309915216,26942875181137
26942309915216,26943048606525
26942309915216,26943594320610
26943631201613,26943594320610
26943631201613,26943893383148
26943631201613,26944122863380
26943631201613,26944289507359
26943631201613,26944562630680
26944563759320,26944562630680
26944563759320,26944785690048
26944563759320,26944998030606
26944563759320,26945184580690
26944563759320,26945485237627
26945486725381,26945485237627
26945486725381,26945685967232
26945486725381,26945886185398
26945486725381,26946092111282
26945486725381,26946294739553
26946324187396,26946294739553
26946324187396,26946548582497
26946324187396,26946748152106
26946324187396,26946914874202
26946324187396,26947268863693
26947274355280,26947268863693
26947274355280,26947451083484
26947274355280,26948050364292
26947274355280,26948175641426
26947274355280,26948488812925
26948633026271,26948488812925
26948633026271,26948907453454
26948633026271,26949115626568
26948633026271,26949371206366
26948633026271,26949539704350
26949542592864,26949539704350
26949542592864,26949814185082
26949542592864,26949969505004
26949542592864,26950172142490
26950174457897,26950172142490
26950174457897,26950371457719
26950174457897,26950532734206
26950174457897,26950801349310
26950174457897,26950953181821
26950174457897,26951326167674
26951341556645,26951326167674
26951341556645,26951610884639
26951341556645,26951768293548
26951341556645,26951925903902
26951341556645,26952291472811
26952295570337,26952291472811
26952295570337,26952514281946
26952295570337,26952673251943
26952295570337,26952847264278
26952295570337,26953064172824
26953076393414,26953064172824
26953076393414,26953310238128
26953076393414,26953463293198
26953076393414,26953640541446
26953076393414,26953946336237
26954149258656,26953946336237
26954149258656,26954357327474
26954149258656,26954519061150
26954149258656,26954704687195
26954149258656,26954918398593
26954935053357,26954918398593
26954935053357,26955123664185
26954935053357,26955305988389
26954935053357,26955494308164
26954935053357,26955837316455
26955846472167,26955837316455
26955846472167,26956057765918
26955846472167,26956237994077
26955846472167,26956394276119
26955846472167,26956829580009
26956834146645,26956829580009
26956834146645,26957050122439
26956834146645,26957200173366
26956834146645,26957405676765
26956834146645,26957670889523
26957700619646,26957670889523
26957700619646,26957962054116
26957700619646,26958095325620
26957700619646,26958272396397
26958275314666,26958272396397
26958275314666,26958540051276
26958275314666,26958687331411
26958275314666,26958879861302
26958275314666,26959002901600
26959065385918,26959002901600
26959065385918,26959238723893
26959065385918,26959453977480
26959065385918,26959660728436
26959065385918,26959934517976
26959065385918,26960450333554
26960470145404,26960450333554
26960470145404,26960628187958
26960470145404,26960851829465
26960470145404,26961070167478
26960470145404,26961357946378
26961360098557,26961357946378
26961360098557,26961562825683
26961360098557,26961752035529
26961360098557,26961905404873
26961360098557,26962348217259
26962350157772,26962348217259
26962350157772,26962601321676
26962350157772,26962784911892
26962350157772,26962994922839
26962350157772,26963375045118
26963381546312,26963375045118
26963381546312,26963648111012
26963381546312,26963823932830
26963381546312,26963987261519
26963989333569,26963987261519
26963989333569,26964237298736
26963989333569,26964437483949
26963989333569,26964626517854
26963989333569,26964771541668
26963989333569,26965124552538
26965128778810,26965124552538
26965128778810,26965356513621
26965128778810,26965596869478
26965777179409,26965596869478
26965777179409,26965774611019
26965777179409,26965894402662
26965777179409,26966168504195
26965777179409,26966436236753
26965777179409,26966600084700
26965777179409,26967097353024
26967100361018,26967097353024
26967100361018,26967246783656
26967100361018,26967516445928
26967100361018,26967694887969
26967697238228,26967694887969
26967697238228,26967869467517
26967697238228,26968017923930
26967697238228,26968179490947
26967697238228,26968405535613
26968554156720,26968405535613
26968554156720,26968774595753
26968554156720,26968911558519
26968554156720,26969149916224
26968554156720,26969401619237
26969498543523,26969401619237
26969498543523,26969699115457
26969498543523,26969928436032
26969498543523,26970104598971
26969498543523,26970304309303
26969498543523,26970848418808
26970850299102,26970848418808
26970850299102,26971116056637
26970850299102,26971250847076
26970850299102,26971396202859
26970850299102,26971835089836
26971837350188,26971835089836
26971837350188,26972011089238
26971837350188,26972215086689
26971837350188,26972393515992
26972396947578,26972393515992
26972396947578,26972576502787
26972396947578,26972733581995
26972396947578,26972850134972
26972396947578,26973244328416
26973304618553,26973244328416
26973304618553,26973506456070
26973304618553,26973747649139
26973304618553,26973898953020
26973304618553,26974139103471
26973304618553,26974742275020
26974744206083,26974742275020
26974744206083,26975014518357
26974744206083,26975178062671
26974744206083,26975353712791
26975355391866,26975353712791
26975355391866,26975589743354
26975355391866,26975735284429
26975355391866,26975920668388
26975355391866,26976172967596
26975355391866,26976661986714
26976664026457,26976661986714
26976664026457,26976924591677
26976664026457,26977131272149
26976664026457,26977301349331
26976664026457,26977634589709
26977637077920,26977634589709
26977637077920,26977904066199
26977637077920,26978059717658
26977637077920,26978218402269
26977637077920,26978483546054
26978485019401,26978483546054
26978485019401,26978706194615
26978485019401,26978841233181
26978485019401,26979075959800
26978485019401,26979302847822
26979306476611,26979302847822
26979306476611,26979484175141
26979306476611,26979644265157
26979306476611,26979803343546
26979896696946,26979803343546
26979896696946,26980136281510
26979896696946,26980348194859
26979896696946,26980532299760
26979896696946,26980832820937
26979896696946,26981232312199
26981287989828,26981232312199
26981287989828,26981576569199
26981287989828,26981746306099
26981287989828,26981902323273
26981287989828,26982347459421
26982348730275,26982347459421
26982348730275,26982614660570
26982348730275,26982781679473
26982348730275,26983004675222
26982348730275,26983263347765
26983285572484,26983263347765
26983285572484,26983513903435
26983285572484,26983690403241
26983285572484,26983864973188
26983285572484,26984283906771
26984295985894,26984283906771
26984295985894,26984500257231
26984295985894,26984681880162
26984295985894,26984867181575
26984295985894,26985161345854
26985237839956,26985161345854
26985237839956,26985734117902
26985237839956,26985882475187
26985237839956,26986003026716
26986004555222,26986003026716
26986004555222,26986166854943
26986004555222,26986388553610
26986004555222,26986603666409
26986004555222,26986888804515
26986004555222,26987375107198
26987389895502,26987375107198
26987389895502,26987635726014
26987389895502,26987880358836
26987389895502,26988059384300
26988060859244,26988059384300
26988060859244,26988328866876
26988060859244,26988485124637
26988060859244,26988660348352
26988060859244,26988810227960
26988060859244,26989223776030
26989226879910,26989223776030
26989226879910,26989431856255
26989226879910,26989614227916
26989226879910,26989785359492
26989788443250,26989785359492
26989788443250,26990019430728
26989788443250,26990171372948
26989788443250,26990299227320
26989788443250,26990726230492
26989788443250,26991078632162
26991328019571,26991078632162
26991328019571,26991533379000
26991328019571,26991714353286
26991715698689,26991714353286
26991715698689,26991956225545
26991715698689,26992114424439
26991715698689,26992300171225
26991715698689,26992469250973
26991715698689,26992608229077
26991715698689,26993011826240
26993025483628,26993011826240
26993025483628,26993223042001
26993025483628,26993463281613
26993025483628,26993658092598
26993025483628,26993932984735
26993935814792,26993932984735
26993935814792,26994116232843
26993935814792,26994412040802
26993935814792,26994569410640
26993935814792,26994761309690
26994571337955,26994761309690
26994571337955,26994916447191
26994571337955,26995084768668
26994571337955,26995257353588
26994571337955,26995624528632
26995669163547,26995624528632
26995669163547,26995900110163
26995669163547,26996070931749
26995669163547,26996216905677
26996218799919,26996216905677
26996218799919,26996457097848
26996218799919,26996652647629
26996218799919,26996798643523
26996218799919,26997025216585
26997133487191,26997025216585
26997133487191,26997429179755
26997133487191,26997625695935
26997133487191,26997788315737
26997133487191,26997942476690
26997133487191,26998399143737
26998431280463,26998399143737
26998431280463,26998682317140
26998431280463,26998844774664
26998431280463,26999044154530
26999045429740,26999044154530
26999045429740,26999348059981
26999045429740,26999508288269
26999045429740,26999680457544
26999045429740,26999947522832
26999045429740,27000353285034
27000445057285,27000353285034
27000445057285,27000703307834
27000445057285,27000998521678
27000445057285,27001193732147
27000445057285,27001345519954
27001370737029,27001345519954
27001370737029,27001546076792
27001370737029,27001731184368
27001370737029,27001903227011
27001370737029,27002244628954
27002254846161,27002244628954
27002254846161,27002508462955
27002254846161,27002653902760
27002254846161,27002901552501
27002254846161,27003193539720
27003200130271,27003193539720
27003200130271,27003366702403
27003200130271,27003625057861
27003200130271,27003760366590
27003200130271,27004178271242
27004193224473,27004178271242
27004193224473,27004412369069
27004193224473,27004890926522
27004193224473,27005208787618
27005211944238,27005208787618
27005211944238,27005361622853
27005211944238,27005502020383
27005211944238,27005681014894
27005211944238,27005936874695
27005211944238,27006364228053
27006408179738,27006364228053
27006408179738,27006565208776
27006408179738,27006778892340
27006408179738,27006959323732
27006961486908,27006959323732
27006961486908,27007229276098
27006961486908,27007402806760
27006961486908,27007549703086
27006961486908,27007847670006
27006961486908,27008261855007
27008263711236,27008261855007
27008263711236,27008518034661
27008263711236,27008690939625
27008263711236,27008842643196
27008263711236,27009124391234
27009162169570,27009124391234
27009162169570,27009434523423
27009162169570,27009593833118
27009162169570,27009767748554
27009774206872,27009767748554
27009774206872,27010009132240
27009774206872,27010217083952
27009774206872,27010372924456
27009774206872,27010704350186
27009774206872,27011145261349
27011198436333,27011145261349
27011198436333,27011435784690
27011198436333,27011615196068
27011198436333,27011855512532
27011198436333,27012013788486
27012198063710,27012013788486
27012198063710,27012449149625
27012198063710,27012607527059
27012198063710,27012819320633
27012198063710,27012971126739
27013003606255,27012971126739
27013003606255,27013314841956
27013003606255,27013508188701
27013003606255,27013699318596
27013003606255,27013875176398
27013003606255,27014042996071
27014044207190,27014042996071
27014044207190,27014209927917
27014044207190,27014333895950
27014044207190,27014629392322
27014708636751,27014629392322
27014708636751,27014935677642
27014708636751,27015071657789
27014708636751,27015260151424
27015338240509,27015260151424
27015338240509,27015593283391
27015338240509,27015750701150
27015338240509,27015918292960
27015338240509,27016342714189
27015338240509,27016650918374
27016689073899,27016650918374
27016689073899,27016957761187
27016689073899,27017135716308
27016689073899,27017297514516
27016689073899,27017719323251
27017721329066,27017719323251
27017721329066,27018011245269
27017721329066,27018134232885
27017721329066,27018316600565
27018319761102,27018316600565
27018319761102,27018571129922
27018319761102,27018767436564
27018319761102,27019037562748
27018319761102,27019230215899
27018319761102,27019564307994
27019602320059,27019564307994
27019602320059,27019899403636
27019602320059,27020063128486
27019602320059,27020235018762
27019602320059,27020453740734
27020515757232,27020453740734
27020515757232,27020722298747
27020515757232,27020936720488
27020515757232,27021097357349
27021099581305,27021097357349
27021099581305,27021369422303
27021099581305,27021586999996
27021099581305,27021759426684
27021099581305,27021915175125
27021099581305,27022371284441
27022394237526,27022371284441
27022394237526,27022557733826
27022394237526,27022787615931
27022394237526,27022965208610
27022968435638,27022965208610
27022968435638,27023202440647
27022968435638,27023370971901
27022968435638,27023554450368
27022968435638,27023803576446
27022968435638,27024389529728
27024566226619,27024389529728
27024566226619,27024825183461
27024566226619,27024978895364
27024566226619,27025233440027
27024566226619,27025460647998
27025567665584,27025460647998
27025567665584,27025841445804
27025567665584,27025997527880
27025999635109,27025997527880
27025999635109,27026209429737
27025999635109,27026411043152
27025999635109,27026576488690
27025999635109,27026768155928
27025999635109,27026943183274
27026945109193,27026943183274
27026945109193,27027184076805
27026945109193,27027316955833
27026945109193,27027475138677
27026945109193,27027802074415
27026945109193,27028318052869
27028434011898,27028318052869
27028434011898,27028656459693
27028434011898,27028821891434
27028434011898,27029063819744
27028434011898,27029345221909
27029353679780,27029345221909
27029353679780,27029571906815
27029353679780,27029823188477
27029353679780,27029983335988
27029985693753,27029983335988
27029985693753,27030288835072
27029985693753,27030447334476
27029985693753,27030619291594
27029985693753,27030780671915
27030782456041,27030780671915
27030782456041,27031042086544
27030782456041,27031237751276
27030782456041,27031384645009
27030782456041,27031619313018
27031621900843,27031619313018
27031621900843,27031854612497
27031621900843,27032016512318
27031621900843,27032170039367
27031621900843,27032485764539
27031621900843,27033058459670
27033080112032,27033058459670
27033080112032,27033280862981
27033080112032,27033491447503
27033080112032,27033698750397
27033080112032,27033833144399
27033080112032,27033978940044
27033834626834,27033978940044
27033834626834,27034169536099
27033834626834,27034360798262
27033834626834,27034762616029
27034788310292,27034762616029
27034788310292,27035011430488
27034788310292,27035158460466
27034788310292,27035367585366
27034788310292,27035622875206
27035707906930,27035622875206
27035707906930,27035908552859
27035707906930,27036064123834
27035707906930,27036280677693
27035707906930,27036498726828
27036283578405,27036498726828
27036283578405,27036734232381
27036283578405,27036913930856
27036283578405,27037193692909
27036283578405,27037483271795
27037553596967,27037483271795
27037553596967,27037811397308
27037553596967,27038028860157
27037553596967,27038253336529
27037553596967,27038443410993
27037553596967,27038575099255
27038578229046,27038575099255
27038578229046,27038809633829
27038578229046,27038968417228
27038578229046,27039383781188
27039386158935,27039383781188
27039386158935,27039574747010
27039386158935,27039739650051
27039386158935,27039889925846
27039386158935,27040106100529
27039892464724,27040106100529
27039892464724,27040267405575
27039892464724,27040414016134
27039892464724,27040576666013
27040719391395,27040576666013
27040719391395,27040890326243
27040719391395,27041094783834
27040719391395,27041367905221
27040719391395,27041655565636
27041725356528,27041655565636
27041725356528,27041995500691
27041725356528,27042181571574
27041725356528,27042384150188
27041725356528,27042633941122
27041725356528,27042999496779
27043070512651,27042999496779
27043070512651,27043353216450
27043070512651,27043536402051
27043070512651,27043693945979
27043695782123,27043693945979
27043695782123,27043926648518
27043695782123,27044084024802
27043695782123,27044231852293
27043695782123,27044515189770
27044595115206,27044515189770
27044595115206,27044845653318
27044595115206,27045030997051
27044595115206,27045249122349
27044595115206,27045491071001
27044595115206,27045910363772
27045933320727,27045910363772
27045933320727,27046493207479
27045933320727,27046657624997
27045933320727,27046795339426
27046797026391,27046795339426
27046797026391,27046992513675
27046797026391,27047159094336
27046797026391,27047305900207
27046797026391,27047476826046
27047479162933,27047476826046
27047479162933,27047675729370
27047479162933,27047787918499
27047479162933,27047959828790
27047479162933,27048250038357
27047479162933,27048756442645
27048789850268,27048756442645
27048789850268,27049011163731
27048789850268,27049169670056
27048789850268,27049349479141
27049351498097,27049349479141
27049351498097,27049547977553
27049351498097,27049705094502
27049351498097,27049976892387
27049351498097,27050172294382
27049351498097,27050568789237
27050597519987,27050568789237
27050597519987,27050860981335
27050597519987,27051038813286
27050597519987,27051216325562
27050597519987,27051589336801
27051590178266,27051589336801
27051590178266,27051759662554
27051590178266,27051952524719
27051590178266,27052177790390
27052179070033,27052177790390
27052179070033,27052337984302
27052179070033,27052491174038
27052179070033,27052689204524
27052179070033,27052999047816
27052179070033,27053492885540
27053501348297,27053492885540
27053501348297,27053784308768
27053501348297,27053933459098
27053501348297,27054115405345
27054117575957,27054115405345
27054117575957,27054304772955
27054117575957,27054466472893
27054117575957,27054594853461
27054117575957,27054890111557
27054920540960,27054890111557
27054920540960,27055113188793
27054920540960,27055291750549
27054920540960,27055553183775
27054920540960,27055788612921
27054920540960,27056296241810
27056297774654,27056296241810
27056297774654,27056536885193
27056297774654,27056710792524
27056297774654,27056888207921
27056890176650,27056888207921
27056890176650,27057159120337
27056890176650,27057305682712
27056890176650,27057476811850
27056890176650,27057672377139
27056890176650,27058204108719
27058225540524,27058204108719
27058225540524,27058473361069
27058225540524,27058608218117
27058225540524,27058791328738
27058794675748,27058791328738
27058794675748,27059001992185
27058794675748,27059184260489
27058794675748,27059362357909
27058794675748,27059514835789
27058794675748,27060023399730
27060069992738,27060023399730
27060069992738,27060305667469
27060069992738,27060494164134
27060069992738,27060729859457
27060069992738,27061010787626
27061013781613,27061010787626
27061013781613,27061168244735
27061013781613,27061419351781
27061013781613,27061528286409
27061530881618,27061528286409
27061530881618,27061701209928
27061530881618,27061908622127
27061530881618,27062037022165
27061530881618,27062449225517
27061530881618,27062839114963
27062840993809,27062839114963
27062840993809,27063080335381
27062840993809,27063238790861
27062840993809,27063400782390
27063402530154,27063400782390
27063402530154,27063587820721
27063402530154,27063765858060
27063402530154,27063947295553
27063402530154,27064105060542
27064106874551,27064105060542
27064106874551,27064315562110
27064106874551,27064571065689
27064106874551,27064823988943
27064106874551,27065051180901
27065054123904,27065051180901
27065054123904,27065246763779
27065054123904,27065456348102
27065054123904,27065672815041
27065054123904,27065847295965
27065941995592,27065847295965
27065941995592,27066145108154
27065941995592,27066361594328
27065941995592,27066873671918
27065941995592,27067173175704
27065941995592,27067559074932
27067643154484,27067559074932
27067643154484,27067856904379
27067643154484,27068055080840
27067643154484,27068259527111
27067643154484,27068471840575
27068519746241,27068471840575
27068519746241,27068815019818
27068519746241,27069017382442
27068519746241,27069547448594
27068519746241,27069706203378
27069817465621,27069706203378
27069817465621,27070150203302
27069817465621,27070291605657
27069817465621,27070441158594
27070443751925,27070441158594
27070443751925,27070673491183
27070443751925,27070844235818
27070443751925,27071028414628
27070443751925,27071304898532
27070443751925,27071772159022
27071774243221,27071772159022
27071774243221,27071982247432
27071774243221,27072289743005
27071774243221,27072473475600
27071774243221,27072653927209
27071774243221,27072801278082
27072802440157,27072801278082
27072802440157,27072986432269
27072802440157,27073157542903
27072802440157,27073721919107
27073768933913,27073721919107
27073768933913,27074026477392
27073768933913,27074235737065
27073768933913,27074395217571
27073768933913,27074699115200
27074746108250,27074699115200
27074746108250,27075017396427
27074746108250,27075200548545
27074746108250,27075360037451
27075362576804,27075360037451
27075362576804,27075585662333
27075362576804,27075729487500
27075362576804,27075896748803
27075362576804,27076084364746
27075362576804,27076497132845
27076542574693,27076497132845
27076542574693,27076781090015
27076542574693,27076928464369
27076542574693,27077142734262
27076542574693,27077363298591
27077408519411,27077363298591
27077408519411,27077629315472
27077408519411,27077853368527
27077408519411,27078070333644
27077408519411,27078370084284
27078387151503,27078370084284
27078387151503,27078694599534
27078387151503,27078873983324
27078387151503,27079041297223
27078876476560,27079041297223
27078876476560,27079172915910
27078876476560,27079346374933
27078876476560,27079527259340
27078876476560,27079762626185
27078876476560,27080152551187
27080169601134,27080152551187
27080169601134,27080385427797
27080169601134,27080571204101
27080169601134,27080784317989
27080169601134,27081049171942
27081141297924,27081049171942
27081141297924,27081374772890
27081141297924,27081559147646
27081141297924,27081774277349
27081141297924,27082054122394
27082057348611,27082054122394
27082057348611,27082307381939
27082057348611,27082519575241
27082057348611,27082744342934
27082057348611,27083001736211
27083014694997,27083001736211
27083014694997,27083278258811
27083014694997,27083442214521
27083014694997,27083631859450
27083634904563,27083631859450
27083634904563,27083908735781
27083634904563,27084104112548
27083634904563,27084240161774
27083634904563,27084393545740
27083634904563,27084906454092
27084907988011,27084906454092
27084907988011,27085052256008
27084907988011,27085410347827
27084907988011,27085550324592
27084907988011,27085710931129
27085551998642,27085710931129
27085551998642,27085865476314
27085551998642,27086029807977
27085551998642,27086327928426
27085551998642,27086645378769
27086701911776,27086645378769
27086701911776,27086895085106
27086701911776,27087109946742
27086701911776,27087288137323
27086701911776,27087645099171
27087673744891,27087645099171
27087673744891,27087906068611
27087673744891,27088109440190
27087673744891,27088334902041
27087673744891,27088642319212
27088645190213,27088642319212
27088645190213,27088881291207
27088645190213,27089010372512
27088645190213,27089138600579
27088645190213,27089595032953
27089598460400,27089595032953
27089598460400,27089835067946
27089598460400,27090003019560
27089598460400,27090170250267
27089598460400,27090409436280
27090708521662,27090409436280
27090708521662,27090899651039
27090708521662,27091054736936
27090708521662,27091195351404
27090708521662,27091431607845
27091505929681,27091431607845
27091505929681,27091717409715
27091505929681,27091958830857
27091505929681,27092120342136
27092122414931,27092120342136
27092122414931,27092327333285
27092122414931,27092489973504
27092122414931,27092638918766
27092122414931,27092809360931
27092122414931,27093248599772
27093267140481,27093248599772
27093267140481,27093467134588
27093267140481,27093804420541
27093267140481,27093973335932
27093267140481,27094180529142
27094217445789,27094180529142
27094217445789,27094436565923
27094217445789,27094566207637
27094217445789,27094702028727
27094217445789,27095112913190
27095114599111,27095112913190
27095114599111,27095314377212
27095114599111,27095565491989
27095114599111,27095719400579
27095114599111,27095876642431
27095993349658,27095876642431
27095993349658,27096192327285
27095993349658,27096501793112
27095993349658,27096743249226
27095993349658,27096857526308
27096998085299,27096857526308
27096998085299,27097197633842
27096998085299,27097424474254
27096998085299,27097641821131
27096998085299,27097911863797
27097643518607,27097911863797
27097643518607,27098061776812
27097643518607,27098213321530
27097643518607,27098397279847
27097643518607,27098813288511
27098907420693,27098813288511
27098907420693,27099123852041
27098907420693,27099281313509
27098907420693,27099550225449
27099551436100,27099550225449
27099551436100,27099740031630
27099551436100,27099902398228
27099551436100,27100058785947
27099551436100,27100304633939
27099551436100,27100737473461
27100760140290,27100737473461
27100760140290,27101058712074
27100760140290,27101209366613
27100760140290,27101349380036
27100760140290,27101606139435
27101653247761,27101606139435
27101653247761,27101860707034
27101653247761,27102088973028
27101653247761,27102280923853
27101653247761,27102560353549
27102579194330,27102560353549
27102579194330,27102802458114
27102579194330,27103020058286
27102579194330,27103193778305
27102579194330,27103492804505
27103513619263,27103492804505
27103513619263,27103781413432
27103513619263,27104067314939
27103513619263,27104226392025
27104228531145,27104226392025
27104228531145,27104455295545
27104228531145,27104624173715
27104228531145,27104773294085
27104228531145,27104979184553
27104228531145,27105422783872
27105505083935,27105422783872
27105505083935,27105733441652
27105505083935,27105977376368
27105505083935,27106174598409
27106176238875,27106174598409
27106176238875,27106355009737
27106176238875,27106498737909
27106176238875,27106662504904
27106176238875,27106864296208
27106176238875,27107382187164
27107412211979,27107382187164
27107412211979,27107608496069
27107412211979,27107776234861
27107412211979,27107947607034
27107412211979,27108390850514
27108392997398,27108390850514
27108392997398,27108628715330
27108392997398,27108815221174
27108392997398,27108996662733
27108392997398,27109145923827
27109166422667,27109145923827
27109166422667,27109378367975
27109166422667,27109610734712
27109166422667,27109784779072
27109166422667,27110091190769
27110172747070,27110091190769
27110172747070,27110354765576
27110172747070,27110597060935
27110172747070,27110814930187
27110172747070,27111058427545
27111110582954,27111058427545
27111110582954,27111389923850
27111110582954,27111556310973
27111110582954,27111736383499
27111110582954,27112007570177
27112153695256,27112007570177
27112153695256,27112392870712
27112153695256,27112599308789
27112153695256,27112844139481
27112153695256,27113001033460
27113040646920,27113001033460
27113040646920,27113285737836
27113040646920,27113431717002
27113040646920,27113597760813
27113040646920,27113879223426
27113991288262,27113879223426
27113991288262,27114230332129
27113991288262,27114463982810
27113991288262,27114705678686
27113991288262,27114926939929
27114947584737,27114926939929
27114947584737,27115168088700
27114947584737,27115335217816
27114947584737,27115611633434
27114947584737,27115799888583
27115897153544,27115799888583
27115897153544,27116119405526
27115897153544,27116335963988
27115897153544,27116509458196
27115897153544,27116817222749
27116863156421,27116817222749
27116863156421,27117087116710
27116863156421,27117225089331
27116863156421,27117490164025
27117492156840,27117490164025
27117492156840,27117727947402
27117492156840,27117895219505
27117492156840,27118051853654
27117492156840,27118213805264
27117492156840,27118691647430
27118693264311,27118691647430
27118693264311,27118954914135
27118693264311,27119158870319
27118693264311,27119333133501
27118693264311,27119678241512
27119680429977,27119678241512
27119680429977,27119930201871
27119680429977,27120036479279
27119680429977,27120224119352
27120092224249,27120224119352
27120092224249,27120383359164
27120092224249,27120545125014
27120092224249,27120695920582
27120092224249,27120972285124
27120092224249,27121433313925
27121436919374,27121433313925
27121436919374,27121658215345
27121436919374,27121840546195
27121436919374,27121992513887
27121436919374,27122166401301
27122258195797,27122166401301
27122258195797,27122413482453
27122258195797,27122672918027
27122258195797,27122845759055
27122258195797,27123256669952
27123260021472,27123256669952
27123260021472,27123497167676
27123260021472,27123662411734
27123260021472,27123775137716
27123260021472,27124146055730
27123260021472,27124396819404
27124222471034,27124396819404
27124222471034,27124561923868
27124222471034,27124801968805
27124222471034,27125090810351
27125195102948,27125090810351
27125195102948,27125441088192
27125195102948,27125623657927
27125195102948,27125780751472
27125195102948,27126121799186
27126127310065,27126121799186
27126127310065,27126351080843
27126127310065,27126634406037
27126127310065,27126812567229
27126127310065,27127020120808
27127085354710,27127020120808
27127085354710,27127348183852
27127085354710,27127527700672
27127085354710,27127691295736
27127085354710,27128139015705
27128140766374,27128139015705
27128140766374,27128355995097
27128140766374,27128595228763
27128140766374,27128726294144
27128140766374,27128972367482
27129013111558,27128972367482
27129013111558,27129231458921
27129013111558,27129399822049
27129013111558,27129600057013
27129602224811,27129600057013
27129602224811,27129849264502
27129602224811,27130009149719
27129602224811,27130164080407
27129602224811,27130308261996
27129602224811,27130819611394
27130820833132,27130819611394
27130820833132,27131060644803
27130820833132,27131311234311
27130820833132,27131475460081
27131478673605,27131475460081
27131478673605,27131658085366
27131478673605,27131819203474
27131478673605,27132032437967
27131478673605,27132221393020
27131478673605,27132762494089
27133100513567,27132762494089
27133100513567,27133351110227
27133100513567,27133581481551
27133100513567,27133732233155
27133100513567,27133917171105
27134019772523,27133917171105
27134019772523,27134293550464
27134019772523,27134444113555
27134019772523,27134632051271
27134019772523,27135118836076
27135125332580,27135118836076
27135125332580,27135383274954
27135125332580,27135559958127
27135125332580,27135755110388
27135125332580,27136092476242
27136094255928,27136092476242
27136094255928,27136257584407
27136094255928,27136463275512
27136094255928,27136648621200
27136094255928,27136865439372
27136956081400,27136865439372
27136956081400,27137261331246
27136956081400,27137485395027
27136956081400,27137648772586
27136956081400,27137785744782
27137894686860,27137785744782
27137894686860,27138132371181
27137894686860,27138376190628
27137894686860,27138557883653
27137894686860,27138688334353
27138815012104,27138688334353
27138815012104,27139036321772
27138815012104,27139260723637
27139311115726,27139260723637
27139311115726,27139516164689
27139311115726,27139680123857
27139311115726,27139855816835
27139311115726,27140052337999
27139311115726,27140200041320
27139311115726,27140707591780
27140715560995,27140707591780
27140715560995,27140946190109
27140715560995,27141171481413
27140715560995,27141367578288
27140715560995,27141591353983
27141592639207,27141591353983
27141592639207,27141732121345
27141592639207,27141975637650
27141592639207,27142180328052
27141592639207,27142551528912
27142554334477,27142551528912
27142554334477,27142801429201
27142554334477,27142923889224
27142554334477,27143081774171
27142554334477,27143394072518
27143475972003,27143394072518
27143475972003,27143760575796
27143475972003,27143891609449
27143475972003,27144036113406
27143475972003,27144390470276
27144405661643,27144390470276
27144405661643,27144627213458
27144405661643,27144829943815
27144405661643,27144938862029
27144405661643,27145123265354
27145603581457,27145123265354
27145603581457,27145783393776
27145603581457,27146009565114
27145603581457,27146154991381
27146157153642,27146154991381
27146157153642,27146364557411
27146157153642,27146499223095
27146157153642,27146682472894
27146157153642,27146990197489
27146157153642,27147409396028
27147485439593,27147409396028
27147485439593,27147793270895
27147485439593,27147948273925
27147485439593,27148114367260
27148150790408,27148114367260
27148150790408,27148325690484
27148150790408,27148470314771
27148150790408,27148654788375
27148150790408,27148954839088
27148150790408,27149439060296
27149523754853,27149439060296
27149523754853,27149768295225
27149523754853,27149944166530
27149523754853,27150100794382
27149523754853,27150449924751
27150457441906,27150449924751
27150457441906,27150629539791
27150457441906,27150834655858
27150457441906,27151013568311
27150457441906,27151379988490
27151381863719,27151379988490
27151381863719,27151573752931
27151381863719,27151749724372
27151381863719,27151985904498
27151381863719,27152281448927
27152283387882,27152281448927
27152283387882,27152503338679
27152283387882,27152705633839
27152283387882,27152865663547
27152283387882,27153191601453
27153198564958,27153191601453
27153198564958,27153391525310
27153198564958,27153599431880
27153198564958,27153781391235
27153198564958,27154150271709
27154162230742,27154150271709
27154162230742,27154414204869
27154162230742,27154602305376
27154162230742,27154793328532
27154162230742,27154989071774
27155146501874,27154989071774
27155146501874,27155416638057
27155146501874,27155550419428
27155146501874,27155757849214
27155146501874,27156085469792
27156087017815,27156085469792
27156087017815,27156296630125
27156087017815,27156425922434
27156087017815,27156575696601
27156087017815,27156765551016
27156087017815,27156972594505
