27703619149137,27704057479362
27703619149137,27704228045870
27703619149137,27704525303589
27704531293054,27704525303589
27704531293054,27704739977474
27704531293054,27704929473039
27704531293054,27705131699314
27704531293054,27705511532924
27705520257208,27705511532924
27705520257208,27705779026014
27705520257208,27705924839144
27705520257208,27706131861433
27706134332892,27706131861433
27706134332892,27706367720946
27706134332892,27706485964646
27706134332892,27706706378258
27706134332892,27707025746934
27706134332892,27707442077744
27707503983787,27707442077744
27707503983787,27707758432364
27707503983787,27707952884914
27707503983787,27708139025871
27707503983787,27708427652151
27708441930969,27708427652151
27708441930969,27708660519084
27708441930969,27708860324394
27708441930969,27709081436757
27708441930969,27709236134731
27709360162400,27709236134731
27709360162400,27709646165188
27709360162400,27709783315718
27709360162400,27709992273251
27709360162400,27710223766441
27710726203143,27710223766441
27710726203143,27710909257119
27710726203143,27711176834864
27710726203143,27711353744829
27710726203143,27711764039149
27710726203143,27711968342719
27711767340990,27711968342719
27711767340990,27712155864435
27711767340990,27712298654747
27711767340990,27712768327367
27712770721928,27712768327367
27712770721928,27712992141604
27712770721928,27713180369881
27712770721928,27713312941928
27712770721928,27713709389313
27713713235357,27713709389313
27713713235357,27714004338836
27713713235357,27714167388726
27713713235357,27714335860601
27713713235357,27714581414735
27714652707169,27714581414735
27714652707169,27714864298066
27714652707169,27715110392980
27714652707169,27715335918801
27714652707169,27715549413975
27715871352880,27715549413975
27715871352880,27716038991412
27715871352880,27716231271770
27715871352880,27716428494159
27715871352880,27716587503169
27716589333580,27716587503169
27716589333580,27716807689916
27716589333580,27716953001262
27716589333580,27717088920750
27716589333580,27717521972600
27717616162913,27717521972600
27717616162913,27717902427809
27717616162913,27718062755735
27718109212429,27718062755735
27718109212429,27718305696199
27718109212429,27718489295106
27718109212429,27718609549392
27718109212429,27718831339597
27718109212429,27719099685183
27718109212429,27719351949366
27719478862977,27719351949366
27719478862977,27719788059749
27719478862977,27719973207056
27719478862977,27720119787405
27719478862977,27720264335499
27720121841171,27720264335499
27720121841171,27720489775930
27720121841171,27720668381663
27720121841171,27720984223882
27720986869529,27720984223882
27720986869529,27721162223230
27720986869529,27721326747191
27720986869529,27721465156715
27720986869529,27721801942296
27720986869529,27722372415736
27722374625886,27722372415736
27722374625886,27722606073101
27722374625886,27722778070398
27722374625886,27722945466927
27722946643063,27722945466927
27722946643063,27723232158789
27722946643063,27723396106637
27722946643063,27723535513004
27722946643063,27723716386964
27722946643063,27724350707679
27724352330889,27724350707679
27724352330889,27724531521303
27724352330889,27724803519034
27724352330889,27724967403270
27724973711355,27724967403270
27724973711355,27725207527771
27724973711355,27725390996788
27724973711355,27725602857694
27724973711355,27725783766645
27724973711355,27726202214964
27726274486857,27726202214964
27726274486857,27726446482455
27726274486857,27726616103664
27726274486857,27726777858878
27726808696713,27726777858878
27726808696713,27727043960363
27726808696713,27727267056275
27726808696713,27727439240655
27726808696713,27727655333615
27726808696713,27728122994580
27728173965663,27728122994580
27728173965663,27728334529117
27728173965663,27728461386560
27728173965663,27728567868789
27728173965663,27729258677361
27729344499275,27729258677361
27729344499275,27729611431716
27729344499275,27729786994722
27729344499275,27729990135262
27729344499275,27730265890984
27730334055851,27730265890984
27730334055851,27730575161634
27730334055851,27730753986939
27730334055851,27731011092192
27730334055851,27731270744721
27731272631821,27731270744721
27731272631821,27731504699857
27731272631821,27731650221833
27731272631821,27731982980343
27731986329847,27731982980343
27731986329847,27732245878221
27731986329847,27732441505725
27731986329847,27732587375760
27731986329847,27732741526161
27731986329847,27733180923515
27733183717178,27733180923515
27733183717178,27733478541183
27733183717178,27733622225694
27733183717178,27733792893028
27733183717178,27733943931893
27733794946622,27733943931893
27733794946622,27734090305336
27733794946622,27734271483723
27733794946622,27734662455396
27733794946622,27734918281845
27734987255002,27734918281845
27734987255002,27735221199032
27734987255002,27735382218028
27734987255002,27735555191220
27734987255002,27735825166143
27735884074222,27735825166143
27735884074222,27736089886458
27735884074222,27736271542188
27735884074222,27736483615361
27735884074222,27736767435209
27735884074222,27736985378675
27736801216883,27736985378675
27736801216883,27737352713796
27736801216883,27737526023568
27736801216883,27737754829617
27737793839570,27737754829617
27737793839570,27737995793331
27737793839570,27738172786232
27737793839570,27738362078161
27737793839570,27738778702065
27738793534615,27738778702065
27738793534615,27739009482036
27738793534615,27739176063512
27738793534615,27739364644683
27738793534615,27739766311440
27739768315100,27739766311440
27739768315100,27740076327051
27739768315100,27740238241172
27740242089828,27740238241172
27740242089828,27740454809274
27740242089828,27740596560994
27740242089828,27740709934772
27740242089828,27740895988789
27740242089828,27741121621630
27740242089828,27741584351612
27741586943100,27741584351612
27741586943100,27741867943958
27741586943100,27742059795652
27741586943100,27742197232794
27741586943100,27742350110624
27742455750101,27742350110624
27742455750101,27742733693546
27742455750101,27742990747588
27742455750101,27743153243719
27742455750101,27743451513443
27743480730601,27743451513443
27743480730601,27743678935346
27743480730601,27743879858456
27743480730601,27744122703271
27743480730601,27744313289557
27744430393597,27744313289557
27744430393597,27744600175146
27744430393597,27744843295358
27744430393597,27745010462200
27744430393597,27745321964667
27745324597661,27745321964667
27745324597661,27745526454768
27745324597661,27745682652737
27745324597661,27746295439225
27746297747419,27746295439225
27746297747419,27746460961164
27746297747419,27746615695157
27746297747419,27746792274418
27746297747419,27746949458744
27746297747419,27747403380946
27746297747419,27747616449247
27747430939886,27747616449247
27747430939886,27747789739741
27747430939886,27747989200527
27747430939886,27748447057843
27748449829075,27748447057843
27748449829075,27748663818611
27748449829075,27748827810511
27748449829075,27748970117313
27748449829075,27749307413587
27749382234549,27749307413587
27749382234549,27749650425076
27749382234549,27749827645360
27749382234549,27749980805647
27749382234549,27750313019008
27750384064471,27750313019008
27750384064471,27750626942256
27750384064471,27750815113920
27750384064471,27750994300755
27750384064471,27751418213638
27751463296272,27751418213638
27751463296272,27751687374193
27751463296272,27751915759974
27751463296272,27752055120063
27751463296272,27752283911141
27752402675743,27752283911141
27752402675743,27752651157990
27752402675743,27752851131033
27752402675743,27753024987925
27752859018513,27753024987925
27752859018513,27753168408819
27752859018513,27753330853731
27752859018513,27753504371885
27752859018513,27753741219944
27752859018513,27754116060759
27754203596381,27754116060759
27754203596381,27754471608340
27754203596381,27754653797383
27754203596381,27754909418794
27754203596381,27755155362664
27755197503644,27755155362664
27755197503644,27755399350239
27755197503644,27755562273858
27755197503644,27755735146231
27755197503644,27756052285925
27756164715453,27756052285925
27756164715453,27756393826555
27756164715453,27756641299650
27756164715453,27756830231195
27756164715453,27757091176095
27757094536811,27757091176095
27757094536811,27757312135758
27757094536811,27757483018415
27757094536811,27757657740228
27757094536811,27758062186299
27758115663306,27758062186299
27758115663306,27758344937078
27758115663306,27758564982101
27758115663306,27758789906343
27758115663306,27759052521470
27759279517997,27759052521470
27759279517997,27759464092690
27759279517997,27759639804861
27759279517997,27759767776350
27759279517997,27760066737787
27760144582586,27760066737787
27760144582586,27760365697923
27760144582586,27760588472236
27760144582586,27760801593879
27760803900597,27760801593879
27760803900597,27761021887427
27760803900597,27761218905134
27760803900597,27761387394257
27760803900597,27761596043502
27760803900597,27762027181479
27762028707682,27762027181479
27762028707682,27762306387765
27762028707682,27762502066856
27762028707682,27762708182170
27762028707682,27762844359265
27762028707682,27762970202919
27762972754280,27762970202919
27762972754280,27763171432806
27762972754280,27763291708749
27762972754280,27763593686166
27764055165572,27763593686166
27764055165572,27764309389793
27764055165572,27764505261735
27764055165572,27764683726880
27764055165572,27764896967451
27765009830374,27764896967451
27765009830374,27765214719576
27765009830374,27765395959693
27765009830374,27765559498795
27765009830374,27765889885073
27765957666559,27765889885073
27765957666559,27766247277691
27765957666559,27766419233335
27765957666559,27766644422462
27765957666559,27766877157359
27766879047187,27766877157359
27766879047187,27767119229294
27766879047187,27767277903859
27766879047187,27767489951219
27767491454702,27767489951219
27767491454702,27767671603363
27767491454702,27767824404978
27767491454702,27768027043347
27767491454702,27768281242747
27767491454702,27768735399522
27768737013202,27768735399522
27768737013202,27769004928214
27768737013202,27769174716079
27768737013202,27769322459182
27768737013202,27769612797570
27769694812927,27769612797570
27769694812927,27769922149899
27769694812927,27770164814713
27769694812927,27770301756305
27769694812927,27770641744623
27770648304310,27770641744623
27770648304310,27770840617967
27770648304310,27771027047687
27770648304310,27771184375434
27771191022134,27771184375434
27771191022134,27771484702539
27771191022134,27771675147773
27771191022134,27771892199303
27771191022134,27772155743476
27771191022134,27772511218323
27772602607408,27772511218323
27772602607408,27772923185478
27772602607408,27773133677686
27772602607408,27773307479715
27772602607408,27773631385389
27773635123932,27773631385389
27773635123932,27773878671500
27773635123932,27774039975412
27773635123932,27774218927687
27773635123932,27774488801850
27774490621534,27774488801850
27774490621534,27774732471383
27774490621534,27774910943506
27774490621534,27775107580288
27774490621534,27775396141140
27775409546985,27775396141140
27775409546985,27775639896296
27775409546985,27775824064300
27775409546985,27776052334368
27775409546985,27776312218068
27776390498501,27776312218068
27776390498501,27776647604708
27776390498501,27776816390463
27776831201632,27776816390463
27776831201632,27777032563913
27776831201632,27777183152344
27776831201632,27777325330528
27776831201632,27777492481533
27776831201632,27777674263209
27776831201632,27778291975463
27778294825056,27778291975463
27778294825056,27778569726769
27778294825056,27778736144954
27778294825056,27778888980850
27778294825056,27779240957174
27779272089680,27779240957174
27779272089680,27779560173227
27779272089680,27779722054267
27779272089680,27779948425984
27779272089680,27780087946278
27780191328359,27780087946278
27780191328359,27780513678072
27780191328359,27780670501379
27780191328359,27780843494957
27780191328359,27781191822139
27781194893197,27781191822139
27781194893197,27781461183072
27781194893197,27781568935768
27781194893197,27781729548572
27781731587466,27781729548572
27781731587466,27781887920070
27781731587466,27782040785130
27781731587466,27782182135582
27781731587466,27782536542684
27781731587466,27782961163385
27781731587466,27783121974355
27782983984336,27783121974355
27782983984336,27783360769230
27782983984336,27783580559702
27782983984336,27783802810365
27783582274080,27783802810365
27783582274080,27783993125460
27783582274080,27784195274127
27783582274080,27784476045639
27783582274080,27784926805968
27784929245237,27784926805968
27784929245237,27785258208010
27784929245237,27785449295380
27784929245237,27785576205335
27784929245237,27785781103864
27785803872450,27785781103864
27785803872450,27785999432703
27785803872450,27786238549603
27785803872450,27786425599851
27786427491268,27786425599851
27786427491268,27786733613550
27786427491268,27786901922167
27786427491268,27787065561197
27786427491268,27787243200140
27786427491268,27787626197399
27787628607545,27787626197399
27787628607545,27787887239917
27787628607545,27788062504385
27787628607545,27788238895849
27788241329199,27788238895849
27788241329199,27788400050522
27788241329199,27788799110114
27788241329199,27788966993773
27788241329199,27789196054218
27788241329199,27789618235447
27789720914718,27789618235447
27789720914718,27789957314957
27789720914718,27790123753405
27789720914718,27790301948224
27789720914718,27790704437618
27790706773340,27790704437618
27790706773340,27790959943069
27790706773340,27791145491266
27790706773340,27791299140242
27791302062484,27791299140242
27791302062484,27791474826488
27791302062484,27791634720187
27791302062484,27791842700034
27791302062484,27792005238083
27791302062484,27792553164157
27792554522904,27792553164157
27792554522904,27792795505991
27792554522904,27792973881099
27792554522904,27793237822079
27792554522904,27793483344384
27793515151970,27793483344384
27793515151970,27793735185908
27793515151970,27793956905334
27793515151970,27794190384394
27793515151970,27794349377425
27794420330357,27794349377425
27794420330357,27794680413912
27794420330357,27794874859826
27794420330357,27795017223222
27795019258502,27795017223222
27795019258502,27795268270076
27795019258502,27795441235441
27795019258502,27795618043399
27795019258502,27795943615478
27795019258502,27796363072849
27796396404237,27796363072849
27796396404237,27796716461797
27796396404237,27796928457341
27796396404237,27797093944756
27796396404237,27797388541923
27797392372086,27797388541923
27797392372086,27797584068499
27797392372086,27797744134789
27797392372086,27797989181685
27797992308149,27797989181685
27797992308149,27798174352245
27797992308149,27798352847664
27797992308149,27798621349306
27797992308149,27798926688518
27797992308149,27799363891582
27799365515840,27799363891582
27799365515840,27799586141763
27799365515840,27799812294193
27799365515840,27799994483550
27799365515840,27800256700190
27800331530293,27800256700190
27800331530293,27800650826184
27800331530293,27800826510194
27800331530293,27801013742857
27800331530293,27801190362855
27801017216599,27801190362855
27801017216599,27801337262848
27801017216599,27801474241541
27801017216599,27801717423358
27801017216599,27802181430145
27802229886394,27802181430145
27802229886394,27802450127296
27802229886394,27802605820239
27802229886394,27802759285705
27802229886394,27803143340318
27803187459851,27803143340318
27803187459851,27803464323213
27803187459851,27803643776415
27803187459851,27803841358750
27803187459851,27804112634958
27804205136175,27804112634958
27804205136175,27804475868255
27804205136175,27804634656415
27804205136175,27804816695668
27804205136175,27805135936752
27805146215213,27805135936752
27805146215213,27805628264827
27805146215213,27805910283987
27805146215213,27806041655560
27806043461440,27806041655560
27806043461440,27806198192376
27806043461440,27806360068273
27806043461440,27806536875237
27806043461440,27806854352250
27806043461440,27807235096757
27807306809278,27807235096757
27807306809278,27807571512075
27807306809278,27807778139000
27807306809278,27807922321995
27807306809278,27808173001369
27808201837319,27808173001369
27808201837319,27808406361367
27808201837319,27808623056119
27808201837319,27808795050896
27808201837319,27809089253619
27809091662959,27809089253619
27809091662959,27809322198331
27809091662959,27809559106685
27809091662959,27809747553745
27809091662959,27809911429005
27809091662959,27810110651596
27809917591951,27810110651596
27809917591951,27810415354037
27809917591951,27810618333884
27809917591951,27810756591747
27810809148223,27810756591747
27810809148223,27811018788583
27810809148223,27811263746975
27810809148223,27811464144377
27811523060393,27811464144377
27811523060393,27811714289754
27811523060393,27811905387960
27811523060393,27812109852006
27811523060393,27812282244597
27811523060393,27812693730857
27812711944385,27812693730857
27812711944385,27812954053101
27812711944385,27813210392722
27812711944385,27813440797965
27812711944385,27813719397246
27813721527451,27813719397246
27813721527451,27813917097488
27813721527451,27814085910294
27813721527451,27814363196313
27814365312829,27814363196313
27814365312829,27814569487101
27814365312829,27814752798803
27814365312829,27814914412838
27814365312829,27815329367224
27814365312829,27815600842117
27815742590869,27815600842117
27815742590869,27815968284985
27815742590869,27816142329822
27815742590869,27816298299119
27816299680356,27816298299119
27816299680356,27816480512775
27816299680356,27816669057452
27816299680356,27816847241959
27816299680356,27817145298989
27816299680356,27817548769452
27817551149427,27817548769452
27817551149427,27817817746397
27817551149427,27817981138836
27817984183468,27817981138836
27817984183468,27818201994871
27817984183468,27818389181390
27817984183468,27818537471519
27817984183468,27818712454851
27817984183468,27818891967748
27817984183468,27819390460117
27819392660664,27819390460117
27819392660664,27819612319628
27819392660664,27819755378060
27819392660664,27819938446918
27819392660664,27820289024512
27820397789274,27820289024512
27820397789274,27820680093689
27820397789274,27820877167348
27820397789274,27821092361189
27820397789274,27821401155603
27821403226829,27821401155603
27821403226829,27821626223024
27821403226829,27821901422673
27821403226829,27822078975734
27821403226829,27822255340957
27822342459206,27822255340957
27822342459206,27822600296109
27822342459206,27822785168505
27822342459206,27823044112677
27822342459206,27823351569547
27823357950372,27823351569547
27823357950372,27823599378068
27823357950372,27823783762387
27823357950372,27823958324447
27823357950372,27824112452923
27824136422634,27824112452923
27824136422634,27824403692546
27824136422634,27824619468495
27824136422634,27824805423168
27824136422634,27825078256916
27825079739327,27825078256916
27825079739327,27825311115394
27825079739327,27825539231024
27825079739327,27825731340620
27825734503026,27825731340620
27825734503026,27825917974207
27825734503026,27826074051508
27825734503026,27826260923069
27825734503026,27826462522218
27825734503026,27827013811355
27827016817223,27827013811355
27827016817223,27827279750012
27827016817223,27827795108738
27827016817223,27827997616695
27827999245255,27827997616695
27827999245255,27828286418646
27827999245255,27828465567003
27827999245255,27828630911389
27827999245255,27828779460094
27828845324866,27828779460094
27828845324866,27829114646093
27828845324866,27829282286975
27828845324866,27829525310056
27828845324866,27829680243350
27828845324866,27830221295561
27830277384643,27830221295561
27830277384643,27830537817711
27830277384643,27830734901833
27830277384643,27830933271424
27830277384643,27831191237550
27831234896518,27831191237550
27831234896518,27831487499498
27831234896518,27831686629813
27831234896518,27831833278666
27831234896518,27832126230577
27832169970613,27832126230577
27832169970613,27832452981100
27832169970613,27832612105153
27832169970613,27832845724975
27832169970613,27833184775717
27833194619274,27833184775717
27833194619274,27833407941393
27833194619274,27833594220692
27833194619274,27833758888761
27833194619274,27834025587293
27834081919187,27834025587293
27834081919187,27834313864522
27834081919187,27834538928170
27834081919187,27834754228260
27834081919187,27835178298412
27835181768867,27835178298412
27835181768867,27835452595799
27835181768867,27835629709225
27835181768867,27835761092840
27835763881304,27835761092840
27835763881304,27836027032002
27835763881304,27836183299140
27835763881304,27836327095026
27835763881304,27836646170315
27835763881304,27837193834265
27837195817115,27837193834265
27837195817115,27837477782855
27837195817115,27837621367471
27837195817115,27837779619127
27837195817115,27838025829532
27837195817115,27838220784060
27838028282838,27838220784060
27838028282838,27838419519165
27838028282838,27838589268661
27838028282838,27838908221407
27839000805774,27838908221407
27839000805774,27839209707675
27839000805774,27839439054211
27839000805774,27839606403446
27839000805774,27839930183547
27839940971497,27839930183547
27839940971497,27840124349973
27839940971497,27840417283174
27839940971497,27840627442182
27839940971497,27840804082797
27840868197998,27840804082797
27840868197998,27841138435317
27840868197998,27841289493334
27840868197998,27841476456659
27841478917650,27841476456659
27841478917650,27841718543895
27841478917650,27841868113464
27841478917650,27841992248841
27841478917650,27842113610996
27841478917650,27842601360132
27842639071824,27842601360132
27842639071824,27842811291007
27842639071824,27842999352867
27842639071824,27843213698511
27843215908299,27843213698511
27843215908299,27843445291931
27843215908299,27843608825704
27843215908299,27843763991454
27843215908299,27843924304460
27843215908299,27844307429900
27844366644900,27844307429900
27844366644900,27844553378897
27844366644900,27844826252613
27844366644900,27845054361085
27844366644900,27845362380170
27845429922237,27845362380170
27845429922237,27845718443055
27845429922237,27845984849384
27845429922237,27846156761654
27846159978245,27846156761654
27846159978245,27846343697915
27846159978245,27846509347329
27846159978245,27846674147848
27846159978245,27846869291945
27846159978245,27847272365360
27846159978245,27847463115192
27847274932741,27847463115192
27847274932741,27847656968935
27847274932741,27847895532532
27847274932741,27848178136684
27848208218638,27848178136684
27848208218638,27848465808846
27848208218638,27848647637352
27848208218638,27848800497958
27848208218638,27849173563136
27849196764301,27849173563136
27849196764301,27849320623816
27849196764301,27849554129808
27849196764301,27849782950213
27849196764301,27850273718665
27849196764301,27850487730718
27850275633402,27850487730718
27850275633402,27850724463338
27850275633402,27850918403650
27850275633402,27851193079004
27851224457067,27851193079004
27851224457067,27851467583316
27851224457067,27851661931593
27851224457067,27851907160129
27851224457067,27852269551562
27852273471516,27852269551562
27852273471516,27852527322276
27852273471516,27852704669009
27852273471516,27852830134375
27852273471516,27853198995652
27853242990264,27853198995652
27853242990264,27853506911590
27853242990264,27853672489837
27853242990264,27853820714041
27853822947982,27853820714041
27853822947982,27854034792428
27853822947982,27854196042303
27853822947982,27854383422305
27853822947982,27854717827961
27853822947982,27854996360636
27855041454258,27854996360636
27855041454258,27855235498969
27855041454258,27855406907409
27855041454258,27855637989062
27855041454258,27856006283941
27856045206799,27856006283941
27856045206799,27856210308933
27856045206799,27856564016963
27856045206799,27856709164957
27856045206799,27856896367444
27857104600086,27856896367444
27857104600086,27857340712132
27857104600086,27857586071448
27857104600086,27857753938549
27857104600086,27858083446445
27858091866229,27858083446445
27858091866229,27858339512853
27858091866229,27858538840868
27858091866229,27858725855566
27858091866229,27858924198397
27859000620805,27858924198397
27859000620805,27859252490061
27859000620805,27859436068317
27859000620805,27859590661162
27859593809347,27859590661162
27859593809347,27859894498310
27859593809347,27860041138835
27859593809347,27860208304757
27859593809347,27860360684358
27859593809347,27860634896768
27860662909953,27860634896768
27860662909953,27860819786949
27860662909953,27861031478363
27860662909953,27861230550430
27861232973518,27861230550430
27861232973518,27861404160465
27861232973518,27861554633749
27861232973518,27861713582974
27861232973518,27861958593998
27862083670147,27861958593998
27862083670147,27862304792304
27862083670147,27862475614191
27862083670147,27862704356823
27862083670147,27862982095911
27862083670147,27863390602940
27863514270176,27863390602940
27863514270176,27863748782987
27863514270176,27863958025379
27863514270176,27864117086562
27863514270176,27864470767541
27864883140064,27864470767541
27864883140064,27865066710037
27864883140064,27865248629853
27864883140064,27865487403783
27864883140064,27865752278253
27865756600364,27865752278253
27865756600364,27866001347608
27865756600364,27866167990423
27865756600364,27866336070323
27865756600364,27866726587274
27866729364215,27866726587274
27866729364215,27866905919896
27866729364215,27867075240549
27866729364215,27867233748094
27867237308248,27867233748094
27867237308248,27867471341018
27867237308248,27867626916990
27867237308248,27867846311113
27867237308248,27868007452914
27867237308248,27868575549711
27868607678899,27868575549711
27868607678899,27868834684838
27868607678899,27869043090956
27868607678899,27869216447795
27868607678899,27869515124599
27869552497568,27869515124599
27869552497568,27869810615977
27869552497568,27869924848652
27869552497568,27870120173994
27869552497568,27870532495248
27870582875730,27870532495248
27870582875730,27870819275538
27870582875730,27870999518266
27870582875730,27871143830949
27870582875730,27871575451070
27871642492919,27871575451070
27871642492919,27871803779023
27871642492919,27872035287129
27871642492919,27872229388020
27871642492919,27872408259683
27872566812512,27872408259683
27872566812512,27872836792817
27872566812512,27872999160004
27872566812512,27873180455708
27872566812512,27873544178277
27873603300857,27873544178277
27873603300857,27873853332933
27873603300857,27874094173601
27873603300857,27874242792817
27874245725908,27874242792817
27874245725908,27874412361079
27874245725908,27874603530782
27874245725908,27875072196483
27874245725908,27875244696306
27874245725908,27875772808767
27875824872453,27875772808767
27875824872453,27876058533435
27875824872453,27876302303272
27875824872453,27876494687795
27876496767091,27876494687795
27876496767091,27876809375458
27876496767091,27877031380756
27876496767091,27877174478666
27876496767091,27877322616385
27876496767091,27877684298068
27877836887210,27877684298068
27877836887210,27878078550746
27877836887210,27878277330217
27877836887210,27878450925816
27877836887210,27878770047219
27878809374744,27878770047219
27878809374744,27879056559104
27878809374744,27879287984438
27878809374744,27879511564768
27878809374744,27879678379027
27879775460811,27879678379027
27879775460811,27880037502333
27879775460811,27880214971719
27879775460811,27880413237509
27879775460811,27880625028750
27880751982406,27880625028750
27880751982406,27880987192640
27880751982406,27881108324586
27880751982406,27881344790846
27881347594642,27881344790846
27881347594642,27881586651527
27881347594642,27881749776039
27881347594642,27881911160436
27881347594642,27882120204666
27881347594642,27882511420700
27882602982688,27882511420700
27882602982688,27882853834880
27882602982688,27883019952030
27883053613701,27883019952030
27883053613701,27883261422548
27883053613701,27883405177641
27883053613701,27883550384423
27883053613701,27883682867316
27883053613701,27884340848566
27883053613701,27884739353682
27884741349293,27884739353682
27884741349293,27884965836464
27884741349293,27885213714125
27884741349293,27885374995313
27885376277866,27885374995313
27885376277866,27885540170037
27885376277866,27885703520096
27885376277866,27885860903601
27885376277866,27886026059331
27885376277866,27886471792415
27886511095280,27886471792415
27886511095280,27886749859984
27886511095280,27886990241801
27886511095280,27887156623577
27886511095280,27887470459755
27887478526342,27887470459755
27887478526342,27887694314782
27887478526342,27887871560216
27887478526342,27887990190862
27887478526342,27888374644777
27888426647656,27888374644777
27888426647656,27888695173068
27888426647656,27888883584004
27888426647656,27889083584591
27888426647656,27889394415494
27889421115717,27889394415494
27889421115717,27889626886455
27889421115717,27889849345853
27889421115717,27890030780526
27889421115717,27890381361129
27890437949318,27890381361129
27890437949318,27890663266845
27890437949318,27890955303882
27890437949318,27891135317095
27890437949318,27891294637209
27891355130608,27891294637209
27891355130608,27891557493016
27891355130608,27891796747071
27891355130608,27892023284160
27891355130608,27892247701069
27892306988813,27892247701069
27892306988813,27892526800143
27892306988813,27892724426364
27892306988813,27892922314235
27892923558990,27892922314235
27892923558990,27893170705921
27892923558990,27893354495375
27892923558990,27893533556012
27892923558990,27893709173204
27892923558990,27894117389287
27894264360092,27894117389287
27894264360092,27894544241707
27894264360092,27894659030132
27894264360092,27894838358201
27894264360092,27895282778120
27895284428185,27895282778120
27895284428185,27895495911641
27895284428185,27895670489106
27895284428185,27895824574345
27895284428185,27896237694205
27896239939143,27896237694205
27896239939143,27896492778150
27896239939143,27896611177603
27896239939143,27896805189415
27896239939143,27897025695367
27897151760889,27897025695367
27897151760889,27897338941248
27897151760889,27897536212440
27897151760889,27897811227066
27897813689192,27897811227066
27897813689192,27897996792400
27897813689192,27898207596193
27897813689192,27898412971723
27897813689192,27898551194322
27897813689192,27898969739085
27899010862034,27898969739085
27899010862034,27899259038781
27899010862034,27899467313877
27899010862034,27899650987195
27899010862034,27900020346873
27900023200255,27900020346873
27900023200255,27900284576943
27900023200255,27900445146831
27900023200255,27900587396036
27900023200255,27900844651195
27900876630034,27900844651195
27900876630034,27901070641005
27900876630034,27901277356674
27900876630034,27901496425108
27901502591252,27901496425108
27901502591252,27901686246732
27901502591252,27901869860308
27901502591252,27902039355523
27901502591252,27902190662348
27901502591252,27902690642903
27902722020064,27902690642903
27902722020064,27903000816823
27902722020064,27903132927074
27902722020064,27903280207850
27902722020064,27903611211428
27903664172640,27903611211428
27903664172640,27903934419626
27903664172640,27904080484672
27903664172640,27904215947270
27904217779172,27904215947270
27904217779172,27904440481731
27904217779172,27904589191547
27904217779172,27904718449589
27904217779172,27905032884276
27904217779172,27905472996178
27905480557728,27905472996178
27905480557728,27905727388677
27905480557728,27905952076322
27905480557728,27906117343660
27905480557728,27906336174198
27906422156622,27906336174198
27906422156622,27906649689196
27906422156622,27906852986156
27906422156622,27907052473755
27906422156622,27907353383913
27907380399913,27907353383913
27907380399913,27907897755728
27907380399913,27908043168072
27907380399913,27908235604867
27907380399913,27908667061264
27908669916398,27908667061264
27908669916398,27908919134285
27908669916398,27909069498953
27908669916398,27909218658641
27908669916398,27909549618751
27909614981921,27909549618751
27909614981921,27909932318912
27909614981921,27910178386511
27910182849732,27910178386511
27910182849732,27910422913333
27910182849732,27910552831728
27910182849732,27910742665074
27910182849732,27910891081414
27910182849732,27911051157112
27910182849732,27911375188007
27911434307290,27911375188007
27911434307290,27911706261779
27911434307290,27911868384588
27911434307290,27912012898854
27911434307290,27912414100275
27912417096927,27912414100275
27912417096927,27912694386086
27912417096927,27912829070609
27912417096927,27912984417918
27912417096927,27913276046659
27913358175103,27913276046659
27913358175103,27913617411153
27913358175103,27913870159437
27913358175103,27914138431358
27913358175103,27914457569408
27914460865693,27914457569408
27914460865693,27914728390153
27914460865693,27914881766406
27914460865693,27915036303449
27914460865693,27915351428069
27915403362427,27915351428069
27915403362427,27915607321545
27915403362427,27915876124583
27915403362427,27916068045934
27916070066401,27916068045934
27916070066401,27916263416520
27916070066401,27916420781278
27916070066401,27916595929002
27916070066401,27916864281831
27916070066401,27917231906677
27917237618376,27917231906677
27917237618376,27917425908653
27917237618376,27917684157299
27917237618376,27917844617577
27917237618376,27918140171721
27918232254469,27918140171721
27918232254469,27918410770100
27918232254469,27918605980674
27918232254469,27918783678387
27918232254469,27919142361869
27919144452497,27919142361869
27919144452497,27919351513240
27919144452497,27919553302334
27919144452497,27919736831313
27919144452497,27919940793827
27920065458464,27919940793827
27920065458464,27920399078195
27920065458464,27920554642776
27920065458464,27920769401806
27920065458464,27920951267291
27921015750121,27920951267291
27921015750121,27921248275985
27921015750121,27921481295417
27921015750121,27921713299936
27921015750121,27921883676923
27921922081623,27921883676923
27921922081623,27922121783175
27921922081623,27922407193416
27921922081623,27922617450054
27921922081623,27922936055065
27922938552224,27922936055065
27922938552224,27923189125221
27922938552224,27923423440842
27922938552224,27923574973479
27923577806904,27923574973479
27923577806904,27923862484378
27923577806904,27924028233750
27923577806904,27924194261756
27923577806904,27924421427012
27924423608002,27924421427012
27924423608002,27924698650847
27924423608002,27924853822813
27924423608002,27925050249401
27924423608002,27925392429758
27924423608002,27925779637853
27925810374991,27925779637853
27925810374991,27926057744420
27925810374991,27926190908204
27925810374991,27926378999440
27925810374991,27926641959909
27926696393754,27926641959909
27926696393754,27926910228043
27926696393754,27927097032121
27926696393754,27927249897398
27926696393754,27927557194227
27927612518256,27927557194227
27927612518256,27927890961702
27927612518256,27928077423213
27927612518256,27928229189877
27927612518256,27928480946724
27928579946264,27928480946724
27928579946264,27928837830673
27928579946264,27928996208594
27928579946264,27929191123034
27928579946264,27929599909556
27929659087255,27929599909556
27929659087255,27929884194608
27929659087255,27930079615543
27929659087255,27930323589200
27929659087255,27930682143930
27930687574255,27930682143930
27930687574255,27930910377084
27930687574255,27931071959327
27930687574255,27931227286375
27930687574255,27931660966841
27931676830047,27931660966841
27931676830047,27931903899218
27931676830047,27932042864394
27931676830047,27932257456586
27931676830047,27932535053846
27932575682016,27932535053846
27932575682016,27932801333780
27932575682016,27932968117877
27932575682016,27933121511804
27933124469005,27933121511804
27933124469005,27933306797097
27933124469005,27933497576678
27933124469005,27934016358728
27933124469005,27934156710682
27933124469005,27934781362679
27934783738042,27934781362679
27934783738042,27935070748527
27934783738042,27935241934855
27934783738042,27935509291070
27935511906470,27935509291070
27935511906470,27935678894493
27935511906470,27935863931080
27935511906470,27936004233895
27935511906470,27936168490186
27935511906470,27936611940964
27936626263290,27936611940964
27936626263290,27936838697489
27936626263290,27937080737102
27936626263290,27937301777658
27936626263290,27937581261221
27937693732433,27937581261221
27937693732433,27937952350432
27937693732433,27938121231440
27937693732433,27938280474483
27937693732433,27938606276462
27938608214495,27938606276462
27938608214495,27938858211352
27938608214495,27939039509617
27938608214495,27939240281966
27938608214495,27939519388190
27939531413898,27939519388190
27939531413898,27939748222138
27939531413898,27939915361784
27939531413898,27940098222152
27939531413898,27940412872488
27940437227274,27940412872488
27940437227274,27940646803214
27940437227274,27940765760823
27940437227274,27940888549243
27940437227274,27941329441375
27941394359213,27941329441375
27941394359213,27941664338230
27941394359213,27941825659141
27941394359213,27942046275367
27941394359213,27942317296410
27942425985490,27942317296410
27942425985490,27942683596831
27942425985490,27942881762629
27942425985490,27943056406411
27943059045513,27943056406411
27943059045513,27943292394762
27943059045513,27943460124441
27943059045513,27943645475360
27943059045513,27943917199885
27943059045513,27944288506067
27944351826756,27944288506067
27944351826756,27944598352252
27944351826756,27944734271702
27944351826756,27944888326439
27944351826756,27945229408263
27945337442306,27945229408263
27945337442306,27945614172024
27945337442306,27945801452493
27945337442306,27945935828319
27945337442306,27946180535929
27946281830543,27946180535929
27946281830543,27946591320763
27946281830543,27946786206868
27946281830543,27946937352215
27946281830543,27947227297167
27947229593195,27947227297167
27947229593195,27947446322671
27947229593195,27947623511002
27947229593195,27947842924031
27947229593195,27948034217231
27948083255250,27948034217231
27948083255250,27948289131782
27948083255250,27948445627886
27948083255250,27948632491822
27948083255250,27948934799647
27948998787644,27948934799647
27948998787644,27949186348884
27948998787644,27949261497748
27948998787644,27949345259264
27949781541559,27949345259264
27949781541559,27949960169014
27949781541559,27950136211417
27949781541559,27950292397349
27949781541559,27950628352506
27949781541559,27951135456135
27951140964176,27951135456135
27951140964176,27951399206320
27951140964176,27951553475384
27951140964176,27951703229579
27951705245478,27951703229579
27951705245478,27951864940438
27951705245478,27952119636242
27951705245478,27952275436822
27951705245478,27952615489743
27951705245478,27953021530900
27953033104076,27953021530900
27953033104076,27953209452966
27953033104076,27953433510342
27953033104076,27953652344789
27953033104076,27953944553713
27953033104076,27954137424588
27953950607767,27954137424588
27953950607767,27954323550482
27953950607767,27954534291999
27953950607767,27954839273197
27954871414580,27954839273197
27954871414580,27955132014596
27954871414580,27955345591718
27954871414580,27955575372198
27954871414580,27955736630015
27955829632362,27955736630015
27955829632362,27956056600793
27955829632362,27956282261807
27955829632362,27956439065449
27955829632362,27956635773627
27956442040363,27956635773627
27956442040363,27956787855108
27956442040363,27956940263603
27956442040363,27957240836103
27956442040363,27957755264064
27957818706708,27957755264064
27957818706708,27958062836753
27957818706708,27958282449995
27957818706708,27958541595294
27958544523423,27958541595294
27958544523423,27958737220246
27958544523423,27958929085901
27958544523423,27959166720491
27958544523423,27959309511944
27958544523423,27959686447202
27959688985610,27959686447202
27959688985610,27959918479185
27959688985610,27960080061021
27959688985610,27960274163000
27959688985610,27960577615225
27960629241065,27960577615225
27960629241065,27960879670399
27960629241065,27961096650152
27960629241065,27961308316249
27960629241065,27961673002315
27960629241065,27961901136679
27961675926037,27961901136679
27961675926037,27962066261817
27961675926037,27962285931481
27961675926037,27962698346916
27961675926037,27962874262937
27962701861477,27962874262937
27962701861477,27963115279072
27962701861477,27963284038168
27963288596005,27963284038168
27963288596005,27963468628814
27963288596005,27963628579161
27963288596005,27963822430970
27963288596005,27964090657997
27963288596005,27964625408458
27964658947423,27964625408458
27964658947423,27964877088860
27964658947423,27965067814408
27964658947423,27965270882047
27964658947423,27965566282697
27965652934819,27965566282697
27965652934819,27965891792677
27965652934819,27966048285361
27965652934819,27966245718200
27965652934819,27966593616588
27966598209396,27966593616588
27966598209396,27966802345576
27966598209396,27966972408521
27966598209396,27967136992543
27967138910400,27967136992543
27967138910400,27967358998590
27967138910400,27967554872493
27967138910400,27967713146910
27967138910400,27967943271826
27967138910400,27968690405457
27968846268575,27968690405457
27968846268575,27969044599904
27968846268575,27969284226354
27968846268575,27969413888390
27968846268575,27969760587168
27969765408913,27969760587168
27969765408913,27969964379076
27969765408913,27970114531777
27969765408913,27970260327041
27969765408913,27970703280983
27970705367122,27970703280983
27970705367122,27970871694181
27970705367122,27971115612857
27970705367122,27971308162494
27970705367122,27971515329208
27971638173846,27971515329208
27971638173846,27971825463040
27971638173846,27972028890099
27971638173846,27972231477520
27971638173846,27972549106190
27972580961316,27972549106190
27972580961316,27972822819352
27972580961316,27973070628275
27972580961316,27973218749321
27972580961316,27973542890606
27973546895836,27973542890606
27973546895836,27973751781865
27973546895836,27973928600073
27973546895836,27974099249871
27973546895836,27974501456925
27974531190908,27974501456925
27974531190908,27974749888025
27974531190908,27974913350074
27974531190908,27975160225583
27975163141230,27975160225583
27975163141230,27975364183882
27975163141230,27975541354713
27975163141230,27975694196773
27975163141230,27975927350316
27975163141230,27976373904934
27976438554632,27976373904934
27976438554632,27976704665188
27976438554632,27976873923854
27976438554632,27977040268148
27977042789556,27977040268148
27977042789556,27977277360398
27977042789556,27977416476795
27977042789556,27977584212943
27977042789556,27977746799517
27977042789556,27978307946357
27978354141420,27978307946357
27978354141420,27978643370946
27978354141420,27978912883194
27978354141420,27979101018688
27978354141420,27979315861896
27979328854268,27979315861896
27979328854268,27979563074278
27979328854268,27979714900399
27979328854268,27979893377066
27979896182595,27979893377066
27979896182595,27980114131694
27979896182595,27980270531584
27979896182595,27980454902806
27979896182595,27980718466221
27980750830805,27980718466221
27980750830805,27980985235197
27980750830805,27981213754266
27980750830805,27981434114499
27980750830805,27981611582294
27980750830805,27982029311128
27982125110650,27982029311128
27982125110650,27982380288308
27982125110650,27982648173879
27982125110650,27982890240904
27982893056050,27982890240904
27982893056050,27983166559282
27982893056050,27983346149650
27982893056050,27983490905477
27982893056050,27983637788763
27982893056050,27983924405792
27983991186775,27983924405792
27983991186775,27984277274811
27983991186775,27984465722413
27983991186775,27984571864665
27983991186775,27985009492139
27985012614855,27985009492139
27985012614855,27985260837638
27985012614855,27985392272591
27985012614855,27985515378906
27985516923486,27985515378906
27985516923486,27985797695918
27985516923486,27985971961153
27985516923486,27986210950144
27985516923486,27986354743972
27986411484606,27986354743972
27986411484606,27986716211950
27986411484606,27986887410833
27986411484606,27987046570988
27986411484606,27987265255164
27986411484606,27987700423497
27987787475053,27987700423497
27987787475053,27988008413474
27987787475053,27988193093849
27987787475053,27988327728172
27987787475053,27988793421584
27988794933422,27988793421584
27988794933422,27989227235096
27988794933422,27989392199294
27988794933422,27989555182832
27988794933422,27989981662753
27990069075314,27989981662753
27990069075314,27990321390459
27990069075314,27990507635159
27990069075314,27990692547989
27990695759240,27990692547989
27990695759240,27990863567654
27990695759240,27991040436024
27990695759240,27991219322906
27990695759240,27991508796678
27990695759240,27991701246337
27991511355084,27991701246337
27991511355084,27991943773346
27991511355084,27992103839024
27991511355084,27992387608029
27991511355084,27992820241407
27992889940812,27992820241407
27992889940812,27993175537686
27992889940812,27993310917687
27992889940812,27993473458487
27993476063939,27993473458487
27993476063939,27993748841932
27993476063939,27993924252776
27993476063939,27994082336986
27993476063939,27994225345282
27994315001342,27994225345282
27994315001342,27994482448517
27994315001342,27994752308939
27994315001342,27994962315697
27994315001342,27995158289347
27994315001342,27995712841262
27995715919248,27995712841262
27995715919248,27995867562051
27995715919248,27996092355265
27995715919248,27996242409434
27995715919248,27996462797383
27996564172160,27996462797383
27996564172160,27996804682800
27996564172160,27996952391371
27996564172160,27997248547762
27997252089955,27997248547762
27997252089955,27997489012223
27997252089955,27997640583031
27997252089955,27997795386917
27997252089955,27997977110741
27997252089955,27998280865442
27998343945173,27998280865442
27998343945173,27998580724281
27998343945173,27998849514955
27998343945173,27999011530346
27998343945173,27999182982561
27999312827177,27999182982561
27999312827177,27999519805643
27999312827177,27999653890888
27999312827177,27999838476018
27999840998318,27999838476018
27999840998318,28000049242652
27999840998318,28000186221234
27999840998318,28000372669991
27999840998318,28000694550657
27999840998318,28001114577238
28001115893732,28001114577238
28001115893732,28001394897949
28001115893732,28001637430781
28001115893732,28001842157310
28001115893732,28002143129031
28002145442532,28002143129031
28002145442532,28002382836640
28002145442532,28002620690037
28002145442532,28002847666523
28002145442532,28003003757426
28003053253417,28003003757426
28003053253417,28003245342156
28003053253417,28003390712853
28003053253417,28003582130549
28003584496097,28003582130549
28003584496097,28003779409559
28003584496097,28003960907583
28003584496097,28004220441871
28003584496097,28004425258273
28003584496097,28004903409076
28004953437933,28004903409076
28004953437933,28005227552938
28004953437933,28005368575846
28004953437933,28005529291815
28004953437933,28005729331008
28005873882292,28005729331008
28005873882292,28006208464404
28005873882292,28006365695785
28005873882292,28006513323946
28005873882292,28006842306118
28006844499614,28006842306118
28006844499614,28007029296376
28006844499614,28007226457764
28006844499614,28007382035736
28007384870146,28007382035736
28007384870146,28007618253902
28007384870146,28007780202628
28007384870146,28008064306299
28007384870146,28008237742839
28007384870146,28008862728669
28008863857037,28008862728669
28008863857037,28009121780100
28008863857037,28009276966198
28008863857037,28009461817084
28008863857037,28009858953893
28008863857037,28010054580456
28009861040122,28010054580456
28009861040122,28010338137777
28009861040122,28010502072893
28009861040122,28010703217455
28010805099982,28010703217455
28010805099982,28011081824517
28010805099982,28011250046674
28010805099982,28011380921179
28010805099982,28011789056199
28010805099982,28012058315339
28011858727872,28012058315339
28011858727872,28012387179054
28011858727872,28012569229474
28011858727872,28012737311157
28012792483823,28012737311157
28012792483823,28013027226971
28012792483823,28013233719979
28012792483823,28013436439676
28012792483823,28013644318273
28013667418533,28013644318273
28013667418533,28013892026711
28013667418533,28014054343291
28013667418533,28014237733376
28014241192491,28014237733376
28014241192491,28014463828279
28014241192491,28014627496331
28014241192491,28014782209610
28014241192491,28015039857937
28015146608017,28015039857937
28015146608017,28015407894267
28015146608017,28015605876068
28015146608017,28015737536938
28015146608017,28015935305712
28015146608017,28016471792273
28015146608017,28016666078638
28016496318597,28016666078638
28016496318597,28016871414619
28016496318597,28017097241975
28016496318597,28017349266746
28017555020635,28017349266746
28017555020635,28017763562070
28017555020635,28017890612492
28017555020635,28018146875797
28017555020635,28018334763332
28017555020635,28018449727150
28018452041009,28018449727150
28018452041009,28018715500301
28018452041009,28018865220801
28018452041009,28019180570669
28019183066298,28019180570669
28019183066298,28019413506763
28019183066298,28019613290803
28019183066298,28019793275451
28019183066298,28020068284056
28020130880194,28020068284056
28020130880194,28020325498953
28020130880194,28020561580474
28020130880194,28020814344672
28020130880194,28021107373867
28021154663035,28021107373867
28021154663035,28021366417248
28021154663035,28021589642386
28021154663035,28021741203171
28021744400445,28021741203171
28021744400445,28021974436213
28021744400445,28022123937823
28021744400445,28022277604010
28021744400445,28022581247490
28021744400445,28022964385026
28023086146946,28022964385026
28023086146946,28023274969353
28023086146946,28023617030786
28023086146946,28023820885616
28023086146946,28023965418734
28023967478009,28023965418734
28023967478009,28024212897830
28023967478009,28024408877402
28023967478009,28024591098850
28023967478009,28024914668402
28025107256131,28024914668402
28025107256131,28025311557371
28025107256131,28025491765043
28025107256131,28025627086045
28025631861556,28025627086045
28025631861556,28025901757353
28025631861556,28026104883965
28025631861556,28026288761318
28025631861556,28026454765019
28025631861556,28026803518948
28026890277059,28026803518948
28026890277059,28027120254775
28026890277059,28027286309596
28027338148980,28027286309596
28027338148980,28027486302697
28027338148980,28027686452158
28027338148980,28027867679695
28027338148980,28028007778517
28027338148980,28028223386406
28027338148980,28028697428549
28028699760443,28028697428549
28028699760443,28028947351002
28028699760443,28029166268214
28028699760443,28029357808440
28029359395665,28029357808440
28029359395665,28029523234769
28029359395665,28029669144326
28029359395665,28029883117772
28029359395665,28030193545573
28029359395665,28030673155469
28030675905294,28030673155469
28030675905294,28030956306564
28030675905294,28031079083885
28030675905294,28031224128520
28031225758499,28031224128520
28031225758499,28031505852569
28031225758499,28031682378049
28031225758499,28031870556531
28031225758499,28032204198349
28032206953437,28032204198349
28032206953437,28032471816126
28032206953437,28032706606287
28032206953437,28032865342148
28032206953437,28033064062045
28032206953437,28033505441492
28033569337316,28033505441492
28033569337316,28033751502100
28033569337316,28034029181949
28033569337316,28034179540858
28034182207627,28034179540858
28034182207627,28034351871336
28034182207627,28034525276690
28034182207627,28034694336537
28034182207627,28034932581279
28034182207627,28035307843474
28035340856513,28035307843474
28035340856513,28035594369177
28035340856513,28035735963531
28035340856513,28035890503852
28035340856513,28036202188079
28036236084725,28036202188079
28036236084725,28036472211928
28036236084725,28036626329442
28036236084725,28036801994931
28036236084725,28037313192595
28037315550797,28037313192595
28037315550797,28037516658593
28037315550797,28037760743538
28037315550797,28037949272065
28037315550797,28038146322555
28037953372814,28038146322555
28037953372814,28038266642281
28037953372814,28038410036119
28037953372814,28038649184431
28037953372814,28038823371110
28038652203427,28038823371110
28038652203427,28039028152895
28038652203427,28039258375566
28038652203427,28039455808574
28038652203427,28039976342417
28039978710854,28039976342417
28039978710854,28040194349138
28039978710854,28040373496003
28039978710854,28040550292952
28039978710854,28040836777714
28040841576491,28040836777714
28040841576491,28041022700362
28040841576491,28041282267557
28040841576491,28041455422915
28040841576491,28041630316936
28041725111934,28041630316936
28041725111934,28041925338227
28041725111934,28042138135497
28041725111934,28042300590615
28041725111934,28042669641158
28042675713929,28042669641158
28042675713929,28042890016433
28042675713929,28043047052626
28042675713929,28043324912750
28042675713929,28043481388987
28043574588587,28043481388987
28043574588587,28043818547934
28043574588587,28043962793536
28043574588587,28044433118746
28043574588587,28044629329898
28044724865967,28044629329898
28044724865967,28044855766692
28044724865967,28045089325573
28044724865967,28045276979397
28044724865967,28045567432931
28045665364464,28045567432931
28045665364464,28045915295882
28045665364464,28046117164027
28045665364464,28046333307288
28045665364464,28046590477041
28046683487110,28046590477041
28046683487110,28047189121263
28046683487110,28047402755871
28046683487110,28047584230822
28046683487110,28047932925589
28048018662045,28047932925589
28048018662045,28048219230374
28048018662045,28048411111287
28048018662045,28048555436491
28048018662045,28048935529644
28048958776141,28048935529644
28048958776141,28049223970524
28048958776141,28049368288482
28048958776141,28049526398608
28049531686767,28049526398608
28049531686767,28049768973960
28049531686767,28049932745770
28049531686767,28050112642713
28049531686767,28050305057256
28049531686767,28050746972312
28050809556930,28050746972312
28050809556930,28051024734682
28050809556930,28051223463809
28050809556930,28051434111987
28050809556930,28051736389590
28051762419632,28051736389590
28051762419632,28051976061076
28051762419632,28052198371793
28051762419632,28052478941504
28051762419632,28052692070638
28052713144402,28052692070638
28052713144402,28052969260722
28052713144402,28053185345595
28052713144402,28053357463082
28053362919031,28053357463082
28053362919031,28053572398989
28053362919031,28053747269151
28053362919031,28053905923127
28053362919031,28054042109305
28053362919031,28054537724925
28054631304858,28054537724925
28054631304858,28054891874041
28054631304858,28055126368021
28054631304858,28055301668466
28054631304858,28055596809586
28055653941148,28055596809586
28055653941148,28055937330521
28055653941148,28056106412422
28055653941148,28056335700804
28055653941148,28056624128229
28055653941148,28056793214823
28056626857488,28056793214823
28056626857488,28056963525930
28056626857488,28057110095970
28057112429245,28057110095970
28057112429245,28057319804225
28057112429245,28057501367045
28057112429245,28057817433657
28057112429245,28058019345131
28058069795901,28058019345131
28058069795901,28058346622973
28058069795901,28058538657229
28058069795901,28058690595142
28058069795901,28059015283576
28059020140880,28059015283576
28059020140880,28059185371048
28059020140880,28059407273554
28059020140880,28059617133123
28059020140880,28059894324470
28059020140880,28060435879068
28060438522005,28060435879068
28060438522005,28060656285990
28060438522005,28060814375496
28060438522005,28061003504179
28060438522005,28061427552511
28061429448837,28061427552511
28061429448837,28061659247666
28061429448837,28061798886564
28061429448837,28061982633163
28061984329588,28061982633163
28061984329588,28062235483113
28061984329588,28062449536724
28061984329588,28062633508300
28061984329588,28062859759126
28062967273524,28062859759126
28062967273524,28063178539166
28062967273524,28063324551454
28062967273524,28063481971827
28062967273524,28063753119579
28062967273524,28064143548529
28064146855626,28064143548529
28064146855626,28064373420733
28064146855626,28064567857397
28064146855626,28064736601967
28064146855626,28065024885403
28065028789673,28065024885403
28065028789673,28065248242053
28065028789673,28065439941765
28065028789673,28065577174745
28065578418738,28065577174745
28065578418738,28065776315303
28065578418738,28065927048288
28065578418738,28066106828944
28065578418738,28066472537537
28065578418738,28066842402699
28066953712150,28066842402699
28066953712150,28067236659754
28066953712150,28067412232527
28066953712150,28067604423976
28067606434248,28067604423976
28067606434248,28067787384317
28067606434248,28067963305798
28067606434248,28068490083071
28067606434248,28068645346501
28067606434248,28069275406273
28069279267982,28069275406273
28069279267982,28069496057292
28069279267982,28069670042611
28069279267982,28069794100993
28069279267982,28070229341827
28070234170396,28070229341827
28070234170396,28070420968982
28070234170396,28070604335721
28070234170396,28070781346468
28070234170396,28071067460071
28071095223421,28071067460071
28071095223421,28071351242565
28071095223421,28071505328146
28071095223421,28071707746333
28071095223421,28072087064218
28072089342117,28072087064218
28072089342117,28072359165969
28072089342117,28072518395681
28072089342117,28072705289974
28072089342117,28072977277034
28073051501156,28072977277034
28073051501156,28073236390087
28073051501156,28073522657700
28073051501156,28073677586573
28073051501156,28073989779017
28073993959945,28073989779017
28073993959945,28074221977322
28073993959945,28074367573485
28073993959945,28074522743999
28073993959945,28074797673580
28074845133719,28074797673580
28074845133719,28075078860863
28074845133719,28075235634971
28074845133719,28075379119172
28074845133719,28075812463395
28075814896489,28075812463395
28075814896489,28076058725410
28075814896489,28076211109144
28075814896489,28076407979014
28076410677494,28076407979014
28076410677494,28076597149711
28076410677494,28076731091638
28076410677494,28076935793693
28076410677494,28077127398803
28076410677494,28077577362284
28077585001284,28077577362284
28077585001284,28077806923025
28077585001284,28077985286840
28077585001284,28078119223972
28077585001284,28078527327829
28078530040867,28078527327829
28078530040867,28078757682401
28078530040867,28078944746696
28078530040867,28079079029988
28079081142988,28079079029988
28079081142988,28079257648919
28079081142988,28079438733755
28079081142988,28079605197556
28079081142988,28079842800713
28079081142988,28080233663947
28080482202624,28080233663947
28080482202624,28080699385122
28080482202624,28080902355296
28080482202624,28081108190619
28080482202624,28081393671360
28081427858976,28081393671360
28081427858976,28081615053691
28081427858976,28081775937093
28081427858976,28081935979746
28081427858976,28082397139087
28082464103972,28082397139087
28082464103972,28082709364760
28082464103972,28082909980574
28082464103972,28083104810814
28083108220562,28083104810814
28083108220562,28083304183408
28083108220562,28083489000036
28083108220562,28083620562476
28083108220562,28083805274333
28083108220562,28084273397467
28084281556862,28084273397467
28084281556862,28084543617116
28084281556862,28084745315352
28084281556862,28084931809955
28084281556862,28085086188535
28085168687063,28085086188535
28085168687063,28085463074772
28085168687063,28085614021752
28085168687063,28085825653613
28085168687063,28086124880868
28086127809793,28086124880868
28086127809793,28086336362577
28086127809793,28086514408057
28086533352275,28086514408057
28086533352275,28086774900386
28086533352275,28086929769313
28086533352275,28087131551486
28086533352275,28087589365176
28086533352275,28087823287369
28086533352275,28087986577109
28086533352275,28088138368545
28088140724652,28088138368545
28088140724652,28088331270879
28088140724652,28088506906736
28088509220064,28088506906736
28088509220064,28088767747768
28088509220064,28088944097048
28088509220064,28089167123458
28088509220064,28089369899707
28088509220064,28089845924847
28089848904893,28089845924847
28089848904893,28090058039810
28089848904893,28090300290971
28089848904893,28090478390293
28089848904893,28090627971158
28090730415804,28090627971158
28090730415804,28090950131459
28090730415804,28091142600005
28090730415804,28091326384611
28090730415804,28091675379613
28091685629584,28091675379613
28091685629584,28091877139642
28091685629584,28092080669315
28091685629584,28092281884419
28091685629584,28092544197393
28092750302472,28092544197393
28092750302472,28092955201956
28092750302472,28093120738333
28092750302472,28093265664166
28093267691977,28093265664166
28093267691977,28093533346834
28093267691977,28093728088273
28093267691977,28093892306232
28093267691977,28094050234839
28093267691977,28094489172268
28094544941903,28094489172268
28094544941903,28094790409556
28094544941903,28094965437626
28094544941903,28095145142277
28094544941903,28095479346573
28095560917088,28095479346573
28095560917088,28095820476752
28095560917088,28095983760155
28095560917088,28096202828467
28095560917088,28096422721510
28096452018174,28096422721510
28096452018174,28096727406780
28096452018174,28096886569232
28096452018174,28097128687943
28096452018174,28097307418107
28097132096737,28097307418107
28097132096737,28097512389453
28097132096737,28097680130683
28097132096737,28097827608272
28097132096737,28098314496482
28098398737688,28098314496482
28098398737688,28098678964326
28098398737688,28098931057029
28098398737688,28099117989843
28098398737688,28099454037008
28098398737688,28099635107402
28099455840636,28099635107402
28099455840636,28099803952211
28099455840636,28100110951821
28099455840636,28100377704455
28100380898802,28100377704455
28100380898802,28100611390837
28100380898802,28100874180200
28100380898802,28101033289634
28100380898802,28101262702660
28101318462665,28101262702660
28101318462665,28101551680047
28101318462665,28101793194426
28101318462665,28101947801200
28101794647475,28101947801200
28101794647475,28102093507699
28101794647475,28102297333720
28101794647475,28102507910053
28101794647475,28102722509012
28101794647475,28103065424816
28103101686409,28103065424816
28103101686409,28103311096724
28103101686409,28103835367459
28103101686409,28104052377622
28103101686409,28104305885857
28104307770307,28104305885857
28104307770307,28104565580304
28104307770307,28104816781389
28104307770307,28104964024822
28104307770307,28105109885713
28105188600445,28105109885713
28105188600445,28105388451836
28105188600445,28105568466336
28105188600445,28105735108224
28105188600445,28106104341523
28106157372395,28106104341523
28106157372395,28106433974820
28106157372395,28106613977168
28106157372395,28106789545692
28106792382143,28106789545692
28106792382143,28106982051470
28106792382143,28107131671759
28106792382143,28107361352881
28106792382143,28107624398454
28106792382143,28107916201511
28107986944063,28107916201511
28107986944063,28108157197978
28107986944063,28108419864591
28107986944063,28108589267325
28107986944063,28108812208940
28108592151096,28108812208940
28108592151096,28108994216359
28108592151096,28109139117169
28108592151096,28109569267024
28108592151096,28109823324356
28109865019932,28109823324356
28109865019932,28110109747214
28109865019932,28110318616095
28109865019932,28110454773181
28110457580916,28110454773181
28110457580916,28110717446482
28110457580916,28110850896350
28110457580916,28111044753659
28110457580916,28111457233708
28111460815962,28111457233708
28111460815962,28111704330221
28111460815962,28111882739570
28111460815962,28112063395821
28111460815962,28112216329234
28112219118013,28112216329234
28112219118013,28112422324723
28112219118013,28112678665955
28112219118013,28112835282894
28112219118013,28112978183724
28112219118013,28113615704768
28113618980007,28113615704768
28113618980007,28113824473302
28113618980007,28113960362152
28113618980007,28114205447253
28114208248395,28114205447253
28114208248395,28114463055946
28114208248395,28114631868992
28114208248395,28114787285165
28114208248395,28114938372910
28114208248395,28115244931526
28115528928667,28115244931526
28115528928667,28115699738602
28115528928667,28115848096723
28115528928667,28116043824619
28116046485977,28116043824619
28116046485977,28116245478509
28116046485977,28116389934073
28116046485977,28116547183466
28116046485977,28116757202978
28116768702420,28116757202978
28116768702420,28117038274122
28116768702420,28117249587293
28116768702420,28117445323950
28116768702420,28117689798669
28117691774693,28117689798669
28117691774693,28117978716327
28117691774693,28118189122085
28117691774693,28118348976546
28117691774693,28118589015071
28117691774693,28119160825578
28119163301189,28119160825578
28119163301189,28119379508590
28119163301189,28119542316784
28119163301189,28119751998714
28119163301189,28120037416553
28120040239036,28120037416553
28120040239036,28120177385399
28120040239036,28120383024552
28120040239036,28120630186498
28120040239036,28121024646832
28121027129755,28121024646832
28121027129755,28121207327885
28121027129755,28121459141717
28121027129755,28121660802995
28121027129755,28121906601374
28121949867776,28121906601374
28121949867776,28122100382448
28121949867776,28122314600047
28121949867776,28122633374527
28121949867776,28122826822411
28122829974562,28122826822411
28122829974562,28123052283622
28122829974562,28123302055396
28122829974562,28123463271218
28122829974562,28123768990218
28123770816635,28123768990218
28123770816635,28123953225464
28123770816635,28124099704533
28123770816635,28124298860631
28124301754387,28124298860631
28124301754387,28124540271934
28124301754387,28124716997202
28124301754387,28124900329652
28124301754387,28125078294512
28125085949832,28125078294512
28125085949832,28125336904598
28125085949832,28125590587410
28125085949832,28125773171110
28125085949832,28126073846971
28125085949832,28126561529330
28126565963607,28126561529330
28126565963607,28127141154931
28126565963607,28127321991380
28126565963607,28127577764568
28126565963607,28127725273215
28127727819825,28127725273215
28127727819825,28127934535942
28127727819825,28128128937237
28127727819825,28128385278038
28127727819825,28128695354480
28128698615028,28128695354480
28128698615028,28128891108047
28128698615028,28129133379876
28128698615028,28129295196264
28128698615028,28129732973501
28129735317005,28129732973501
28129735317005,28129902318812
28129735317005,28130113441682
28129735317005,28130286138225
28130288407907,28130286138225
28130288407907,28130480730755
28130288407907,28130644501553
28130288407907,28130794339122
28130288407907,28131022280689
28131029437669,28131022280689
28131029437669,28131292027121
28131029437669,28131476045855
28131029437669,28131732964578
28131029437669,28131932404969
28131029437669,28132420313884
28132498815196,28132420313884
28132498815196,28132723873209
28132498815196,28132885086163
28132498815196,28133066671121
28132498815196,28133378627523
28133484813653,28133378627523
28133484813653,28133705247730
28133484813653,28133891646056
28133484813653,28134067212267
28134070041562,28134067212267
28134070041562,28134278328092
28134070041562,28134481001050
28134070041562,28134766945551
28134070041562,28134975549474
28134977698089,28134975549474
28134977698089,28135178426593
28134977698089,28135398154887
28134977698089,28135561147596
28134977698089,28135882663001
28134977698089,28136430231509
28136432883643,28136430231509
28136432883643,28136656281276
28136432883643,28136808527107
28136432883643,28136987444463
28136992227008,28136987444463
28136992227008,28137169898980
28136992227008,28137341255566
28136992227008,28137501411022
28136992227008,28137824359561
28136992227008,28138185548089
28138283852573,28138185548089
28138283852573,28138538101323
28138283852573,28138721811682
28138283852573,28138920735466
28138283852573,28139192610121
28139270262251,28139192610121
28139270262251,28139481725378
28139270262251,28139731143716
28139270262251,28139924386923
28139270262251,28140107845566
28140110310028,28140107845566
28140110310028,28140339308837
28140110310028,28140536030449
28140110310028,28140752429687
28140110310028,28141040797655
28141043642787,28141040797655
28141043642787,28141247575797
28141043642787,28141499811711
28141043642787,28141704305157
28141043642787,28141853652358
28141857876914,28141853652358
28141857876914,28142097829909
28141857876914,28142315814785
28141857876914,28142491112883
28141857876914,28142856775970
28142860879643,28142856775970
28142860879643,28143012324469
28142860879643,28143164456583
28142860879643,28143313243691
28142860879643,28143620592044
28143674709534,28143620592044
28143674709534,28143880348475
28143674709534,28144073071731
28143674709534,28144267044079
28143674709534,28144533100162
28144675369892,28144533100162
28144675369892,28144865285564
28144675369892,28145204500566
28144675369892,28145373073645
28144675369892,28145554037122
28145621870923,28145554037122
28145621870923,28145859259554
28145621870923,28146088252767
28145621870923,28146289258615
28146292232903,28146289258615
28146292232903,28146435470218
28146292232903,28146575989228
28146292232903,28146820397698
28146292232903,28147100551842
28146292232903,28147484738223
28147492949669,28147484738223
28147492949669,28147696933066
28147492949669,28147873615729
28147492949669,28148024856551
28147492949669,28148377318335
28148440190327,28148377318335
28148440190327,28148661956930
28148440190327,28148896595253
28148440190327,28149088022879
28148440190327,28149405539197
28149411736908,28149405539197
28149411736908,28149599627867
28149411736908,28149739902281
28149411736908,28149935175115
28149411736908,28150210724447
28150261960656,28150210724447
28150261960656,28150597837560
28150261960656,28150779170720
28150261960656,28150969464909
28150261960656,28151322865169
28151325519947,28151322865169
28151325519947,28151536316829
28151325519947,28151701857170
28151325519947,28151849720135
28151325519947,28152278508813
28152323739490,28152278508813
28152323739490,28152570675044
28152323739490,28152810129806
28152323739490,28153065633028
28152323739490,28153288232915
28152323739490,28153459953420
28152323739490,28153621541876
28153624603747,28153621541876
28153624603747,28153919333653
28153624603747,28154125703378
28154229994886,28154125703378
28154229994886,28154464982822
28154229994886,28154619205231
28154229994886,28154813415929
28154229994886,28155184391939
28155187301044,28155184391939
28155187301044,28155386070224
28155187301044,28155549884092
28155187301044,28155813300199
28155187301044,28155992366306
28156061449809,28155992366306
28156061449809,28156326359161
28156061449809,28156557372691
28156061449809,28156746459004
28156061449809,28156940461932
28157021736461,28156940461932
28157021736461,28157278295590
28157021736461,28157460364762
28157021736461,28157663880541
28157021736461,28157968358633
28157983128828,28157968358633
28157983128828,28158281309273
28157983128828,28158444298428
28157983128828,28158647102739
28157983128828,28158788953341
28158791762385,28158788953341
28158791762385,28159021206616
28158791762385,28159238763416
28158791762385,28159467338659
28158791762385,28159708664607
28159728094765,28159708664607
28159728094765,28159936869064
28159728094765,28160081808588
28159728094765,28160270907216
28159728094765,28160637474580
28160640418752,28160637474580
28160640418752,28160922387455
28160640418752,28161059847666
28160640418752,28161187983736
28160640418752,28161461369234
28161588516967,28161461369234
28161588516967,28161851028724
28161588516967,28162066605123
28161588516967,28162368462249
28161588516967,28162576155486
28162578615145,28162576155486
28162578615145,28162814230703
28162578615145,28162968157386
28162578615145,28163107904056
28162578615145,28163473726698
28163475712872,28163473726698
28163475712872,28163774512899
28163475712872,28163943706440
28163475712872,28164155831623
28163475712872,28164398019882
28164401129368,28164398019882
28164401129368,28164656608889
28164401129368,28164781479362
28164401129368,28164949340669
28164401129368,28165196439049
28165198756224,28165196439049
28165198756224,28165455064828
28165198756224,28165719417254
28165198756224,28165885773696
28165888890619,28165885773696
28165888890619,28166203231428
28165888890619,28166353374544
28165888890619,28166550282843
28165888890619,28166696184385
28165888890619,28166920254348
28166984953618,28166920254348
28166984953618,28167217498550
28166984953618,28167421132760
28166984953618,28167609375682
28167611402757,28167609375682
28167611402757,28167819522152
28167611402757,28168003177845
28167611402757,28168162283038
28167611402757,28168342798702
28167611402757,28169090228300
28169125726192,28169090228300
28169125726192,28169370081752
28169125726192,28169542301275
28169125726192,28169711068346
28169125726192,28170040565482
28170042426477,28170040565482
28170042426477,28170335643903
28170042426477,28170502350533
28170042426477,28170683757844
28170042426477,28170872127540
28171000322356,28170872127540
28171000322356,28171180482952
28171000322356,28171397455675
28171000322356,28171536489483
28171000322356,28171997924640
28172014257375,28171997924640
28172014257375,28172290155561
28172014257375,28172477312401
28172014257375,28172666077675
28172014257375,28172878432699
28173016983492,28172878432699
28173016983492,28173245469977
28173016983492,28173414444204
28173016983492,28173629938574
28173016983492,28173874749925
28173885174665,28173874749925
28173885174665,28174166365015
28173885174665,28174328823752
28173885174665,28174488479219
28173885174665,28174801484688
28174833373100,28174801484688
28174833373100,28175075348555
28174833373100,28175315901400
28174833373100,28175514813691
28174833373100,28175737525487
28174833373100,28175930212742
28175739787829,28175930212742
28175739787829,28176167335244
28175739787829,28176337541807
28175739787829,28176608994879
28176670274395,28176608994879
28176670274395,28176929327020
28176670274395,28177069683020
28176670274395,28177257282410
28176670274395,28177719061909
28177721295244,28177719061909
28177721295244,28177943933666
28177721295244,28178080420063
28177721295244,28178262322719
28177721295244,28178386161510
28178496771989,28178386161510
28178496771989,28178733000998
28178496771989,28178982236253
28178496771989,28179168603495
28178496771989,28179411461528
28179458798329,28179411461528
28179458798329,28179649089637
28179458798329,28179861565437
28179458798329,28180032476738
28180035958993,28180032476738
28180035958993,28180272012781
28180035958993,28180403476051
28180035958993,28180545811081
28180035958993,28180920349960
28180035958993,28181359054684
28181361943792,28181359054684
28181361943792,28181575238370
28181361943792,28181747433272
28181361943792,28181913199103
28181361943792,28182050819564
28182107891154,28182050819564
28182107891154,28182346805475
28182107891154,28182519966947
28182107891154,28182754422907
28182107891154,28183036302095
28183039609657,28183036302095
28183039609657,28183287611857
28183039609657,28183498868541
28183039609657,28183704318944
28183039609657,28183858449924
28183706310292,28183858449924
28183706310292,28184000972367
28183706310292,28184167931399
28183706310292,28184360721582
28183706310292,28184910409835
28184946892603,28184910409835
28184946892603,28185164329785
28184946892603,28185289718869
28184946892603,28185456773416
28184946892603,28185969218672
28185971568383,28185969218672
28185971568383,28186191676523
28185971568383,28186375252069
28185971568383,28186554175046
28186556697951,28186554175046
28186556697951,28186722383934
28186556697951,28186882087735
28186556697951,28187039219489
28186556697951,28187332632674
28186556697951,28187787446595
28187791269946,28187787446595
28187791269946,28188028903308
28187791269946,28188269237890
28187791269946,28188469917115
28187791269946,28188677285520
28188750512956,28188677285520
28188750512956,28188961100202
28188750512956,28189179723559
28188750512956,28189435392924
28188750512956,28189686588471
28189721349687,28189686588471
28189721349687,28189998276117
28189721349687,28190205357071
28189721349687,28190441173235
28189721349687,28190619881391
28190639458516,28190619881391
28190639458516,28190909612427
28190639458516,28191091657458
28190639458516,28191299001850
28191301779317,28191299001850
28191301779317,28191495165335
28191301779317,28191651359917
28191301779317,28191839372889
28191301779317,28191966020501
28191301779317,28192436701699
28192478706685,28192436701699
28192478706685,28192948049647
28192478706685,28193223695159
28192478706685,28193415033729
28192478706685,28193552296143
28193555221237,28193552296143
28193555221237,28193785551350
28193555221237,28193932262646
28193555221237,28194091415739
28194093743977,28194091415739
28194093743977,28194307173735
28194093743977,28194417281476
28194093743977,28194538400895
28194560547810,28194538400895
28194560547810,28194714983820
28194560547810,28194846447054
28194560547810,28194987054231
28194560547810,28195095598912
28194560547810,28195223941816
28195371321884,28195223941816
28195371321884,28195521099502
28195371321884,28195610077230
28195371321884,28195699986773
28195371321884,28195787445094
28195371321884,28195863194123
28195371321884,28195932373085
