27703266840480,27704109456346
27703266840480,27704484871722
27704519809157,27704484871722
27704519809157,27704820348314
27704519809157,27704984284688
27704519809157,27705236644792
27704519809157,27705380440732
27705445046939,27705380440732
27705445046939,27705766157586
27705445046939,27705931371603
27705445046939,27706102101732
27705445046939,27706480208421
27706481865830,27706480208421
27706481865830,27706707332459
27706481865830,27706874414842
27706481865830,27707140051434
27707149492857,27707140051434
27707149492857,27707369148561
27707149492857,27707528066930
27707149492857,27707700903068
27707149492857,27707940468650
27707149492857,27708392230751
27708393810720,27708392230751
27708393810720,27708673909743
27708393810720,27708933263097
27708393810720,27709125620684
27709127786693,27709125620684
27709127786693,27709307421682
27709127786693,27709471957114
27709127786693,27709649457924
27709127786693,27709976129474
27709127786693,27710280440360
27709127786693,27710567486388
27710299445847,27710567486388
27710299445847,27710758764285
27710299445847,27710891708011
27710894069346,27710891708011
27710894069346,27711084435028
27710894069346,27711237188811
27710894069346,27711411545537
27710894069346,27711721468853
27711745381377,27711721468853
27711745381377,27711954344122
27711745381377,27712265236992
27711745381377,27712525910553
27711745381377,27712679474769
27711745381377,27713029728574
27713206755150,27713029728574
27713206755150,27713513380088
27713206755150,27713786136717
27713206755150,27714015982696
27713206755150,27714223646572
27714226119992,27714223646572
27714226119992,27714466939193
27714226119992,27714609102778
27714226119992,27714812206979
27714226119992,27715029860862
27715220895411,27715029860862
27715220895411,27715476750366
27715220895411,27715619278664
27715220895411,27715775511651
27715777083687,27715775511651
27715777083687,27715965840457
27715777083687,27716177551314
27715777083687,27716347639770
27715777083687,27716684632522
27716703147206,27716684632522
27716703147206,27716892101041
27716703147206,27717061233414
27716703147206,27717311654505
27716703147206,27717596229258
27717616711782,27717596229258
27717616711782,27717922247166
27717616711782,27718096391637
27717616711782,27718273122310
27717616711782,27718661328167
27718662986418,27718661328167
27718662986418,27718868226315
27718662986418,27719099833106
27718662986418,27719273125393
27718662986418,27719499934758
27718662986418,27719965950362
27720045893129,27719965950362
27720045893129,27720304362761
27720045893129,27720519275209
27720045893129,27720718020705
27720045893129,27721006776299
27721009828593,27721006776299
27721009828593,27721217696247
27721009828593,27721394123528
27721009828593,27721554335592
27721009828593,27721732127876
27721869071885,27721732127876
27721869071885,27722146986706
27721869071885,27722356961121
27721869071885,27722593736998
27721869071885,27722793996841
27722804410065,27722793996841
27722804410065,27723038330926
27722804410065,27723204921001
27722804410065,27723399179441
27722804410065,27723709190308
27723711112585,27723709190308
27723711112585,27723924386213
27723711112585,27724097096305
27723711112585,27724345958924
27723711112585,27724609136834
27724637607833,27724609136834
27724637607833,27724828788700
27724637607833,27725011355002
27724637607833,27725149218088
27725152113170,27725149218088
27725152113170,27725375486942
27725152113170,27725580592008
27725152113170,27725843200079
27725152113170,27726050489295
27726060327799,27726050489295
27726060327799,27726221299463
27726060327799,27726440962736
27726060327799,27726595348977
27726060327799,27726851938769
27726060327799,27727332708125
27727337936674,27727332708125
27727337936674,27727549539151
27727337936674,27727739169487
27727337936674,27727911617489
27727337936674,27728058101419
27727914063769,27728058101419
27727914063769,27728274594542
27727914063769,27728419221743
27727914063769,27728679372871
27727914063769,27729478244069
27729480822642,27729478244069
27729480822642,27729664604496
27729480822642,27729816363093
27729480822642,27730039827971
27730042237090,27730039827971
27730042237090,27730213944735
27730042237090,27730357844711
27730042237090,27730560421594
27730042237090,27730755249075
27730042237090,27731238743279
27731262890694,27731238743279
27731262890694,27731525211391
27731262890694,27731755381625
27731262890694,27732055331794
27732057857723,27732055331794
27732057857723,27732242954366
27732057857723,27732427503515
27732057857723,27732558727828
27732057857723,27732878378370
27732057857723,27733286932025
27733290915208,27733286932025
27733290915208,27733533912202
27733290915208,27733735362951
27733290915208,27733923126170
27733290915208,27734170963646
27734174579896,27734170963646
27734174579896,27734391559349
27734174579896,27734537401671
27734174579896,27734779329726
27734174579896,27734970093361
27735039532641,27734970093361
27735039532641,27735279691619
27735039532641,27735480017105
27735039532641,27735657956576
27735039532641,27735965516112
27735971171460,27735965516112
27735971171460,27736224589288
27735971171460,27736512449838
27735971171460,27736658312428
27735971171460,27736854787982
27735971171460,27737021022940
27737024669913,27737021022940
27737024669913,27737350416217
27737024669913,27737505846364
27737507764581,27737505846364
27737507764581,27737678895756
27737507764581,27737857292710
27737507764581,27738084175457
27737507764581,27738275150211
27737507764581,27738661109639
27738662468501,27738661109639
27738662468501,27738869716077
27738662468501,27739063064213
27738662468501,27739273746614
27738662468501,27739568442647
27739658575567,27739568442647
27739658575567,27740020763033
27739658575567,27740185133875
27739658575567,27740355855476
27739658575567,27740660296939
27740663088203,27740660296939
27740663088203,27740827046359
27740663088203,27741076068607
27740663088203,27741260848303
27740663088203,27741571712251
27741601480165,27741571712251
27741601480165,27741880173050
27741601480165,27742071623467
27741601480165,27742243078087
27741601480165,27742501983253
27742784928238,27742501983253
27742784928238,27742980740970
27742784928238,27743135859020
27742784928238,27743333305072
27742784928238,27743637365542
27743651911235,27743637365542
27743651911235,27743922423749
27743651911235,27744193366063
27743651911235,27744361333528
27743651911235,27744593325598
27744693771730,27744593325598
27744693771730,27744908298876
27744693771730,27745134458515
27744693771730,27745354404121
27744693771730,27745592252186
27745656861843,27745592252186
27745656861843,27746271534138
27745656861843,27746566483619
27745656861843,27746702347208
27746707344161,27746702347208
27746707344161,27746914076436
27746707344161,27747046714167
27746707344161,27747234754849
27746707344161,27747507344028
27746707344161,27748049596890
27748052077174,27748049596890
27748052077174,27748247171798
27748052077174,27748456969204
27748052077174,27748634103860
27748052077174,27748940583911
27748942683542,27748940583911
27748942683542,27749166310993
27748942683542,27749323293195
27748942683542,27749511498806
27748942683542,27749828888730
27749904177696,27749828888730
27749904177696,27750157626379
27749904177696,27750339363302
27749904177696,27750466180354
27749904177696,27750846419560
27750957242010,27750846419560
27750957242010,27751192299707
27750957242010,27751394089791
27750957242010,27751676222489
27750957242010,27751885663009
27751948654960,27751885663009
27751948654960,27752152546569
27751948654960,27752379719070
27751948654960,27752542824437
27751948654960,27752830588102
27752832716569,27752830588102
27752832716569,27753062246140
27752832716569,27753221440485
27752832716569,27753372338758
27752832716569,27753666040224
27753681711428,27753666040224
27753681711428,27753968679167
27753681711428,27754187343450
27753681711428,27754369181480
27753681711428,27754571633908
27754646951538,27754571633908
27754646951538,27754882629056
27754646951538,27755054333058
27754646951538,27755257459636
27754646951538,27755600508390
27755602531618,27755600508390
27755602531618,27755821224546
27755602531618,27755961525151
27755602531618,27756132361698
27755602531618,27756475084848
27756643909827,27756475084848
27756643909827,27756892531168
27756643909827,27757085383598
27756643909827,27757235501947
27756643909827,27757446921071
27757448597053,27757446921071
27757448597053,27757611048329
27757448597053,27757787033004
27757448597053,27757931431954
27757934836410,27757931431954
27757934836410,27758117946196
27757934836410,27758342683257
27757934836410,27758514015324
27757934836410,27758668294304
27757934836410,27759103920743
27759158734526,27759103920743
27759158734526,27759429743783
27759158734526,27759550145448
27759158734526,27759683039048
27759158734526,27760136807637
27760144097082,27760136807637
27760144097082,27760388695515
27760144097082,27760612849056
27760144097082,27760814098423
27760815922917,27760814098423
27760815922917,27761026945434
27760815922917,27761198181649
27760815922917,27761365414487
27760815922917,27761507453269
27760815922917,27761878575258
27762042727104,27761878575258
27762042727104,27762276241320
27762042727104,27762402461839
27762042727104,27762579307238
27762582684034,27762579307238
27762582684034,27762834500047
27762582684034,27763007401273
27762582684034,27763177864901
27762582684034,27763794080093
27762582684034,27764115691337
27764148682524,27764115691337
27764148682524,27764384608702
27764148682524,27764545638063
27764148682524,27764781033323
27764148682524,27765150334501
27765166937800,27765150334501
27765166937800,27765389316759
27765166937800,27765568440908
27765166937800,27765749774541
27765166937800,27766006363835
27766015341317,27766006363835
27766015341317,27766280716038
27766015341317,27766487083166
27766015341317,27766700154357
27766015341317,27766914091404
27766916167918,27766914091404
27766916167918,27767119502845
27766916167918,27767357573862
27766916167918,27767497917996
27766916167918,27767848377836
27767864228753,27767848377836
27767864228753,27768114277707
27767864228753,27768274322555
27767864228753,27768511405720
27768513518195,27768511405720
27768513518195,27768734886227
27768513518195,27768889917691
27768513518195,27769069364026
27768513518195,27769273414713
27768513518195,27769681389441
27769683027342,27769681389441
27769683027342,27769947810146
27769683027342,27770120329113
27769683027342,27770290272207
27769683027342,27770653495302
27770680919842,27770653495302
27770680919842,27770939608499
27770680919842,27771128413843
27770680919842,27771303137989
27771305621678,27771303137989
27771305621678,27771502325652
27771305621678,27771649465228
27771305621678,27771795520872
27771305621678,27772070248892
27771305621678,27772621628875
27772624873671,27772621628875
27772624873671,27772857360356
27772624873671,27773097356506
27772624873671,27773241636283
27772624873671,27773399316352
27772624873671,27773539456194
27773542299348,27773539456194
27773542299348,27773804111062
27773542299348,27773956295719
27773542299348,27774297796340
27774352243439,27774297796340
27774352243439,27774561595584
27774352243439,27774843120977
27774352243439,27774993381781
27774352243439,27775300245335
27775310846915,27775300245335
27775310846915,27775536991408
27775310846915,27775813227331
27775310846915,27776064071944
27775310846915,27776259194610
27776285280175,27776259194610
27776285280175,27776550388110
27776285280175,27776736734521
27776285280175,27776932459605
27776285280175,27777213291380
27777219509661,27777213291380
27777219509661,27777484520680
27777219509661,27777643025735
27777219509661,27777807403405
27777219509661,27778125381655
27777219509661,27778337369233
27778147824925,27778337369233
27778147824925,27778569374404
27778147824925,27778728660710
27778147824925,27779059315476
27778147824925,27779245034817
27779061626711,27779245034817
27779061626711,27779407561369
27779061626711,27779555075712
27779061626711,27779855904362
27779911962895,27779855904362
27779911962895,27780151451781
27779911962895,27780368738565
27779911962895,27780559443773
27780561886981,27780559443773
27780561886981,27780779647206
27780561886981,27781011883926
27780561886981,27781247325340
27780561886981,27781443164942
27780561886981,27781746331620
27781798899311,27781746331620
27781798899311,27782053638086
27781798899311,27782244411231
27781798899311,27782395952539
27781798899311,27782558572433
27782398385145,27782558572433
27782398385145,27782758693245
27782398385145,27782924361476
27782398385145,27783308647074
27782398385145,27783672594997
27783875050499,27783672594997
27783875050499,27784073077886
27783875050499,27784226612697
27783875050499,27784367629165
27783875050499,27784560753584
27784592854367,27784560753584
27784592854367,27784750529726
27784592854367,27784963199119
27784990016765,27784963199119
27784990016765,27785233871928
27784990016765,27785444480778
27784990016765,27785590259198
27784990016765,27785758563994
27784990016765,27786007395543
27784990016765,27786406251576
27786470396715,27786406251576
27786470396715,27786703523696
27786470396715,27786913942756
27786470396715,27787130156939
27787132386994,27787130156939
27787132386994,27787404270599
27787132386994,27787655571169
27787132386994,27787822620045
27787132386994,27787995431685
27787132386994,27788363244574
27788797984826,27788363244574
27788797984826,27789022055582
27788797984826,27789246745795
27788797984826,27789428427577
27789430782640,27789428427577
27789430782640,27789612226690
27789430782640,27789801335014
27789430782640,27789972271450
27789430782640,27790157255189
27789430782640,27790566257753
27790670192942,27790566257753
27790670192942,27790904968176
27790670192942,27791188689621
27790670192942,27791361870533
27790670192942,27791675593497
27791694525773,27791675593497
27791694525773,27791912642962
27791694525773,27792114743877
27791694525773,27792281076458
27791694525773,27792679217203
27792681745081,27792679217203
27792681745081,27792913999928
27792681745081,27793046614884
27792681745081,27793266092862
27792681745081,27793468364912
27793513406329,27793468364912
27793513406329,27793730878746
27793513406329,27793878106507
27793513406329,27794016047244
27793513406329,27794463296846
27793513406329,27794633894505
27794479727356,27794633894505
27794479727356,27794899866141
27794479727356,27795050259062
27794479727356,27795405863591
27795463000157,27795405863591
27795463000157,27795702257872
27795463000157,27795931367268
27795463000157,27796098611581
27795463000157,27796418129001
27796420583606,27796418129001
27796420583606,27796700775976
27796420583606,27796919068187
27796420583606,27797119241729
27797121582209,27797119241729
27797121582209,27797342415916
27797121582209,27797465590446
27797121582209,27797653461610
27797121582209,27797841651253
27797121582209,27798227784902
27798324461963,27798227784902
27798324461963,27798613963002
27798324461963,27798807344952
27798324461963,27798989316460
27798324461963,27799353448862
27799394378247,27799353448862
27799394378247,27799590182360
27799394378247,27799818374899
27799394378247,27800067195871
27799394378247,27800213544334
27800349546300,27800213544334
27800349546300,27800621906621
27800349546300,27800830146130
27800349546300,27801008912300
27800349546300,27801331929939
27801338801524,27801331929939
27801338801524,27801566639448
27801338801524,27801761021955
27801338801524,27801953736396
27801338801524,27802439290812
27802445315158,27802439290812
27802445315158,27802699443909
27802445315158,27802955211071
27802445315158,27803148037688
27802445315158,27803401664984
27803455161051,27803401664984
27803455161051,27803745463666
27803455161051,27803955354855
27803455161051,27804106989253
27803455161051,27804466548225
27804477873847,27804466548225
27804477873847,27804722575835
27804477873847,27804934228193
27804477873847,27805104223506
27804477873847,27805627144791
27805629025068,27805627144791
27805629025068,27805876152948
27805629025068,27806149388614
27805629025068,27806352536193
27806355059217,27806352536193
27806355059217,27806551047099
27806355059217,27806735456445
27806355059217,27806875915717
27806355059217,27807042361664
27806355059217,27807571429946
27807575076730,27807571429946
27807575076730,27807803795035
27807575076730,27807946470912
27807575076730,27808171868872
27807575076730,27808492309245
27808495226643,27808492309245
27808495226643,27808673943798
27808495226643,27808963844533
27808495226643,27809147515016
27808495226643,27809424264330
27809432104170,27809424264330
27809432104170,27809702300695
27809432104170,27810028022622
27809432104170,27810211303916
27809432104170,27810338226261
27810434632090,27810338226261
27810434632090,27810691545080
27810434632090,27810855169037
27810434632090,27811051247458
27811053358430,27811051247458
27811053358430,27811260945735
27811053358430,27811446083052
27811053358430,27811616937273
27811053358430,27811805255555
27811863775422,27811805255555
27811863775422,27812111584149
27811863775422,27812267436388
27811863775422,27812490955167
27811863775422,27812765029231
27811863775422,27813233248899
27813259238337,27813233248899
27813259238337,27813492317388
27813259238337,27813681877033
27813259238337,27813936448982
27813938949334,27813936448982
27813938949334,27814234388760
27813938949334,27814420983775
27813938949334,27814597507324
27813938949334,27814830950540
27814833518185,27814830950540
27814833518185,27815094616066
27814833518185,27815320354262
27814833518185,27815495413691
27814833518185,27815638602865
27815642650332,27815638602865
27815642650332,27815959268595
27815642650332,27816127261258
27815642650332,27816367266855
27815642650332,27816554471370
27815642650332,27816944968911
27816969018243,27816944968911
27816969018243,27817219635808
27816969018243,27817427372033
27816969018243,27817565545512
27817567019112,27817565545512
27817567019112,27817862165513
27817567019112,27818076244587
27817567019112,27818245294000
27817567019112,27818416396002
27817567019112,27818762854666
27817567019112,27819259930692
27819107667329,27819259930692
27819107667329,27819408829752
27819107667329,27819606301893
27819410433686,27819606301893
27819410433686,27819759751802
27819410433686,27819892053746
27819410433686,27820036961056
27819410433686,27820252189439
27819410433686,27820785127383
27820812978800,27820785127383
27820812978800,27821035755683
27820812978800,27821205209533
27820812978800,27821373626497
27820812978800,27821675286287
27821884768751,27821675286287
27821884768751,27822096601487
27821884768751,27822228099785
27821884768751,27822397995523
27821884768751,27822601708387
27822682684503,27822601708387
27822682684503,27822899396287
27822682684503,27823084848439
27822682684503,27823312379199
27822682684503,27823550373232
27823727889545,27823550373232
27823727889545,27823926383077
27823727889545,27824110379067
27823727889545,27824272439383
27824275302012,27824272439383
27824275302012,27824425241061
27824275302012,27824553654085
27824275302012,27824731314032
27824275302012,27824921844607
27824275302012,27825287170804
27825357260985,27825287170804
27825357260985,27825584664940
27825357260985,27825795851921
27825357260985,27825935341609
27825357260985,27826245078095
27826260772519,27826245078095
27826260772519,27826407233853
27826260772519,27826660074448
27826260772519,27826841190068
27826844244168,27826841190068
27826844244168,27827039241941
27826844244168,27827202492259
27826844244168,27827354143200
27826844244168,27827997150104
27826844244168,27828331340725
27828406623936,27828331340725
27828406623936,27828665687402
27828406623936,27828856857038
27828406623936,27829112984236
27828406623936,27829393241748
27829397460167,27829393241748
27829397460167,27829562095285
27829397460167,27829732181707
27829397460167,27829926240728
27829929059164,27829926240728
27829929059164,27830209306990
27829929059164,27830364301016
27829929059164,27830557733987
27829929059164,27830736292964
27829929059164,27831083267439
27831125351988,27831083267439
27831125351988,27831397954133
27831125351988,27831540216693
27831125351988,27831734137224
27831125351988,27832097560740
27832102938887,27832097560740
27832102938887,27832292536653
27832102938887,27832462479251
27832102938887,27832619127059
27832102938887,27833042313209
27833109510637,27833042313209
27833109510637,27833296373904
27833109510637,27833520212987
27833109510637,27833669881306
27833109510637,27834030969029
27834059152611,27834030969029
27834059152611,27834285335825
27834059152611,27834469640811
27834059152611,27834661444053
27834059152611,27835013313775
27835016042031,27835013313775
27835016042031,27835212572695
27835016042031,27835419759142
27835016042031,27835588583318
27835016042031,27835777059398
27835875634759,27835777059398
27835875634759,27836122666525
27835875634759,27836289569684
27835875634759,27836432447351
27835875634759,27836812265013
27836814846754,27836812265013
27836814846754,27837013304422
27836814846754,27837217308800
27836814846754,27837486370037
27836814846754,27837667655877
27837768262118,27837667655877
27837768262118,27838040117438
27837768262118,27838263609210
27837768262118,27838461327566
27837768262118,27838654783839
27838658608290,27838654783839
27838658608290,27838903986107
27838658608290,27839046102372
27838658608290,27839209587839
27838658608290,27839517296430
27839603724474,27839517296430
27839603724474,27839828059272
27839603724474,27839985933972
27839603724474,27840220640022
27839603724474,27840614347692
27840617046059,27840614347692
27840617046059,27840810183388
27840617046059,27840976920911
27840617046059,27841175476379
27840617046059,27841397091315
27841461791958,27841397091315
27841461791958,27841742059309
27841461791958,27841914285334
27841461791958,27842078103600
27842079192625,27842078103600
27842079192625,27842251195976
27842079192625,27842430099961
27842079192625,27842615321571
27842079192625,27842815197473
27842079192625,27843436371653
27843439396774,27843436371653
27843439396774,27843661436356
27843439396774,27843795276973
27843439396774,27843980828964
27843439396774,27844407565492
27844410096979,27844407565492
27844410096979,27844664727366
27844410096979,27844814330130
27844410096979,27844951886893
27844410096979,27845229923808
27845262032074,27845229923808
27845262032074,27845454322246
27845262032074,27845703485845
27845262032074,27845908324566
27845262032074,27846232646864
27846234861930,27846232646864
27846234861930,27846491553390
27846234861930,27846658524144
27846234861930,27846849234185
27846234861930,27847061577929
27847073229484,27847061577929
27847073229484,27847238874188
27847073229484,27847444966995
27847073229484,27847661513775
27847073229484,27847954778291
27847994556089,27847954778291
27847994556089,27848274055844
27847994556089,27848434360439
27847994556089,27848613418572
27847994556089,27848870885356
27848874124431,27848870885356
27848874124431,27849071293358
27848874124431,27849312173513
27848874124431,27849489218932
27849491740437,27849489218932
27849491740437,27849639035447
27849491740437,27849818927269
27849491740437,27850004786981
27849491740437,27850155985219
27849491740437,27850590952591
27850684378374,27850590952591
27850684378374,27850889528697
27850684378374,27851169573551
27850684378374,27851332023896
27850684378374,27851602564310
27851612180886,27851602564310
27851612180886,27851838182873
27851612180886,27852066132550
27851612180886,27852255176618
27852257597111,27852255176618
27852257597111,27852519597114
27852257597111,27852689674176
27852257597111,27852829785537
27852257597111,27852972340084
27853033649554,27852972340084
27853033649554,27853211942491
27853033649554,27853445309514
27853033649554,27853642234726
27853033649554,27853864085193
27853033649554,27854380558245
27854383151037,27854380558245
27854383151037,27854648110198
27854383151037,27854791124257
27854383151037,27854949959704
27854383151037,27855315694042
27855323511811,27855315694042
27855323511811,27855547862716
27855323511811,27855732532401
27855323511811,27855930208170
27855323511811,27856153866027
27856156806225,27856153866027
27856156806225,27856345255581
27856156806225,27856535861974
27856156806225,27856642195102
27856645134041,27856642195102
27856645134041,27856839797181
27856645134041,27857094549079
27856645134041,27857339992411
27856645134041,27857554443309
27856645134041,27858083479526
27858088652638,27858083479526
27858088652638,27858372551655
27858088652638,27858545686578
27858088652638,27858733505739
27858088652638,27858925472067
27858998802508,27858925472067
27858998802508,27859163309619
27858998802508,27859423357592
27858998802508,27859577840415
27858998802508,27859924314551
27860019620201,27859924314551
27860019620201,27860197578086
27860019620201,27860376286017
27860019620201,27860580553032
27860019620201,27861019261674
27861027476512,27861019261674
27861027476512,27861170435179
27861027476512,27861343630181
27861027476512,27861536320308
27861027476512,27861943299735
27861993432063,27861943299735
27861993432063,27862236452409
27861993432063,27862438287616
27861993432063,27862623551762
27861993432063,27862839379345
27862913317032,27862839379345
27862913317032,27863067675775
27862913317032,27863374672424
27862913317032,27863599384313
27862913317032,27863958173987
27863960498505,27863958173987
27863960498505,27864198270924
27863960498505,27864332235969
27863960498505,27864516287191
27863960498505,27864672820341
27865198793218,27864672820341
27865198793218,27865468411348
27865198793218,27865748040310
27865198793218,27865908388091
27865198793218,27866061094219
27866165846124,27866061094219
27866165846124,27866469755980
27866165846124,27866694971871
27866165846124,27866866427338
27866868837111,27866866427338
27866868837111,27867061357835
27866868837111,27867215836558
27866868837111,27867389271629
27866868837111,27867586499163
27866868837111,27868034740975
27868144046727,27868034740975
27868144046727,27868343325412
27868144046727,27868591202453
27868144046727,27868781214050
27868144046727,27869109061620
27869181665148,27869109061620
27869181665148,27869435226670
27869181665148,27869602489219
27869612123013,27869602489219
27869612123013,27869793494405
27869612123013,27869926818587
27869612123013,27870096645941
27869612123013,27870266272782
27869612123013,27870474333342
27869612123013,27871050084232
27871052688179,27871050084232
27871052688179,27871311063306
27871052688179,27871514695045
27871052688179,27871659534823
27871052688179,27872034375780
27872043387818,27872034375780
27872043387818,27872246275248
27872043387818,27872422280816
27872043387818,27872620319843
27872043387818,27873011985939
27873014541539,27873011985939
27873014541539,27873188423402
27873014541539,27873333776695
27873014541539,27873509609223
27873510921150,27873509609223
27873510921150,27873727191636
27873510921150,27873874808333
27873510921150,27874140342070
27873510921150,27874456180373
27873510921150,27875189316477
27875193135500,27875189316477
27875193135500,27875430611696
27875193135500,27875632465394
27875193135500,27875797505144
27875193135500,27876051335380
27876053415440,27876051335380
27876053415440,27876253177568
27876053415440,27876394092930
27876053415440,27876601980844
27876604100736,27876601980844
27876604100736,27876826847968
27876604100736,27877054938187
27876604100736,27877213894442
27876604100736,27877451070920
27877453083043,27877451070920
27877453083043,27877644277166
27877453083043,27877799536603
27877453083043,27877960044341
27877453083043,27878278027134
27877453083043,27878628285111
27878703464567,27878628285111
27878703464567,27879047767482
27878703464567,27879211379460
27878703464567,27879348378376
27878703464567,27879566384698
27879589484258,27879566384698
27879589484258,27879757570472
27879589484258,27879981969435
27879589484258,27880152077422
27880154692692,27880152077422
27880154692692,27880413776113
27880154692692,27880552060222
27880154692692,27880662881010
27880154692692,27881090902120
27881102588156,27881090902120
27881102588156,27881267786491
27881102588156,27881467889191
27881102588156,27881687565928
27881102588156,27881986133580
27881102588156,27882455672265
27882588219383,27882455672265
27882588219383,27882857928810
27882588219383,27882975216223
27882588219383,27883125189280
27882588219383,27883466940440
27883612624497,27883466940440
27883612624497,27884239341910
27883612624497,27884368568371
27883612624497,27884603119017
27883612624497,27884917262422
27884992231277,27884917262422
27884992231277,27885304586659
27884992231277,27885506195023
27884992231277,27885716543520
27884992231277,27886031861323
27886051673090,27886031861323
27886051673090,27886270361026
27886051673090,27886527768482
27886051673090,27886703468785
27886051673090,27886989618516
27887038753170,27886989618516
27887038753170,27887237039144
27887038753170,27887459735376
27887038753170,27887685072844
27887686776803,27887685072844
27887686776803,27887925144892
27887686776803,27888100040483
27887686776803,27888257451499
27887686776803,27888439872588
27887686776803,27888848314327
27888900117927,27888848314327
27888900117927,27889156452018
27888900117927,27889381538312
27888900117927,27889531348335
27888900117927,27889771096933
27889901354816,27889771096933
27889901354816,27890129736618
27889901354816,27890283545267
27889901354816,27890457160228
27889901354816,27890643962721
27890675618616,27890643962721
27890675618616,27890916264857
27890675618616,27891146441046
27890675618616,27891297982934
27890675618616,27891716912006
27891719425309,27891716912006
27891719425309,27891955192418
27891719425309,27892118197847
27891719425309,27892259489063
27891719425309,27892534395782
27892538587875,27892534395782
27892538587875,27892783038079
27892538587875,27892954530282
27892538587875,27893090719288
27892538587875,27893376900830
27893389420976,27893376900830
27893389420976,27893583193820
27893389420976,27893750719030
27893389420976,27894045289426
27893389420976,27894403842225
27894406610665,27894403842225
27894406610665,27894609878478
27894406610665,27894783411278
27894406610665,27894990436157
27894406610665,27895281559672
27895306963298,27895281559672
27895306963298,27895544933765
27895306963298,27895711513509
27895306963298,27895874387094
27895306963298,27896294867848
27896299537938,27896294867848
27896299537938,27896551421091
27896299537938,27896700973509
27896299537938,27896850297520
27896299537938,27897197128556
27897226420481,27897197128556
27897226420481,27897473448514
27897226420481,27897715609618
27897226420481,27897882236095
27897226420481,27898200179661
27898202564881,27898200179661
27898202564881,27898456312443
27898202564881,27898629316664
27898202564881,27898779774387
27898780823311,27898779774387
27898780823311,27898960189563
27898780823311,27899228197500
27898780823311,27899404334003
27898780823311,27899618284843
27898780823311,27900134932516
27900138447564,27900134932516
27900138447564,27900371243425
27900138447564,27900541528828
27900138447564,27900710268390
27900138447564,27901011965798
27901014226824,27901011965798
27901014226824,27901277293987
27901014226824,27901433630565
27901014226824,27901630722419
27901014226824,27901948904164
27901014226824,27902148995584
27901950445099,27902148995584
27901950445099,27902353239649
27901950445099,27902530653341
27901950445099,27902717023040
27902807720149,27902717023040
27902807720149,27903028346976
27902807720149,27903244500386
27902807720149,27903429700268
27902807720149,27903740321576
27903764666280,27903740321576
27903764666280,27904022455914
27903764666280,27904177759667
27903764666280,27904353925263
27904376121515,27904353925263
27904376121515,27904618179923
27904376121515,27904760447438
27904376121515,27904927430369
27904376121515,27905224926467
27904376121515,27905743178569
27905746330177,27905743178569
27905746330177,27905920992883
27905746330177,27906197260660
27905746330177,27906377709404
27905746330177,27906688438960
27906697350873,27906688438960
27906697350873,27906946340811
27906697350873,27907174499612
27906697350873,27907354685739
27906697350873,27907538335399
27907902841322,27907538335399
27907902841322,27908109586492
27907902841322,27908430275605
27907902841322,27908598267215
27907902841322,27908910060991
27908913443637,27908910060991
27908913443637,27909156220788
27908913443637,27909308873652
27908913443637,27909472086943
27909474391407,27909472086943
27909474391407,27909706016457
27909474391407,27909938429338
27909474391407,27910117534543
27909474391407,27910297118972
27909474391407,27910690928810
27910692936674,27910690928810
27910692936674,27910870460285
27910692936674,27911068143636
27910692936674,27911367184880
27910692936674,27911560623118
27911619032434,27911560623118
27911619032434,27911884221928
27911619032434,27912033623586
27911619032434,27912208813847
27911619032434,27912599507777
27912600995883,27912599507777
27912600995883,27912793575018
27912600995883,27912987198486
27912600995883,27913165498295
27913168976899,27913165498295
27913168976899,27913380303353
27913168976899,27913548382645
27913168976899,27913721182621
27913168976899,27913901275031
27913168976899,27914443444678
27914455888831,27914443444678
27914455888831,27914719620525
27914455888831,27914940176228
27914455888831,27915132376736
27915135308223,27915132376736
27915135308223,27915411599390
27915135308223,27915573364577
27915135308223,27915732219448
27915135308223,27915912430710
27915135308223,27916391083032
27916393617017,27916391083032
27916393617017,27916592505975
27916393617017,27916870771456
27916393617017,27917027783477
27917031032985,27917027783477
27917031032985,27917168259359
27917031032985,27917329638255
27917031032985,27917493045266
27917031032985,27917657191915
27917031032985,27918153343546
27918221328699,27918153343546
27918221328699,27918401915483
27918221328699,27918617777242
27918221328699,27918816169886
27918221328699,27919135798894
27919144590767,27919135798894
27919144590767,27919351947293
27919144590767,27919562132919
27919144590767,27919765366254
27919144590767,27920056334309
27920069848035,27920056334309
27920069848035,27920366428260
27920069848035,27920547012640
27920069848035,27920721922095
27920069848035,27921071172815
27921104647430,27921071172815
27921104647430,27921344726952
27921104647430,27921523354387
27921104647430,27921727494516
27921104647430,27921955321779
27922037298269,27921955321779
27922037298269,27922301366092
27922037298269,27922521971299
27922037298269,27922718320947
27922037298269,27922898499123
27922951214378,27922898499123
27922951214378,27923184404348
27922951214378,27923442538965
27922951214378,27923684953008
27922951214378,27923838816525
27923841848063,27923838816525
27923841848063,27924022232997
27923841848063,27924163094242
27923841848063,27924317319822
27923841848063,27924752190882
27924754320078,27924752190882
27924754320078,27924998194507
27924754320078,27925197940641
27924754320078,27925353877001
27925355731393,27925353877001
27925355731393,27925560249729
27925355731393,27925699039993
27925355731393,27925852657842
27925355731393,27926080928498
27925355731393,27926549017585
27926628754127,27926549017585
27926628754127,27926951322259
27926628754127,27927118125897
27926628754127,27927250753665
27926628754127,27927719331706
27927721197762,27927719331706
27927721197762,27928054295977
27927721197762,27928240019805
27927721197762,27928436678335
27928438895146,27928436678335
27928438895146,27928635486221
27928438895146,27928839916714
27928438895146,27929001234739
27928438895146,27929146033214
27929211661028,27929146033214
27929211661028,27929406498859
27929211661028,27929597753987
27929211661028,27929828294397
27929211661028,27930005392289
27930025348745,27930005392289
27930025348745,27930345724485
27930025348745,27930493166857
27930025348745,27930682143685
27930025348745,27930953303339
27930025348745,27931385691707
27931399576680,27931385691707
27931399576680,27931621857224
27931399576680,27931863458320
27931399576680,27932003873021
27932006050819,27932003873021
27932006050819,27932196530315
27932006050819,27932379573495
27932006050819,27932562991459
27932006050819,27932781020444
27932006050819,27933171058258
27933283981261,27933171058258
27933283981261,27933518223503
27933283981261,27933967696011
27933283981261,27934171094084
27933283981261,27934340680635
27934403371779,27934340680635
27934403371779,27934614261599
27934403371779,27934792928848
27934403371779,27935074211208
27935076284848,27935074211208
27935076284848,27935279923993
27935076284848,27935481952740
27935076284848,27935642735870
27935076284848,27935799375379
27935076284848,27936177516489
27936311645257,27936177516489
27936311645257,27936516384959
27936311645257,27936816214413
27936311645257,27937039138024
27936311645257,27937201217538
27936311645257,27937366271149
27937368308989,27937366271149
27937368308989,27937560849479
27937368308989,27937718106785
27937368308989,27938143801924
27938166964383,27938143801924
27938166964383,27938363802027
27938166964383,27938521266349
27938166964383,27938706746385
27938709270957,27938706746385
27938709270957,27938909280450
27938709270957,27939116539108
27938709270957,27939277309790
27938709270957,27939646405529
27938709270957,27939933164133
27939981650338,27939933164133
27939981650338,27940237268528
27939981650338,27940421719691
27939981650338,27940624226926
27939981650338,27940991407528
27941070171435,27940991407528
27941070171435,27941239650198
27941070171435,27941519519448
27941070171435,27941685348727
27941070171435,27942058506070
27942124993200,27942058506070
27942124993200,27942383299913
27942124993200,27942578262736
27942124993200,27942724324827
27942124993200,27942872854124
27942874059549,27942872854124
27942874059549,27943073596979
27942874059549,27943225221444
27942874059549,27943361963914
27943434659962,27943361963914
27943434659962,27943672384815
27943434659962,27943886056100
27943434659962,27944102517961
27943434659962,27944271426623
27944319831537,27944271426623
27944319831537,27944517563508
27944319831537,27944709769122
27944319831537,27944908211087
27944319831537,27945309034245
27944319831537,27945609698612
27945617228135,27945609698612
27945617228135,27945832927424
27945617228135,27946036298240
27945617228135,27946184875521
27945617228135,27946590035035
27946668699721,27946590035035
27946668699721,27946841382121
27946668699721,27947033665954
27946668699721,27947246149598
27946668699721,27947627195599
27947628931329,27947627195599
27947628931329,27947844723636
27947628931329,27948031986337
27947628931329,27948293075264
27947628931329,27948517087249
27948643995390,27948517087249
27948643995390,27948865223438
27948643995390,27949057475856
27948643995390,27949494173131
27949496701647,27949494173131
27949496701647,27949661519736
27949496701647,27949842187540
27949496701647,27950044498299
27949496701647,27950260550360
27950300882248,27950260550360
27950300882248,27950460519229
27950300882248,27950659434492
27950300882248,27950835020618
27950300882248,27951117364514
27950300882248,27951618509320
27951632823970,27951618509320
27951632823970,27951855889030
27951632823970,27951972419446
27951632823970,27952152079934
27951632823970,27952481321963
27952575193339,27952481321963
27952575193339,27952819464366
27952575193339,27953044189426
27952575193339,27953246261949
27952575193339,27953560662146
27953562721469,27953560662146
27953562721469,27953740515324
27953562721469,27954015082688
27953562721469,27954192393259
27953562721469,27954418157843
27954419878280,27954418157843
27954419878280,27954670918676
27954419878280,27954843260101
27954863975688,27954843260101
27954863975688,27955046810122
27954863975688,27955205996408
27954863975688,27955369201878
27954863975688,27955570166532
27954863975688,27955737490170
27954863975688,27956290306368
27956293212051,27956290306368
27956293212051,27956571113341
27956293212051,27956764029215
27956293212051,27956926490090
27956932585276,27956926490090
27956932585276,27957167482712
27956932585276,27957350178709
27956932585276,27957504376745
27956932585276,27957741208808
27956932585276,27958273334257
27958274601506,27958273334257
27958274601506,27958526056412
27958274601506,27958755888540
27958274601506,27958905513029
27958274601506,27959142327644
27959193114420,27959142327644
27959193114420,27959489467890
27959193114420,27959700166409
27959193114420,27959918369624
27959193114420,27960153088634
27960155513408,27960153088634
27960155513408,27960431832316
27960155513408,27960594887368
27960155513408,27960742348580
27960745501616,27960742348580
27960745501616,27960954547864
27960745501616,27961091104482
27960745501616,27961274945319
27960745501616,27961476864795
27960745501616,27961915265010
27961937462233,27961915265010
27961937462233,27962160281625
27961937462233,27962330727389
27961937462233,27962529285414
27961937462233,27962915398193
27962919853171,27962915398193
27962919853171,27963178226546
27962919853171,27963393194637
27962919853171,27963566390682
27962919853171,27963751079740
27963840737053,27963751079740
27963840737053,27964100610412
27963840737053,27964308843328
27963840737053,27964431870720
27963840737053,27964907369127
27963840737053,27965072780444
27964912190566,27965072780444
27964912190566,27965234958842
27964912190566,27965421940816
27964912190566,27965590357913
27965424943928,27965590357913
27965424943928,27965761444190
27965424943928,27965917935924
27965424943928,27966091354538
27966223518716,27966091354538
27966223518716,27966403470289
27966223518716,27966610400563
27966223518716,27966845522458
27966223518716,27967038375748
27966223518716,27967586230289
27967590802887,27967586230289
27967590802887,27967815276644
27967590802887,27967948343915
27967590802887,27968087378218
27967590802887,27968713175757
27967590802887,27969011310670
27968840987013,27969011310670
27968840987013,27969284230515
27968840987013,27969453896539
27968840987013,27969761543648
27969774088319,27969761543648
27969774088319,27970028232717
27969774088319,27970190574126
27969774088319,27970352710865
27969774088319,27970826796950
27970829639960,27970826796950
27970829639960,27971011520582
27970829639960,27971199677579
27970829639960,27971350454539
27970829639960,27971786875506
27971798423225,27971786875506
27971798423225,27972040181570
27971798423225,27972230352167
27971798423225,27972415230789
27971798423225,27972623070404
27972687040804,27972623070404
27972687040804,27972933689922
27972687040804,27973202426137
27972687040804,27973374094747
27973376362528,27973374094747
27973376362528,27973579824378
27973376362528,27973754495840
27973376362528,27973903114470
27973376362528,27974042520467
27973376362528,27974502922433
27974518020496,27974502922433
27974518020496,27974772855359
27974518020496,27974918487701
27974518020496,27975135148502
27974518020496,27975481376145
27975502519743,27975481376145
27975502519743,27975727535416
27975502519743,27976101717545
27975502519743,27976295427561
27975502519743,27976427034059
27976430241756,27976427034059
27976430241756,27976644962756
27976430241756,27976867197435
27976430241756,27977051408628
27976430241756,27977369587663
27977409854792,27977369587663
27977409854792,27977653463277
27977409854792,27977786391854
27977409854792,27978024982994
27978028001441,27978024982994
27978028001441,27978240980880
27978028001441,27978372704338
27978028001441,27978532406082
27978028001441,27978807743036
27978028001441,27979190523404
27979290330583,27979190523404
27979290330583,27979565656404
27979290330583,27979697439947
27979290330583,27979818334019
27979290330583,27980212907399
27980214892296,27980212907399
27980214892296,27980481434865
27980214892296,27980618595096
27980214892296,27980781362944
27980787238431,27980781362944
27980787238431,27981053673468
27980787238431,27981242714917
27980787238431,27981387577420
27980787238431,27981767488623
27980787238431,27982015024647
27982094826318,27982015024647
27982094826318,27982374479901
27982094826318,27982641432025
27982094826318,27982855580382
27982857699932,27982855580382
27982857699932,27983007876818
27982857699932,27983191185676
27982857699932,27983393511122
27982857699932,27983549530801
27982857699932,27983961028490
27984020395177,27983961028490
27984020395177,27984266281233
27984020395177,27984445852204
27984020395177,27984567293695
27984020395177,27985003120123
27985049864972,27985003120123
27985049864972,27985276071284
27985049864972,27985479265289
27985049864972,27985727383354
27985049864972,27985971694228
27985973879532,27985971694228
27985973879532,27986217040761
27985973879532,27986353688269
27985973879532,27986497367114
27986499406616,27986497367114
27986499406616,27986752730553
27986499406616,27986907291857
27986499406616,27987137238326
27986499406616,27987375479688
27986499406616,27987794381403
27987813267496,27987794381403
27987813267496,27988014749849
27987813267496,27988334254281
27987813267496,27988509493429
27987813267496,27988690641277
27988726260687,27988690641277
27988726260687,27989210717146
27988726260687,27989388648639
27988726260687,27989636404646
27988726260687,27990012415001
27990074033103,27990012415001
27990074033103,27990321025621
27990074033103,27990509038369
27990074033103,27990671294581
27990673583406,27990671294581
27990673583406,27990923064478
27990673583406,27991067341665
27990673583406,27991244033130
27990673583406,27991423317986
27991510102333,27991423317986
27991510102333,27991749835943
27991510102333,27991924274737
27991510102333,27992105318551
27991510102333,27992320597153
27991510102333,27992889846672
27992921557525,27992889846672
27992921557525,27993178791165
27992921557525,27993340328921
27992921557525,27993559306626
27992921557525,27993940431573
27993943391159,27993940431573
27993943391159,27994166797447
27993943391159,27994331253759
27993943391159,27994519450355
27993943391159,27994816920443
27994843921025,27994816920443
27994843921025,27995065505303
27994843921025,27995244046261
27995293184995,27995244046261
27995293184995,27995449392202
27995293184995,27995639383733
27995293184995,27995816455952
27995293184995,27995961370779
27995293184995,27996245270360
27996247813619,27996245270360
27996247813619,27996462799069
27996247813619,27996613081259
27996247813619,27996789086692
27996247813619,27997144580373
27996247813619,27997576147058
27997800901104,27997576147058
27997800901104,27997993401750
27997800901104,27998154589114
27997800901104,27998317616350
27997800901104,27998556068686
27998590718502,27998556068686
27998590718502,27998823519548
27998590718502,27998992889826
27998590718502,27999209265061
27998590718502,27999486575501
27999623924705,27999486575501
27999623924705,27999899160405
27999623924705,28000087054732
27999623924705,28000255448225
27999623924705,28000576538460
28000603523522,28000576538460
28000603523522,28000798568597
28000603523522,28000991595220
28000603523522,28001203365787
28000603523522,28001614833780
28001617647603,28001614833780
28001617647603,28001880920318
28001617647603,28002157062412
28001617647603,28002379848483
28001617647603,28002642328134
28002644641192,28002642328134
28002644641192,28002943256151
28002644641192,28003113827555
28002644641192,28003259334423
28002644641192,28003529499477
28003563429627,28003529499477
28003563429627,28003830379732
28003563429627,28004033069136
28003563429627,28004232806457
28003563429627,28004425752197
28004517217600,28004425752197
28004517217600,28004717314663
28004517217600,28004908259257
28004517217600,28005049353210
28004517217600,28005408552177
28004517217600,28005612024352
28005455891550,28005612024352
28005455891550,28005808097777
28005455891550,28006015324035
28005455891550,28006345124810
28005455891550,28006604157582
28006462353190,28006604157582
28006462353190,28006829105886
28006462353190,28007042023600
28006462353190,28007451683117
28007509263645,28007451683117
28007509263645,28007767836978
28007509263645,28007923731228
28007509263645,28008113893373
28008118818358,28008113893373
28008118818358,28008337502537
28008118818358,28008518476828
28008118818358,28008694768589
28008118818358,28008916265514
28008118818358,28009341472236
28009414521984,28009341472236
28009414521984,28009862746742
28009414521984,28010060537539
28009414521984,28010207651842
28009414521984,28010377542710
28009414521984,28010592449122
28010594663652,28010592449122
28010594663652,28010720791694
28010594663652,28010853740275
28010594663652,28011224601121
28011301249054,28011224601121
28011301249054,28011555527569
28011301249054,28011708464406
28011301249054,28011919358086
28011301249054,28012318613215
28012353661154,28012318613215
28012353661154,28012537463135
28012353661154,28012744210597
28012353661154,28012936507862
28012353661154,28013233794851
28013382604867,28013233794851
28013382604867,28013635615795
28013382604867,28013814195283
28013382604867,28013996262612
28013998842764,28013996262612
28013998842764,28014258830839
28013998842764,28014401591060
28013998842764,28014556486452
28013998842764,28014759181763
28013998842764,28015145820204
28015223107957,28015145820204
28015223107957,28015492411335
28015223107957,28015729932827
28015223107957,28015888257398
28015223107957,28016083025902
28016120159084,28016083025902
28016120159084,28016386301799
28016120159084,28016563568373
28016120159084,28016797616744
28016802686577,28016797616744
28016802686577,28017101782111
28016802686577,28017298233387
28016802686577,28017459589427
28016802686577,28017607635697
28016802686577,28017885526132
28017947952963,28017885526132
28017947952963,28018168944463
28017947952963,28018378954827
28017947952963,28018595617412
28017947952963,28018888185650
28018898300301,28018888185650
28018898300301,28019075410969
28018898300301,28019308238968
28018898300301,28019472601248
28018898300301,28019867330666
28019880469077,28019867330666
28019880469077,28020068065915
28019880469077,28020298743672
28019880469077,28020475732350
28019880469077,28020687239950
28020783964926,28020687239950
28020783964926,28021049354653
28020783964926,28021198319962
28020783964926,28021368312422
28021372274696,28021368312422
28021372274696,28021572632744
28021372274696,28021742660093
28021372274696,28021918344449
28021372274696,28022202975482
28021372274696,28022589746112
28022709880382,28022589746112
28022709880382,28022916013760
28022709880382,28023105515829
28022709880382,28023364651994
28023366956002,28023364651994
28023366956002,28023551811147
28023366956002,28023705099884
28023366956002,28023863073938
28023366956002,28024114364584
28023366956002,28024533592173
28024599974096,28024533592173
28024599974096,28024794549172
28024599974096,28024981713663
28024599974096,28025117442796
28025120780349,28025117442796
28025120780349,28025320525281
28025120780349,28025458304340
28025120780349,28025590836789
28025120780349,28025897627738
28025120780349,28026322331579
28026349119198,28026322331579
28026349119198,28026600516679
28026349119198,28026836496863
28026349119198,28027015327113
28026349119198,28027248283000
28027401110983,28027248283000
28027401110983,28027674781662
28027401110983,28027824545153
28027401110983,28027958259373
28027401110983,28028158763306
28028170387133,28028158763306
28028170387133,28028422197863
28028170387133,28028671904068
28028170387133,28028787609785
28028790044035,28028787609785
28028790044035,28028991341562
28028790044035,28029151582511
28028790044035,28029339344406
28028790044035,28029544636447
28028790044035,28029897494495
28029944223981,28029897494495
28029944223981,28030141389867
28029944223981,28030291922035
28029944223981,28030497342142
28029944223981,28030901285667
28030948561664,28030901285667
28030948561664,28031196019470
28030948561664,28031408483064
28030948561664,28031571427858
28030948561664,28031733601021
28031795613167,28031733601021
28031795613167,28032075112075
28031795613167,28032222578337
28031795613167,28032402741531
28032405102946,28032402741531
28032405102946,28032661305166
28032405102946,28032824640414
28032405102946,28032967638829
28032405102946,28033283523659
28033284943897,28033283523659
28033284943897,28033453375651
28033284943897,28033719282169
28033284943897,28033865192816
28033284943897,28034082686459
28033284943897,28034581325936
28034685798752,28034581325936
28034685798752,28034856435256
28034685798752,28035103518944
28034685798752,28035276063383
28034685798752,28035603402148
28035639377162,28035603402148
28035639377162,28035859792864
28035639377162,28036027545809
28035639377162,28036197434656
28035639377162,28036590813439
28036594020565,28036590813439
28036594020565,28036801161701
28036594020565,28037096594757
28036594020565,28037280479367
28036594020565,28037489725022
28037492325940,28037489725022
28037492325940,28037796105231
28037492325940,28038012509241
28037492325940,28038192052770
28037492325940,28038437265491
28038473417119,28038437265491
28038473417119,28038680331016
28038473417119,28038821093052
28038473417119,28039024208763
28038473417119,28039307184702
28039387915966,28039307184702
28039387915966,28039572617047
28039387915966,28039824917256
28039845784566,28039824917256
28039845784566,28040022462131
28039845784566,28040212700044
28039845784566,28040444422663
28039845784566,28040579291251
28039845784566,28040739277132
28039845784566,28041237232502
28041363504515,28041237232502
28041363504515,28041548563879
28041363504515,28041730464809
28041363504515,28041937205703
28041363504515,28042178146304
28042181448486,28042178146304
28042181448486,28042391463031
28042181448486,28042518080592
28042181448486,28042696273434
28042181448486,28043032597603
28043143360774,28043032597603
28043143360774,28043419082517
28043143360774,28043609171526
28043143360774,28043776377976
28043143360774,28044427623211
28044429893764,28044427623211
28044429893764,28044649971891
28044429893764,28044811619300
28044429893764,28045049154931
28044429893764,28045209162767
28045255674819,28045209162767
28045255674819,28045526179057
28045255674819,28045679093909
28045255674819,28045863523963
28045255674819,28046217522674
28046219923466,28046217522674
28046219923466,28046425415671
28046219923466,28046574319883
28046219923466,28046731388339
28046219923466,28047207916365
28047514210195,28047207916365
28047514210195,28047730295706
28047514210195,28047933138958
28047514210195,28048133117426
28048134889452,28048133117426
28048134889452,28048317408837
28048134889452,28048468764590
28048134889452,28048639159423
28048134889452,28048953754009
28048134889452,28049475641858
28049480364853,28049475641858
28049480364853,28049767448808
28049480364853,28049955295938
28049480364853,28050147544097
28049480364853,28050341398971
28050426285421,28050341398971
28050426285421,28050650930220
28050426285421,28050817061439
28050426285421,28050974766407
28050426285421,28051360167803
28051361807814,28051360167803
28051361807814,28051549625095
28051361807814,28051745179504
28051361807814,28051931632228
28051361807814,28052255584474
28052279304587,28052255584474
28052279304587,28052506494856
28052279304587,28052681606443
28052279304587,28052917285273
28052918720665,28052917285273
28052918720665,28053088360376
28052918720665,28053260970352
28052918720665,28053457855255
28052918720665,28053633895998
28052918720665,28054155938424
28054183566114,28054155938424
28054183566114,28054372429656
28054183566114,28054545694024
28054183566114,28054700563284
28054183566114,28055060047002
28055108250115,28055060047002
28055108250115,28055304603401
28055108250115,28055468805133
28055108250115,28055692309496
28055695504667,28055692309496
28055695504667,28055893302006
28055695504667,28056088297513
28055695504667,28056271693446
28055695504667,28056409705541
28055695504667,28056881573852
28056962288735,28056881573852
28056962288735,28057240944199
28056962288735,28057411309009
28056962288735,28057600504122
28056962288735,28057983239184
28058073221362,28057983239184
28058073221362,28058337051486
28058073221362,28058473245496
28058073221362,28058635716626
28058638098925,28058635716626
28058638098925,28058844931626
28058638098925,28059095019933
28058638098925,28059277593508
28058638098925,28059633275908
28058638098925,28060120474700
28060123387647,28060120474700
28060123387647,28060344378678
28060123387647,28060586163532
28060123387647,28060756372176
28060123387647,28060993401107
28061003141871,28060993401107
28061003141871,28061208909460
28061003141871,28061421302558
28061003141871,28061596694576
28061003141871,28061925332576
28061953848388,28061925332576
28061953848388,28062133103808
28061953848388,28062300661460
28061953848388,28062530758485
28062537988570,28062530758485
28062537988570,28062743812761
28062537988570,28062887494659
28062537988570,28063073136837
28062537988570,28063300474678
28062537988570,28063718435573
28063746652982,28063718435573
28063746652982,28063940249220
28063746652982,28064139478512
28063746652982,28064277880314
28064280614563,28064277880314
28064280614563,28064548400932
28064280614563,28064731467935
28064280614563,28064887206020
28064280614563,28065126683098
28064280614563,28065535095078
28065536485747,28065535095078
28065536485747,28065776166551
28065536485747,28065889106134
28065536485747,28066107382727
28065536485747,28066422429110
28066480400775,28066422429110
28066480400775,28066696454622
28066480400775,28066849983606
28066480400775,28066983721288
28066985458082,28066983721288
28066985458082,28067218027836
28066985458082,28067448949406
28066985458082,28067693865703
28066985458082,28067877315123
28066985458082,28068731216698
28068733772917,28068731216698
28068733772917,28069013371793
28068733772917,28069242722994
28068733772917,28069448029027
28068733772917,28069572209009
28069676387076,28069572209009
28069676387076,28069924374470
28069676387076,28070199331341
28069676387076,28070427316485
28069676387076,28070597447733
28070599123104,28070597447733
28070599123104,28070799181465
28070599123104,28070937850883
28070599123104,28071142192229
28071143996521,28071142192229
28071143996521,28071409303825
28071143996521,28071582295998
28071143996521,28071755984308
28071143996521,28072083277845
28071143996521,28072364525066
28072494573160,28072364525066
28072494573160,28072721238738
28072494573160,28072881462459
28072494573160,28073097617201
28072494573160,28073399620636
28073456992299,28073399620636
28073456992299,28073705556906
28073456992299,28073998615178
28073456992299,28074181296759
28073456992299,28074316095273
28074425122847,28074316095273
28074425122847,28074618580720
28074425122847,28074859827337
28074425122847,28075024269014
28075027555362,28075024269014
28075027555362,28075239934233
28075027555362,28075387566094
28075027555362,28075579570127
28075027555362,28075817700654
28075027555362,28076234527151
28076299460014,28076234527151
28076299460014,28076575096977
28076299460014,28076733375206
28076299460014,28076959721834
28076965454478,28076959721834
28076965454478,28077231410089
28076965454478,28077339662622
28076965454478,28077504547514
28076965454478,28077803510976
28076965454478,28078120680585
28078254925208,28078120680585
28078254925208,28078498098482
28078254925208,28078647764547
28078254925208,28078833924753
28078254925208,28079106448290
28079207238413,28079106448290
28079207238413,28079498242438
28079207238413,28079699955928
28079207238413,28079893141414
28079207238413,28080049086268
28079207238413,28080228339183
28080230937294,28080228339183
28080230937294,28080463707970
28080230937294,28080598376576
28080601210008,28080598376576
28080601210008,28080771013657
28080601210008,28080999041796
28080601210008,28081231350800
28080601210008,28081401948239
28080601210008,28081874146954
28081970199750,28081874146954
28081970199750,28082195276117
28081970199750,28082495173910
28081970199750,28082698970224
28081970199750,28082902793700
28082962562138,28082902793700
28082962562138,28083221671795
28082962562138,28083503514482
28082962562138,28083626470681
28082962562138,28084037068328
28084038997809,28084037068328
28084038997809,28084322659793
28084038997809,28084501113113
28084038997809,28084672241392
28084674815423,28084672241392
28084674815423,28084897392843
28084674815423,28085033505616
28084674815423,28085196726814
28084674815423,28085472664347
28085600536562,28085472664347
28085600536562,28085809818630
28085600536562,28086002365776
28085600536562,28086232828669
28085600536562,28086520015366
28085600536562,28086998119666
28085600536562,28087186607651
28087001749360,28087186607651
28087001749360,28087354191731
28087001749360,28087572521372
28087001749360,28087754800386
28087001749360,28087919688107
28087001749360,28088049095114
28087921307939,28088049095114
28087921307939,28088325807478
28088396281637,28088325807478
28088396281637,28088664565217
28088396281637,28088809913123
28088396281637,28089012879819
28088396281637,28089275965145
28089293994765,28089275965145
28089293994765,28089528456256
28089293994765,28089720161422
28089293994765,28089875435758
28089293994765,28090108536456
28089293994765,28090548253839
28090631803476,28090548253839
28090631803476,28090794148421
28090631803476,28091071326274
28090631803476,28091262414617
28090631803476,28091560148971
28091563126086,28091560148971
28091563126086,28091772209856
28091563126086,28092009448713
28091563126086,28092188942820
28091563126086,28092433128623
28092508335139,28092433128623
28092508335139,28092732737958
28092508335139,28092901158551
28092508335139,28093072310123
28093074271930,28093072310123
28093074271930,28093223753709
28093074271930,28093446322327
28093074271930,28093600472420
28093074271930,28093898680503
28093074271930,28094330102884
28094333169533,28094330102884
28094333169533,28094537095841
28094333169533,28094674927275
28094333169533,28094824536023
28094333169533,28095104373754
28095273845741,28095104373754
28095273845741,28095490861457
28095273845741,28095607855460
28095273845741,28095740532497
28095273845741,28096163413786
28096206503763,28096163413786
28096206503763,28096416492936
28096206503763,28096659074155
28096206503763,28096826859986
28096206503763,28097129266994
28097131481459,28097129266994
28097131481459,28097371341734
28097131481459,28097537682516
28097131481459,28097713412056
28097131481459,28097920376507
28097976931447,28097920376507
28097976931447,28098192254002
28097976931447,28098395895088
28097976931447,28098558292820
28097976931447,28098819546854
28098829645484,28098819546854
28098829645484,28098975780994
28098829645484,28099215866366
28098829645484,28099442371035
28098829645484,28099716375783
28099752176164,28099716375783
28099752176164,28100121208192
28099752176164,28100334123885
28099752176164,28100510396303
28099752176164,28100658136366
28100660383976,28100658136366
28100660383976,28100941549526
28100660383976,28101106334699
28100660383976,28101281402472
28100660383976,28101550261235
28101571941303,28101550261235
28101571941303,28101808079385
28101571941303,28101982546559
28101571941303,28102154288123
28101571941303,28102504102369
28102522805797,28102504102369
28102522805797,28102805728296
28102522805797,28102963113302
28102522805797,28103159298484
28102522805797,28103787714613
28103861699131,28103787714613
28103861699131,28104086301479
28103861699131,28104303285036
28103861699131,28104540588569
28104543130847,28104540588569
28104543130847,28104722981032
28104543130847,28104895460426
28104543130847,28105052251106
28104543130847,28105187289583
28104543130847,28105705114391
28105897427377,28105705114391
28105897427377,28106048427919
28105897427377,28106201157598
28105897427377,28106448048856
28106467863395,28106448048856
28106467863395,28106674038537
28106467863395,28106857487789
28106467863395,28107008720008
28106467863395,28107183253635
28106467863395,28107628147101
28107634869884,28107628147101
28107634869884,28107873666246
28107634869884,28108024378610
28107634869884,28108173316635
28107634869884,28108539826501
28108575144250,28108539826501
28108575144250,28108814805981
28108575144250,28108990515401
28109017163299,28108990515401
28109017163299,28109241332225
28109017163299,28109399742437
28109017163299,28109574382048
28109017163299,28109749335697
28109017163299,28109902048752
28109017163299,28110304700936
28110388971207,28110304700936
28110388971207,28110638076699
28110388971207,28110818740794
28110388971207,28111021327970
28111023198896,28111021327970
28111023198896,28111211268429
28111023198896,28111385271713
28111023198896,28111539448093
28111023198896,28111915485802
28111023198896,28112392974923
28112433865651,28112392974923
28112433865651,28112683925790
28112433865651,28112910451229
28112433865651,28113090103278
28113092153660,28113090103278
28113092153660,28113316203817
28113092153660,28113449890351
28113092153660,28113638460958
28113092153660,28113858002024
28113092153660,28114218805044
28114245408754,28114218805044
28114245408754,28114452893707
28114245408754,28114644365909
28114245408754,28114875822731
28114245408754,28115161746054
28115166649662,28115161746054
28115166649662,28115385955508
28115166649662,28115582802777
28115166649662,28115781109106
28115166649662,28116101364402
28116126939399,28116101364402
28116126939399,28116383410599
28116126939399,28116600422491
28116126939399,28116788468164
28116126939399,28117205953668
28117208674905,28117205953668
28117208674905,28117481549708
28117208674905,28117691817191
28117208674905,28117856311535
28117208674905,28118192286654
28118194641945,28118192286654
28118194641945,28118445316101
28118194641945,28118733814935
28118194641945,28118927310494
28118194641945,28119098434879
28119157631017,28119098434879
28119157631017,28119400522875
28119157631017,28119573569484
28119157631017,28119858337474
28119157631017,28120112614240
28120138253031,28120112614240
28120138253031,28120323185409
28120138253031,28120495159724
28120138253031,28120723343508
28120726388438,28120723343508
28120726388438,28120916091333
28120726388438,28121097547276
28120726388438,28121250258760
28120726388438,28121526152424
28120726388438,28121874161957
28121981821371,28121874161957
28121981821371,28122215389561
28121981821371,28122396111970
28121981821371,28122626395689
28121981821371,28122977073436
28123065618736,28122977073436
28123065618736,28123285515382
28123065618736,28123458269414
28123065618736,28123697786334
28123065618736,28123945305656
28124063212755,28123945305656
28124063212755,28124287633179
28124063212755,28124493274236
28124063212755,28124646842975
28124063212755,28124938651710
28125088969901,28124938651710
28125088969901,28125330400364
28125088969901,28125489345012
28125088969901,28125643774422
28125088969901,28126095159201
28126097244914,28126095159201
28126097244914,28126345515095
28126097244914,28126624424118
28126097244914,28126782446764
28126097244914,28127398845269
28127401440630,28127398845269
28127401440630,28127595188227
28127401440630,28127753859967
28127401440630,28128006051584
28127401440630,28128161510620
28128361995564,28128161510620
28128361995564,28128634236465
28128361995564,28128798105506
28128361995564,28128940669803
28128361995564,28129112431239
28129236857611,28129112431239
28129236857611,28129475177753
28129236857611,28129595547624
28129236857611,28129852030611
28129236857611,28130122274348
28130183790173,28130122274348
28130183790173,28130467144892
28130183790173,28130604379334
28130183790173,28130772085281
28130183790173,28131149944370
28131261099146,28131149944370
28131261099146,28131480221042
28131261099146,28131702350956
28131261099146,28131906916804
28131261099146,28132211777298
28132222661117,28132211777298
28132222661117,28132483191582
28132222661117,28132719995060
28132222661117,28132903692682
28132222661117,28133033690465
28133190474282,28133033690465
28133190474282,28133385684563
28133190474282,28133572289433
28133190474282,28133716722544
28133719263112,28133716722544
28133719263112,28133896560484
28133719263112,28134084013445
28133719263112,28134311456873
28133719263112,28134452812507
28134468998485,28134452812507
28134468998485,28134729263796
28134468998485,28134866410434
28134468998485,28135050384957
28134468998485,28135429254938
28134468998485,28135844142244
28135846678904,28135844142244
28135846678904,28136111147722
28135846678904,28136279844824
28135846678904,28136429749557
28135846678904,28136619323717
28136431651799,28136619323717
28136431651799,28136776058033
28136431651799,28136911866069
28136431651799,28137289541212
28136431651799,28137679721250
28137810368481,28137679721250
28137810368481,28138083481220
28137810368481,28138254631211
28137810368481,28138379216864
28137810368481,28138822440241
28138846296753,28138822440241
28138846296753,28139055412337
28138846296753,28139302615874
28138846296753,28139472207570
28138846296753,28139736174334
28139769518977,28139736174334
28139769518977,28140038338928
28139769518977,28140241494950
28139769518977,28140428472457
28140431011802,28140428472457
28140431011802,28140640370538
28140431011802,28140772866243
28140431011802,28140950533769
28140431011802,28141172339769
28141247870346,28141172339769
28141247870346,28141496288469
28141247870346,28141763060704
28141247870346,28141947886992
28141247870346,28142147917259
28141247870346,28142644398949
28142646441718,28142644398949
28142646441718,28142872359128
28142646441718,28143047373264
28142646441718,28143185961684
28142646441718,28143558528551
28143618324276,28143558528551
28143618324276,28143901880050
28143618324276,28144073629406
28143618324276,28144251890839
28143618324276,28144466345645
28144568616688,28144466345645
28144568616688,28144824941264
28144568616688,28144988867001
28144568616688,28145230397504
28144568616688,28145467526376
28145529238206,28145467526376
28145529238206,28145776883950
28145529238206,28145975203852
28145529238206,28146134452260
28145529238206,28146581469058
28146596378903,28146581469058
28146596378903,28146811943100
28146596378903,28146988540609
28146596378903,28147184426832
28146596378903,28147497224452
28147499449441,28147497224452
28147499449441,28147758028423
28147499449441,28147941293715
28147499449441,28148109016832
28147499449441,28148403067905
28148426219694,28148403067905
28148426219694,28148634842890
28148426219694,28148932203194
28148426219694,28149124974619
28148426219694,28149341609029
28149343824940,28149341609029
28149343824940,28149573804407
28149343824940,28149735051881
28149343824940,28149962046875
28149343824940,28150195684857
28150309210492,28150195684857
28150309210492,28150596362715
28150309210492,28150757179190
28150309210492,28150925396113
28150309210492,28151226126138
28151242433229,28151226126138
28151242433229,28151500193778
28151242433229,28151647162183
28151242433229,28151822311131
28151242433229,28152131265712
28152155298879,28152131265712
28152155298879,28152334155277
28152155298879,28152548384582
28152155298879,28152834306060
28152838943662,28152834306060
28152838943662,28153069819085
28152838943662,28153241973670
28152838943662,28153377693203
28152838943662,28153619205658
28152838943662,28154017082426
28154099051938,28154017082426
28154099051938,28154333039198
28154099051938,28154522074668
28154099051938,28154734299569
28154099051938,28154922881966
28154949022647,28154922881966
28154949022647,28155186222438
28154949022647,28155374699681
28154949022647,28155558430636
28154949022647,28155762047418
28155854850051,28155762047418
28155854850051,28156092735827
28155854850051,28156331418062
28155854850051,28156491422569
28155854850051,28156874397195
28155854850051,28157045698857
28156913692495,28157045698857
28156913692495,28157484302834
28156913692495,28157657547514
28156913692495,28157833637644
28156913692495,28158094334658
28157906188107,28158094334658
28157906188107,28158310298005
28157906188107,28158773557851
28157906188107,28159135184461
28159183048545,28159135184461
28159183048545,28159461398853
28159183048545,28159590364622
28159183048545,28159728042118
28159183048545,28160064845984
28160274956684,28160064845984
28160274956684,28160485171404
28160274956684,28160608456294
28160274956684,28160765740251
28160274956684,28161170759522
28161172504887,28161170759522
28161172504887,28161423919439
28161172504887,28161601421329
28161172504887,28161808144704
28161172504887,28162074166439
28162091293959,28162074166439
28162091293959,28162365841967
28162091293959,28162532410530
28162091293959,28162732671036
28162091293959,28163001768148
28163048166856,28163001768148
28163048166856,28163251245385
28163048166856,28163471951407
28163048166856,28163645158417
28163048166856,28163978160059
28163980612783,28163978160059
28163980612783,28164250115713
28163980612783,28164459739935
28163980612783,28164674060944
28163980612783,28164910067003
28164918846280,28164910067003
28164918846280,28165188184733
28164918846280,28165454121316
28164918846280,28165684267116
28164918846280,28165916292454
28165919195447,28165916292454
28165919195447,28166221766112
28165919195447,28166386112968
28165919195447,28166596291367
28165919195447,28166944840490
28166962780625,28166944840490
28166962780625,28167220805311
28166962780625,28167420795936
28166962780625,28167606149747
28167608805645,28167606149747
28167608805645,28167774190825
28167608805645,28167920051528
28167608805645,28168055669831
28167608805645,28168342762475
28168355795253,28168342762475
28168355795253,28168524873805
28168355795253,28168651206353
28168355795253,28168734643282
28168355795253,28169594951642
28168355795253,28169929222838
28170067330485,28169929222838
28170067330485,28170308606443
28170067330485,28170524999500
28170067330485,28170691206392
28170693818550,28170691206392
28170693818550,28170894351627
28170693818550,28171078931283
28170693818550,28171263603911
28170693818550,28171462300132
28170693818550,28172006666316
28172008553650,28172006666316
28172008553650,28172202894761
28172008553650,28172354227461
28172008553650,28172578963548
28172008553650,28172777203079
28172894110347,28172777203079
28172894110347,28173116443212
28172894110347,28173277887829
28172894110347,28173495405023
28172894110347,28173789381602
28173821866466,28173789381602
28173821866466,28174056349513
28173821866466,28174220799033
28173821866466,28174402880022
28173821866466,28174684146058
28174854775926,28174684146058
28174854775926,28175167606804
28174854775926,28175328522538
28174854775926,28175517795500
28174854775926,28175720350017
28175737913848,28175720350017
28175737913848,28176011269376
28175737913848,28176204537279
28175737913848,28176365791711
28176375866013,28176365791711
28176375866013,28176613887430
28176375866013,28176759388900
28176375866013,28176978521250
28176375866013,28177107935447
28176375866013,28177500373427
28177523737787,28177500373427
28177523737787,28177771865648
28177523737787,28177941277760
28177523737787,28178076350352
28177523737787,28178420413039
28178461735417,28178420413039
28178461735417,28178677187294
28178461735417,28178848590736
28178461735417,28179043399172
28178461735417,28179459200052
28179461872134,28179459200052
28179461872134,28179642015143
28179461872134,28179869898216
28179461872134,28180052716953
28179461872134,28180542994747
28180544752336,28180542994747
28180544752336,28180768540126
28180544752336,28180929577140
28180544752336,28181086079331
28180544752336,28181367689112
28181443902866,28181367689112
28181443902866,28181715377851
28181443902866,28181863769501
28181443902866,28182039226276
28181443902866,28182353231612
28182365409147,28182353231612
28182365409147,28182547963967
28182365409147,28182788305960
28182365409147,28182961089046
28182365409147,28183259504410
28183349430133,28183259504410
28183349430133,28183611432704
28183349430133,28183828270434
28183349430133,28183993090734
28183349430133,28184272799720
28184285147773,28184272799720
28184285147773,28184467259104
28184285147773,28184686513436
28184285147773,28184918547616
28184921588014,28184918547616
28184921588014,28185177650107
28184921588014,28185367873030
28184921588014,28185561202010
28184921588014,28185709048740
28185790681840,28185709048740
28185790681840,28185994838556
28185790681840,28186152772804
28185790681840,28186311639748
28185790681840,28186634488677
28185790681840,28186961322235
28187005048216,28186961322235
28187005048216,28187209463973
28187005048216,28187405592419
28187005048216,28187588173641
28187005048216,28187910264278
28187961294282,28187910264278
28187961294282,28188182426793
28187961294282,28188395806635
28187961294282,28188585772791
28187961294282,28188791012102
28188863129550,28188791012102
28188863129550,28189051138027
28188863129550,28189198324927
28188863129550,28189431083017
28188863129550,28189705247103
28189774127006,28189705247103
28189774127006,28189997220644
28189774127006,28190181681627
28189774127006,28190387668135
28189774127006,28190712725124
28190714764643,28190712725124
28190714764643,28190905040403
28190714764643,28191101443126
28190714764643,28191252709044
28190714764643,28191612540366
28191614409505,28191612540366
28191614409505,28191781981416
28191614409505,28191990771134
28191614409505,28192144446560
28192148898194,28192144446560
28192148898194,28192389397909
28192148898194,28192550333844
28192148898194,28192981082107
28192148898194,28193294224391
28192148898194,28193433980230
28193436516378,28193433980230
28193436516378,28193644810474
28193436516378,28193829247185
28193436516378,28194041312602
28193436516378,28194333032685
28193436516378,28194526580229
