15284140664282,15284343796112
15284344883114,15284343796112
15284344883114,15284439256715
15284459564082,15284439256715
15284459564082,15284554887206
15284459564082,15284639805054
15284459564082,15284726128429
15284727224144,15284726128429
15284727224144,15284803878312
15284832311279,15284803878312
15284832311279,15284944327922
15284832311279,15285015097650
15285096210026,15285015097650
15285096210026,15285095220768
15285096210026,15285241100123
15285096210026,15285343109232
15285345037912,15285343109232
15285345037912,15285448078824
15285345037912,15285552687087
15285554260983,15285552687087
15285554260983,15285649483412
15285554260983,15285749909117
15285751438755,15285749909117
15285751438755,15285848714071
15285863717182,15285848714071
15285863717182,15285950868092
15285863717182,15286032196151
15285863717182,15286105055319
15286106455549,15286105055319
15286106455549,15286190699933
15286222154655,15286190699933
15286222154655,15286354321937
15286222154655,15286442037384
15286442979086,15286442037384
15286442979086,15286535634461
15286442979086,15286612306556
15286687342190,15286612306556
15286687342190,15286685712092
15286687342190,15286766129604
15286687342190,15286852544505
15286853699664,15286852544505
15286853699664,15286955446680
15286853699664,15287044898412
15287046730639,15287044898412
15287046730639,15287146462616
15287153583332,15287146462616
15287153583332,15287244901857
15287153583332,15287329557185
15287404079018,15287329557185
15287404079018,15287403135653
15287404079018,15287543158592
15287404079018,15287616850436
15287617862601,15287616850436
15287617862601,15287695527427
15287731733060,15287695527427
15287731733060,15287843433847
15287731733060,15287922213322
15288004609074,15287922213322
15288004609074,15288003074590
15288004609074,15288144336789
15288004609074,15288220065944
15288221471635,15288220065944
15288221471635,15288304081725
15288221471635,15288465657077
15288335840990,15288465657077
15288335840990,15288554177346
15288555661878,15288554177346
15288555661878,15288636363713
15288712359563,15288636363713
15288712359563,15288710844959
15288712359563,15288794894099
15288712359563,15288879487516
15288880574812,15288879487516
15288880574812,15288962717526
15288880574812,15289048022213
15289049080397,15289048022213
15289049080397,15289135367972
15289049080397,15289210505222
15289049080397,15289304677009
15289211459080,15289304677009
15289211459080,15289391234741
15289392149020,15289391234741
15289392149020,15289481051476
15289392149020,15289563537222
15289564549886,15289563537222
15289564549886,15289641836903
15289564549886,15289723242643
15289564549886,15289801928994
15289724217126,15289801928994
15289724217126,15289875511796
15289724217126,15289950273986
15289951149381,15289950273986
15289951149381,15290040457367
15290077489120,15290040457367
15290077489120,15290168792807
15290077489120,15290247168015
15290322959362,15290247168015
15290322959362,15290321709081
15290322959362,15290403000183
15290322959362,15290481888852
15290482954550,15290481888852
15290482954550,15290560597645
15290589143411,15290560597645
15290589143411,15290663761616
15290589143411,15290739879897
15290740761341,15290739879897
15290740761341,15290813242288
15290740761341,15290888193767
15290889307637,15290888193767
15290889307637,15290972100976
15290889307637,15291053894739
15290889307637,15291139487856
15291140201940,15291139487856
15291140201940,15291219366110
15291243928964,15291219366110
15291243928964,15291365633811
15291243928964,15291440107369
15291441407787,15291440107369
15291441407787,15291520013015
15291441407787,15291619893999
15291620937151,15291619893999
15291620937151,15291703532137
15291620937151,15291780813974
15291782415685,15291780813974
15291782415685,15291875208018
15291782415685,15291953338962
15291782415685,15292032630153
15291782415685,15292113930881
15292033850934,15292113930881
15292033850934,15292274293959
15292140711965,15292274293959
15292140711965,15292348707174
15292140711965,15292426916506
15292427649313,15292426916506
15292427649313,15292518027448
15292427649313,15292668541808
15292537691191,15292668541808
15292537691191,15292744089754
15292745319198,15292744089754
15292745319198,15292822176651
15292745319198,15292903075700
15292904123606,15292903075700
15292904123606,15292980138635
15292904123606,15293067702270
15292904123606,15293162140012
15293163253589,15293162140012
15293163253589,15293243784489
15293278231363,15293243784489
15293278231363,15293371336637
15293278231363,15293442664283
15293521631187,15293442664283
15293521631187,15293520752315
15293521631187,15293670802011
15293521631187,15293754972967
15293756560634,15293754972967
15293756560634,15293868657550
15293869915094,15293868657550
15293869915094,15293972435668
15293869915094,15294050671909
15293869915094,15294128764802
15294129680702,15294128764802
15294129680702,15294267341011
15294268790057,15294267341011
15294268790057,15294376035825
15294268790057,15294459364947
15294268790057,15294538311697
15294539444947,15294538311697
15294539444947,15294626704437
15294651718195,15294626704437
15294651718195,15294776836120
15294651718195,15294853740423
15294651718195,15294932693869
15294933572142,15294932693869
15294933572142,15295067134142
15295068215211,15295067134142
15295068215211,15295181408872
15295182393269,15295181408872
15295182393269,15295254419454
15295182393269,15295329328078
15295182393269,15295408236815
15295182393269,15295485187070
15295486170845,15295485187070
15295486170845,15295565566432
15295486170845,15295670215648
15295671705695,15295670215648
15295671705695,15295773501595
15295671705695,15295865022024
15295866377836,15295865022024
15295866377836,15295978520770
15295980053566,15295978520770
15295980053566,15296078930171
15295980053566,15296155332975
15295980053566,15296239516131
15296241700674,15296239516131
15296241700674,15296373150705
15296373989986,15296373150705
15296373989986,15296471130255
15296373989986,15296553480213
15296373989986,15296826748234
15296555030544,15296826748234
15296555030544,15296919607176
15296920761211,15296919607176
15296920761211,15297006540278
15296920761211,15297095536063
15296920761211,15297185286714
15297186278034,15297185286714
15297186278034,15297266729089
15297292091367,15297266729089
15297292091367,15297367569492
15297292091367,15297443708706
15297292091367,15297525703063
15297526427429,15297525703063
15297526427429,15297612581994
15297526427429,15297774506824
15297648019167,15297774506824
15297648019167,15297853159885
15297854176582,15297853159885
15297854176582,15297957122482
15297854176582,15298039239427
15298040148597,15298039239427
15298040148597,15298115934145
15298040148597,15298198843679
15298199796393,15298198843679
15298199796393,15298283519283
15298199796393,15298365679425
15298366578133,15298365679425
15298366578133,15298446188900
15298523338468,15298446188900
15298523338468,15298522364100
15298523338468,15298601580206
15298523338468,15298687641761
15298523338468,15298760797918
15298761952364,15298760797918
15298761952364,15298843013117
15298873707557,15298843013117
15298873707557,15298993156964
15298873707557,15299072107848
15298873707557,15299148961272
15299149782484,15299148961272
15299149782484,15299236249859
15299271713484,15299236249859
15299271713484,15299389522692
15299271713484,15299467943215
15299271713484,15299546180157
15299547288973,15299546180157
15299547288973,15299688811979
15299690060633,15299688811979
15299690060633,15299783801877
15299690060633,15299869096771
15299690060633,15299947700040
15299690060633,15300089221470
15299948698743,15300089221470
15299948698743,15300184249770
15300090224982,15300184249770
15300090224982,15300270971671
15300090224982,15300354621914
15300355613843,15300354621914
15300355613843,15300436532048
15300472634239,15300436532048
15300472634239,15300590589745
15300472634239,15300667925474
15300744383578,15300667925474
15300744383578,15300743604934
15300744383578,15300827564971
15300912634020,15300827564971
15300912634020,15300911562547
15300912634020,15301090872883
15300912634020,15301171109443
15301172769845,15301171109443
15301172769845,15301295865923
15301297068293,15301295865923
15301297068293,15301388483960
15301297068293,15301463558971
15301536763409,15301463558971
15301536763409,15301536047350
15301536763409,15301618239937
15301536763409,15301694835191
15301696106826,15301694835191
15301696106826,15301788206321
15301696106826,15301887221800
15301696106826,15301996108753
15301889230764,15301996108753
15301889230764,15302093587316
15302011218603,15302093587316
15302011218603,15302166854395
15302011218603,15302251205661
15302252134524,15302251205661
15302252134524,15302331339679
15302362771111,15302331339679
15302362771111,15302502245651
15302503242728,15302502245651
15302503242728,15302578490200
15302503242728,15302653277521
15302503242728,15302735996956
15302814950865,15302735996956
15302814950865,15302814054496
15302814950865,15302898747835
15302814950865,15302989779253
15302990597239,15302989779253
15302990597239,15303089506771
15303104263032,15303089506771
15303104263032,15303192587585
15303104263032,15303275711994
15303104263032,15303352334124
15303353466797,15303352334124
15303353466797,15303435440709
15303464769073,15303435440709
15303464769073,15303592130421
15303464769073,15303670187071
15303464769073,15303748981007
15303749869264,15303748981007
15303850193101,15303748981007
15303850193101,15303828160546
15303850193101,15303992150628
15303850193101,15304099478428
15303850193101,15304177186963
15304178821222,15304177186963
15304178821222,15304267072340
15304178821222,15304702747813
15304295844775,15304702747813
15304295844775,15304788163726
15304295844775,15304870277816
15304295844775,15304994013383
15304871569511,15304994013383
15304871569511,15305092293978
15304995207709,15305092293978
15304995207709,15305392309660
15304995207709,15305478699640
15304995207709,15305594424651
15305480212488,15305594424651
15305480212488,15305696695229
15305595302781,15305696695229
15305595302781,15305775204356
15305595302781,15305857064758
15305776171531,15305857064758
15305776171531,15305938246230
15305939254817,15305938246230
15305939254817,15306023880354
15305939254817,15306120565183
15305939254817,15306196510779
15305939254817,15306285419437
15306198123902,15306285419437
15306198123902,15306385972071
15306311884305,15306385972071
15306311884305,15306465544990
15306311884305,15306556214031
15306311884305,15306693956460
15306557407904,15306693956460
15306557407904,15306800627363
15306694938594,15306800627363
15306694938594,15306873977992
15306694938594,15306952519451
15306874923660,15306952519451
15306874923660,15307034718331
15306874923660,15307117178348
15307119605173,15307117178348
15307119605173,15307201408444
15307119605173,15307288581885
15307289623320,15307288581885
15307289623320,15307390804749
15307289623320,15307490615579
15307403231674,15307490615579
15307403231674,15307566637716
15307568472361,15307566637716
15307568472361,15307645864928
15307568472361,15307723096782
15307568472361,15307804181865
15307805052921,15307804181865
15307805052921,15307896674328
15307913967454,15307896674328
15307913967454,15307995435443
15307913967454,15308079318365
15307913967454,15308159011570
15308160201584,15308159011570
15308160201584,15308238588227
15308274548385,15308238588227
15308274548385,15308392036406
15308393156908,15308392036406
15308393156908,15308474636245
15308393156908,15308549540681
15308393156908,15308628522702
15308393156908,15308710306053
15308711291486,15308710306053
15308711291486,15308790600041
15308711291486,15308888552320
15308889413803,15308888552320
15308889413803,15308994316599
15308999290535,15308994316599
15308999290535,15309094093982
15308999290535,15309185398519
15308999290535,15309267326490
15309268535676,15309267326490
15309268535676,15309348339735
15309268535676,15309506097275
15309391605900,15309506097275
15309391605900,15309584741715
15309391605900,15309667581197
15309391605900,15309747526940
15309669193035,15309747526940
15309669193035,15309910295402
15309770765147,15309910295402
15309770765147,15309993243415
15309911271425,15309993243415
15309911271425,15310069271282
15309911271425,15310147037667
15309911271425,15310222132649
15310223075165,15310222132649
15310223075165,15310303524724
15310223075165,15310403544291
15310404909678,15310403544291
15310404909678,15310507084026
15310514082736,15310507084026
15310514082736,15310605251403
15310514082736,15310692594434
15310514082736,15310772152538
15310773201580,15310772152538
15310773201580,15310852211195
15310884821435,15310852211195
15310884821435,15310999822895
15310884821435,15311083863376
15310884821435,15311167818820
15311168697533,15311167818820
15311168697533,15311248248186
15311168697533,15311408109305
15311279964072,15311408109305
15311279964072,15311486273972
15311561518544,15311486273972
15311561518544,15311560504286
15311561518544,15311701757273
15311561518544,15311784598538
15311785489831,15311784598538
15311785489831,15311866787431
15311893634276,15311866787431
15311893634276,15312007369109
15311893634276,15312086426499
15311893634276,15312164490922
15312165581468,15312164490922
15312165581468,15312265321620
15312299182734,15312265321620
15312299182734,15312413233620
15312299182734,15312490179142
15312491137069,15312490179142
15312491137069,15312568662311
15312491137069,15312660324799
15312661211336,15312660324799
15312661211336,15312737280112
15312661211336,15312818757021
15312820096940,15312818757021
15312820096940,15312901403682
15312820096940,15312984161444
15312820096940,15313066459923
15313067770384,15313066459923
15313067770384,15313147237223
15313183789933,15313147237223
15313183789933,15313305053382
15313183789933,15313394035480
15313395656972,15313394035480
15313395656972,15313472453121
15313558489771,15313472453121
15313558489771,15313556510608
15313558489771,15313638046829
15313558489771,15313739435295
15313558489771,15313824795728
15313826081710,15313824795728
15313826081710,15313905246232
15313826081710,15314006897656
15314008124961,15314006897656
15314008124961,15314107885646
15314121619268,15314107885646
15314121619268,15314201805580
15314121619268,15314279289207
15314121619268,15314361253547
15314121619268,15314440280882
15314362128976,15314440280882
15314362128976,15314513364031
15314514265693,15314513364031
15314514265693,15314609331256
15314624422100,15314609331256
15314624422100,15314721708165
15314624422100,15314793275275
15314624422100,15314874350933
15314876181566,15314874350933
15314876181566,15315007464071
15314876181566,15315107835539
15315008674691,15315107835539
15315008674691,15315186137649
15315008674691,15315265678116
15315008674691,15315350094794
15315267414562,15315350094794
15315267414562,15315509223133
15315386086780,15315509223133
15315386086780,15315593614234
15315510221057,15315593614234
15315510221057,15315672601564
15315510221057,15315754660430
15315510221057,15315829942291
15315830790823,15315829942291
15315830790823,15315920322094
15315830790823,15316004416542
15316006922848,15316004416542
15316006922848,15316102443701
15316006922848,15316208089441
15316120089673,15316208089441
15316120089673,15316288405989
15316120089673,15316374621906
15316375612178,15316374621906
15316375612178,15316508068131
15316375612178,15316611373961
15316509233594,15316611373961
15316509233594,15316695650023
15316509233594,15316773546953
15316775510691,15316773546953
15316775510691,15316907885238
15316909423285,15316907885238
15316909423285,15317003463109
15316909423285,15317084583801
15316909423285,15317168478239
15317169789678,15317168478239
15317169789678,15317309735012
15317310969373,15317309735012
15317310969373,15317419940916
15317310969373,15317498668980
15317310969373,15317579324239
15317310969373,15317662284059
15317580058613,15317662284059
15317691794884,15317662284059
15317691794884,15317811926655
15317691794884,15317888751984
15317964577915,15317888751984
15317964577915,15317963828518
15317964577915,15318054819641
15317964577915,15318135453557
15318136970940,15318135453557
15318136970940,15318305929824
15318136970940,15318384147541
15318384837988,15318384147541
15318384837988,15318464102685
15318492420996,15318464102685
15318492420996,15318613889826
15318615508476,15318613889826
15318615508476,15318691743914
15318615508476,15318767812950
15318615508476,15318849604808
15318615508476,15318925993422
15318926961306,15318925993422
15318926961306,15319014420661
15318926961306,15319123243033
15319124878728,15319123243033
15319124878728,15319212661319
15319124878728,15319318149062
15319319099145,15319318149062
15319319099145,15319419656369
15319319099145,15319509196215
15319510209789,15319509196215
15319510209789,15319615132222
15319616437961,15319615132222
15319616437961,15319714498678
15319616437961,15319805523946
15319616437961,15319883406737
15319884580755,15319883406737
15319884580755,15320011417767
15320012349089,15320011417767
15320012349089,15320118196742
15320012349089,15320193972793
15320012349089,15320281675814
15320282904131,15320281675814
15320282904131,15320418888931
15320419706267,15320418888931
15320419706267,15320515120662
15320419706267,15320595711808
15320419706267,15320685905096
15320686989965,15320685905096
15320686989965,15320768751615
15320792488702,15320768751615
15320792488702,15320921205282
15320922988691,15320921205282
15320922988691,15320998135847
15320922988691,15321076607608
15320922988691,15321155522043
15320922988691,15321233791258
15321234676033,15321233791258
15321234676033,15321315346540
15321234676033,15321411906161
15321412936191,15321411906161
15321412936191,15321519957209
15321523459852,15321519957209
15321523459852,15321622106160
15321523459852,15321691318653
15321767634708,15321691318653
15321767634708,15321766584507
15321767634708,15321844762254
15321767634708,15321922859702
15321767634708,15322014403695
15321924182354,15322014403695
15321924182354,15322120089890
15322028327663,15322120089890
15322028327663,15322199164053
15322028327663,15322283725318
15322028327663,15322418439693
15322284683565,15322418439693
15322284683565,15322519256315
15322419370933,15322519256315
15322419370933,15322594376781
15322419370933,15322675212890
15322419370933,15322761933791
15322676058609,15322761933791
15322676058609,15322917423768
15322785238067,15322917423768
15322785238067,15322997534034
15322785238067,15323074903765
15322785238067,15323159285339
15323075840047,15323159285339
15323075840047,15323319633354
15323186611714,15323319633354
15323186611714,15323403363293
15323320500381,15323403363293
15323320500381,15323481122982
15323320500381,15323559818766
15323320500381,15323640950052
15323642418361,15323640950052
15323642418361,15323812583888
15323642418361,15323902722188
15323813779625,15323902722188
15323813779625,15323985976397
15323813779625,15324067567774
15324068672626,15324067567774
15324068672626,15324220842994
15324068672626,15324297731683
15324221922804,15324297731683
15324221922804,15324376257680
15324460364675,15324376257680
15324460364675,15324459660316
15324460364675,15324541973889
15324460364675,15324620046425
15324621394869,15324620046425
15324621394869,15324731239737
15324735162597,15324731239737
15324735162597,15324814806736
15324735162597,15324889756895
15324735162597,15324972792466
15324890792456,15324972792466
15324890792456,15325051760416
15324890792456,15325126526587
15325127383482,15325126526587
15325127383482,15325226926557
15325232273124,15325226926557
15325232273124,15325327274387
15325232273124,15325401714511
15325402601503,15325401714511
15325402601503,15325491654989
15325402601503,15325572590279
15325402601503,15325653701845
15325654935644,15325653701845
15325654935644,15325732547427
15325654935644,15325845222652
15325846414248,15325845222652
15325846414248,15325926176017
15325846414248,15326012052575
15325846414248,15326115783835
15326013447730,15326115783835
15326013447730,15326226038644
15326117476559,15326226038644
15326117476559,15326308378063
15326117476559,15326387367271
15326388236262,15326387367271
15326388236262,15326530249787
15326531706062,15326530249787
15326531706062,15326630097740
15326531706062,15326707858222
15326531706062,15326785493086
15326786481413,15326785493086
15326786481413,15326928067958
15326928990189,15326928067958
15326928990189,15327019078154
15326928990189,15327096601270
15326928990189,15327183322458
15327184566286,15327183322458
15327184566286,15327265557359
15327302195309,15327265557359
15327302195309,15327423673200
15327302195309,15327498944631
15327302195309,15327574670769
15327576820861,15327574670769
15327576820861,15327660238006
15327576820861,15327740729146
15327576820861,15327824854706
15327741725390,15327824854706
15327741725390,15327921896312
15327741725390,15328033383309
15327923312628,15328033383309
15327923312628,15328126783014
15328034622072,15328126783014
15328034622072,15328205063330
15328034622072,15328280080474
15328034622072,15328369426994
15328280963027,15328369426994
15328390174275,15328369426994
15328390174275,15328541776743
15328390174275,15328611267472
15328688866660,15328611267472
15328688866660,15328687897427
15328688866660,15328830040853
15328688866660,15328908154366
15328909043477,15328908154366
15328909043477,15328987589025
15329015940609,15328987589025
15329015940609,15329131821804
15329015940609,15329207180410
15329015940609,15329286662930
15329288058708,15329286662930
15329288058708,15329366648847
15329420397197,15329366648847
15329420397197,15329529699641
15329420397197,15329603333103
15329604261662,15329603333103
15329604261662,15329681637966
15329604261662,15329768659607
15329604261662,15329853396865
15329854503998,15329853396865
15329854503998,15329940446329
15329854503998,15330035377703
15330036693428,15330035377703
15330036693428,15330137834940
15330138760253,15330137834940
15330138760253,15330241367937
15330138760253,15330322207354
15330323512100,15330322207354
15330323512100,15330404417242
15330487556786,15330404417242
15330487556786,15330485616564
15330487556786,15330575539731
15330487556786,15330653440077
15330654387292,15330653440077
15330654387292,15330734191509
15330654387292,15330813424294
15330654387292,15330891270782
15330892382746,15330891270782
15330892382746,15330974478720
15331028642991,15330974478720
15331028642991,15331131884496
15331028642991,15331207934949
15331209427466,15331207934949
15331209427466,15331288451513
15331372908419,15331288451513
15331372908419,15331371574107
15331372908419,15331455447411
15331372908419,15331533538918
15331372908419,15331613858318
15331614743156,15331613858318
15331614743156,15331739944668
15331740898688,15331739944668
15331740898688,15331829841690
15331740898688,15331912219069
15331993808234,15331912219069
15331993808234,15331992867853
15331993808234,15332072453076
15331993808234,15332155896818
15332157068113,15332155896818
15332157068113,15332259194398
15332157068113,15332351040565
15332353175203,15332351040565
15332353175203,15332438387183
15332456978413,15332438387183
15332456978413,15332539067845
15332456978413,15332619357160
15332620253829,15332619357160
15332620253829,15332697066913
15332620253829,15332776642871
15332620253829,15332845833836
15332846732863,15332845833836
15332846732863,15332937799839
15332950326654,15332937799839
15332950326654,15333042046163
15332950326654,15333117472196
15333118996668,15333117472196
15333118996668,15333194102894
15333118996668,15333272282826
15333118996668,15333350930965
15333351617045,15333350930965
15333351617045,15333449493707
15333453642465,15333449493707
15333453642465,15333534981109
15333453642465,15333613740278
15333614567104,15333613740278
15333614567104,15333690789085
15333764864692,15333690789085
15333764864692,15333763984162
15333764864692,15333840104436
15333764864692,15333928904217
15333764864692,15334002148410
15334003112706,15334002148410
15334003112706,15334140073226
15334140921383,15334140073226
15334140921383,15334239241491
15334140921383,15334314846811
15334315708830,15334314846811
15334315708830,15334404143747
15334495762939,15334404143747
15334495762939,15334494403449
15334495762939,15334572647387
15334495762939,15334654932283
15334655842816,15334654932283
15334655842816,15334750215232
15334655842816,15334834675144
15334655842816,15334907829551
15334908490091,15334907829551
15334908490091,15334995457249
15335017544760,15334995457249
15335017544760,15335139506268
15335017544760,15335223742012
15335225447264,15335223742012
15335225447264,15335305557908
15335225447264,15335385072949
15335385955393,15335385072949
15335385955393,15335459883676
15335385955393,15335537310934
15335385955393,15335618315540
15335619974445,15335618315540
15335619974445,15335735571313
15335736562595,15335735571313
15335736562595,15335847411178
15335736562595,15335929103119
15335736562595,15336017501517
15335736562595,15336088221059
15336019207117,15336088221059
15336019207117,15336236227128
15336136420480,15336236227128
15336136420480,15336313272639
15336136420480,15336396842830
15336314140026,15336396842830
15336314140026,15336474813611
15336314140026,15336552890659
15336475832703,15336552890659
15336475832703,15336641933383
15336475832703,15336719763417
15336475832703,15336797821711
15336720757018,15336797821711
15336720757018,15336944000162
15336831976103,15336944000162
15336831976103,15337021466957
15337023877805,15337021466957
15337023877805,15337106917766
15337023877805,15337191308036
15337192507092,15337191308036
15337192507092,15337281428137
15337192507092,15337355752209
15337192507092,15337439982928
15337441261853,15337439982928
15337441261853,15337544132913
15337441261853,15337641832820
15337553210356,15337641832820
15337553210356,15337715550492
15337716459148,15337715550492
15337716459148,15337798466779
15337716459148,15337878669436
15337879661199,15337878669436
15337879661199,15337960283494
15337879661199,15338042623059
15338043769414,15338042623059
15338043769414,15338123389656
15338043769414,15338201906136
15338203211320,15338201906136
15338203211320,15338299797363
15338203211320,15338411382598
15338494180668,15338411382598
15338494180668,15338493328980
15338494180668,15338568813817
15338494180668,15338652402734
15338494180668,15338743607888
15338653834242,15338743607888
15338653834242,15338845085070
15338756218741,15338845085070
15338756218741,15338919681150
15338756218741,15339000501729
15338756218741,15339097387554
15339001225069,15339097387554
15339001225069,15339251383427
15339124912745,15339251383427
15339124912745,15339327270741
15339124912745,15339401680247
15339402582221,15339401680247
15339402582221,15339481255847
15339402582221,15339830917095
15339519156148,15339830917095
15339519156148,15339903164021
15339519156148,15339982208617
15339983257666,15339982208617
15339983257666,15340127117472
15340127981064,15340127117472
15340127981064,15340220060489
15340127981064,15340296818042
15340297682444,15340296818042
15340297682444,15340373550360
15340452213394,15340373550360
15340452213394,15340451246199
15340452213394,15340530426073
15340452213394,15340611129030
15340612310926,15340611129030
15340612310926,15340693697125
15340612310926,15340773431402
15340856711205,15340773431402
15340856711205,15340855733364
15340856711205,15341040634969
15340856711205,15341115897442
15341117579520,15341115897442
15341117579520,15341198112272
15341230669369,15341198112272
15341230669369,15341326927319
15341230669369,15341406161338
15341230669369,15341478341577
15341480100667,15341478341577
15341480100667,15341626090981
15341627551501,15341626090981
15341627551501,15341726579020
15341627551501,15341809283733
15341627551501,15341890487282
15341892072978,15341890487282
15341892072978,15341977402096
15342008504922,15341977402096
15342008504922,15342118976238
15342008504922,15342196683188
15342265325411,15342196683188
15342265325411,15342264086880
15342265325411,15342342402709
15342265325411,15342421986741
15342423047333,15342421986741
15342423047333,15342524246470
15342535778138,15342524246470
15342535778138,15342634455783
15342535778138,15342714960954
15342535778138,15342791203583
15342793417904,15342791203583
15342793417904,15342916495685
15342917571622,15342916495685
15342917571622,15343027703426
15342917571622,15343114961992
15343028658395,15343114961992
15343028658395,15343188437734
15343028658395,15343275440581
15343028658395,15343353190347
15343354827786,15343353190347
15343354827786,15343440676854
15343354827786,15343517756517
15343518936853,15343517756517
15343518936853,15343633228307
15343634288487,15343633228307
15343634288487,15343723257242
15343634288487,15343806992476
15343634288487,15343878900992
15343879878473,15343878900992
15343879878473,15343956411335
15343993328076,15343956411335
15343993328076,15344116762255
15343993328076,15344191870482
15344192550732,15344191870482
15344192550732,15344280543926
15344192550732,15344354803500
15344192550732,15344433053254
15344433785476,15344433053254
15344433785476,15344525505090
15344536135481,15344525505090
15344536135481,15344631087499
15344536135481,15344714447509
15344715552188,15344714447509
15344715552188,15344806036137
15344715552188,15344885248528
15344715552188,15344983907597
15344984773589,15344983907597
15344984773589,15345065864646
15345088117044,15345065864646
15345088117044,15345222601494
15345088117044,15345301485467
15345302460547,15345301485467
15345302460547,15345381077535
15345302460547,15345456801017
15345458123434,15345456801017
15345458123434,15345545052327
15345458123434,15345625684783
15345458123434,15345695021404
15345695932751,15345695021404
15345695932751,15345775881607
15345803642006,15345775881607
15345803642006,15345915694112
15345803642006,15345996772423
15345803642006,15346084251336
15345997880684,15346084251336
15345997880684,15346162268531
15345997880684,15346237519676
15346238576993,15346237519676
15346238576993,15346347469958
15346238576993,15346425317261
15346238576993,15346521796506
15346426642367,15346521796506
15346426642367,15346631076152
15346530832372,15346631076152
15346530832372,15346715711181
15346716911506,15346715711181
15346716911506,15346795986152
15346879078623,15346795986152
15346879078623,15346877840528
15346879078623,15346961870143
15346879078623,15347038625915
15347039567060,15347038625915
15347039567060,15347123195485
15347039567060,15347201560313
15347039567060,15347282543949
15347039567060,15347366410030
15347283347730,15347366410030
15347396159329,15347366410030
15347396159329,15347529464207
15347396159329,15347609111313
15347610599469,15347609111313
15347610599469,15347709826333
15347610599469,15347795151113
15347796016305,15347795151113
15347796016305,15347870541931
15347949199279,15347870541931
15347949199279,15347948342203
15347949199279,15348031254969
15347949199279,15348131674906
15347949199279,15348207464892
15348208207904,15348207464892
15348208207904,15348286392766
15348325285867,15348286392766
15348325285867,15348423527302
15348325285867,15348499573503
15348325285867,15348580727696
15348581455518,15348580727696
15348581455518,15348658540656
15348693472267,15348658540656
15348693472267,15348820655106
15348693472267,15348898632458
15348693472267,15348976015314
15348976694964,15348976015314
15348976694964,15349069398919
15349101769884,15349069398919
15349101769884,15349226147413
15349227010484,15349226147413
15349227010484,15349308190926
15349227010484,15349383676739
15349227010484,15349461272321
15349462360519,15349461272321
15349462360519,15349544543658
15349462360519,15349624275733
15349625134423,15349624275733
15349625134423,15349711085699
15349625134423,15349782672333
15349625134423,15349863292997
15349784047930,15349863292997
15349784047930,15349942846950
15349944057771,15349942846950
15349944057771,15350021306137
15349944057771,15350098528751
15350178031437,15350098528751
15350178031437,15350176956793
15350178031437,15350254329881
15350178031437,15350331632934
15350332541041,15350331632934
15350332541041,15350436111499
15350332541041,15350525311042
15350526810928,15350525311042
15350526810928,15350627635016
15350636971605,15350627635016
15350636971605,15350730137446
15350636971605,15350806719836
15350882050567,15350806719836
15350882050567,15350881069501
15350882050567,15350963262390
15350882050567,15351039529728
15351040460485,15351039529728
15351040460485,15351132634371
15351040460485,15351236654145
15351237573114,15351236654145
15351237573114,15351343649106
15351344588353,15351343649106
15351344588353,15351426179786
15351344588353,15351511600095
15351344588353,15351588859889
15351589820663,15351588859889
15351589820663,15351731186985
15351732080812,15351731186985
15351732080812,15351830806109
15351732080812,15351936799308
15351732080812,15352011875549
15351732080812,15352105698527
15352013598453,15352105698527
15352124051635,15352105698527
15352124051635,15352234333139
15352124051635,15352312801510
15352313648833,15352312801510
15352313648833,15352391345233
15352471185464,15352391345233
15352471185464,15352470173399
15352471185464,15352544723317
15352471185464,15352618945326
15352471185464,15352700802844
15352471185464,15352784929164
15352701556137,15352784929164
15352701556137,15352936017235
15352828364033,15352936017235
15352828364033,15353011466329
15352828364033,15353088749089
15353012518679,15353088749089
15353012518679,15353166210190
15353012518679,15353244623667
15353167181915,15353244623667
15353167181915,15353324278399
15353167181915,15353403912049
15353167181915,15353488357303
15353404969397,15353488357303
15353404969397,15353639570164
15353521619624,15353639570164
15353521619624,15353712937647
15353521619624,15353792727918
15353714484142,15353792727918
15353714484142,15353862102272
15353862969706,15353862102272
15353862969706,15353953819158
15353862969706,15354032995820
15354033931149,15354032995820
15354033931149,15354112071456
15354033931149,15354197974118
15354033931149,15354275654156
15354199010004,15354275654156
15354199010004,15354355543358
15354199010004,15354441266951
15354441979848,15354441266951
15354441979848,15354534937166
15354441979848,15354633288523
15354546585024,15354633288523
15354546585024,15354712797210
15354546585024,15354797029740
15354713667611,15354797029740
15354713667611,15354874033455
15354874954251,15354874033455
15354874954251,15354961642913
15354874954251,15355047513222
15354874954251,15355121264408
15354874954251,15355202211953
15355122430441,15355202211953
15355122430441,15355334080893
15355224967164,15355334080893
15355224967164,15355411550541
15355224967164,15355495092906
15355412620421,15355495092906
15355412620421,15355573171922
15355412620421,15355650634677
15355412620421,15355733292401
15355651341020,15355733292401
15355651341020,15355834814573
15355651341020,15355936341581
15355835858323,15355936341581
15355835858323,15356040133624
15355948396987,15356040133624
15355948396987,15356121641654
15355948396987,15356210148019
15356122786904,15356210148019
15356122786904,15356323493285
15356122786904,15356403929772
15356122786904,15356491200516
15356405025329,15356491200516
15356405025329,15356641305077
15356518118331,15356641305077
15356518118331,15356727093930
15356518118331,15356809580873
15356518118331,15356889973129
15356810758873,15356889973129
15356810758873,15357036567032
15356931288940,15357036567032
15356931288940,15357115919056
15356931288940,15357199358908
15357200321935,15357199358908
15357200321935,15357273845445
15357312907754,15357273845445
15357312907754,15357437153248
15357312907754,15357519857482
15357312907754,15357594950163
15357595967870,15357594950163
15357595967870,15357673624741
15357708619839,15357673624741
15357708619839,15357837666111
15357708619839,15357946416675
15357708619839,15358023871025
15358026431523,15358023871025
15358026431523,15358181179059
15358026431523,15358262171133
15358182317814,15358262171133
15358182317814,15358344976731
15358182317814,15358424326034
15358425338598,15358424326034
15358425338598,15358515235724
15358538953193,15358515235724
15358538953193,15358651303425
15358538953193,15358721704591
15358538953193,15358802229713
15358803234148,15358802229713
15358803234148,15358950472875
15358803234148,15359021000592
15358803234148,15359150965041
15359021889527,15359150965041
15359021889527,15359251047435
15359151916717,15359251047435
15359151916717,15359329666481
15359151916717,15359407632473
15359408546349,15359407632473
15359408546349,15359566304811
15359408546349,15359640848425
15359408546349,15359718494154
15359642130325,15359718494154
15359749818811,15359718494154
15359749818811,15359860402645
15359749818811,15359938098836
15359749818811,15360018048164
15360019374006,15360018048164
15360019374006,15360154948485
15360019374006,15360254732165
15360156414189,15360254732165
15360156414189,15360330182386
15360331315699,15360330182386
15360331315699,15360431131565
15360331315699,15360506709073
15360507666413,15360506709073
15360507666413,15360593905783
15360507666413,15360669210640
15360670917956,15360669210640
15360670917956,15360766939607
15360670917956,15360845911892
15360670917956,15360931610984
15360932629399,15360931610984
15360932629399,15361053235197
15361054548260,15361053235197
15361054548260,15361177126652
15361054548260,15361255264796
15361054548260,15361332618674
15361333623637,15361332618674
15361333623637,15361416341441
15361436505949,15361416341441
15361436505949,15361551626713
15361552481476,15361551626713
15361552481476,15361631735673
15361552481476,15361709218277
15361552481476,15361786912260
15361552481476,15361865622549
15361866655226,15361865622549
15361866655226,15361959013881
15361968638510,15361959013881
15361968638510,15362055528755
15361968638510,15362127175448
15361968638510,15362206711978
15362208165991,15362206711978
15362208165991,15362354371236
15362355617941,15362354371236
15362355617941,15362452473807
15362355617941,15362531264127
15362611452663,15362531264127
15362611452663,15362610352304
15362611452663,15362752449116
15362611452663,15362832305625
15362833474023,15362832305625
15362833474023,15362955666495
15362956907691,15362955666495
15362956907691,15363055505105
15362956907691,15363136943957
15363137959720,15363136943957
15363137959720,15363214124186
15363296251201,15363214124186
15363296251201,15363295283742
15363296251201,15363378689723
15363296251201,15363461751371
15363296251201,15363542834894
15363544288861,15363542834894
15363544288861,15363660381999
15363663277224,15363660381999
15363663277224,15363762452540
15363663277224,15363851358352
15363663277224,15363925275544
15363926419512,15363925275544
15363926419512,15364056488493
15363926419512,15364167548929
15364057383454,15364167548929
15364057383454,15364267572413
15364168515157,15364267572413
15364168515157,15364354671780
15364168515157,15364442205579
15364168515157,15364523187487
15364168515157,15364601858148
15364524288910,15364601858148
15364524288910,15364755102564
15364634617733,15364755102564
15364634617733,15364830705004
15364634617733,15364911989603
15364634617733,15365053390557
15364913512654,15365053390557
15364913512654,15365159358918
15365054291000,15365159358918
15365054291000,15365236714842
15365054291000,15365313310269
15365054291000,15365390525369
15365314468294,15365390525369
15365314468294,15365552088841
15365425920957,15365552088841
15365425920957,15365625919532
15365626693361,15365625919532
15365626693361,15365704431981
15365784089569,15365704431981
15365784089569,15365783008436
15365784089569,15365866954426
15365784089569,15365960208214
15365784089569,15366035482510
15365961363468,15366035482510
15365961363468,15366123083848
15365961363468,15366198718391
15366199727945,15366198718391
15366199727945,15366355856568
15366199727945,15366436589294
15366357333685,15366436589294
15366357333685,15366519348082
15366357333685,15366587326900
15366357333685,15366672335478
15366588776901,15366672335478
15366588776901,15366755278340
15366588776901,15366863363936
15366756463910,15366863363936
15366869578568,15366863363936
15366869578568,15366954846053
15366869578568,15367029384822
15367104721295,15367029384822
15367104721295,15367103624915
15367104721295,15367257229070
15367104721295,15367344486793
15367104721295,15367434223111
15367345407276,15367434223111
15367345407276,15367567999819
15367469311056,15367567999819
15367469311056,15367651664411
15367469311056,15367734355383
15367652636390,15367734355383
15367652636390,15367816463027
15367652636390,15367905330071
15367652636390,15367978842249
15367817337197,15367978842249
15367817337197,15368067365799
15367979684720,15368067365799
15367979684720,15368149018927
15367979684720,15368231819382
15368149935138,15368231819382
15368149935138,15368315820430
15368149935138,15368395923148
15368396698346,15368395923148
15368396698346,15368564827174
15368396698346,15368639852519
15368640868953,15368639852519
15368640868953,15368719373465
15368753229001,15368719373465
15368753229001,15368864851915
15368753229001,15368965009851
15368966440626,15368965009851
15368966440626,15369043651282
15368966440626,15369120710682
15369121831171,15369120710682
15369121831171,15369202715940
15369121831171,15369285351873
15369286448504,15369285351873
15369286448504,15369377086373
15369286448504,15369470676489
15369286448504,15369549020739
15369550334560,15369549020739
15369550334560,15369667319104
15369668956374,15369667319104
15369668956374,15369769608876
15369668956374,15369844094453
15369845259462,15369844094453
15369845259462,15369937894830
15369845259462,15370015319087
15370111870223,15370015319087
15370111870223,15370110920306
15370111870223,15370187089739
15370111870223,15370276090226
15370277145330,15370276090226
15370277145330,15370386809682
15370277145330,15370474448650
15370475709335,15370474448650
15370475709335,15370561710295
15370475709335,15370664142604
15370665055627,15370664142604
15370665055627,15370773690631
15370777734510,15370773690631
15370777734510,15370873109954
15370777734510,15370959211221
15370777734510,15371036781402
15371037474056,15371036781402
15371037474056,15371115631273
15371142513416,15371115631273
15371142513416,15371269623816
15371142513416,15371348049729
15371348924136,15371348049729
15371348924136,15371426014204
15371507537387,15371426014204
15371507537387,15371506443012
15371507537387,15371588663052
15371507537387,15371670355647
15371507537387,15371756872572
15371507537387,15371867370962
15371758142630,15371867370962
15371758142630,15371967197488
15371872436641,15371967197488
15371872436641,15372040855496
15371872436641,15372128555737
15372041679566,15372128555737
15372041679566,15372210075964
15372041679566,15372287966922
15372041679566,15372364622021
15372288980142,15372364622021
15372288980142,15372466803511
15372288980142,15372573452357
15372467774733,15372573452357
15372467774733,15372671084576
15372576057571,15372671084576
15372576057571,15372756703809
15372576057571,15372858616133
15372758286782,15372858616133
15372758286782,15372931411670
15372758286782,15373014698833
15372932489954,15373014698833
15372932489954,15373099659344
15372932489954,15373180789806
15373100556794,15373180789806
15373100556794,15373256218148
15373100556794,15373333243113
15373100556794,15373420224155
15373333963802,15373420224155
15373333963802,15373571174625
15373451044827,15373571174625
15373451044827,15373656528252
15373451044827,15373763167425
15373764335373,15373763167425
15373764335373,15373862342975
15373888154896,15373862342975
15373888154896,15373972730293
15373888154896,15374051645428
15374052836765,15374051645428
15374052836765,15374138103232
15374052836765,15374218330622
15374052836765,15374301343443
15374302100219,15374301343443
15374302100219,15374381061251
15374302100219,15374469592751
15374471074052,15374469592751
15374471074052,15374575811277
15374589782284,15374575811277
15374589782284,15374669853771
15374589782284,15374743181437
15374817735556,15374743181437
15374817735556,15374816747175
15374817735556,15374908050233
15374817735556,15374986191495
15374987201043,15374986191495
15374987201043,15375074988420
15375089758658,15375074988420
15375089758658,15375173714617
15375089758658,15375262164878
15375089758658,15375341672000
15375342964667,15375341672000
15375342964667,15375425018350
15375451939068,15375425018350
15375451939068,15375572777853
15375451939068,15375657806571
15375451939068,15375746188988
15375746849047,15375746188988
15375746849047,15375833978914
15375866275901,15375833978914
15375866275901,15375972323727
15375866275901,15376054150380
15376055158467,15376054150380
15376055158467,15376140517860
15376055158467,15376214670907
15376055158467,15376293247480
15376294331401,15376293247480
15376294331401,15376370895009
15376294331401,15376468349838
15376469676836,15376468349838
15376469676836,15376576198242
15376582181996,15376576198242
15376582181996,15376669305049
15376582181996,15376750764399
15376751836946,15376750764399
15376751836946,15376833432187
15376913679898,15376833432187
15376913679898,15376912831292
15376913679898,15376992844688
15376913679898,15377072074171
15376913679898,15377154593045
15377155416094,15377154593045
15377155416094,15377235489057
15377267671751,15377235489057
15377267671751,15377365457128
15377267671751,15377442412437
15377443250855,15377442412437
15377443250855,15377522986477
15377443250855,15377595498094
15377443250855,15377678507893
15377679218146,15377678507893
15377679218146,15377774831024
15377679218146,15377867023176
15377868503283,15377867023176
15377868503283,15377977121119
15377977996462,15377977121119
15377977996462,15378064145392
15377977996462,15378146036583
15378147174654,15378146036583
15378147174654,15378231904878
15378311756921,15378231904878
15378311756921,15378310426871
15378311756921,15378406684914
15378311756921,15378479488310
15378480431802,15378479488310
15378480431802,15378558587573
15378480431802,15378651058707
15378726228888,15378651058707
15378726228888,15378725524834
15378726228888,15378798585115
15378726228888,15378875494266
15378876818510,15378875494266
15378876818510,15378976754357
15378987125895,15378976754357
15378987125895,15379077188490
15378987125895,15379157510319
15379158766103,15379157510319
15379158766103,15379227565933
15379158766103,15379312305215
15379313427103,15379312305215
15379313427103,15379393944319
15379313427103,15379470344264
15379313427103,15379561866116
15379562570139,15379561866116
15379562570139,15379640153407
15379682690321,15379640153407
15379682690321,15379773390298
15379682690321,15379855856006
15379856747797,15379855856006
15379856747797,15379940516787
15380026558327,15379940516787
15380026558327,15380025251463
15380026558327,15380108543440
15380026558327,15380184255142
15380026558327,15380258865688
15380259600333,15380258865688
15380259600333,15380338885108
15380382694084,15380338885108
15380382694084,15380478602405
15380382694084,15380548595725
15380550018304,15380548595725
15380550018304,15380642522377
15380720870312,15380642522377
15380720870312,15380719785456
15380720870312,15380796945946
15380720870312,15380872397408
15380873237258,15380872397408
15380873237258,15380949088913
15380873237258,15381026744622
15381105599048,15381026744622
15381105599048,15381104783189
15381105599048,15381198960801
15381105599048,15381277826180
15381278723841,15381277826180
15381278723841,15381370690650
15381393424060,15381370690650
15381393424060,15381484445652
15381393424060,15381560604475
15381561842348,15381560604475
15381561842348,15381640784190
15381718319497,15381640784190
15381718319497,15381717296505
15381718319497,15381806523953
15381718319497,15381894328168
15381718319497,15381975221839
15381976033101,15381975221839
15381976033101,15382054925781
15382090632029,15382054925781
15382090632029,15382180133951
15382090632029,15382259183267
15382090632029,15382331476500
15382332895212,15382331476500
15382332895212,15382482643295
15382483650120,15382482643295
15382483650120,15382576147758
15382483650120,15382651363387
15382731740603,15382651363387
15382731740603,15382730728873
15382731740603,15382822760332
15382906505445,15382822760332
15382906505445,15382905476086
15382906505445,15382988562960
15382906505445,15383088886595
15383089906527,15383088886595
15383089906527,15383180307385
15383089906527,15383288023803
15383288897212,15383288023803
15383288897212,15383380868895
15383288897212,15383477944033
15383479679178,15383477944033
15383479679178,15383578041022
15383590314795,15383578041022
15383590314795,15383680652322
15383590314795,15383757435111
15383832112605,15383757435111
15383832112605,15383831198438
15383832112605,15383981122976
15383981961787,15383981122976
15383981961787,15384063239820
15383981961787,15384152345828
15383981961787,15384236221758
15384236957707,15384236221758
15384236957707,15384319061822
15384339404304,15384319061822
15384339404304,15384475668875
15384476585610,15384475668875
15384476585610,15384554364492
15384476585610,15384630485157
15384476585610,15384720412563
15384803951458,15384720412563
15384803951458,15384802275782
15384803951458,15384891746138
15384803951458,15384982824811
15384984653110,15384982824811
15384984653110,15385084189218
15385096147934,15385084189218
15385096147934,15385176990075
15385096147934,15385253213189
15385331348064,15385253213189
15385331348064,15385329860988
15385331348064,15385410795249
15385331348064,15385483785096
15385484700952,15385483785096
15385484700952,15385576901814
15385591842620,15385576901814
15385591842620,15385678472810
15385591842620,15385755817290
15385756685121,15385755817290
15385756685121,15385836109236
15385913212181,15385836109236
15385913212181,15385912339138
15385913212181,15385987597624
15385913212181,15386087717063
15385913212181,15386177500217
15386179041609,15386177500217
15386179041609,15386246849516
15386179041609,15386377197969
15386378229876,15386377197969
15386378229876,15386487190499
15386491309737,15386487190499
15386491309737,15386588314932
15386491309737,15386665347889
15386666718678,15386665347889
15386666718678,15386761402347
15386666718678,15386844429921
15386845521848,15386844429921
15386845521848,15386939520974
15387017131809,15386939520974
15387017131809,15387016020509
15387017131809,15387082766034
15387017131809,15387165411620
15387233604079,15387165411620
15387233604079,15387232266541
15387233604079,15387389157417
15387233604079,15387471510207
15387472879605,15387471510207
15387472879605,15387554702223
15387584975013,15387554702223
15387584975013,15387670340991
15387584975013,15387749297114
15387826539141,15387749297114
15387826539141,15387825599923
15387826539141,15387979667279
15387826539141,15388070322690
15388071896279,15388070322690
15388071896279,15388181980097
15388182894423,15388181980097
15388182894423,15388290156590
15388182894423,15388368035000
15388368881182,15388368035000
15388368881182,15388446842463
15388528672597,15388446842463
15388528672597,15388527831696
15388528672597,15388606186365
15388528672597,15388680810324
15388528672597,15388752929509
15388753836099,15388752929509
15388753836099,15388837763796
15388870349689,15388837763796
15388870349689,15388979524068
15388870349689,15389060877271
15389061762608,15389060877271
15389061762608,15389145728203
15389226512356,15389145728203
15389226512356,15389225433353
15389226512356,15389305300217
15389226512356,15389384678117
15389226512356,15389464688196
15389226512356,15389586440841
15389466366131,15389586440841
15389466366131,15389688549708
15389595819746,15389688549708
15389595819746,15389767331011
15389595819746,15389850206280
15389768832061,15389850206280
15389932281212,15389850206280
15389932281212,15389931082803
15389932281212,15390013417836
15389932281212,15390088651025
15390089550726,15390088651025
15390089550726,15390162771525
15390235087387,15390162771525
15390235087387,15390234112315
15390235087387,15390316976336
15390235087387,15390387549073
15390235087387,15390464435799
15390465391140,15390464435799
15390465391140,15390589426337
15390465391140,15390683495104
15390590433999,15390683495104
15390590433999,15390765827209
15390839740992,15390765827209
15390839740992,15390839042467
15390839740992,15390916496370
15390839740992,15390998198983
15390999122058,15390998198983
15390999122058,15391088751813
15391106082177,15391088751813
15391106082177,15391190374351
15391106082177,15391288528299
15391289883411,15391288528299
15391289883411,15391365398711
15391289883411,15391441714422
15391289883411,15391523087504
15391442959835,15391523087504
15391442959835,15391601983916
15391442959835,15391681419428
15391682316982,15391681419428
15391682316982,15391767625233
15391802656363,15391767625233
15391802656363,15391891229359
15391802656363,15391970668381
15391971737101,15391970668381
15391971737101,15392047311204
15392133422170,15392047311204
15392133422170,15392132150224
15392133422170,15392216298051
15392133422170,15392292756671
15392133422170,15392375309088
15392376395857,15392375309088
15392376395857,15392452161095
15392486669056,15392452161095
15392486669056,15392585114417
15392486669056,15392664337540
15392665871815,15392664337540
15392665871815,15392741298619
15392834168125,15392741298619
15392834168125,15392833070140
15392834168125,15392920911970
15392834168125,15392993925782
15392834168125,15393063079528
15393063808138,15393063079528
15393063808138,15393138979554
15393171466748,15393138979554
15393171466748,15393287249943
15393171466748,15393364263439
15393171466748,15393441924039
15393443295721,15393441924039
15393443295721,15393530028957
15393564714923,15393530028957
15393564714923,15393692072090
15393564714923,15393770041457
15393771492664,15393770041457
15393771492664,15393857552890
15393771492664,15393947373586
15393948381918,15393947373586
15393948381918,15394025560719
15393948381918,15394105190382
15393948381918,15394187905446
15394188568390,15394187905446
15394188568390,15394270472438
15394305987238,15394270472438
15394305987238,15394395203150
15394305987238,15394469788899
15394305987238,15394552132099
15394552812652,15394552132099
15394552812652,15394632302547
15394666172852,15394632302547
15394666172852,15394788699742
15394666172852,15394870588704
15394666172852,15394945160525
15394946373454,15394945160525
15394946373454,15395094757731
15395095801026,15395094757731
15395095801026,15395194085389
15395095801026,15395271638547
15395095801026,15395353694420
15395354703600,15395353694420
15395354703600,15395494239037
15395495278905,15395494239037
15395495278905,15395585473797
15395495278905,15395668582346
15395670421411,15395668582346
15395670421411,15395758434708
15395835326226,15395758434708
15395835326226,15395834121847
15395835326226,15395913483496
15395835326226,15395994283569
15395995476994,15395994283569
15395995476994,15396076688169
15395995476994,15396160296034
15396161294631,15396160296034
15396161294631,15396237030807
15396319398294,15396237030807
15396319398294,15396318392643
15396319398294,15396403263357
15396319398294,15396491615585
15396319398294,15396576264366
15396577705505,15396576264366
15396577705505,15396693438246
15396694691641,15396693438246
15396694691641,15396790396732
15396694691641,15396867549018
15396694691641,15396940949037
15396942494686,15396940949037
15396942494686,15397023392310
15397058960728,15397023392310
15397058960728,15397201885146
15397058960728,15397278897392
15397058960728,15397359963862
15397360851378,15397359963862
15397360851378,15397441752676
15397488550492,15397441752676
15397488550492,15397607201970
15397488550492,15397695553501
15397696928989,15397695553501
15397696928989,15397778388147
15397696928989,15397858064995
15397859205311,15397858064995
15397859205311,15397937277920
15398027310162,15397937277920
15398027310162,15398026127619
15398027310162,15398119104275
15398027310162,15398201488590
15398203088718,15398201488590
15398203088718,15398284585654
15398203088718,15398375962581
15398377113851,15398375962581
15398377113851,15398457440776
15398544536191,15398457440776
15398544536191,15398543251701
15398544536191,15398630013520
15398544536191,15398708408437
15398710105653,15398708408437
15398710105653,15398803933611
15398710105653,15398884032085
15398885117037,15398884032085
15398885117037,15398971143604
15398885117037,15399051640103
15399052927537,15399051640103
15399052927537,15399137349087
15399052927537,15399219574067
15399220720908,15399219574067
15399220720908,15399304134041
15399220720908,15399393519339
15399220720908,15399475106590
15399476536175,15399475106590
15399476536175,15399593604333
15399594631076,15399593604333
15399594631076,15399697692241
15399594631076,15399771360942
15399594631076,15399850350620
15399851362131,15399850350620
15399851362131,15399988879590
15399990375511,15399988879590
15399990375511,15400097269311
15399990375511,15400170786122
15399990375511,15400254844512
15400255854355,15400254844512
15400255854355,15400401612644
15400403056725,15400401612644
15400403056725,15400494735624
15400403056725,15400574055021
15400403056725,15400651025399
15400652387503,15400651025399
15400652387503,15400796184597
15400797197190,15400796184597
15400797197190,15400898185288
15400797197190,15400974867433
15400797197190,15401055825882
15401057273927,15401055825882
15401152569901,15401055825882
15401152569901,15401135434214
15401152569901,15401298437790
15401299317907,15401298437790
15401299317907,15401373668962
15401299317907,15401450556602
15401299317907,15401535367027
15401299317907,15401612380673
15401613365325,15401612380673
15401613365325,15401705361885
15401613365325,15401794563775
15401796022098,15401794563775
15401796022098,15401901390064
15401911346539,15401901390064
15401911346539,15401993469430
15401911346539,15402066625851
15402142922176,15402066625851
15402142922176,15402141779481
15402142922176,15402298423365
15402299296046,15402298423365
15402299296046,15402378473534
15402299296046,15402451323927
15402532725100,15402451323927
15402532725100,15402531973335
15402532725100,15402618727764
15402532725100,15402699173109
15402700451374,15402699173109
15402700451374,15402802304651
15402816517116,15402802304651
15402816517116,15402897415148
15402816517116,15402999382129
15402816517116,15403072546662
15403073278205,15403072546662
15403073278205,15403161581750
15403180208915,15403161581750
15403180208915,15403295103803
15403180208915,15403376441607
15403448043557,15403376441607
15403448043557,15403447192183
15403448043557,15403526905250
15403448043557,15403604442114
15403605499970,15403604442114
15403605499970,15403698227529
15403714969600,15403698227529
15403714969600,15403797478943
15403714969600,15403866536605
15403949136938,15403866536605
15403949136938,15403948061852
15403949136938,15404032516811
15403949136938,15404108333333
15404109355435,15404108333333
15404109355435,15404196180499
15404213473221,15404196180499
15404213473221,15404299593716
15404213473221,15404373392007
15404449039406,15404373392007
15404449039406,15404447942244
15404449039406,15404596385684
15404449039406,15404670985643
15404671806698,15404670985643
15404671806698,15404807987936
15404809309940,15404807987936
15404809309940,15404897468345
15404809309940,15404973624046
15405053184888,15404973624046
15405053184888,15405052221250
15405053184888,15405130132625
15405053184888,15405209712245
15405210739621,15405209712245
15405210739621,15405298106740
15405210739621,15405397067398
15405398313758,15405397067398
15405398313758,15405507154121
15405508913566,15405507154121
15405508913566,15405608222780
15405508913566,15405685664466
15405686906558,15405685664466
15405686906558,15405770161065
15405686906558,15405858365107
15405859235669,15405858365107
15405859235669,15405937853775
15405859235669,15406011377608
15406012515847,15406011377608
15406012515847,15406094141565
15406012515847,15406173268313
15406244786643,15406173268313
15406244786643,15406243488186
15406244786643,15406330171895
15406244786643,15406412713211
15406413585090,15406412713211
15406413585090,15406500968040
15406413585090,15406601857439
15406602727559,15406601857439
15406602727559,15406705811087
15406710779912,15406705811087
15406710779912,15406795351227
15406710779912,15406873404611
15406710779912,15406953179930
15406953856398,15406953179930
15406953856398,15407031933242
15407073800244,15407031933242
15407073800244,15407207282143
15407073800244,15407286072365
15407287489997,15407286072365
15407287489997,15407368572377
15407287489997,15407453570880
15407454433749,15407453570880
15407454433749,15407533174778
15407454433749,15407613568364
15407454433749,15407689091200
15407690203647,15407689091200
15407690203647,15407802423360
15407803721344,15407802423360
15407803721344,15407901310196
15407803721344,15408000029256
15408000957746,15408000029256
15408000957746,15408096296021
15408000957746,15408176187833
15408177154028,15408176187833
15408177154028,15408254858599
15408337875470,15408254858599
15408337875470,15408336386861
15408337875470,15408415551105
15408337875470,15408497745559
15408337875470,15408580872022
15408581704070,15408580872022
15408581704070,15408665025387
15408682930176,15408665025387
15408682930176,15408797301055
15408682930176,15408874793239
15408875661637,15408874793239
15408875661637,15408951226661
15408875661637,15409033198009
15408875661637,15409114191590
15409114940839,15409114191590
15409114940839,15409199044983
15409220905581,15409199044983
15409220905581,15409304253324
15409220905581,15409387434626
15409388472515,15409387434626
15409388472515,15409464442491
15409543868632,15409464442491
15409543868632,15409542690203
15409543868632,15409623326887
15409543868632,15409711857345
15409543868632,15409788206372
15409789607195,15409788206372
15409789607195,15409908338970
15409909405054,15409908338970
15409909405054,15410012154681
15409909405054,15410093500050
15409909405054,15410170795115
15410171790548,15410170795115
15410171790548,15410258703383
15410294027771,15410258703383
15410294027771,15410412586240
15410414148095,15410412586240
15410414148095,15410497187565
15410414148095,15410569172456
15410414148095,15410651516213
15410729671916,15410651516213
15410729671916,15410728701347
15410729671916,15410826455094
15410729671916,15410908199276
15410909431992,15410908199276
15410909431992,15411007410476
15411019400581,15411007410476
15411019400581,15411105283818
15411019400581,15411194330949
15411019400581,15411273650185
15411274763599,15411273650185
15411274763599,15411355239390
15411373716080,15411355239390
15411373716080,15411499465232
15411501381326,15411499465232
15411501381326,15411582071145
15411501381326,15411658159057
15411501381326,15411734113582
15411501381326,15411805912065
15411806977009,15411805912065
15411806977009,15411889875046
15411806977009,15412015315822
15412016290102,15412015315822
15412016290102,15412104016533
15412117099943,15412104016533
15412117099943,15412199718232
15412117099943,15412277494930
15412117099943,15412362312149
15412363223720,15412362312149
15412363223720,15412500047189
15412501212097,15412500047189
15412501212097,15412595008542
15412501212097,15412678194304
15412501212097,15412755633472
15412756731642,15412755633472
15412756731642,15412907105737
15412908047086,15412907105737
15412908047086,15413002012566
15412908047086,15413083287953
15412908047086,15413167340230
15413168818110,15413167340230
15413168818110,15413307827873
15413308793954,15413307827873
15413308793954,15413414833619
15413308793954,15413495070496
15413496319654,15413495070496
15413496319654,15413574870990
15413661688721,15413574870990
15413661688721,15413660535017
15413661688721,15413748242301
15413661688721,15413826757544
15413661688721,15413909156279
15413910155434,15413909156279
15413910155434,15414006811615
15414017901846,15414006811615
15414017901846,15414098443238
15414017901846,15414174976002
15414250347401,15414174976002
15414250347401,15414249563278
15414250347401,15414327241653
15414250347401,15414411832989
15414412834785,15414411832989
15414412834785,15414501249018
15414412834785,15414601253763
15414602210998,15414601253763
15414602210998,15414704363903
15414713689521,15414704363903
15414713689521,15414807551416
15414713689521,15414890964008
15414713689521,15414979231336
15414980199780,15414979231336
15414980199780,15415066152601
15415085059525,15415066152601
15415085059525,15415206855320
15415085059525,15415282630603
15415283602664,15415282630603
15415283602664,15415369039923
15415446079031,15415369039923
15415446079031,15415444350274
15415446079031,15415521839375
15415446079031,15415600243095
15415446079031,15415674128585
15415675027746,15415674128585
15415675027746,15415753679178
15415793308535,15415753679178
15415793308535,15415911784567
15415793308535,15416002459024
15416003876057,15416002459024
15416003876057,15416088000588
15416003876057,15416174531250
15416175447269,15416174531250
15416175447269,15416266834953
15416344912747,15416266834953
15416344912747,15416343895164
15416344912747,15416435403958
15416344912747,15416516480781
15416344912747,15416603600523
15416604865047,15416603600523
15416604865047,15416684946941
15416724835622,15416684946941
15416724835622,15416806676279
15416724835622,15416890622405
15416892239142,15416890622405
15416892239142,15416967836121
15416892239142,15417046614091
15416892239142,15417128352553
15417129041687,15417128352553
15417129041687,15417210181123
15417129041687,15417305542937
15417307296947,15417305542937
15417307296947,15417410263085
15417420859096,15417410263085
15417420859096,15417510330099
15417420859096,15417588762963
15417589679201,15417588762963
15417589679201,15417670635602
15417751035023,15417670635602
15417751035023,15417750144483
15417751035023,15417833892234
15417751035023,15417909874913
15417751035023,15417984388319
15417985437185,15417984388319
15417985437185,15418110447016
15418111723146,15418110447016
15418111723146,15418207812484
15418111723146,15418289572374
15418291026242,15418289572374
15418291026242,15418380412116
15418291026242,15418470807144
15418471645535,15418470807144
15418471645535,15418561836137
15418642053338,15418561836137
15418642053338,15418641165181
15418642053338,15418729191084
15418642053338,15418820477688
15418821579192,15418820477688
15418821579192,15418905701229
15418821579192,15418986875867
15419066507254,15418986875867
15419066507254,15419065814158
15419066507254,15419147189161
15419066507254,15419230050304
15419231154575,15419230050304
15419231154575,15419410641533
15419231154575,15419489296250
15419490319083,15419489296250
15419490319083,15419612984066
15419614473398,15419612984066
15419614473398,15419718801227
15419614473398,15419795451671
15419796750864,15419795451671
15419796750864,15419883343338
15419969724797,15419883343338
15419969724797,15419968642783
15419969724797,15420055360290
15420140980946,15420055360290
15420140980946,15420139464719
15420140980946,15420223639205
15420140980946,15420320030853
15420321364894,15420320030853
15420321364894,15420410640674
15420321364894,15420498246291
15420499226544,15420498246291
15420499226544,15420587562984
15420499226544,15420674240912
15420675096167,15420674240912
15420675096167,15420761970846
15420675096167,15420841488061
15420675096167,15420923867018
15420925128739,15420923867018
15420925128739,15421020942189
15420925128739,15421116794565
15421117676434,15421116794565
15421117676434,15421220175898
15421117676434,15421303389744
15421304581191,15421303389744
15421304581191,15421415520010
15421416445164,15421415520010
15421416445164,15421511446300
15421416445164,15421590441232
15421591633444,15421590441232
15421591633444,15421677332676
15421591633444,15421778351659
15421779299648,15421778351659
15421779299648,15421864604227
15421952795867,15421864604227
15421952795867,15421951538938
15421952795867,15422032138103
15421952795867,15422115890765
15421952795867,15422196698776
15422198143435,15422196698776
15422198143435,15422281477129
15422307875525,15422281477129
15422307875525,15422423814423
15422307875525,15422500388038
15422502198125,15422500388038
15422502198125,15422578696178
15422502198125,15422654376031
15422502198125,15422724670768
15422725994256,15422724670768
15422725994256,15422827998477
15422725994256,15422913415346
15422914635299,15422913415346
15422914635299,15423013650062
15423026963420,15423013650062
15423026963420,15423112059755
15423026963420,15423198920447
15423026963420,15423277660044
15423278773681,15423277660044
15423278773681,15423358465512
15423383649666,15423358465512
15423383649666,15423506159322
15423383649666,15423587458623
15423588770987,15423587458623
15423588770987,15423674587170
15423754332956,15423674587170
15423754332956,15423753412781
15423754332956,15423835344164
15423754332956,15423920730909
15423921599906,15423920730909
15423921599906,15424003549427
15423921599906,15424088426416
15424090144273,15424088426416
15424090144273,15424166800682
15424090144273,15424249583271
15424090144273,15424338032571
15424339067312,15424338032571
15424339067312,15424426136712
15424339067312,15424524162174
15424525115196,15424524162174
15424525115196,15424612828177
15424525115196,15424706694485
15424707784846,15424706694485
15424707784846,15424813484936
15424827409263,15424813484936
15424827409263,15424912047380
15424827409263,15425008089310
15425008994934,15425008089310
15425008994934,15425077364625
15425148479119,15425077364625
15425148479119,15425147550645
15425148479119,15425242308088
15425148479119,15425327082974
15425148479119,15425399526794
15425400774692,15425399526794
15425400774692,15425477907597
15425501313430,15425477907597
15425501313430,15425614093652
15425501313430,15425695177520
15425501313430,15425777477387
15425778924777,15425777477387
15425778924777,15425869603053
15425902388904,15425869603053
15425902388904,15426011466194
15425902388904,15426089235573
15426172187380,15426089235573
15426172187380,15426171446694
15426172187380,15426248957571
15426172187380,15426322160466
15426323082427,15426322160466
15426323082427,15426415222636
15426429601004,15426415222636
15426429601004,15426506562660
15426429601004,15426579152952
15426580381066,15426579152952
15426580381066,15426659862372
15426580381066,15426739487805
15426580381066,15426814232784
15426814932653,15426814232784
15426814932653,15426920851616
15426922067561,15426920851616
15426922067561,15427020903724
15426922067561,15427107410553
15427109178806,15427107410553
15427109178806,15427183332732
15427109178806,15427267156147
15427109178806,15427348078956
15427348758603,15427348078956
15427348758603,15427430227253
15427348758603,15427525851512
15427527055898,15427525851512
15427527055898,15427615701077
15427527055898,15427715809995
15427717083208,15427715809995
15427717083208,15427821883194
15427822754952,15427821883194
15427822754952,15427911920944
15427822754952,15427993874984
15428067898229,15427993874984
15428067898229,15428067167445
15428067898229,15428149211020
15428067898229,15428226641086
15428227505717,15428226641086
15428227505717,15428316020240
15428331063506,15428316020240
15428331063506,15428419103715
15428331063506,15428499692221
15428500670702,15428499692221
15428500670702,15428581177703
15428500670702,15428655921140
15428500670702,15428731726311
15428732466389,15428731726311
15428732466389,15428818422949
15428837900198,15428818422949
15428837900198,15428912154166
15428837900198,15428991859764
15429074266746,15428991859764
15429074266746,15429073185703
15429074266746,15429156460861
15429074266746,15429235055678
15429236233862,15429235055678
15429236233862,15429327053586
15429236233862,15429427073131
15429428292974,15429427073131
15429428292974,15429521857247
15429531879644,15429521857247
15429531879644,15429619000205
15429531879644,15429693455783
15429695239436,15429693455783
15429695239436,15429771711802
15429695239436,15429849517263
15429850404198,15429849517263
15429850404198,15429930561033
15429850404198,15430021859869
15429850404198,15430096905935
15430097817392,15430096905935
15430097817392,15430218716888
15430219598703,15430218716888
15430219598703,15430320292142
15430219598703,15430407438851
15430408607127,15430407438851
15430408607127,15430483956694
15430408607127,15430566350060
15430408607127,15430644523910
15430645557653,15430644523910
15430645557653,15430726355683
15430645557653,15430822392962
15430823279555,15430822392962
15430823279555,15430923331271
15430929767584,15430923331271
15430929767584,15431019472349
15430929767584,15431097257147
15430929767584,15431179479319
15431180231860,15431179479319
15431180231860,15431272955844
15431285064121,15431272955844
15431285064121,15431426183448
15431285064121,15431507666602
15431285064121,15431578820002
15431579665668,15431578820002
15431579665668,15431662653926
15431699685039,15431662653926
15431699685039,15431825034874
15431699685039,15431902672342
15431904024453,15431902672342
15431904024453,15431983752763
15431904024453,15432058406767
15431904024453,15432140240660
15432141093206,15432140240660
15432141093206,15432224886307
15432141093206,15432325962057
15432327084297,15432325962057
15432327084297,15432435013617
15432441359084,15432435013617
15432441359084,15432524952202
15432441359084,15432608582944
15432441359084,15432686725581
15432688236711,15432686725581
15432688236711,15432825657041
15432826649702,15432825657041
15432826649702,15432923012496
15432826649702,15433005147366
15432826649702,15433089445017
15433090436511,15433089445017
15433090436511,15433216749116
15433218384621,15433216749116
15433218384621,15433322390627
15433218384621,15433405862516
15433218384621,15433483781934
15433484906195,15433483781934
15433484906195,15433651745265
15433484906195,15433748757437
15433749595530,15433748757437
15433749595530,15433830145641
15433749595530,15433930518357
15433931462722,15433930518357
15433931462722,15434039098539
15434040442224,15434039098539
15434040442224,15434137308380
15434040442224,15434239082388
15434040442224,15434327331051
15434328753589,15434327331051
15434328753589,15434421457731
15434438786097,15434421457731
15434438786097,15434540027640
15434438786097,15434619774767
15434438786097,15434700374804
15434701601126,15434700374804
15434701601126,15434838280496
15434839495109,15434838280496
15434839495109,15434935108838
15434839495109,15435002902038
15435079825431,15435002902038
15435079825431,15435078935264
15435079825431,15435161952089
15435079825431,154