15284268478342,15284343962692
15284268478342,15284422611078
15284268478342,15284502927478
15284503713851,15284502927478
15284503713851,15284583200273
15284615808050,15284583200273
15284615808050,15284748959476
15284615808050,15284829451425
15284830410005,15284829451425
15284830410005,15284907458448
15284983459114,15284907458448
15284983459114,15284982441725
15284983459114,15285065912263
15284983459114,15285144838617
15285146339777,15285144838617
15285146339777,15285223998306
15285146339777,15285316300106
15285317686252,15285316300106
15285317686252,15285396117370
15285317686252,15285472750831
15285474491355,15285472750831
15285474491355,15285549961984
15285474491355,15285627767148
15285629412544,15285627767148
15285629412544,15285706350780
15285784153879,15285706350780
15285784153879,15285783110344
15285784153879,15285862266095
15285784153879,15285950149585
15285784153879,15286022457077
15286024158699,15286022457077
15286024158699,15286154827633
15286155871284,15286154827633
15286155871284,15286257262019
15286155871284,15286337382893
15286338719033,15286337382893
15286338719033,15286425507267
15286511929321,15286425507267
15286511929321,15286511039263
15286511929321,15286598881700
15286511929321,15286675811421
15286511929321,15286755700019
15286756742015,15286755700019
15286756742015,15286881204912
15286756742015,15286959812065
15286960821897,15286959812065
15286960821897,15287052798569
15287075015909,15287052798569
15287075015909,15287162281377
15287075015909,15287242862301
15287244585774,15287242862301
15287244585774,15287322583894
15287244585774,15287401837943
15287244585774,15287479113603
15287479860172,15287479113603
15287479860172,15287561885885
15287479860172,15287651043992
15287652000182,15287651043992
15287652000182,15287756734765
15287759685782,15287756734765
15287759685782,15287855894158
15287759685782,15287930870795
15287931861953,15287930870795
15287931861953,15288011803037
15288088630329,15288011803037
15288088630329,15288087332762
15288088630329,15288181355013
15288088630329,15288264188890
15288088630329,15288344344293
15288345102092,15288344344293
15288345102092,15288436952329
15288475257829,15288436952329
15288475257829,15288564707491
15288475257829,15288646258633
15288475257829,15288722629603
15288724483885,15288722629603
15288724483885,15288861828830
15288862774165,15288861828830
15288862774165,15288968743490
15288862774165,15289048885911
15288862774165,15289138691681
15289139698837,15289138691681
15289139698837,15289265643685
15289266758331,15289265643685
15289266758331,15289366595242
15289266758331,15289448441701
15289449426020,15289448441701
15289449426020,15289526083528
15289449426020,15289607252674
15289449426020,15289689618544
15289449426020,15289767801492
15289690658934,15289767801492
15289690658934,15289862938931
15289690658934,15289976476222
15289863991157,15289976476222
15289863991157,15290067207736
15289983126515,15290067207736
15289983126515,15290144477788
15289983126515,15290221339593
15290145403179,15290221339593
15290145403179,15290298433385
15290145403179,15290382493291
15290299233321,15290382493291
15290299233321,15290462445336
15290299233321,15290546776968
15290464009941,15290546776968
15290464009941,15290635672415
15290636593147,15290635672415
15290636593147,15290721757220
15290636593147,15290797343231
15290798719374,15290797343231
15290798719374,15290885687413
15290798719374,15290968926824
15290798719374,15291044791424
15291046205923,15291044791424
15291046205923,15291170967187
15291172025351,15291170967187
15291172025351,15291264339972
15291172025351,15291348912254
15291172025351,15291428721964
15291172025351,15291578731637
15291430392055,15291578731637
15291580074078,15291578731637
15291580074078,15291669370354
15291580074078,15291746770077
15291580074078,15291832816084
15291747737517,15291832816084
15291747737517,15291906063116
15291747737517,15291984647036
15291747737517,15292070626018
15291985759819,15292070626018
15291985759819,15292164396082
15291985759819,15292269341357
15292165409691,15292269341357
15292165409691,15292380281429
15292270349365,15292380281429
15292270349365,15292464501425
15292270349365,15292541568940
15292270349365,15292680127242
15292542554457,15292680127242
15292542554457,15292763651400
15292681504753,15292763651400
15292681504753,15292845664120
15292681504753,15292922460361
15292923377917,15292922460361
15292923377917,15293074382663
15292923377917,15293162573827
15292923377917,15293272611465
15293164787916,15293272611465
15293164787916,15293371106652
15293279513096,15293371106652
15293279513096,15293444689615
15293279513096,15293517268732
15293519190533,15293517268732
15293519190533,15293674742086
15293519190533,15293758411553
15293675586340,15293758411553
15293675586340,15293841087477
15293675586340,15293923764616
15293841955204,15293923764616
15293841955204,15294006842389
15293841955204,15294089897227
15293841955204,15294181818798
15294091199685,15294181818798
15294091199685,15294266921921
15294091199685,15294376033368
15294267906146,15294376033368
15294267906146,15294471206313
15294377009044,15294471206313
15294377009044,15294546796990
15294377009044,15294626112410
15294547678471,15294626112410
15294547678471,15294713629082
15294547678471,15294789335082
15294714740185,15294789335082
15294714740185,15294879944923
15294714740185,15294964260281
15294714740185,15295070395660
15294966637459,15295070395660
15294966637459,15295172230546
15295071442401,15295172230546
15295071442401,15295250527692
15295071442401,15295327233859
15295328854421,15295327233859
15295328854421,15295465210278
15295328854421,15295547336679
15295548287564,15295547336679
15295548287564,15295670635459
15295548287564,15295779767013
15295672099559,15295779767013
15295672099559,15295850954871
15295672099559,15295937702751
15295672099559,15296013532392
15295938685825,15296013532392
15295938685825,15296167441074
15296061708327,15296167441074
15296061708327,15296253646348
15296061708327,15296347035901
15296061708327,15296471150975
15296348217014,15296471150975
15296472371058,15296471150975
15296472371058,15296575474062
15296472371058,15296662855197
15296663737967,15296662855197
15296663737967,15296741478053
15296663737967,15296823705725
15296912878570,15296823705725
15296912878570,15296912054324
15296912878570,15297009605743
15296912878570,15297089211087
15297090716064,15297089211087
15297090716064,15297171992493
15297090716064,15297281222050
15297090716064,15297367324578
15297282716726,15297367324578
15297282716726,15297472997237
15297393086483,15297472997237
15297393086483,15297564957198
15297393086483,15297651941941
15297566045690,15297651941941
15297566045690,15297729906822
15297566045690,15297810629625
15297811434271,15297810629625
15297811434271,15297990229359
15297811434271,15298069059419
15297991146557,15298069059419
15297991146557,15298150144365
15297991146557,15298230728431
15298231503970,15298230728431
15298231503970,15298309879117
15298231503970,15298388520123
15298231503970,15298480649031
15298389868673,15298480649031
15298389868673,15298584248423
15298505484300,15298584248423
15298505484300,15298666137148
15298505484300,15298745788923
15298667598017,15298745788923
15298667598017,15298825999674
15298667598017,15298902716922
15298903697362,15298902716922
15298903697362,15298993071674
15298903697362,15299081018496
15298903697362,15299179081312
15299081931418,15299179081312
15299192310213,15299179081312
15299192310213,15299289033013
15299192310213,15299371448191
15299373143263,15299371448191
15299373143263,15299456758874
15299373143263,15299531829533
15299533348315,15299531829533
15299533348315,15299611181361
15299533348315,15299690210672
15299533348315,15299761678834
15299762893090,15299761678834
15299762893090,15299888228773
15299762893090,15299984019584
15299889305006,15299984019584
15299889305006,15300070300780
15300071743708,15300070300780
15300071743708,15300145069451
15300071743708,15300226497209
15300071743708,15300305476661
15300307633861,15300305476661
15300307633861,15300390016104
15300307633861,15300484753832
15300486236520,15300484753832
15300486236520,15300590521829
15300598207206,15300590521829
15300598207206,15300685242344
15300598207206,15300767446825
15300768415224,15300767446825
15300768415224,15300848442684
15300768415224,15300952749427
15300768415224,15301036018479
15301037628704,15301036018479
15301037628704,15301115927349
15301037628704,15301195272551
15301196264438,15301195272551
15301196264438,15301294549699
15301196264438,15301391266651
15301308765388,15301391266651
15301308765388,15301460958808
15301540922201,15301460958808
15301540922201,15301539957775
15301540922201,15301691330470
15301692522600,15301691330470
15301692522600,15301777293907
15301692522600,15301852269372
15301929608878,15301852269372
15301929608878,15301928634689
15301929608878,15302009812762
15301929608878,15302085854795
15302086971219,15302085854795
15302086971219,15302193978435
15302200803065,15302193978435
15302200803065,15302291520074
15302200803065,15302373161115
15302200803065,15302451806496
15302453028552,15302451806496
15302453028552,15302589198232
15302590101816,15302589198232
15302590101816,15302686165291
15302590101816,15302762369079
15302590101816,15302845049006
15302845948195,15302845049006
15302845948195,15302989739524
15302990676658,15302989739524
15302990676658,15303085767127
15302990676658,15303169161175
15302990676658,15303242794970
15303243755801,15303242794970
15303243755801,15303338953047
15303243755801,15303499359705
15303366699502,15303499359705
15303366699502,15303582912290
15303366699502,15303659292718
15303660039158,15303659292718
15303660039158,15303739304984
15303765634974,15303739304984
15303765634974,15303885562009
15303765634974,15303960935852
15304044962984,15303960935852
15304044962984,15304043960837
15304044962984,15304122491884
15304044962984,15304194899314
15304195854714,15304194899314
15304195854714,15304289139271
15304303071861,15304289139271
15304303071861,15304703173829
15304303071861,15304790747811
15304303071861,15304870107993
15304871049503,15304870107993
15304871049503,15304951166139
15304986963035,15304951166139
15304986963035,15305102358092
15304986963035,15305180227189
15305250502433,15305180227189
15305250502433,15305248967417
15305250502433,15305320267833
15305250502433,15305398269618
15305399350997,15305398269618
15305399350997,15305486059961
15305399350997,15305590808081
15305512402619,15305590808081
15305512402619,15305668324948
15305512402619,15305749757650
15305750803138,15305749757650
15305750803138,15305895940745
15305896902844,15305895940745
15305896902844,15305991471763
15305896902844,15306071197058
15305896902844,15306143149017
15306144288050,15306143149017
15306144288050,15306305477593
15306144288050,15306383331690
15306384077300,15306383331690
15306384077300,15306462046866
15306384077300,15306594839176
15306499151455,15306594839176
15306499151455,15306674127280
15306745113056,15306674127280
15306745113056,15306744224896
15306745113056,15306823338229
15306745113056,15306896374672
15306897708159,15306896374672
15306897708159,15306997043885
15307006929724,15306997043885
15307006929724,15307092462204
15307006929724,15307175480457
15307006929724,15307254785661
15307255812632,15307254785661
15307255812632,15307396295616
15307255812632,15307492710404
15307397541189,15307492710404
15307397541189,15307576138385
15307397541189,15307658753949
15307659904582,15307658753949
15307659904582,15307791457440
15307792654713,15307791457440
15307792654713,15307895677462
15307792654713,15307971447840
15307896707306,15307971447840
15307896707306,15308049985072
15307896707306,15308128512473
15307896707306,15308201979337
15308129406762,15308201979337
15308129406762,15308278432098
15308129406762,15308358085698
15308279252534,15308358085698
15308433237164,15308358085698
15308433237164,15308432310518
15308433237164,15308513719505
15308433237164,15308591206879
15308592607749,15308591206879
15308592607749,15308680388625
15308592607749,15308761822551
15308762773232,15308761822551
15308762773232,15308842540166
15308762773232,15308919209307
15308920096893,15308919209307
15308920096893,15308999515026
15308920096893,15309104276990
15308920096893,15309190926553
15309193370149,15309190926553
15309193370149,15309271724195
15309305278745,15309271724195
15309305278745,15309400634430
15309305278745,15309485092936
15309485981906,15309485092936
15309485981906,15309567212738
15309485981906,15309649553288
15309650815153,15309649553288
15309650815153,15309721641219
15309650815153,15309805667274
15309650815153,15309878845033
15309879875916,15309878845033
15309879875916,15309997586644
15309998588901,15309997586644
15309998588901,15310099925577
15309998588901,15310176946050
15309998588901,15310255630819
15310256530265,15310255630819
15310256530265,15310394086752
15310256530265,15310470076845
15310471085946,15310470076845
15310471085946,15310602141635
15310471085946,15310712365251
15310603325454,15310712365251
15310603325454,15310790036620
15310603325454,15310867831067
15310791194649,15310867831067
15310791194649,15310953303544
15310791194649,15311032992452
15311034594797,15311032992452
15311034594797,15311199775954
15311034594797,15311278188056
15311279123265,15311278188056
15311279123265,15311407854374
15311279123265,15311503345087
15311408755219,15311503345087
15311408755219,15311582413216
15311659388769,15311582413216
15311659388769,15311658361046
15311659388769,15311803705016
15311659388769,15311887485818
15311659388769,15312006906791
15311888831951,15312006906791
15311888831951,15312102545389
15312007986640,15312102545389
15312007986640,15312185244807
15312007986640,15312275283051
15312186212192,15312275283051
15312186212192,15312347719734
15312186212192,15312424406956
15312186212192,15312507273129
15312425083336,15312507273129
15312425083336,15312608103848
15312425083336,15312715943158
15312609318134,15312715943158
15312609318134,15312804739475
15312723259078,15312804739475
15312723259078,15312883228386
15312884548987,15312883228386
15312884548987,15312962683220
15312884548987,15313046257870
15312884548987,15313120560190
15313121483382,15313120560190
15313121483382,15313208340997
15313225072895,15313208340997
15313225072895,15313307973923
15313225072895,15313395793064
15313225072895,15313476726625
15313477903160,15313476726625
15313477903160,15313571723362
15313593124135,15313571723362
15313593124135,15313694758413
15313593124135,15313773304503
15313850327610,15313773304503
15313850327610,15313849257911
15313850327610,15313932655995
15313850327610,15314007080144
15314008481559,15314007080144
15314008481559,15314107342810
15314118894786,15314107342810
15314118894786,15314201588001
15314118894786,15314280189729
15314281052722,15314280189729
15314281052722,15314351054848
15314281052722,15314427986325
15314428863088,15314427986325
15314428863088,15314502166392
15314428863088,15314579903728
15314660035990,15314579903728
15314660035990,15314659307072
15314660035990,15314740161026
15314660035990,15314814130809
15314815525498,15314814130809
15314815525498,15314910191190
15314815525498,15315017882773
15314923959463,15315017882773
15314923959463,15315099775158
15315100865360,15315099775158
15315100865360,15315172572068
15315100865360,15315271395634
15315351420050,15315271395634
15315351420050,15315350258914
15315351420050,15315429526012
15315351420050,15315502311120
15315503531265,15315502311120
15315503531265,15315607618995
15315608425250,15315607618995
15315608425250,15315710573766
15315608425250,15315790855017
15315608425250,15315868712516
15315608425250,15315949999005
15315869715678,15315949999005
15315974208457,15315949999005
15315974208457,15316099971215
15315974208457,15316175689867
15315974208457,15316266445961
15315974208457,15316344684579
15316267225998,15316344684579
15316378355903,15316344684579
15316378355903,15316509854651
15316378355903,15316587914945
15316588816895,15316587914945
15316588816895,15316672810294
15316588816895,15316753136389
15316754698106,15316753136389
15316754698106,15316835891149
15316754698106,15316922574975
15316754698106,15317002038231
15316754698106,15317082284391
15317002853319,15317082284391
15317002853319,15317206849113
15317119689876,15317206849113
15317119689876,15317285616528
15317119689876,15317366260786
15317286513705,15317366260786
15317286513705,15317446208262
15317286513705,15317525135910
15317447118335,15317525135910
15317447118335,15317606390981
15317447118335,15317691151266
15317607355867,15317691151266
15317607355867,15317768166972
15317769707983,15317768166972
15317769707983,15317853982306
15317769707983,15317937593477
15317769707983,15318016975011
15318018845621,15318016975011
15318018845621,15318108190170
15318122177424,15318108190170
15318122177424,15318208679839
15318122177424,15318292629819
15318294017773,15318292629819
15318294017773,15318370676275
15318443111658,15318370676275
15318443111658,15318442227955
15318443111658,15318524091082
15318443111658,15318604522493
15318606060218,15318604522493
15318606060218,15318688485385
15318606060218,15318767330429
15318845753968,15318767330429
15318845753968,15318844889746
15318845753968,15319017917660
15318845753968,15319090724788
15319091720149,15319090724788
15319091720149,15319173620839
15319209626257,15319173620839
15319209626257,15319313235765
15319209626257,15319400821466
15319402107574,15319400821466
15319402107574,15319479351310
15319558409475,15319479351310
15319558409475,15319557000325
15319558409475,15319638272532
15319558409475,15319719150662
15319720086608,15319719150662
15319720086608,15319807755302
15319720086608,15319886117705
15319887050946,15319886117705
15319887050946,15319976758933
15320055469589,15319976758933
15320055469589,15320054663921
15320055469589,15320147160667
15320055469589,15320225777673
15320226783260,15320225777673
15320226783260,15320306606136
15320226783260,15320390281466
15320226783260,15320477855962
15320478800970,15320477855962
15320478800970,15320564660049
15320573228748,15320564660049
15320573228748,15320713246660
15320573228748,15320794821321
15320795826607,15320794821321
15320795826607,15320870757751
15320944986053,15320870757751
15320944986053,15320944106202
15320944986053,15321020812646
15320944986053,15321115893841
15320944986053,15321186206832
15321187702937,15321186206832
15321187702937,15321263065952
15321300837970,15321263065952
15321300837970,15321411650781
15321300837970,15321489438498
15321490403404,15321489438498
15321490403404,15321575110612
15321653355697,15321575110612
15321653355697,15321652471606
15321653355697,15321734922978
15321653355697,15321810082378
15321653355697,15321887640171
15321888632374,15321887640171
15321888632374,15321976616436
15322011000227,15321976616436
15322011000227,15322116374971
15322011000227,15322199147060
15322200319051,15322199147060
15322200319051,15322284104056
15322200319051,15322363063859
15322364522733,15322363063859
15322364522733,15322444678631
15322364522733,15322532936867
15322534327754,15322532936867
15322534327754,15322616128213
15322534327754,15322697945753
15322534327754,15322777918884
15322778659191,15322777918884
15322778659191,15322856740304
15322903814942,15322856740304
15322903814942,15323016469017
15322903814942,15323094372010
15323095249895,15323094372010
15323095249895,15323188047202
15323095249895,15323266752711
15323343698884,15323266752711
15323343698884,15323342280497
15323343698884,15323430526208
15323343698884,15323513734790
15323514589179,15323513734790
15323514589179,15323618811715
15323514589179,15323714127755
15323623281500,15323714127755
15323623281500,15323790971872
15323792276287,15323790971872
15323792276287,15323864930562
15323944569489,15323864930562
15323944569489,15323943657930
15323944569489,15324024739881
15323944569489,15324119348974
15323944569489,15324198410457
15324199671138,15324198410457
15324199671138,15324278903395
15324311224968,15324278903395
15324311224968,15324413902788
15324311224968,15324491525311
15324311224968,15324577293624
15324492364328,15324577293624
15324492364328,15324652632936
15324492364328,15324738491598
15324653864485,15324738491598
15324653864485,15324824081819
15324653864485,15324913258399
15324824958601,15324913258399
15324824958601,15324990998865
15325074801991,15324990998865
15325074801991,15325073909666
15325074801991,15325226511273
15325228653096,15325226511273
15325228653096,15325313519039
15325228653096,15325398203987
15325228653096,15325491290930
15325399224177,15325491290930
15325399224177,15325581638354
15325399224177,15325665366952
15325582570856,15325665366952
15325582570856,15325744187396
15325745141747,15325744187396
15325745141747,15325845225664
15325745141747,15325925178443
15325745141747,15326003859559
15325745141747,15326118313705
15326004820256,15326118313705
15326004820256,15326225764298
15326119878050,15326225764298
15326119878050,15326307307536
15326119878050,15326385084569
15326119878050,15326521503807
15326386204451,15326521503807
15326386204451,15326623538738
15326522796530,15326623538738
15326522796530,15326699510673
15326522796530,15326768150209
15326769106036,15326768150209
15326769106036,15326926618499
15326769106036,15327004350676
15327006011595,15327004350676
15327006011595,15327083661179
15327122130959,15327083661179
15327122130959,15327223437024
15327122130959,15327299494660
15327122130959,15327382990704
15327383872884,15327382990704
15327383872884,15327462909088
15327499228806,15327462909088
15327499228806,15327628718359
15327629848403,15327628718359
15327629848403,15327705820268
15327629848403,15327787796605
15327629848403,15327868798178
15327952892431,15327868798178
15327952892431,15327952041953
15327952892431,15328043545628
15327952892431,15328127178804
15328128341651,15328127178804
15328128341651,15328230934195
15328238471818,15328230934195
15328238471818,15328331275693
15328238471818,15328408162746
15328238471818,15328494073754
15328495467068,15328494073754
15328495467068,15328641456849
15328642496630,15328641456849
15328642496630,15328736777798
15328642496630,15328811977209
15328642496630,15328891337802
15328892215060,15328891337802
15328892215060,15329038116747
15329039524625,15329038116747
15329039524625,15329133387800
15329039524625,15329203099875
15329287349534,15329203099875
15329287349534,15329286209459
15329287349534,15329388037559
15329287349534,15329472332357
15329473579988,15329472332357
15329473579988,15329635633263
15329473579988,15329724459679
15329636564903,15329724459679
15329636564903,15329810478833
15329636564903,15329893785614
15329636564903,15330041805063
15329894945276,15330041805063
15329894945276,15330144155874
15330042637396,15330144155874
15330042637396,15330223132988
15330042637396,15330301171076
15330042637396,15330436545178
15330302189759,15330436545178
15330302189759,15330536402964
15330437510064,15330536402964
15330437510064,15330613474866
15330437510064,15330690015976
15330691045939,15330690015976
15330691045939,15330834308944
15330691045939,15330916900668
15330835218755,15330916900668
15330835218755,15330999610301
15330835218755,15331080948171
15330835218755,15331154841335
15331000817808,15331154841335
15331000817808,15331228879123
15331000817808,15331312755485
15331229640763,15331312755485
15331229640763,15331437319559
15331341344895,15331437319559
15331341344895,15331511717925
15331341344895,15331588590139
15331589513697,15331588590139
15331589513697,15331736937939
15331589513697,15331808232322
15331589513697,15331891743255
15331809712741,15331891743255
15331809712741,15332041384941
15331924272836,15332041384941
15331924272836,15332120525464
15331924272836,15332200548238
15332121243740,15332200548238
15332121243740,15332276197933
15332277096833,15332276197933
15332277096833,15332364959626
15332277096833,15332444336608
15332277096833,15332521810566
15332277096833,15332605018387
15332522501114,15332605018387
15332522501114,15332739897581
15332637760354,15332739897581
15332637760354,15332814636454
15332637760354,15332894204253
15332895201959,15332894204253
15332895201959,15333044262057
15332895201959,15333132281095
15333045299472,15333132281095
15333045299472,15333223745660
15333045299472,15333304249429
15333225568499,15333304249429
15333225568499,15333387106937
15333225568499,15333495033084
15333388202074,15333495033084
15333388202074,15333574261249
15333388202074,15333653184942
15333575930158,15333653184942
15333575930158,15333732544509
15333575930158,15334027219572
15333575930158,15334111847940
15334028052473,15334111847940
15334028052473,15334234486873
15334139687220,15334234486873
15334139687220,15334309413558
15334139687220,15334392633043
15334393670415,15334392633043
15334393670415,15334469581905
15334393670415,15334546893915
15334393670415,15334634398688
15334547782448,15334634398688
15334547782448,15334747522193
15334547782448,15334860961791
15334748909580,15334860961791
15334748909580,15334930594411
15334748909580,15335040247728
15334931525861,15335040247728
15334931525861,15335142948622
15335043621474,15335142948622
15335043621474,15335224187726
15335043621474,15335305578613
15335307246052,15335305578613
15335307246052,15335384690425
15335402700034,15335384690425
15335402700034,15335537345531
15335402700034,15335616035454
15335402700034,15335691460120
15335692522604,15335691460120
15335692522604,15335846225082
15335692522604,15335924664159
15335925627986,15335924664159
15335925627986,15336022584317
15336040247629,15336022584317
15336040247629,15336142283513
15336040247629,15336219655304
15336040247629,15336294261474
15336295194887,15336294261474
15336295194887,15336439729452
15336295194887,15336543664871
15336440882860,15336543664871
15336440882860,15336622963529
15336440882860,15336706376185
15336440882860,15336844582117
15336707429600,15336844582117
15336845595081,15336844582117
15336845595081,15336944693412
15336845595081,15337026625802
15336845595081,15337106931970
15336845595081,15337240634574
15337108026917,15337240634574
15337108026917,15337344997438
15337241470819,15337344997438
15337346275903,15337344997438
15337346275903,15337426357936
15337346275903,15337499537058
15337346275903,15337583850301
15337346275903,15337662124947
15337664648836,15337662124947
15337664648836,15337748459750
15337664648836,15337844744158
15337845704931,15337844744158
15337845704931,15337937416797
15337949270237,15337937416797
15337949270237,15338050324896
15337949270237,15338128919718
15337949270237,15338206555610
15338207541647,15338206555610
15338367614811,15338206555610
15338367614811,15338366536181
15338367614811,15338445902878
15338367614811,15338521070269
15338367614811,15338603178276
15338367614811,15338690193298
15338604318417,15338690193298
15338604318417,15338844098123
15338715853607,15338844098123
15338715853607,15338920116395
15338715853607,15339000483100
15338920833352,15339000483100
15338920833352,15339094240421
15338920833352,15339168614640
15338920833352,15339258255952
15339169403046,15339258255952
15339169403046,15339349579664
15339169403046,15339447528264
15339350554905,15339447528264
15339458314141,15339447528264
15339458314141,15339739491092
15339458314141,15339823618084
15339458314141,15339901213598
15339902493705,15339901213598
15339902493705,15340019441774
15340020810098,15340019441774
15340020810098,15340126964419
15340020810098,15340199655517
15340020810098,15340275030965
15340276102832,15340275030965
15340276102832,15340420112921
15340420989865,15340420112921
15340420989865,15340521617346
15340420989865,15340599849080
15340420989865,15340681394876
15340683246676,15340681394876
15340683246676,15340823568333
15340824596077,15340823568333
15340824596077,15340923303670
15340824596077,15341009912536
15340824596077,15341087981526
15340824596077,15341165535917
15341088898721,15341165535917
15341088898721,15341321611217
15341202772502,15341321611217
15341202772502,15341402339260
15341202772502,15341481502191
15341202772502,15341625098828
15341482898095,15341625098828
15341482898095,15341733996165
15341626371288,15341733996165
15341626371288,15341809599981
15341626371288,15341895592456
15341811120829,15341895592456
15341811120829,15341981724894
15341811120829,15342060750263
15342061616445,15342060750263
15342061616445,15342142566029
15342061616445,15342226473146
15342061616445,15342331904519
15342227388761,15342331904519
15342227388761,15342422755780
15342227388761,15342523251084
15342423638231,15342523251084
15342423638231,15342619200467
15342535330328,15342619200467
15342535330328,15342695177540
15342535330328,15342772117651
15342535330328,15342854329057
15342772823794,15342854329057
15342772823794,15343026647380
15342886965811,15343026647380
15342886965811,15343114536926
15343027596506,15343114536926
15343027596506,15343199593378
15343027596506,15343289366218
15343027596506,15343372992694
15343027596506,15343453809339
15343374774254,15343453809339
15343374774254,15343633227755
15343482110015,15343633227755
15343482110015,15343711785923
15343634399915,15343711785923
15343634399915,15343798573591
15343634399915,15343873078237
15343634399915,15343951776407
15343634399915,15344031089787
15343952577715,15344031089787
15343952577715,15344116830496
15343952577715,15344226928180
15344117866302,15344226928180
15344117866302,15344323474695
15344228332718,15344323474695
15344228332718,15344402644661
15344228332718,15344486130524
15344228332718,15344622760240
15344487159175,15344622760240
15344487159175,15344717695582
15344624052254,15344717695582
15344624052254,15344801692492
15344624052254,15344877155358
15344624052254,15344978733261
15344878842936,15344978733261
15344878842936,15345124700534
15344995993033,15345124700534
15344995993033,15345199333768
15345126107649,15345199333768
15345126107649,15345271895854
15345126107649,15345351368828
15345126107649,15345426684706
15345126107649,15345528369086
15345427648259,15345528369086
15345427648259,15345625639350
15345542834832,15345625639350
15345542834832,15345700639561
15345542834832,15345779323402
15345780290822,15345779323402
15345780290822,15345863096266
15345898333358,15345863096266
15345898333358,15346029537164
15345898333358,15346107932534
15345898333358,15346183688187
15346184578913,15346183688187
15346184578913,15346272025160
15346308038815,15346272025160
15346308038815,15346432902114
15346308038815,15346533295223
15346308038815,15346625042323
15346626386649,15346625042323
15346626386649,15346708776596
15346734821431,15346708776596
15346734821431,15346824317650
15346734821431,15346905743344
15346906546421,15346905743344
15346906546421,15346983359459
15347063328879,15346983359459
15347063328879,15347062426830
15347063328879,15347143551686
15347063328879,15347222774903
15347223717604,15347222774903
15347223717604,15347302534047
15347223717604,15347386285345
15347461786335,15347386285345
15347461786335,15347460863445
15347461786335,15347627737058
15347461786335,15347709638883
15347710701621,15347709638883
15347710701621,15347794706899
15347826814829,15347794706899
15347826814829,15347928526324
15347826814829,15348009420808
15347826814829,15348088554006
15348089664596,15348088554006
15348089664596,15348227807407
15348228868121,15348227807407
15348228868121,15348326833006
15348228868121,15348405523770
15348228868121,15348488564349
15348489832431,15348488564349
15348489832431,15348577573925
15348603032166,15348577573925
15348603032166,15348717789093
15348603032166,15348801748757
15348603032166,15348879421100
15348880477951,15348879421100
15348880477951,15349028667976
15349029942671,15349028667976
15349029942671,15349128869449
15349029942671,15349212712258
15349029942671,15349287161345
15349288388923,15349287161345
15349288388923,15349426374403
15349427770974,15349426374403
15349427770974,15349530994889
15349427770974,15349608832016
15349679710030,15349608832016
15349679710030,15349678627257
15349679710030,15349825356928
15349826330098,15349825356928
15349826330098,15349909887741
15349826330098,15349988960519
15349989863750,15349988960519
15349989863750,15350068569244
15349989863750,15350144840665
15349989863750,15350227805494
15350145753295,15350227805494
15350145753295,15350307878975
15350145753295,15350394045887
15350145753295,15350525834903
15350395507821,15350525834903
15350395507821,15350630186583
15350530671728,15350630186583
15350530671728,15350702340187
15350530671728,15350779678543
15350781196550,15350779678543
15350781196550,15350872208374
15350781196550,15350948287212
15350781196550,15351030745664
15350949811392,15351030745664
15350949811392,15351133034997
15350949811392,15351236789026
15351133902924,15351236789026
15351133902924,15351337257083
15351238285406,15351337257083
15351238285406,15351422527301
15351238285406,15351511872431
15351238285406,15351638760931
15351513202659,15351638760931
15351513202659,15351726131729
15351639660283,15351726131729
15351639660283,15351807035905
15351639660283,15351905732580
15351906845125,15351905732580
15351906845125,15352027977971
15352029256344,15352027977971
15352029256344,15352133353764
15352029256344,15352208304072
15352029256344,15352289166701
15352290039525,15352289166701
15352290039525,15352430580480
15352431491525,15352430580480
15352431491525,15352530725110
15352431491525,15352616741250
15352431491525,15352701559753
15352702637845,15352701559753
15352702637845,15352785125513
15352831613945,15352785125513
15352831613945,15352929209308
15352831613945,15353006306445
15353088859161,15353006306445
15353088859161,15353087895289
15353088859161,15353236903588
15353237890462,15353236903588
15353237890462,15353322237404
15353237890462,15353401794494
15353403085213,15353401794494
15353403085213,15353480239701
15353403085213,15353560238509
15353561191270,15353560238509
15353561191270,15353641687932
15353561191270,15353734844810
15353735882530,15353734844810
15353735882530,15353810516920
15353735882530,15353892906148
15353893955390,15353892906148
15353893955390,15353982709636
15354070457102,15353982709636
15354070457102,15354069447174
15354070457102,15354156108006
15354070457102,15354236755830
15354070457102,15354315624251
15354316557603,15354315624251
15354316557603,15354397868086
15354432391207,15354397868086
15354432391207,15354543994579
15354545365346,15354543994579
15354545365346,15354633157354
15354545365346,15354709794893
15354545365346,15354800954367
15354876323698,15354800954367
15354876323698,15354874854452
15354876323698,15355034836962
15355036050001,15355034836962
15355036050001,15355116592165
15355036050001,15355199957311
15355201649700,15355199957311
15355201649700,15355276787770
15355201649700,15355358508303
15355201649700,15355440532528
15355441700289,15355440532528
15355441700289,15355542813142
15355552683126,15355542813142
15355552683126,15355639260336
15355552683126,15355731576385
15355552683126,15355803772961
15355805123936,15355803772961
15355805123936,15355936804305
15355938480615,15355936804305
15355938480615,15356038807670
15355938480615,15356120560022
15356121703941,15356120560022
15356121703941,15356210310560
15356121703941,15356297866152
15356324618674,15356297866152
15356324618674,15356405443625
15356324618674,15356491686891
15356492506473,15356491686891
15356492506473,15356566738663
15356492506473,15356644530578
15356492506473,15356725758529
15356726749938,15356725758529
15356726749938,15356807767771
15356840373595,15356807767771
15356840373595,15356935015835
15356840373595,15357008723892
15357009606006,15357008723892
15357009606006,15357083758286
15357009606006,15357166328225
15357167299088,15357166328225
15357167299088,15357246790579
15357167299088,15357328864879
15357167299088,15357410743588
15357411537132,15357410743588
15357411537132,15357492494803
15357411537132,15357638322272
15357506868324,15357638322272
15357506868324,15357728507267
15357729849445,15357728507267
15357729849445,15357810632241
15357729849445,15357910742048
15357912105323,15357910742048
15357912105323,15357991498395
15357912105323,15358069138826
15358070398665,15358069138826
15358070398665,15358178033876
15358070398665,15358270116934
15358070398665,15358351085401
15358070398665,15358449872212
15358352259921,15358449872212
15358352259921,15358548894957
15358462579944,15358548894957
15358462579944,15358621981130
15358462579944,15358697417112
15358462579944,15358768472967
15358622973092,15358768472967
15358622973092,15358850979841
15358769365247,15358850979841
15358769365247,15358927258997
15358769365247,15359006846493
15358928108973,15359006846493
15358928108973,15359086286935
15358928108973,15359161632321
15358928108973,15359251464623
15359162326185,15359251464623
15359162326185,15359351894394
15359262269718,15359351894394
15359262269718,15359439546499
15359262269718,15359523142652
15359262269718,15359647807717
15359524293405,15359647807717
15359524293405,15359754806557
15359648770561,15359754806557
15359648770561,15359834678767
15359648770561,15359910364445
15359911490220,15359910364445
15359911490220,15359991177900
15360029453399,15359991177900
15360029453399,15360154759271
15360156221385,15360154759271
15360156221385,15360234575081
15360156221385,15360310675497
15360156221385,15360390939435
15360156221385,15360472942923
15360473875129,15360472942923
15360473875129,15360654383664
15360655592393,15360654383664
15360655592393,15360736588811
15360655592393,15360817682278
15360818600768,15360817682278
15360818600768,15360896334849
15360818600768,15360970610842
15360971717018,15360970610842
15360971717018,15361055826806
15360971717018,15361142028111
15360971717018,15361226690306
15361227903264,15361226690306
15361227903264,15361356151144
15361227903264,15361456913359
15361357027321,15361456913359
15361357027321,15361527346089
15361608597487,15361527346089
15361608597487,15361607631054
15361608597487,15361750434822
15361608597487,15361825521012
15361826550768,15361825521012
15361826550768,15361958948614
15361959809835,15361958948614
15361959809835,15362057295017
15361959809835,15362136072105
15362137446488,15362136072105
15362137446488,15362214702628
15362137446488,15362288327130
15362137446488,15362365962816
15362366654970,15362365962816
15362366654970,15362456771678
15362474479565,15362456771678
15362474479565,15362555731787
15362474479565,15362641296693
15362474479565,15362719961502
15362721890674,15362719961502
15362721890674,15362849294487
15362721890674,15362958063807
15362851070879,15362958063807
15362851070879,15363033517435
15363110353581,15363033517435
15363110353581,15363109091526
15363110353581,15363193596366
15363110353581,15363273210312
15363274259480,15363273210312
15363274259480,15363352253413
15363274259480,15363460123290
15363461392169,15363460123290
15363461392169,15363557187668
15363461392169,15363657696417
15363658962373,15363657696417
15363658962373,15363754837228
15363771386312,15363754837228
15363771386312,15363857943571
15363771386312,15363928669118
15363771386312,15364011722259
15363929544741,15364011722259
15363929544741,15364086264457
15363929544741,15364162056060
15363929544741,15364270317907
15364163601570,15364270317907
15364163601570,15364357063914
15364163601570,15364458265019
15364358287214,15364458265019
15364358287214,15364555201851
15364471380266,15364555201851
15364471380266,15364635160422
15364636012624,15364635160422
15364636012624,15364713721456
15364636012624,15364792485492
15364636012624,15364874245287
15364875203080,15364874245287
15364875203080,15364956970676
15364875203080,15365072727235
15364875203080,15365161227442
15365074269108,15365161227442
15365074269108,15365258156887
15365074269108,15365351916743
15365259183522,15365351916743
15365259183522,15365455033872
15365370328958,15365455033872
15365370328958,15365530994062
15365531888051,15365530994062
15365531888051,15365612124691
15365531888051,15365689643999
15365691046561,15365689643999
15365691046561,15365769514326
15365691046561,15365863629390
15365691046561,15365937869286
15365691046561,15366056488432
15365938796165,15366056488432
15365938796165,15366155095589
15366057552659,15366155095589
15366057552659,15366233604759
15366057552659,15366310054979
15366234625104,15366310054979
15366234625104,15366386631252
15366234625104,15366465598132
15366387509813,15366465598132
15366387509813,15366557139389
15366387509813,15366637335315
15366387509813,15366757631672
15366638271936,15366757631672
15366638271936,15366863383482
15366758681934,15366863383482
15366758681934,15366941440030
15366758681934,15367022792867
15366758681934,15367108010777
15367023695875,15367108010777
15367134527209,15367108010777
15367134527209,15367257831727
15367134527209,15367343953735
15367345518010,15367343953735
15367345518010,15367432169510
15367345518010,15367515891339
15367590666903,15367515891339
15367590666903,15367589990538
15367590666903,15367670277580
15367590666903,15367762077215
15367763276758,15367762077215
15367763276758,15367861639562
15367874872523,15367861639562
15367874872523,15367969942182
15367874872523,15368069223212
15367874872523,15368149080791
15368150148106,15368149080791
15368150148106,15368266213880
15368269926871,15368266213880
15368269926871,15368367670513
15368269926871,15368440169742
15368517812002,15368440169742
15368517812002,15368516745881
15368517812002,15368670182850
15368517812002,15368740417039
15368741723692,15368740417039
15368741723692,15368818449655
15368843994584,15368818449655
15368843994584,15368970497838
15368843994584,15369062820122
15369063788286,15369062820122
15369063788286,15369146271555
15369223383956,15369146271555
15369223383956,15369222395461
15369223383956,15369301629206
15369223383956,15369385197551
15369223383956,15369466060791
15369466852908,15369466060791
15369466852908,15369570554177
15369574926300,15369570554177
15369574926300,15369667424491
15369574926300,15369753532305
15369574926300,15369828677911
15369830786068,15369828677911
15369830786068,15369963725139
15369964827831,15369963725139
15369964827831,15370073473444
15369964827831,15370153574382
15369964827831,15370238254988
15370238977954,15370238254988
15370238977954,15370356636429
15370357544522,15370356636429
15370357544522,15370474992326
15370357544522,15370555789839
15370357544522,15370633841580
15370635042054,15370633841580
15370635042054,15370773744497
15370775638480,15370773744497
15370775638480,15370882061308
15370775638480,15370960086430
15370775638480,15371044631782
15371045579728,15371044631782
15371045579728,15371176478218
15371177290159,15371176478218
15371177290159,15371269354168
15371177290159,15371347980980
15371177290159,15371425903021
15371427013707,15371425903021
15371427013707,15371505975518
15371539761132,15371505975518
15371539761132,15371668930798
15371539761132,15371756600086
15371539761132,15371834600318
15371836131606,15371834600318
15371836131606,15371915452580
15371944111815,15371915452580
15371944111815,15372070424958
15371944111815,15372144911567
15372145914294,15372144911567
15372145914294,15372217590053
15372145914294,15372294398802
15372145914294,15372371113809
15372371816051,15372371113809
15372371816051,15372466679782
15372481500793,15372466679782
15372481500793,15372569281530
15372481500793,15372645033156
15372481500793,15372724213981
15372724961195,15372724213981
15372724961195,15372806500478
15372838156240,15372806500478
15372838156240,15372963563870
15372964718340,15372963563870
15372964718340,15373048030732
15372964718340,15373122783230
15372964718340,15373203780390
15372964718340,15373282396666
15373283391049,15373282396666
15373283391049,15373364546856
15373283391049,15373465985587
15373283391049,15373541528637
15373466861012,15373541528637
15373572652004,15373541528637
15373572652004,15373669847752
15373572652004,15373761094237
15373762569496,15373761094237
15373762569496,15373861738940
15373762569496,15373954094622
15373955593965,15373954094622
15373955593965,15374029467076
15373955593965,15374107594427
15373955593965,15374187502505
15374188221810,15374187502505
15374188221810,15374269842129
15374188221810,15374366166559
15374367550865,15374366166559
15374367550865,15374469605774
15374477743154,15374469605774
15374477743154,15374563892943
15374477743154,15374642730392
15374643824437,15374642730392
15374643824437,15374725480813
15374802460200,15374725480813
15374802460200,15374800878462
15374802460200,15374884040023
15374802460200,15374966176021
15374802460200,15375044165932
15375045345051,15375044165932
15375045345051,15375123533743
15375158905520,15375123533743
15375158905520,15375279913797
15375158905520,15375350143327
15375351236202,15375350143327
15375351236202,15375431137804
15375508805813,15375431137804
15375508805813,15375507897297
15375508805813,15375585937277
15375508805813,15375665694196
15375508805813,15375746235249
15375747089886,15375746235249
15375747089886,15375870457391
15375871247194,15375870457391
15375871247194,15375969634601
15375871247194,15376046905025
15376047985624,15376046905025
15376047985624,15376127442934
15376206574410,15376127442934
15376206574410,15376205694714
15376206574410,15376286252615
15376206574410,15376363247630
15376364434572,15376363247630
15376364434572,15376436656454
15376364434572,15376516037935
15376517489238,15376516037935
15376517489238,15376607104439
15376517489238,15376681558942
15376683069387,15376681558942
15376683069387,15376795697439
15376683069387,15376881876616
15376683069387,15376957968412
15376959190439,15376957968412
15376959190439,15377072077974
15377072960894,15377072077974
15377072960894,15377175949121
15377072960894,15377259460881
15377260746304,15377259460881
15377260746304,15377347819972
15377260746304,15377419241414
15377496552919,15377419241414
15377496552919,15377495830100
15377496552919,15377579790010
15377496552919,15377669377972
15377671376919,15377669377972
15377671376919,15377772461990
15377783482572,15377772461990
15377783482572,15377873771556
15377783482572,15377955157448
15377956464288,15377955157448
15377956464288,15378033588317
15377956464288,15378119352384
15377956464288,15378198795128
15378120621976,15378198795128
15378120621976,15378280762116
15378282106626,15378280762116
15378282106626,15378376581487
15378282106626,15378457405390
15378282106626,15378534648962
15378535411871,15378534648962
15378535411871,15378619826430
15378645277354,15378619826430
15378645277354,15378774393270
15378645277354,15378857921992
15378645277354,15378940640039
15378941792258,15378940640039
15378941792258,15379024158846
15379054962414,15379024158846
15379054962414,15379174897835
15379054962414,15379257564177
15379259146245,15379257564177
15379259146245,15379338385031
15379259146245,15379423669977
15379424638205,15379423669977
15379424638205,15379502020410
15379424638205,15379581156409
15379582222571,15379581156409
15379582222571,15379674833295
15379582222571,15379750799439
15379582222571,15379829128823
15379830066904,15379829128823
15379830066904,15379978172093
15379979078868,15379978172093
15379979078868,15380072264721
15379979078868,15380148839750
15379979078868,15380223698832
15380225170184,15380223698832
15380225170184,15380318198152
15380354601686,15380318198152
15380354601686,15380480880879
15380354601686,15380555659735
15380354601686,15380637445416
15380638626987,15380637445416
15380638626987,15380721620990
15380742453508,15380721620990
15380742453508,15380866149068
15380867383473,15380866149068
15380867383473,15380944999095
15380867383473,15381020945037
15381106543147,15381020945037
15381106543147,15381105481648
15381106543147,15381196911667
15381106543147,15381277874835
15381278734238,15381277874835
15381278734238,15381363406326
15381278734238,15381438662041
15381440222873,15381438662041
15381440222873,15381519476915
15381440222873,15381599070473
15381440222873,15381680525817
15381681269066,15381680525817
15381681269066,15381778566105
15381681269066,15381874730327
15381876244737,15381874730327
15381876244737,15381979992500
15381995689508,15381979992500
15381995689508,15382080746149
15381995689508,15382161416915
15382162818408,15382161416915
15382162818408,15382245409085
15382162818408,15382331520814
15382332446179,15382331520814
15382332446179,15382413485747
15382332446179,15382494913357
15382495698677,15382494913357
15382495698677,15382583342450
15382495698677,15382656691560
15382657579495,15382656691560
15382657579495,15382735086212
15382657579495,15382822218227
15382657579495,15382905873982
15382906847431,15382905873982
15382906847431,15382989603977
15382906847431,15383079772116
15383081214581,15383079772116
15383081214581,15383180325678
15383187955066,15383180325678
15383187955066,15383283426977
15383187955066,15383364716723
15383366128120,15383364716723
15383366128120,15383448705728
15383366128120,15383535740190
15383366128120,15383610188099
15383610912086,15383610188099
15383610912086,15383688738466
15383610912086,15383768492519
15383769402556,15383768492519
15383769402556,15383874544755
15383875632279,15383874544755
15383875632279,15383980504783
15383875632279,15384067134754
15383875632279,15384152189384
15384153364054,15384152189384
15384153364054,15384287307758
15384288522045,15384287307758
15384288522045,15384381506675
15384288522045,15384459328418
15384460365496,15384459328418
15384460365496,15384546446666
15384460365496,15384627948126
15384628960947,15384627948126
15384628960947,15384728757012
15384811720567,15384728757012
15384811720567,15384810225398
15384811720567,15384894359558
15384811720567,15384979891109
15384811720567,15385059864800
15385061074833,15385059864800
15385061074833,15385144215721
15385169041055,15385144215721
15385169041055,15385276420816
15385169041055,15385352138399
15385435893664,15385352138399
15385435893664,15385434885610
15385435893664,15385576636193
15385435893664,15385655844838
15385656729680,15385655844838
15385656729680,15385747033088
15385775206660,15385747033088
15385775206660,15385878813255
15385775206660,15385955437305
15385775206660,15386039147251
15386040045769,15386039147251
15386040045769,15386183960150
15386185337881,15386183960150
15386185337881,15386289243457
15386185337881,15386373156582
15386185337881,15386449514578
15386450582481,15386449514578
15386450582481,15386529920181
15386567317286,15386529920181
15386567317286,15386683048821
15386567317286,15386766165015
15386567317286,15386844821090
15386845835364,15386844821090
15386845835364,15386976847644
15386977700117,15386976847644
15386977700117,15387069757272
15386977700117,15387137735754
15387202266487,15387137735754
15387202266487,15387201314006
15387202266487,15387380447671
15387381828474,15387380447671
15387381828474,15387465079294
15387381828474,15387540536542
15387381828474,15387621856558
15387541660708,15387621856558
15387541660708,15387700785365
15387701681336,15387700785365
15387701681336,15387784436610
15387701681336,15387861116685
15387862773952,15387861116685
15387862773952,15387958682782
15387862773952,15388044998191
15387862773952,15388124916673
15387862773952,15388200285238
15388046164491,15388200285238
15388046164491,15388287412930
15388201217919,15388287412930
15388201217919,15388366593436
15388201217919,15388443761473
15388201217919,15388522203831
15388444594329,15388522203831
15388444594329,15388677694886
15388550847185,15388677694886
15388550847185,15388751983914
15388550847185,15388832918147
15388833995667,15388832918147
15388833995667,15388916269561
15388833995667,15388993955075
15388833995667,15389082493027
15388995310256,15389082493027
15388995310256,15389181104536
15389100606399,15389181104536
15389100606399,15389256015181
15389100606399,15389335031683
15389336030509,15389335031683
15389336030509,15389479529179
15389336030509,15389553311856
15389554550440,15389553311856
15389554550440,15389688355348
15389689359190,15389688355348
15389689359190,15389792056099
15389689359190,15389867145750
15389689359190,15389947841376
15389949296925,15389947841376
15389949296925,15390035833920
15390066658949,15390035833920
15390066658949,15390191126553
15390066658949,15390272447419
15390066658949,15390355221528
15390066658949,15390438054798
15390355891302,15390438054798
15390355891302,15390590281911
15390467760211,15390590281911
15390467760211,15390668286190
15390467760211,15390741841709
15390742790382,15390741841709
15390742790382,15390833113720
15390742790382,15390989320980
15390860321280,15390989320980
15390860321280,15391071680645
15390990395609,15391071680645
15390990395609,15391149057517
15390990395609,15391251247740
15390990395609,15391327074704
15391328595712,15391327074704
15391328595712,15391485828524
15391328595712,15391565363920
15391566062147,15391565363920
15391566062147,15391643593914
15391671293956,15391643593914
15391671293956,15391792823715
15391671293956,15391893157310
15391793930162,15391893157310
15391793930162,15391970968552
15391793930162,15392048981317
15392050092540,15392048981317
15392050092540,15392130291580
15392050092540,15392215353967
15392050092540,15392292403573
15392293071066,15392292403573
15392293071066,15392380633288
15392293071066,15392488456489
15392489527630,15392488456489
15392489527630,15392584906451
15392489527630,15392678948543
15392679828435,15392678948543
15392679828435,15392781549803
15392791947763,15392781549803
15392791947763,15392891076323
15392791947763,15392972016683
15392791947763,15393044511121
15393046031680,15393044511121
15393046031680,15393184372755
15393185377118,15393184372755
15393185377118,15393282343726
15393185377118,15393369627195
15393185377118,15393450474421
15393451768099,15393450474421
15393451768099,15393593153480
15393594155973,15393593153480
15393594155973,15393692155456
15393594155973,15393769602770
15393594155973,15393852146833
15393853538760,15393852146833
15393853538760,15393933577468
15393958416018,15393933577468
15393958416018,15394093580740
15393958416018,15394171929526
15393958416018,15394246268985
15394246960531,15394246268985
15394246960531,15394330123815
15394371505114,15394330123815
15394371505114,15394492822420
15394493735160,15394492822420
15394493735160,15394583921543
15394493735160,15394662740992
15394493735160,15394742440703
15394822614763,15394742440703
15394822614763,15394821906878
15394822614763,15394897947033
15394822614763,15394985029032
15394986916076,15394985029032
15394986916076,15395099204179
15395101053350,15395099204179
15395101053350,15395190621227
15395101053350,15395271586529
15395101053350,15395353429787
15395354304042,15395353429787
15395354304042,15395434191548
15395463159997,15395434191548
15395463159997,15395592088752
15395593663925,15395592088752
15395593663925,15395679665737
15395593663925,15395773042987
15395593663925,15395858560165
15395940120711,15395858560165
15395940120711,15395938444251
15395940120711,15396086318021
15396087804070,15396086318021
15396087804070,15396168023321
15396087804070,15396242918962
15396320519005,15396242918962
15396320519005,15396319712734
15396320519005,15396492739225
15396493614343,15396492739225
15396493614343,15396574477589
15396493614343,15396652028402
15396653451372,15396652028402
15396653451372,15396736406314
15396653451372,15396814047863
15396814873947,15396814047863
15396814873947,15396895453562
15396814873947,15396993247684
15396994176221,15396993247684
15396994176221,15397071314748
15396994176221,15397153652154
15397154896473,15397153652154
15397154896473,15397244952886
15397329011463,15397244952886
15397329011463,15397328147440
15397329011463,15397415326028
15397329011463,15397511397794
15397512963882,15397511397794
15397512963882,15397602087613
15397512963882,15397702087742
15397512963882,15397791075563
15397792543644,15397791075563
15397792543644,15397891578623
15397898426982,15397891578623
15397898426982,15397992880028
15397898426982,15398065592730
15397898426982,15398151044931
15398152081244,15398151044931
15398152081244,15398228662716
15398255932415,15398228662716
15398255932415,15398392990607
15398394489743,15398392990607
15398394489743,15398471851707
15398394489743,15398548805573
15398394489743,15398629540996
15398394489743,15398708216097
15398709374568,15398708216097
15398709374568,15398809491958
15398709374568,15398902399012
15398903296722,15398902399012
15398903296722,15398996756819
15398903296722,15399098661225
15399099998464,15399098661225
15399099998464,15399194897573
15399099998464,15399287203519
15399288366135,15399287203519
15399288366135,15399393904466
15399395186358,15399393904466
15399395186358,15399492858187
15399395186358,15399572039760
15399573717785,15399572039760
15399573717785,15399653000760
15399573717785,15399730601106
15399573717785,15399805044778
15399805744689,15399805044778
15399805744689,15399898572244
15399910506970,15399898572244
15399910506970,15400009518403
15399910506970,15400086385363
15399910506970,15400169341034
15400170427007,15400169341034
15400170427007,15400303453422
15400304298762,15400303453422
15400304298762,15400394734549
15400304298762,15400476072835
15400304298762,15400555818713
15400556829713,15400555818713
15400556829713,15400696690870
15400698050010,15400696690870
15400698050010,15400797597586
15400698050010,15400877184498
15400698050010,15400957255994
15400958394792,15400957255994
15400958394792,15401039346874
15401078412748,15401039346874
15401078412748,15401191770170
15401192821356,15401191770170
15401192821356,15401268409262
15401192821356,15401346145091
15401192821356,15401421325690
15401192821356,15401498960291
15401499833818,15401498960291
15401499833818,15401577089219
15401614020687,15401577089219
15401614020687,15401703219396
15401614020687,15401790821102
15401614020687,15401869432149
15401870436300,15401869432149
15401870436300,15401951786543
15401980582460,15401951786543
15401980582460,15402097282152
15401980582460,15402171616097
15401980582460,15402269286879
15402270350301,15402269286879
15402270350301,15402356669981
15402395666934,15402356669981
15402395666934,15402493435881
15402395666934,15402576673977
15402657932870,15402576673977
15402657932870,15402656907888
15402657932870,15402795960536
15402797183268,15402795960536
15402797183268,15402872795308
15402797183268,15402954181430
15402955235228,15402954181430
15402955235228,15403039653713
15403120823161,15403039653713
15403120823161,15403119849571
15403120823161,15403203595015
15403120823161,15403299466546
15403300325188,15403299466546
15403300325188,15403376468009
15403300325188,15403450154161
15403527477787,15403450154161
15403527477787,15403526596942
15403527477787,15403698283708
15403527477787,15403774571548
15403775265250,15403774571548
15403775265250,15403864783352
15403898284688,15403864783352
15403898284688,15404006199668
15403898284688,15404078519073
15403898284688,15404152320058
15404153572112,15404152320058
15404153572112,15404236957155
15404266726424,15404236957155
15404266726424,15404398978655
15404266726424,15404483554009
15404266726424,15404562653718
15404563682445,15404562653718
15404563682445,15404645160050
15404673131742,15404645160050
15404673131742,15404808495167
15404673131742,15404890440232
15404673131742,15404965278156
15404966449026,15404965278156
15404966449026,15405049301385
15405089695044,15405049301385
15405089695044,15405209931873
15405210772640,15405209931873
15405210772640,15405295834149
15405210772640,15405369699225
15405210772640,15405446395858
15405521528301,15405446395858
15405521528301,15405520449682
15405521528301,15405608320826
15405521528301,15405697108837
15405698085986,15405697108837
15405698085986,15405792775229
15405810439575,15405792775229
15405810439575,15405910881839
15405810439575,15405991967740
15405810439575,15406073026531
15406074126840,15406073026531
15406074126840,15406195444172
15406196505046,15406195444172
15406196505046,15406299781926
15406196505046,15406378453431
15406196505046,15406464537187
15406466055457,15406464537187
15406466055457,15406602220678
15406603150024,15406602220678
15406603150024,15406705753563
15406603150024,15406785303244
15406603150024,15406870169085
15406871592706,15406870169085
15406871592706,15406952382956
15406979364959,15406952382956
15406979364959,15407107201670
15406979364959,15407187518412
15406979364959,15407265732847
15407266730197,15407265732847
15407266730197,15407347194228
15407378898412,15407347194228
15407378898412,15407500233592
15407501169420,15407500233592
15407501169420,15407584788064
15407501169420,15407662009439
15407742635894,15407662009439
15407742635894,15407741198179
15407742635894,15407829367054
15407742635894,15407908769580
15407742635894,15407987654363
15407989468889,15407987654363
15407989468889,15408071576912
15408086715525,15408071576912
15408086715525,15408201148093
15408086715525,15408275784479
15408356101374,15408275784479
15408356101374,15408355135607
15408356101374,15408503267351
15408504149856,15408503267351
15408504149856,15408577559067
15408504149856,15408658423530
15408659621999,15408658423530
15408659621999,15408745361253
15408827362134,15408745361253
15408827362134,15408826468261
15408827362134,15408910265686
15408827362134,15408996598545
15408997456005,15408996598545
15408997456005,15409082107078
15408997456005,15409167757453
15409244625540,15409167757453
15409244625540,15409243775776
15409244625540,15409331544840
15409244625540,15409415984003
15409416985488,15409415984003
15409416985488,15409505022459
15409517717880,15409505022459
15409517717880,15409603645043
15409517717880,15409686408726
15409517717880,15409767732228
15409768650426,15409767732228
15409768650426,15409909233692
15409910168486,15409909233692
15409910168486,15410011426630
15409910168486,15410099419162
15409910168486,15410171773576
15410172643444,15410171773576
15410326458484,15410171773576
15410326458484,15410324868430
15410326458484,15410412293002
15410326458484,15410500818702
15410502209811,15410500818702
15410502209811,15410581201592
15410502209811,15410659111511
15410738751176,15410659111511
15410738751176,15410737864631
15410738751176,15410825957435
15410738751176,15410904385771
15410905526388,15410904385771
15410905526388,15411008941778
15411009923655,15411008941778
15411009923655,15411106392417
15411009923655,15411191368374
15411009923655,15411264611151
15411265865306,15411264611151
15411265865306,15411407499809
15411408779069,15411407499809
15411408779069,15411509723284
15411408779069,15411599511596
15411408779069,15411668746689
15411669620967,15411668746689
15411669620967,15411800265198
15411801649747,15411800265198
15411801649747,15411914775452
15411801649747,15411992775964
15411801649747,15412073569798
15412074637048,15412073569798
15412074637048,15412205039378
15412205867502,15412205039378
15412205867502,15412304324187
15412205867502,15412393832337
15412205867502,15412466125393
15412467127317,15412466125393
15412467127317,15412607493084
15412608412214,15412607493084
15412608412214,15412705981881
15412608412214,15412784551587
15412785470031,15412784551587
15412785470031,15412866991617
15412950082217,15412866991617
15412950082217,15412948562538
15412950082217,15413027961873
15412950082217,15413100364116
15413101181790,15413100364116
15413101181790,15413182916155
15413101181790,15413269621519
15413271014262,15413269621519
15413271014262,15413361568480
15413437204448,15413361568480
15413437204448,15413435901460
15413437204448,15413517441222
15413437204448,15413593692508
15413594918674,15413593692508
15413594918674,15413671974922
15413594918674,15413749776025
15413594918674,15413827311015
15413828256720,15413827311015
15413828256720,15414005621267
15413828256720,15414086648935
15414087684441,15414086648935
15414087684441,15414205934615
15414206933730,15414205934615
15414206933730,15414310840939
15414206933730,15414387926343
15414389398402,15414387926343
15414389398402,15414459906878
15414389398402,15414543146130
15414389398402,15414620977763
15414621911537,15414620977763
15414621911537,15414706184650
15414621911537,15414809552659
15414810411525,15414809552659
15414810411525,15414912185057
15414810411525,15415023119823
15415024380143,15415023119823
15415024380143,15415114091091
15415024380143,15415206314237
15415207314616,15415206314237
15415207314616,15415305370256
15415312980449,15415305370256
15415312980449,15415412903043
15415312980449,15415488586676
15415312980449,15415568338265
15415570658743,15415568338265
15415570658743,15415708247663
15415709207151,15415708247663
15415709207151,15415803581326
15415709207151,15415877338008
15415878208891,15415877338008
15415878208891,15415958316653
15416033735203,15415958316653
15416033735203,15416032862623
15416033735203,15416112969352
15416033735203,15416182254500
15416183191475,15416182254500
15416183191475,15416264254590
15416183191475,15416347780565
15416436624402,15416347780565
15416436624402,15416435665655
15416436624402,15416611097831
15416436624402,15416694344245
15416696000623,15416694344245
15416696000623,15416768499323
15416808630887,15416768499323
15416808630887,15416911165602
15416808630887,15416987513867
15417056584462,15416987513867
15417056584462,15417055253784
15417056584462,15417131571238
15417056584462,15417212777463
15417214134209,15417212777463
15417214134209,15417309196779
15417323205707,15417309196779
15417323205707,15417409149028
15417323205707,15417489633314
15417490489205,15417489633314
15417490489205,15417577356364
15417657540637,15417577356364
15417657540637,15417655647052
15417657540637,15417736682303
15417657540637,15417818806132
15417657540637,15417899622715
15417900907743,15417899622715
15417900907743,15418009488511
15418010352775,15418009488511
15418010352775,15418118901724
15418010352775,15418199880986
15418201202676,15418199880986
15418201202676,15418287117374
15418201202676,15418380211844
15418381227456,15418380211844
15418381227456,15418470394891
15418560440627,15418470394891
15418560440627,15418559413733
15418560440627,15418641630978
15418560440627,15418726176864
15418560440627,15418821505009
15418822706391,15418821505009
15418822706391,15418909698434
15418822706391,15419011641542
15419012699326,15419011641542
15419012699326,15419114492014
15419124427394,15419114492014
15419124427394,15419209653045
15419124427394,15419295868639
15419124427394,15419377824023
15419379362969,15419377824023
15419379362969,15419511623139
15419512663523,15419511623139
15419512663523,15419606932600
15419512663523,15419687595731
15419688834728,15419687595731
15419688834728,15419768294947
15419850626263,15419768294947
15419850626263,15419849654190
15419850626263,15419933937392
15419850626263,15420008959195
15419850626263,15420091353407
15420092395767,15420091353407
15420092395767,15420173289929
15420200379296,15420173289929
15420200379296,15420315138598
15420200379296,15420391197721
15420392537277,15420391197721
15420392537277,15420472750935
15420392537277,15420550288895
15420392537277,15420629856199
15420630626672,15420629856199
15420630626672,15420711266840
15420630626672,15420804646038
15420806320814,15420804646038
15420806320814,15420920110932
15420921884535,15420920110932
15420921884535,15421019395407
15420921884535,15421100251927
15420921884535,15421178239688
15421201053299,15421178239688
15421201053299,15421312048869
15421312961322,15421312048869
15421312961322,15421413273845
15421312961322,15421496215772
15421498064922,15421496215772
15421498064922,15421593151576
15421498064922,15421680661421
15421682016621,15421680661421
15421682016621,15421770707597
15421855614276,15421770707597
15421855614276,15421853748501
15421855614276,15421923215182
15421855614276,15422008451393
15421855614276,15422083499908
15422084442232,15422083499908
15422084442232,15422206727037
15422207780526,15422206727037
15422207780526,15422310915617
15422207780526,15422391326707
15422392254425,15422391326707
15422392254425,15422469807993
15422550140258,15422469807993
15422550140258,15422549288620
15422550140258,15422636872553
15422550140258,15422714414557
15422715361354,15422714414557
15422715361354,15422804326492
15422715361354,15422880770502
15422881679502,15422880770502
15422881679502,15422965067497
15423046050334,15422965067497
15423046050334,15423045200121
15423046050334,15423133834851
15423046050334,15423214718293
15423215719137,15423214718293
15423215719137,15423291797440
15423215719137,15423366525443
15423215719137,15423443798596
15423444853087,15423443798596
15423444853087,15423612016227
15423444853087,15423694022979
15423694893817,15423694022979
15423694893817,15423771146362
15423802209652,15423771146362
15423802209652,15423918454241
15423802209652,15424003148925
15424004518022,15424003148925
15424004518022,15424094767896
15424004518022,15424180827869
15424181674731,15424180827869
15424181674731,15424266493359
15424181674731,15424347430067
15424181674731,15424430749601
15424431612222,15424430749601
15424431612222,15424524317888
15424431612222,15424611941062
15424612904576,15424611941062
15424612904576,15424718092304
15424721080575,15424718092304
15424721080575,15424805595055
15424721080575,15424883112462
15424721080575,15424964785649
15424721080575,15425036013437
15424884476769,15425036013437
15424884476769,15425212576118
15425213574442,15425212576118
15425213574442,15425320593137
15425335304400,15425320593137
15425335304400,15425416008651
15425335304400,15425492930361
15425493752399,15425492930361
15425493752399,15425574099829
15425657857215,15425574099829
15425657857215,15425656743531
15425657857215,15425733730160
15425657857215,15425806355209
15425657857215,15425880339315
15425881354454,15425880339315
15425881354454,15425960398767
15425991686817,15425960398767
15425991686817,15426110093135
15425991686817,15426192356274
15426193266317,15426192356274
15426193266317,15426268164189
15426349606850,15426268164189
15426349606850,15426348297387
15426349606850,15426426738932
15426349606850,15426514049092
15426349606850,15426588720463
15426589550098,15426588720463
15426589550098,15426711443203
15426712676518,15426711443203
15426712676518,15426813342054
15426712676518,15426892166618
15426893119645,15426892166618
15426893119645,15426974951739
15426893119645,15427054175744
15426893119645,15427135604491
15427136318575,15427135604491
15427136318575,15427221827563
15427136318575,15427319602829
15427320554200,15427319602829
15427320554200,15427425101541
15427432336618,15427425101541
15427432336618,15427525822697
15427432336618,15427601200620
15427602997927,15427601200620
15427602997927,15427680134177
15427765157010,15427680134177
15427765157010,15427763556405
15427765157010,15427848594235
15427765157010,15427935620801
15427765157010,15428014981189
15428015828516,15428014981189
15428015828516,15428093801537
15428125860997,15428093801537
15428125860997,15428217602828
15428125860997,15428308482504
15428125860997,15428381208963
15428382188155,15428381208963
15428382188155,15428460347970
15428499974935,15428460347970
15428499974935,15428616933447
15428499974935,15428696417415
15428499974935,15428774215273
15428775503704,15428774215273
15428878173871,15428774215273
15428878173871,15428855668149
15428878173871,15429026626015
15428878173871,15429101714438
15428878173871,15429187532873
15429189132674,15429187532873
15429189132674,15429276241231
15429307531701,15429276241231
15429307531701,15429408752255
15429307531701,15429477780412
15429478654031,15429477780412
15429478654031,15429558608727
15429478654031,15429632881066
15429633818261,15429632881066
15429633818261,15429714644552
15429633818261,15429804333625
15429633818261,15429878013670
15429878880948,15429878013670
15429878880948,15430018547078
15430020284064,15430018547078
15430020284064,15430119953657
15430020284064,15430197609565
15430199127357,15430197609565
15430199127357,15430280384954
15430199127357,15430360306865
15430361138412,15430360306865
15430361138412,15430438202719
15430361138412,15430528423458
15430361138412,15430613528681
15430615566459,15430613528681
15430615566459,15430729359705
15430730220619,15430729359705
15430730220619,15430813729071
15430730220619,15430892028779
15430730220619,15430974405329
15430975076947,15430974405329
15430975076947,15431055949901
15431095426765,15431055949901
15431095426765,15431218138991
15431095426765,15431296533709
15431371378520,15431296533709
15431371378520,15431370667911
15431371378520,15431458960253
15431371378520,15431539197532
15431540271651,15431539197532
15431540271651,15431623312658
15431540271651,15431721015823
15431721830198,15431721015823
15431721830198,15431825898462
15431833354471,15431825898462
15431833354471,15431922430121
15431833354471,15432000800078
15432001883422,15432000800078
15432001883422,15432087191596
15432001883422,15432169801136
15432001883422,15432250931043
15432251960899,15432250931043
15432251960899,15432334836986
15432251960899,15432424622084
15432426212382,15432424622084
15432426212382,15432528438536
15432529296370,15432528438536
15432529296370,15432618135218
15432529296370,15432692964112
15432771036189,15432692964112
15432771036189,15432770119410
15432771036189,15432918889237
15432920227300,15432918889237
15432920227300,15432997987377
15432920227300,15433074098727
15433075666036,15433074098727
15433075666036,15433160389119
15433075666036,15433233675489
15433075666036,15433311427201
15433312279217,15433311427201
15433312279217,15433399603645
15433312279217,15433526948088
15433528050492,15433526948088
15433528050492,15433619769702
15433635657268,15433619769702
15433635657268,15433746324013
15433635657268,15433826814689
15433827755792,15433826814689
15433827755792,15433915054652
15433827755792,15433989799252
15433990725013,15433989799252
15433990725013,15434068956572
15433990725013,15434146287284
15434147184978,15434146287284
15434147184978,15434239202625
15434147184978,15434330207672
15434147184978,15434408686043
15434410695232,15434408686043
15434410695232,15434538804864
15434539730283,15434538804864
15434539730283,15434636433252
15434539730283,15434720918121
15434539730283,15434801936417
15434803030262,15434801936417
15434803030262,15434893447159
15434927277961,15434893447159
15434927277961,15435032775659
15434927277961,15435124577521
15434927277961,15435205793712
15435206905858,15435205793712
15435206905858,15435297124032
15435328362081,15435297124032
15435328362081,15435436189888
15435328362081,15435515515004
15435516826397,15435515515004
15435516826397,15435596717024
15435516826397,15435679735288
15435758910904,15435679735288
15435758910904,15435758182226
15435758910904,15435854808323
15435758910904,15435935525012
15435936679008,154