15284137203835,15284356749737
15284357964285,15284356749737
15284357964285,15284461082770
15284466805733,15284461082770
15284466805733,15284565109544
15284466805733,15284641467197
15284642405551,15284641467197
15284642405551,15284724385132
15284642405551,15284807922009
15284886194202,15284807922009
15284886194202,15284885104487
15284886194202,15285059079328
15284886194202,15285141073786
15285142162666,15285141073786
15285142162666,15285261583617
15285262947736,15285261583617
15285262947736,15285391021208
15285262947736,15285466265695
15285262947736,15285546973239
15285548997297,15285546973239
15285548997297,15285623624498
15285661185833,15285623624498
15285661185833,15285758586612
15285661185833,15285837669096
15285838564289,15285837669096
15285838564289,15285916018126
15285838564289,15285991409713
15285992399780,15285991409713
15285992399780,15286073409694
15285992399780,15286154875217
15286155883432,15286154875217
15286155883432,15286237243092
15286155883432,15286318265975
15286155883432,15286400375988
15286319243439,15286400375988
15286319243439,15286488956518
15286489855858,15286488956518
15286489855858,15286569925227
15286489855858,15286653157205
15286654081936,15286653157205
15286654081936,15286733251716
15286654081936,15286813503075
15286814466902,15286813503075
15286814466902,15286914648093
15286814466902,15287000852144
15286814466902,15287078251447
15287079198544,15287078251447
15287079198544,15287167465330
15287079198544,15287265783514
15287267647109,15287265783514
15287267647109,15287344696706
15287384319019,15287344696706
15287384319019,15287466747834
15287384319019,15287547185450
15287548644090,15287547185450
15287548644090,15287626559320
15287548644090,15287710912213
15287548644090,15287783826116
15287784559296,15287783826116
15287784559296,15287869221423
15287784559296,15287962274338
15287963699201,15287962274338
15287963699201,15288089118004
15288090093538,15288089118004
15288090093538,15288174356026
15288090093538,15288251132015
15288090093538,15288329377541
15288330399000,15288329377541
15288330399000,15288434139042
15288464601513,15288434139042
15288464601513,15288559198984
15288464601513,15288642116295
15288643321014,15288642116295
15288643321014,15288731626058
15288643321014,15288804511442
15288643321014,15288885047088
15288885911867,15288885047088
15288885911867,15288968247481
15288885911867,15289062040894
15289062984278,15289062040894
15289062984278,15289194408193
15289062984278,15289281765447
15289282467652,15289281765447
15289282467652,15289370929825
15289282467652,15289478849495
15289480243875,15289478849495
15289480243875,15289608567249
15289480243875,15289688827160
15289690069505,15289688827160
15289690069505,15289797713079
15289690069505,15289872945781
15289874069221,15289872945781
15290016201340,15289872945781
15290016201340,15290014778640
15290016201340,15290100201392
15290016201340,15290172603028
15290016201340,15290250259108
15290251241553,15290250259108
15290251241553,15290328770167
15290361559277,15290328770167
15290361559277,15290470224615
15290361559277,15290551820561
15290361559277,15290633376372
15290634602415,15290633376372
15290634602415,15290725562728
15290752893024,15290725562728
15290752893024,15290885631026
15290752893024,15290970271757
15290752893024,15291049660907
15291050576849,15291049660907
15291050576849,15291139500485
15291160877517,15291139500485
15291160877517,15291262054469
15291160877517,15291344712241
15291346310901,15291344712241
15291346310901,15291430677771
15291346310901,15291508707017
15291510132399,15291508707017
15291510132399,15291618373547
15291510132399,15291701875825
15291510132399,15291780108073
15291780992617,15291780108073
15291780992617,15291871885971
15291889555285,15291871885971
15291889555285,15291973823226
15291889555285,15292064193424
15292065565263,15292064193424
15292065565263,15292142486215
15292065565263,15292214960138
15292065565263,15292290973295
15292292321441,15292290973295
15292292321441,15292369626120
15292292321441,15292465642344
15292466556254,15292465642344
15292466556254,15292592804836
15292594611625,15292592804836
15292594611625,15292680759219
15292594611625,15292761175880
15292762231656,15292761175880
15292762231656,15292843187367
15292762231656,15292914765030
15292762231656,15292997698432
15292998553401,15292997698432
15292998553401,15293085684994
15292998553401,15293163255377
15293164398118,15293163255377
15293164398118,15293300395930
15293301618648,15293300395930
15293301618648,15293389209680
15293301618648,15293466379215
15293467232735,15293466379215
15293467232735,15293546079226
15293467232735,15293622185402
15293467232735,15293697966781
15293698683363,15293697966781
15293698683363,15293797931048
15293698683363,15293881082856
15293882345717,15293881082856
15293882345717,15293996241570
15293882345717,15294072421786
15294073719509,15294072421786
15294073719509,15294161038657
15294187183194,15294161038657
15294187183194,15294266968037
15294187183194,15294353701788
15294187183194,15294435226519
15294435974754,15294435226519
15294435974754,15294520646073
15294549973527,15294520646073
15294549973527,15294675508546
15294549973527,15294746302786
15294747394048,15294746302786
15294747394048,15294823298624
15294747394048,15294899941777
15294900901283,15294899941777
15294900901283,15294979341810
15294900901283,15295054642012
15294900901283,15295133852894
15294900901283,15295215454747
15295134663117,15295215454747
15295244389817,15295215454747
15295244389817,15295380340099
15295244389817,15295454996661
15295456455336,15295454996661
15295456455336,15295542013316
15295456455336,15295615636576
15295616490144,15295615636576
15295616490144,15295697925574
15295616490144,15295774644038
15295616490144,15295844890493
15295846016910,15295844890493
15295846016910,15295926231436
15295956799172,15295926231436
15295956799172,15296069281726
15295956799172,15296160382983
15296161485505,15296160382983
15296161485505,15296253864761
15296161485505,15296342930439
15296161485505,15296417279133
15296418447514,15296417279133
15296418447514,15296499464460
15296520756038,15296499464460
15296520756038,15296705124974
15296706179529,15296705124974
15296706179529,15296826193061
15296706179529,15296916869737
15296827169699,15296916869737
15296827169699,15297000710523
15296827169699,15297076361362
15296827169699,15297148207554
15296827169699,15297224371612
15297226052690,15297224371612
15297226052690,15297391547055
15297226052690,15297478501310
15297480068861,15297478501310
15297480068861,15297612768759
15297613605970,15297612768759
15297613605970,15297703698139
15297613605970,15297786049203
15297613605970,15297863751380
15297864499681,15297863751380
15297864499681,15297967093899
15298000285684,15297967093899
15298000285684,15298097364061
15298000285684,15298182159352
15298183537955,15298182159352
15298183537955,15298260314326
15298183537955,15298338642120
15298339549219,15298338642120
15298339549219,15298418519969
15298339549219,15298502481587
15298339549219,15298584293050
15298585169196,15298584293050
15298585169196,15298670302090
15298700560344,15298670302090
15298700560344,15298799112382
15298700560344,15298877478219
15298878362615,15298877478219
15298878362615,15298961466344
15298878362615,15299043383667
15298878362615,15299120850702
15299044244314,15299120850702
15299044244314,15299201307546
15299202410423,15299201307546
15299202410423,15299276764475
15299202410423,15299353544421
15299354513273,15299353544421
15299354513273,15299451550532
15299354513273,15299530453397
15299611259335,15299530453397
15299611259335,15299609372122
15299611259335,15299696943706
15299611259335,15299811862284
15299812884622,15299811862284
15299812884622,15299903972359
15299812884622,15299994391875
15299812884622,15300102462522
15299995897517,15300102462522
15299995897517,15300200081381
15300110899780,15300200081381
15300110899780,15300284473566
15300285357599,15300284473566
15300285357599,15300363080998
15300442734519,15300363080998
15300442734519,15300441841661
15300442734519,15300518831489
15300442734519,15300592212468
15300442734519,15300672672085
15300673697743,15300672672085
15300673697743,15300805938347
15300807303373,15300805938347
15300807303373,15300911839087
15300807303373,15300993264138
15300994520566,15300993264138
15300994520566,15301080131291
15300994520566,15301161792417
15301163481359,15301161792417
15301163481359,15301248367969
15301331362644,15301248367969
15301331362644,15301330187477
15301331362644,15301410898498
15301331362644,15301484023967
15301331362644,15301565443421
15301566783835,15301565443421
15301566783835,15301644033274
15301681692080,15301644033274
15301681692080,15301800215584
15301681692080,15301874635444
15301875561639,15301874635444
15301875561639,15301955951093
15301875561639,15302036825444
15301875561639,15302114417306
15301875561639,15302205088046
15302115098691,15302205088046
15302115098691,15302307109702
15302115098691,15302404771782
15302308704222,15302404771782
15302308704222,15302509736612
15302417451940,15302509736612
15302417451940,15302588775653
15302417451940,15302670148162
15302671015380,15302670148162
15302814997649,15302670148162
15302814997649,15302814088451
15302814997649,15302911157140
15302814997649,15302989706661
15302814997649,15303066736077
15303067622188,15303066736077
15303067622188,15303216723421
15303217552602,15303216723421
15303217552602,15303296421958
15303217552602,15303374499132
15303217552602,15303454303995
15303455017631,15303454303995
15303455017631,15303529656611
15303621686374,15303529656611
15303621686374,15303620880736
15303621686374,15303716185854
15303621686374,15303805307662
15303806203345,15303805307662
15303806203345,15303913351712
15303918933596,15303913351712
15303918933596,15304010959122
15303918933596,15304103492955
15303918933596,15304181900523
15304183210589,15304181900523
15304183210589,15304259349698
15304292911843,15304259349698
15304292911843,15304702801739
15304292911843,15304793272267
15304794590700,15304793272267
15304794590700,15304875881981
15304794590700,15304955913439
15304956886259,15304955913439
15304956886259,15305039588902
15304956886259,15305115468846
15304956886259,15305184204636
15305185138253,15305184204636
15305185138253,15305254552995
15305292523003,15305254552995
15305292523003,15305463134464
15305292523003,15305542184901
15305622593322,15305542184901
15305622593322,15305621656698
15305739786670,15305621656698
15305739786670,15305718965051
15305739786670,15305816265709
15305739786670,15305892461054
15305893433055,15305892461054
15305893433055,15305972738235
15305893433055,15306055226555
15306133161830,15306055226555
15306133161830,15306131698230
15306245755326,15306131698230
15306245755326,15306228571898
15306245755326,15306331824823
15306245755326,15306409515172
15306245755326,15306490366607
15306491431395,15306490366607
15306491431395,15306627574651
15306716967169,15306627574651
15306716967169,15306715621463
15306837251756,15306715621463
15306837251756,15306836158746
15306837251756,15306931951263
15306837251756,15307008373698
15307009245693,15307008373698
15307009245693,15307086620353
15307009245693,15307168809162
15307170175492,15307168809162
15307170175492,15307254459876
15307170175492,15307330140679
15307331101736,15307330140679
15307331101736,15307410598063
15307331101736,15307490364140
15307491378148,15307490364140
15307491378148,15307577540422
15307491378148,15307654953605
15307491378148,15307730079121
15307730815718,15307730079121
15307730815718,15307810202728
15307839354651,15307810202728
15307839354651,15307939866910
15307839354651,15308019717065
15307839354651,15308094725872
15308095728917,15308094725872
15308095728917,15308251983445
15308332252031,15308251983445
15308332252031,15308331277033
15308332252031,15308414771891
15308448755137,15308414771891
15308448755137,15308549804801
15308448755137,15308635230258
15308448755137,15308711338541
15308712391614,15308711338541
15308853869784,15308711338541
15308853869784,15308851585227
15308853869784,15308945602989
15308853869784,15309023135064
15308853869784,15309104474699
15309105483754,15309104474699
15309247865064,15309104474699
15309247865064,15309246993157
15309247865064,15309351354157
15309432781411,15309351354157
15309432781411,15309431726140
15309432781411,15309511335689
15309432781411,15309590191399
15309591567409,15309590191399
15309591567409,15309667976636
15309591567409,15309745715516
15309591567409,15309826066056
15309591567409,15309910548153
15309827058016,15309910548153
15309942908190,15309910548153
15309942908190,15310043797982
15309942908190,15310124842615
15309942908190,15310205117589
15310206463300,15310205117589
15310352071611,15310205117589
15310352071611,15310351148439
15310352071611,15310441371290
15310352071611,15310515477263
15310352071611,15310591691873
15310592510067,15310591691873
15310592510067,15310685835424
15310592510067,15310760696044
15310761727279,15310760696044
15310761727279,15310855198539
15310761727279,15310950265747
15310951238927,15310950265747
15310951238927,15311048173099
15311069891095,15311048173099
15311069891095,15311146789808
15311069891095,15311223979601
15311069891095,15311299388613
15311300375055,15311299388613
15311300375055,15311449783138
15311300375055,15311529671309
15311530829555,15311529671309
15311530829555,15311615725132
15311644622744,15311615725132
15311644622744,15311746144690
15311644622744,15311827456123
15311644622744,15311911634157
15311912322778,15311911634157
15311912322778,15311991837502
15312026170158,15311991837502
15312026170158,15312147369504
15312026170158,15312245302812
15312026170158,15312324059543
15312325212724,15312324059543
15312325212724,15312413211402
15312442875898,15312413211402
15312442875898,15312548350716
15312549822021,15312548350716
15312549822021,15312645523357
15312549822021,15312721083612
15312549822021,15312798577694
15312799706546,15312798577694
15312799706546,15312874975321
15312799706546,15312950736394
15312799706546,15313025820268
15313026909850,15313025820268
15313153067975,15313025820268
15313153067975,15313152217640
15313153067975,15313246997301
15313327910480,15313246997301
15313327910480,15313326725496
15313327910480,15313411022998
15313327910480,15313491259105
15313492293460,15313491259105
15313492293460,15313581202716
15313492293460,15313658318676
15313659359012,15313658318676
15313659359012,15313759521891
15313659359012,15313840552658
15313659359012,15313915352002
15313916669144,15313915352002
15314049240637,15313915352002
15314049240637,15314048342169
15314049240637,15314153058020
15314229130261,15314153058020
15314229130261,15314227910587
15314229130261,15314314684845
15314229130261,15314391584979
15314393151081,15314391584979
15314393151081,15314479965451
15314393151081,15314557621036
15314636754764,15314557621036
15314636754764,15314636018667
15314636754764,15314723897789
15314759062471,15314723897789
15314759062471,15314855880188
15314759062471,15314941939147
15314759062471,15315020103412
15315021022942,15315020103412
15315021022942,15315100231193
15315136912273,15315100231193
15315136912273,15315271454926
15315351669563,15315271454926
15315351669563,15315350503638
15315351669563,15315432478958
15315351669563,15315509204043
15315510050642,15315509204043
15315510050642,15315589315905
15315510050642,15315668782968
15315669980692,15315668782968
15315669980692,15315752313595
15315835917735,15315752313595
15315835917735,15315834787114
15315835917735,15315920378062
15315835917735,15316004391785
15316006416205,15316004391785
15316006416205,15316085156722
15316006416205,15316170069761
15316006416205,15316253233596
15316171682469,15316253233596
15316171682469,15316335141254
15316336176778,15316335141254
15316336176778,15316411559965
15316336176778,15316488888806
15316336176778,15316564551028
15316336176778,15316672607717
15316565256384,15316672607717
15316762106707,15316672607717
15316762106707,15316760543505
15316762106707,15316850238680
15316872147213,15316850238680
15316872147213,15316959985602
15317037714413,15316959985602
15317037714413,15317036161870
15317037714413,15317109752031
15317037714413,15317193938049
15317195524820,15317193938049
15317195524820,15317279636077
15317195524820,15317365057205
15317366667316,15317365057205
15317366667316,15317449971117
15317366667316,15317525415959
15317366667316,15317606379917
15317607112603,15317606379917
15317607112603,15317691035343
15317719841363,15317691035343
15317719841363,15317853881332
15317939397486,15317853881332
15317939397486,15317938484943
15317939397486,15318028740870
15317939397486,15318108207968
15318109128079,15318108207968
15318109128079,15318184432480
15318109128079,15318264955634
15318265872528,15318264955634
15318265872528,15318348656895
15318265872528,15318429561519
15318430558934,15318429561519
15318430558934,15318509327822
15318430558934,15318590115918
15318591128072,15318590115918
15318591128072,15318668672560
15318747508938,15318668672560
15318747508938,15318746239989
15318747508938,15318823433468
15318747508938,15318903533074
15318904551590,15318903533074
15318904551590,15318980042803
15319057294826,15318980042803
15319057294826,15319056411220
15319057294826,15319137269267
15319057294826,15319213118263
15319214439423,15319213118263
15319214439423,15319291835109
15319214439423,15319370779869
15319371906414,15319370779869
15319371906414,15319455432046
15319371906414,15319533425727
15319371906414,15319627600476
15319534434206,15319627600476
15319534434206,15319710425681
15319534434206,15319801691676
15319711696714,15319801691676
15319711696714,15319879520479
15319711696714,15319974786634
15319881406401,15319974786634
15319881406401,15320054641627
15319881406401,15320143743434
15319881406401,15320224029033
15320055608430,15320224029033
15320055608430,15320303642410
15320055608430,15320384475582
15320304512248,15320384475582
15320304512248,15320460108669
15320461235043,15320460108669
15320461235043,15320557679547
15320461235043,15320682330018
15320571538213,15320682330018
15320571538213,15320768974562
15320571538213,15320840313044
15320571538213,15320922879146
15320841868246,15320922879146
15320959680902,15320922879146
15320959680902,15321050144921
15320959680902,15321128318488
15320959680902,15321210194567
15321211334879,15321210194567
15321353684835,15321210194567
15321353684835,15321352492110
15321353684835,15321459097796
15321541999839,15321459097796
15321541999839,15321540878921
15321541999839,15321624435842
15321541999839,15321703076826
15321704042403,15321703076826
15321704042403,15321787049781
15321704042403,15321867116002
15321704042403,15321954518995
15321956411517,15321954518995
15321956411517,15322057571036
15322063824710,15322057571036
15322063824710,15322160447067
15322063824710,15322240983847
15322063824710,15322313538171
15322063824710,15322391509010
15322314317936,15322391509010
15322314317936,15322469343851
15322470336789,15322469343851
15322470336789,15322563658535
15322655551077,15322563658535
15322655551077,15322654068024
15322655551077,15322757233104
15322860068695,15322757233104
15322860068695,15322858969056
15322966182651,15322858969056
15322966182651,15322959371632
15322966182651,15323059423150
15323142321793,15323059423150
15323142321793,15323141388086
15323142321793,15323220767672
15323142321793,15323309991378
15323142321793,15323383208809
15323384104916,15323383208809
15323384104916,15323466384439
15323560784078,15323466384439
15323560784078,15323559194654
15323671970967,15323559194654
15323671970967,15323669110400
15323671970967,15323749621727
15323671970967,15323829531314
15323830394267,15323829531314
15323830394267,15323912613242
15323830394267,15323988502199
15323989368623,15323988502199
15323989368623,15324072204726
15323989368623,15324152771208
15323989368623,15324235117234
15324235972986,15324235117234
15324235972986,15324316114128
15324348096354,15324316114128
15324348096354,15324458472485
15324348096354,15324541990390
15324348096354,15324613040705
15324543223031,15324613040705
15324543223031,15324694804748
15324543223031,15324772685320
15324774080935,15324772685320
15324774080935,15324861226168
15324774080935,15324962144388
15324963266582,15324962144388
15325070839547,15324962144388
15325070839547,15325062553002
15325070839547,15325153295044
15325070839547,15325235499339
15325236491924,15325235499339
15325236491924,15325320507628
15325236491924,15325395918957
15325236491924,15325488912965
15325489933778,15325488912965
15325489933778,15325575479752
15325489933778,15325672077090
15325672913679,15325672077090
15325672913679,15325756549151
15325672913679,15325895905270
15325897160397,15325895905270
15325897160397,15326061324798
15326145309315,15326061324798
15326145309315,15326144454198
15326145309315,15326226466610
15326258904214,15326226466610
15326258904214,15326357604314
15326258904214,15326436528259
15326258904214,15326512666435
15326514036717,15326512666435
15326514036717,15326593982048
15326633342157,15326593982048
15326633342157,15326760427699
15326633342157,15326837658950
15326633342157,15326919746179
15326838729627,15326919746179
15326838729627,15326992811820
15326838729627,15327081978389
15326994266656,15327081978389
15326994266656,15327165433687
15326994266656,15327247379825
15327249158055,15327247379825
15327249158055,15327368104769
15327369293505,15327368104769
15327369293505,15327459323401
15327369293505,15327536414892
15327369293505,15327618816584
15327537275191,15327618816584
15327537275191,15327698204428
15327537275191,15327786532000
15327699452508,15327786532000
15327699452508,15327863889516
15327699452508,15327945602941
15327946875241,15327945602941
15327946875241,15328066267346
15328067425266,15328066267346
15328067425266,15328155592273
15328067425266,15328233275821
15328067425266,15328317958207
15328318993180,15328317958207
15328459098759,15328317958207
15328459098759,15328458019583
15328459098759,15328561136467
15328459098759,15328643175603
15328644059245,15328643175603
15328644059245,15328724890272
15328644059245,15328801534454
15328644059245,15328884571100
15328802759900,15328884571100
15328802759900,15328954294304
15328802759900,15329037968752
15329038949479,15329037968752
15329162062165,15329037968752
15329162062165,15329161101214
15329162062165,15329259497713
15329162062165,15329338063227
15329339323669,15329338063227
15329339323669,15329420727135
15329339323669,15329497611113
15329568556931,15329497611113
15329568556931,15329567838521
15329568556931,15329660823986
15329568556931,15329768631275
15329682099486,15329768631275
15329682099486,15329846783705
15329682099486,15329935096750
15329936123928,15329935096750
15329936123928,15330009648426
15330041657292,15330009648426
15330041657292,15330163032275
15330041657292,15330246324473
15330041657292,15330326728549
15330327509021,15330326728549
15330327509021,15330404414653
15330446797757,15330404414653
15330446797757,15330558142136
15330446797757,15330636989568
15330637897937,15330636989568
15330637897937,15330712165624
15330637897937,15330789473823
15330790487268,15330789473823
15330790487268,15330876458354
15330790487268,15330964079534
15330790487268,15331052695168
15331054515385,15331052695168
15331054515385,15331132308955
15331171909211,15331132308955
15331171909211,15331279805332
15331171909211,15331354572745
15331171909211,15331427339681
15331428313490,15331427339681
15331428313490,15331509144650
15331588195654,15331509144650
15331588195654,15331586997955
15331691361153,15331586997955
15331691361153,15331676064208
15331691361153,15331775704013
15331691361153,15331852396782
15331853272222,15331852396782
15331853272222,15331931364244
15331853272222,15332012160712
15332013458812,15332012160712
15332013458812,15332092124646
15332013458812,15332187021244
15332013458812,15332268256606
15332269502393,15332268256606
15332269502393,15332380234716
15332478360495,15332380234716
15332478360495,15332477450907
15332588805199,15332477450907
15332588805199,15332586075585
15332588805199,15332675212399
15332588805199,15332755259775
15332588805199,15332833905584
15332834842599,15332833905584
15332981115731,15332833905584
15332981115731,15332980223595
15332981115731,15333063215409
15332981115731,15333151211314
15332981115731,15333227855482
15333229056808,15333227855482
15333229056808,15333311696174
15333346080722,15333311696174
15333346080722,15333493546198
15333570752208,15333493546198
15333570752208,15333569150161
15333570752208,15333653985209
15333570752208,15333732970231
15333570752208,15333816071733
15333816777271,15333816071733
15333816777271,15333891033158
15333978510282,15333891033158
15333978510282,15333977372934
15334081235224,15333977372934
15334081235224,15334076852378
15334081235224,15334180195374
15334081235224,15334264797997
15334081235224,15334346373909
15334347353173,15334346373909
15334479547110,15334346373909
15334479547110,15334477997996
15334479547110,15334583262139
15334479547110,15334658861745
15334660211976,15334658861745
15334660211976,15334751780492
15334660211976,15334825507877
15334660211976,15334907274755
15334907998486,15334907274755
15334907998486,15334994952183
15335072065841,15334994952183
15335072065841,15335071163287
15335184824207,15335071163287
15335184824207,15335182868286
15335184824207,15335278242640
15335184824207,15335356187532
15335184824207,15335429573118
15335430302330,15335429573118
15335430302330,15335511954410
15335555710147,15335511954410
15335555710147,15335681465727
15335555710147,15335757025449
15335758535979,15335757025449
15335758535979,15335847197673
15335758535979,15335929560077
15335930916769,15335929560077
15335930916769,15336024595943
15335930916769,15336101811204
15336103414913,15336101811204
15336103414913,15336187144650
15336103414913,15336262379514
15336263297414,15336262379514
15336263297414,15336337248565
15336263297414,15336419989254
15336421151419,15336419989254
15336421151419,15336500175514
15336421151419,15336581197494
15336582253132,15336581197494
15336582253132,15336660808510
15336582253132,15336742279366
15336582253132,15336818896156
15336819629872,15336818896156
15336819629872,15336904921313
15336977882049,15336904921313
15336977882049,15336976915920
15337087467101,15336976915920
15337087467101,15337080730089
15337087467101,15337182702402
15337087467101,15337285461079
15337087467101,15337358366982
15337359449587,15337358366982
15337359449587,15337435844347
15337473462434,15337435844347
15337473462434,15337583544367
15337473462434,15337662082527
15337663607275,15337662082527
15337663607275,15337748932237
15337663607275,15337830715341
15337832205435,15337830715341
15337832205435,15337914982737
15337832205435,15337995788277
15338084474249,15337995788277
15338084474249,15338082832044
15338084474249,15338165924445
15338202967276,15338165924445
15338202967276,15338301765670
15338202967276,15338407735731
15338408948740,15338407735731
15338408948740,15338489521370
15338408948740,15338577409740
15338408948740,15338664699203
15338666386651,15338664699203
15338782127234,15338664699203
15338782127234,15338780617742
15338782127234,15338885510775
15338782127234,15338964789290
15338782127234,15339045497845
15339046708114,15339045497845
15339046708114,15339125442209
15339164212878,15339125442209
15339164212878,15339280126188
15339164212878,15339358068835
15339164212878,15339437621575
15339164212878,15339518330998
15339438788366,15339518330998
15339438788366,15339826577078
15339827524742,15339826577078
15339827524742,15339921023483
15339925848742,15339921023483
15339925848742,15340025108270
15339925848742,15340098694919
15339925848742,15340168334237
15340169392059,15340168334237
15340169392059,15340317108504
15340317965243,15340317108504
15340317965243,15340391569505
15340317965243,15340472075701
15340472929113,15340472075701
15340472929113,15340553138470
15340472929113,15340634085672
15340635125553,15340634085672
15340635125553,15340716010077
15340635125553,15340799851905
15340635125553,15340875840721
15340876595971,15340875840721
15340876595971,15340959901707
15340876595971,15341115699096
15340994790953,15341115699096
15340994790953,15341206109495
15341116948414,15341206109495
15341116948414,15341290720569
15341116948414,15341367152001
15341443908997,15341367152001
15341443908997,15341443006806
15341443908997,15341530759931
15341443908997,15341625359932
15341626791070,15341625359932
15341626791070,15341732062157
15341738682502,15341732062157
15341738682502,15341816502948
15341738682502,15341900232490
15341738682502,15341981686935
15341982731277,15341981686935
15341982731277,15342119032790
15342120636782,15342119032790
15342120636782,15342226927054
15342227778948,15342226927054
15342227778948,15342319563839
15342227778948,15342394946900
15342227778948,15342470729099
15342547695538,15342470729099
15342547695538,15342546272079
15342547695538,15342722687451
15342547695538,15342803433690
15342804112842,15342803433690
15342804112842,15342883142649
15342912167903,15342883142649
15342912167903,15343027671536
15342912167903,15343119386141
15342912167903,15343199312531
15343200833568,15343199312531
15343200833568,15343333015220
15343333916263,15343333015220
15343333916263,15343421651471
15343333916263,15343502461394
15343333916263,15343587865632
15343589079234,15343587865632
15343589079234,15343728772670
15343729657597,15343728772670
15343729657597,15343818107120
15343729657597,15343897094312
15343729657597,15343976958595
15343978319515,15343976958595
15343978319515,15344066151816
15344112013763,15344066151816
15344112013763,15344231128079
15344112013763,15344323392576
15344112013763,15344400763755
15344402116345,15344400763755
15344402116345,15344480943753
15344513157104,15344480943753
15344513157104,15344621864060
15344513157104,15344703659641
15344513157104,15344790958255
15344513157104,15344869428061
15344792366788,15344869428061
15344792366788,15345023884148
15344899698559,15345023884148
15344899698559,15345103248819
15345024737460,15345103248819
15345024737460,15345179154109
15345024737460,15345258633975
15345024737460,15345333922897
15345335512867,15345333922897
15345335512867,15345417206778
15345335512867,15345528232977
15345335512867,15345625675931
15345529181952,15345625675931
15345529181952,15345717988756
15345529181952,15345823268524
15345718966891,15345823268524
15345718966891,15345930966041
15345824199781,15345930966041
15345824199781,15346002292447
15345824199781,15346078051736
15346079343008,15346078051736
15346079343008,15346161759717
15346189253142,15346161759717
15346189253142,15346348125491
15346189253142,15346421998879
15346189253142,15346493754333
15346495473229,15346493754333
15346495473229,15346628666040
15346495473229,15346720668697
15346629796587,15346720668697
15346629796587,15346802284599
15346803232419,15346802284599
15346803232419,15346880624025
15346803232419,15346966620027
15346967809480,15346966620027
15346967809480,15347039504616
15346967809480,15347128564190
15346967809480,15347211657109
15347212605447,15347211657109
15347212605447,15347295386873
15347325309851,15347295386873
15347325309851,15347424867816
15347325309851,15347503073841
15347325309851,15347572752666
15347325309851,15347714311836
15347573687225,15347714311836
15347573687225,15347820203074
15347715200324,15347820203074
15347715200324,15347904378937
15347715200324,15347983535126
15347984364607,15347983535126
15347984364607,15348062240304
15347984364607,15348140975168
15347984364607,15348230499470
15348141950727,15348230499470
15348141950727,15348327010170
15348243736827,15348327010170
15348243736827,15348405632666
15348243736827,15348484625048
15348243736827,15348627170227
15348486152648,15348627170227
15348486152648,15348723586055
15348628096628,15348723586055
15348628096628,15348797242571
15348628096628,15348879377341
15348798473753,15348879377341
15348958397944,15348879377341
15348958397944,15348957465010
15348958397944,15349055631782
15348958397944,15349131816950
15349132668287,15349131816950
15349132668287,15349212592233
15349132668287,15349308897121
15349309715462,15349308897121
15349309715462,15349385049875
15349462644318,15349385049875
15349462644318,15349461667709
15349462644318,15349547431209
15349462644318,15349623618271
15349624557391,15349623618271
15349624557391,15349714983974
15349624557391,15349798968322
15349799829238,15349798968322
15349799829238,15349874982144
15349799829238,15349948577394
15349799829238,15350031125170
15350032217194,15350031125170
15350032217194,15350139787283
15350142151679,15350139787283
15350142151679,15350231329552
15350142151679,15350308639075
15350309533997,15350308639075
15350309533997,15350389651348
15350309533997,15350491073860
15350569194222,15350491073860
15350569194222,15350568116601
15350569194222,15350660600295
15350569194222,15350746747688
15350747594073,15350746747688
15350747594073,15350829304701
15350747594073,15350925123673
15350925984253,15350925123673
15350925984253,15351030828876
15350925984253,15351138943859
15351039368998,15351138943859
15351039368998,15351208980836
15351039368998,15351281245490
15351209959815,15351281245490
15351209959815,15351370211340
15351371108300,15351370211340
15351371108300,15351448868836
15351371108300,15351522024365
15351371108300,15351597663626
15351371108300,15351677178856
15351598468161,15351677178856
15351706886745,15351677178856
15351706886745,15351852774229
15351706886745,15351937060522
15351706886745,15352019892032
15352021949397,15352019892032
15352021949397,15352102228016
15352021949397,15352234238203
15352136804126,15352234238203
15352136804126,15352311801178
15352136804126,15352388062546
15352389501523,15352388062546
15352389501523,15352469842478
15352506387520,15352469842478
15352506387520,15352631270111
15352632447746,15352631270111
15352632447746,15352709827533
15352632447746,15352790270966
15352632447746,15352872065100
15352632447746,15352949610318
15352950496291,15352949610318
15352950496291,15353034084105
15352950496291,15353125432294
15352950496291,15353236885340
15353126828974,15353236885340
15353238547441,15353236885340
15353238547441,15353361890497
15353238547441,15353443596782
15353238547441,15353524563123
15353238547441,15353640453878
15353526056080,15353640453878
15353641796204,15353640453878
15353641796204,15353735346344
15353641796204,15353811761477
15353641796204,15353898147362
15353899047632,15353898147362
15353899047632,15353989260433
15353899047632,15354130771069
15354013885351,15354130771069
15354013885351,15354206139189
15354287639013,15354206139189
15354287639013,15354286651457
15354287639013,15354430507912
15354287639013,15354513275656
15354514135136,15354513275656
15354514135136,15354604265714
15354634616398,15354604265714
15354634616398,15354734455100
15354634616398,15354832767118
15354634616398,15354908677041
15354909655311,15354908677041
15354909655311,15354989120543
15355018860414,15354989120543
15355018860414,15355131875585
15355018860414,15355212304274
15355213207217,15355212304274
15355213207217,15355298701100
15355213207217,15355382442813
15355459230044,15355382442813
15355459230044,15355457622756
15355459230044,15355543135150
15355459230044,15355645628244
15355646758357,15355645628244
15355646758357,15355733237034
15355646758357,15355840506039
15355841461579,15355840506039
15355841461579,15355936123366
15355945686539,15355936123366
15355945686539,15356038273024
15355945686539,15356118244101
15356119996220,15356118244101
15356119996220,15356210248378
15356119996220,15356323542729
15356119996220,15356403274540
15356404569517,15356403274540
15356404569517,15356482381408
15356522480245,15356482381408
15356522480245,15356633941650
15356522480245,15356716825319
15356522480245,15356798721749
15356800184735,15356798721749
15356800184735,15356875178003
15356906916962,15356875178003
15356906916962,15357049700274
15356906916962,15357134780136
15356906916962,15357216287731
15357217977172,15357216287731
15357217977172,15357311472635
15357323496358,15357311472635
15357323496358,15357443377464
15357444325648,15357443377464
15357444325648,15357521486533
15357444325648,15357602536782
15357444325648,15357684825035
15357444325648,15357762233744
15357444325648,15357838866035
15357763088005,15357838866035
15357763088005,15357943556834
15357763088005,15358068949442
15357945302219,15358068949442
15358070160416,15358068949442
15358070160416,15358182776733
15358183733325,15358182776733
15358183733325,15358259894351
15358183733325,15358344458013
15358183733325,15358418927659
15358183733325,15358506015363
15358183733325,15358639410657
15358507645722,15358639410657
15358507645722,15358754038542
15358640457802,15358754038542
15358640457802,15358840753552
15358755366315,15358840753552
15358755366315,15358921949843
15358755366315,15359007354293
15358755366315,15359086246687
15359087171391,15359086246687
15359087171391,15359258566360
15359087171391,15359340682486
15359259933266,15359340682486
15359259933266,15359426995629
15359259933266,15359512743524
15359428410469,15359512743524
15359428410469,15359592510187
15359428410469,15359666118300
15359428410469,15359755508113
15359667092637,15359755508113
15359667092637,15359859546939
15359772560023,15359859546939
15359772560023,15359935769506
15359772560023,15360017447796
15359772560023,15360103055236
15360018635077,15360103055236
15360018635077,15360256673894
15360124369444,15360256673894
15360124369444,15360332893099
15360124369444,15360439721701
15360333936612,15360439721701
15360333936612,15360511817478
15360333936612,15360600894865
15360512643838,15360600894865
15360512643838,15360680964617
15360512643838,15360767071345
15360681817133,15360767071345
15360681817133,15360850405195
15360681817133,15360931884812
15360851231782,15360931884812
15360851231782,15361014117096
15360851231782,15361093726316
15361094542833,15361093726316
15361094542833,15361177379468
15361094542833,15361265540330
15361094542833,15361353786520
15361266480932,15361353786520
15361266480932,15361453533254
15361372482884,15361453533254
15361372482884,15361526787716
15361372482884,15361596459505
15361597882101,15361596459505
15361597882101,15361682698271
15361597882101,15361764400726
15361597882101,15361865691899
15361765228863,15361865691899
15361765228863,15361959083637
15361869856760,15361959083637
15361869856760,15362038312473
15361869856760,15362117240973
15361869856760,15362250429079
15362118205269,15362250429079
15362118205269,15362356302609
15362251388711,15362356302609
15362251388711,15362433783183
15362251388711,15362513100792
15362251388711,15362594850949
15362513819864,15362594850949
15362513819864,15362761743761
15362630202881,15362761743761
15362630202881,15362837170537
15362838567863,15362837170537
15362838567863,15362913071292
15362994080568,15362913071292
15362994080568,15362993061139
15362994080568,15363076701966
15362994080568,15363152143716
15362994080568,15363236762195
15363237763623,15363236762195
15363237763623,15363313943303
15363343336831,15363313943303
15363343336831,15363461154113
15363343336831,15363543292189
15363544625691,15363543292189
15363544625691,15363625599429
15363544625691,15363702920131
15363544625691,15363774977956
15363775669964,15363774977956
15363775669964,15363858983765
15363775669964,15363952706933
15363953742693,15363952706933
15363953742693,15364056418327
15364063477239,15364056418327
15364063477239,15364166589403
15364063477239,15364270441400
15364063477239,15364352422103
15364063477239,15364440716893
15364354255359,15364440716893
15364354255359,15364554890525
15364466471609,15364554890525
15364466471609,15364635010284
15364466471609,15364713466785
15364466471609,15364858077301
15364715274074,15364858077301
15364715274074,15364954719829
15364860402771,15364954719829
15364860402771,15365025609242
15364860402771,15365117994070
15364860402771,15365257958013
15365118968864,15365257958013
15365118968864,15365358472940
15365258973605,15365358472940
15365258973605,15365433913311
15365258973605,15365505165071
15365506216301,15365505165071
15365506216301,15365655689583
15365506216301,15365733955698
15365656629212,15365733955698
15365656629212,15365817583989
15365656629212,15365897562456
15365656629212,15365970557464
15365818584934,15365970557464
15365818584934,15366060867222
15365971452916,15366060867222
15365971452916,15366140385737
15365971452916,15366222209965
15365971452916,15366362457564
15366223105535,15366362457564
15366223105535,15366454673844
15366363545294,15366454673844
15366363545294,15366538645576
15366363545294,15366618464486
15366539605245,15366618464486
15366539605245,15366698222826
15366539605245,15366776805611
15366777704841,15366776805611
15366777704841,15366863078238
15366777704841,15366954970045
15366955865837,15366954970045
15366955865837,15367064462255
15367068376320,15367064462255
15367068376320,15367153022626
15367068376320,15367237335169
15367068376320,15367328272983
15367238245765,15367328272983
15367238245765,15367416630349
15367238245765,15367492314439
15367238245765,15367577187128
15367493103872,15367577187128
15367493103872,15367672474555
15367673401349,15367672474555
15367673401349,15367762059913
15367777069554,15367762059913
15367777069554,15367865012062
15367777069554,15367952327568
15367777069554,15368033352279
15367777069554,15368157805053
15368034545180,15368157805053
15368034545180,15368266283626
15368158743574,15368266283626
15368158743574,15368345704218
15368158743574,15368423886868
15368158743574,15368502781316
15368424732407,15368502781316
15368424732407,15368672165254
15368541123577,15368672165254
15368541123577,15368757188034
15368541123577,15368835650324
15368758310051,15368835650324
15368758310051,15368928833706
15368929978478,15368928833706
15368929978478,15369009374514
15368929978478,15369090304008
15368929978478,15369174740210
15369175662003,15369174740210
15369175662003,15369267895080
15369175662003,15369367306108
15369368684082,15369367306108
15369368684082,15369466220195
15369368684082,15369565654649
15369471807529,15369565654649
15369471807529,15369641211379
15369719384007,15369641211379
15369719384007,15369718425930
15369719384007,15369868276107
15369869199537,15369868276107
15369869199537,15369947810067
15369869199537,15370024801800
15370025648613,15370024801800
15370025648613,15370118842958
15370197143737,15370118842958
15370197143737,15370196217371
15370197143737,15370277760915
15370197143737,15370359815948
15370360663321,15370359815948
15370360663321,15370447335309
15370360663321,15370528100590
15370607968885,15370528100590
15370607968885,15370606578185
15370607968885,15370688131572
15370607968885,15370776994087
15370778160354,15370776994087
15370778160354,15370871046932
15370778160354,15370967931711
15370968884200,15370967931711
15370968884200,15371069138179
15371081784113,15371069138179
15371081784113,15371169837592
15371081784113,15371260965064
15371081784113,15371341685515
15371343117670,15371341685515
15371343117670,15371467272422
15371468778090,15371467272422
15371468778090,15371568232115
15371468778090,15371640043305
15371641214873,15371640043305
15371641214873,15371719479061
15371641214873,15371800986392
15371801859469,15371800986392
15371801859469,15371877734244
15371801859469,15371954057733
15371801859469,15372026288655
15372027166171,15372026288655
15372027166171,15372112132788
15372133077406,15372112132788
15372133077406,15372266849330
15372267790242,15372266849330
15372267790242,15372347819805
15372267790242,15372422418790
15372267790242,15372499284706
15372267790242,15372574750163
15372575597515,15372574750163
15372575597515,15372649787956
15372686742285,15372649787956
15372686742285,15372773661609
15372686742285,15372865847073
15372686742285,15372941182986
15372942193854,15372941182986
15372942193854,15373069252263
15372942193854,15373170512299
15373070142373,15373170512299
15373070142373,15373251448007
15373070142373,15373331055636
15373331817835,15373331055636
15373331817835,15373413590446
15373450130382,15373413590446
15373450130382,15373574739491
15373450130382,15373669766828
15373450130382,15373759397355
15373760470993,15373759397355
15373760470993,15373859249968
15373887443123,15373859249968
15373887443123,15373972760985
15373887443123,15374057807229
15373887443123,15374138505794
15374139486559,15374138505794
15374139486559,15374270043650
15374271362556,15374270043650
15374271362556,15374362120266
15374271362556,15374437983934
15374438793676,15374437983934
15374438793676,15374515174743
15374438793676,15374591208150
15374592086650,15374591208150
15374592086650,15374671134877
15374592086650,15374768192236
15374592086650,15374845879824
15374846785496,15374845879824
15374846785496,15374927613430
15374961801389,15374927613430
15374961801389,15375072023010
15374961801389,15375150600815
15375151561280,15375150600815
15375151561280,15375240146118
15375319874577,15375240146118
15375319874577,15375319034396
15375319874577,15375402214770
15375319874577,15375479557142
15375319874577,15375558965872
15375560891269,15375558965872
15375560891269,15375665649214
15375669152443,15375665649214
15375669152443,15375769572940
15375669152443,15375841722675
15375915055217,15375841722675
15375915055217,15375914058006
15375915055217,15376073993617
15376074991542,15376073993617
15376074991542,15376151864073
15376074991542,15376229641798
15376230533900,15376229641798
15376230533900,15376309194311
15376230533900,15376388599994
15376389772142,15376388599994
15376389772142,15376475601673
15376389772142,15376554185370
15376389772142,15376629930532
15376630965350,15376629930532
15376796750944,15376629930532
15376796750944,15376795262629
15376796750944,15376886345361
15376796750944,15376974337696
15376975440528,15376974337696
15376975440528,15377053837127
15376975440528,15377135683943
15377136895954,15377135683943
15377136895954,15377220209470
15377136895954,15377297916702
15377298807620,15377297916702
15377298807620,15377381631917
15377298807620,15377472742640
15377473562202,15377472742640
15377473562202,15377554182229
15377473562202,15377630289756
15377703272796,15377630289756
15377703272796,15377702303212
15377703272796,15377878773816
15377879701459,15377878773816
15377879701459,15377955087167
15377879701459,15378038706487
15378039856967,15378038706487
15378039856967,15378121322778
15378039856967,15378202326766
15378203615698,15378202326766
15378203615698,15378283018639
15378203615698,15378377390287
15378378701060,15378377390287
15378378701060,15378460607483
15378378701060,15378538263212
15378620223744,15378538263212
15378620223744,15378619239826
15378620223744,15378695115709
15378620223744,15378776445380
15378777404450,15378776445380
15378777404450,15378876409571
15378777404450,15378970319747
15378971367428,15378970319747
15378971367428,15379076766206
15379080823520,15379076766206
15379080823520,15379174859850
15379080823520,15379247653751
15379327848999,15379247653751
15379327848999,15379326790868
15379327848999,15379475484896
15379476372345,15379475484896
15379476372345,15379553813167
15379476372345,15379635925278
15379637327878,15379635925278
15379637327878,15379715292528
15379637327878,15379798564352
15379799552040,15379798564352
15379799552040,15379876695563
15379799552040,15379977869822
15379978952260,15379977869822
15379978952260,15380064987234
15379978952260,15380147394270
15379978952260,15380224771695
15380225487447,15380224771695
15380225487447,15380314195294
15380225487447,15380383859655
15380385013768,15380383859655
15380385013768,15380481626780
15380385013768,15380574756191
15380385013768,15380676222443
15380576700423,15380676222443
15380576700423,15380776119533
15380685166757,15380776119533
15380685166757,15380854678386
15380685166757,15380929139566
15380930737903,15380929139566
15380930737903,15381073470896
15381074273999,15381073470896
15381074273999,15381147140032
15381225859826,15381147140032
15381225859826,15381224913755
15381225859826,15381302410675
15381225859826,15381376452357
15381225859826,15381447664025
15381448798794,15381447664025
15381448798794,15381568873586
15381448798794,15381679465709
15381569953493,15381679465709
15381569953493,15381762870307
15381569953493,15381848014874
15381849217806,15381848014874
15381849217806,15381933093425
15381969284327,15381933093425
15381969284327,15382081371185
15381969284327,15382160143363
15381969284327,15382245714511
15382247346739,15382245714511
15382247346739,15382377515708
15382378809406,15382377515708
15382378809406,15382478805205
15382378809406,15382561164170
15382378809406,15382646222661
15382647625046,15382646222661
15382647625046,15382787181144
15382788143366,15382787181144
15382788143366,15382876037896
15382788143366,15382958481351
15382788143366,15383040706943
15383041951458,15383040706943
15383041951458,15383180382732
15383041951458,15383279302388
15383181431991,15383279302388
15383181431991,15383354809758
15383181431991,15383451048376
15383181431991,15383571589504
15383452097403,15383571589504
15383452097403,15383667772677
15383572558429,15383667772677
15383572558429,15383749120795
15383572558429,15383824314610
15383825746048,15383824314610
15383825746048,15383976580671
15383825746048,15384070046038
15383825746048,15384180051276
15384071309049,15384180051276
15384071309049,15384285724268
15384194911993,15384285724268
15384194911993,15384373207526
15384194911993,15384453077185
15384194911993,15384587453722
15384454490072,15384587453722
15384454490072,15384680252286
15384588377595,15384680252286
15384588377595,15384764911808
15384588377595,15384848615270
15384588377595,15384982716221
15384850102919,15384982716221
15384850102919,15385074223626
15384983766737,15385074223626
15384983766737,15385156095135
15384983766737,15385232201706
15384983766737,15385376958290
15385233093654,15385376958290
15385233093654,15385476126633
15385377967421,15385476126633
15385377967421,15385554262101
15385377967421,15385634831811
15385635787886,15385634831811
15385635787886,15385713259739
15385745571289,15385713259739
15385745571289,15385875880322
15385745571289,15385955575137
15385956450902,15385955575137
15385956450902,15386039766371
15386118466138,15386039766371
15386118466138,15386117410556
15386118466138,15386197125925
15386118466138,15386290742313
15386118466138,15386368747141
15386370274314,15386368747141
15386370274314,15386485661323
15386486913031,15386485661323
15386486913031,15386585689382
15386486913031,15386664233939
15386665583941,15386664233939
15386665583941,15386757013496
15386665583941,15386836511277
15386837939626,15386836511277
15386837939626,15386933469592
15386837939626,15387236124186
15387310109498,15387236124186
15387310109498,15387309105336
15387310109498,15387481350040
15387310109498,15387559169440
15387560113354,15387559169440
15387560113354,15387688920225
15387690402107,15387688920225
15387690402107,15387795336769
15387690402107,15387872144469
15387690402107,15387949835323
15387950714892,15387949835323
15387950714892,15388043107198
15388080414020,15388043107198
15388080414020,15388181739368
15388080414020,15388257165385
15388337936321,15388257165385
15388337936321,15388336991216
15388337936321,15388484829342
15388486588736,15388484829342
15388486588736,15388576636014
15388486588736,15388659772994
15388486588736,15388742893087
15388743989038,15388742893087
15388743989038,15388833049503
15388857716829,15388833049503
15388857716829,15388980792471
15388857716829,15389060567924
15388857716829,15389141063081
15389142517652,15389141063081
15389142517652,15389286101701
15389287104433,15389286101701
15389287104433,15389374092849
15389287104433,15389464635310
15389287104433,15389543125150
15389287104433,15389685026698
15389544195834,15389685026698
15389544195834,15389783709733
15389686571880,15389783709733
15389686571880,15389863824380
15389686571880,15389944497462
15389865255261,15389944497462
15389865255261,15390039175989
15389865255261,15390113163109
15389865255261,15390195081729
15390114012431,15390195081729
15390114012431,15390277042122
15390114012431,15390383097919
15390277937213,15390383097919
15390390313690,15390383097919
15390390313690,15390484389243
15390390313690,15390562090934
15390390313690,15390636665156
15390637613940,15390636665156
15390637613940,15390782897460
15390637613940,15390879503957
15390783791854,15390879503957
15390783791854,15390956569048
15390783791854,15391034591757
15391035556931,15391034591757
15391035556931,15391190386615
15391035556931,15391289453499
15391204252875,15391289453499
15391204252875,15391373121357
15391204252875,15391451384256
15391452243438,15391451384256
15391452243438,15391527638877
15391569270897,15391527638877
15391569270897,15391684050207
15391684928789,15391684050207
15391684928789,15391770103042
15391684928789,15391849238209
15391684928789,15391928893215
15391929910552,15391928893215
15391929910552,15392003965222
15391929910552,15392078900199
15392079989905,15392078900199
15392079989905,15392166695688
15392079989905,15392247549372
15392326401534,15392247549372
15392326401534,15392325331945
15392326401534,15392488729779
15392489719005,15392488729779
15392489719005,15392572433960
15392489719005,15392652190932
15392653428650,15392652190932
15392653428650,15392736156710
15392653428650,15392822996962
15392653428650,15392905929552
15392907659632,15392905929552
15392907659632,15392989053119
15392907659632,15393086250904
15393087282228,15393086250904
15393087282228,15393187726932
15393199381327,15393187726932
15393199381327,15393299393513
15393199381327,15393377781312
15393199381327,15393457308465
15393458273300,15393457308465
15393458273300,15393592345661
15393593341450,15393592345661
15393593341450,15393692328850
15393593341450,15393773502448
15393593341450,15393857457438
15393858763372,15393857457438
15393858763372,15393989648486
15393990636504,15393989648486
15393990636504,15394090254916
15393990636504,15394164298512
15393990636504,15394244244363
15394245218509,15394244244363
15394245218509,15394328594197
15394371575809,15394328594197
15394371575809,15394486390634
15394371575809,15394574583184
15394576194550,15394574583184
15394576194550,15394658600585
15394576194550,15394734879731
15394576194550,15394812082529
15394812780652,15394812082529
15394812780652,15394898013662
15394812780652,15394987698416
15394988606532,15394987698416
15394988606532,15395096482814
15395101011699,15395096482814
15395101011699,15395182304316
15395101011699,15395258911800
15395101011699,15395331347185
15395260718066,15395331347185
15395412503117,15395331347185
15395412503117,15395411457312
15395412503117,15395496042369
15395412503117,15395595567670
15395412503117,15395680453851
15395412503117,15395790043152
15395681375486,15395790043152
15395798737746,15395790043152
15395798737746,15395890711436
15395798737746,15395977227941
15395798737746,15396057476063
15395798737746,15396136379920
15396058490290,15396136379920
15396058490290,15396290862288
15396181270607,15396290862288
15396181270607,15396368996277
15396181270607,15396448897863
15396369958409,15396448897863
15396369958409,15396526629324
15396527592700,15396526629324
15396527592700,15396614829391
15396527592700,15396700800533
15396527592700,15396775023603
15396527592700,15396851105598
15396776388608,15396851105598
15396776388608,15396993118352
15396889015075,15396993118352
15396889015075,15397071449997
15396889015075,15397150847676
15397072487861,15397150847676
15397072487861,15397240814558
15397242161818,15397240814558
15397242161818,15397328027112
15397242161818,15397411014159
15397242161818,15397494160849
15397511705812,15397494160849
15397511705812,15397596095527
15397511705812,15397696265840
15397697683457,15397696265840
15397697683457,15397806025343
15397697683457,15397891540304
15397892369086,15397891540304
15397892369086,15397971843879
15398001702994,15397971843879
15398001702994,15398083013863
15398001702994,15398160888171
15398239468790,15398160888171
15398239468790,15398238768294
15398239468790,15398321778739
15398239468790,15398405169019
15398406116096,15398405169019
15398406116096,15398489436834
15398406116096,15398589342594
15398406116096,15398680962117
15398590297533,15398680962117
15398590297533,15398808852237
15398698161963,15398808852237
15398698161963,15398893742490
15398894767182,15398893742490
15398894767182,15398992375140
15398894767182,15399075382409
15398894767182,15399155153272
15398894767182,15399233473706
15399156070137,15399233473706
15399156070137,15399393493621
15399265295865,15399393493621
15399265295865,15399474243269
15399265295865,15399551932919
15399475171600,15399551932919
15399475171600,15399631796743
15399475171600,15399706413632
15399707167715,15399706413632
15399707167715,15399792841267
15399810779302,15399792841267
15399810779302,15399897749603
15399810779302,15399974423465
15399810779302,15400064576432
15399975817853,15400064576432
15399975817853,15400143048388
15400143871413,15400143048388
15400143871413,15400221451377
15400143871413,15400302498662
15400143871413,15400376560644
15400143871413,15400463726340
15400377400629,15400463726340
15400485692155,15400463726340
15400485692155,15400590975059
15400485692155,15400674954802
15400676116579,15400674954802
15400676116579,15400756373945
15400676116579,15400828898538
15400829775376,15400828898538
15400829775376,15400911526580
15400829775376,15400992219752
15400993204273,15400992219752
15400993204273,15401072969124
15400993204273,15401152928339
15401226612000,15401152928339
15401226612000,15401225092139
15401226612000,15401395153097
15401226612000,15401473490832
15401474427872,15401473490832
15401474427872,15401595214439
15401596323062,15401595214439
15401596323062,15401703694963
15401596323062,15401784244185
15401596323062,15401865966229
15401785487919,15401865966229
15401785487919,15401951047674
15402025366435,15401951047674
15402025366435,15402024640361
15402025366435,15402105938933
15402025366435,15402191109786
15402203144474,15402191109786
15402203144474,15402298377228
15402305671851,15402298377228
15402305671851,15402389931758
15402305671851,15402468707195
15402469978445,15402468707195
15402469978445,15402556107077
15402469978445,15402634805325
15402469978445,15402712451928
15402713235783,15402712451928
15402713235783,15402795916594
15402713235783,15402896130285
15402897245872,15402896130285
15402897245872,15402997588196
15403008819787,15402997588196
15403008819787,15403093996901
15403008819787,15403175400182
15403176261289,15403175400182
15403176261289,15403256333944
15403329157179,15403256333944
15403329157179,15403327725191
15403329157179,15403401567511
15403329157179,15403502261629
15403329157179,15403578010250
15403579373158,15403578010250
15403579373158,15403657093026
15403694806940,15403657093026
15403694806940,15403797681657
15403694806940,15403871463241
15403694806940,15403950728419
15403951999588,15403950728419
15403951999588,15404036404199
15404069363575,15404036404199
15404069363575,15404192974706
15404069363575,15404269584364
15404339460323,15404269584364
15404339460323,15404337616351
15404339460323,15404490495510
15404339460323,15404564515318
15404565584043,15404564515318
15404565584043,15404698391047
15404699275787,15404698391047
15404699275787,15404803512519
15404699275787,15404879316875
15404699275787,15404959658219
15404961446440,15404959658219
15404961446440,15405098168478
15405099029238,15405098168478
15405099029238,15405195889210
15405099029238,15405269874859
15405346796182,15405269874859
15405346796182,15405345704807
15405346796182,15405511724593
15405512917972,15405511724593
15405512917972,15405607588706
15405512917972,15405686108319
15405512917972,15405769432734
15405770609533,15405769432734
15405770609533,15405900163551
15405901351089,15405900163551
15405901351089,15405998458689
15405901351089,15406082135161
15405901351089,15406161406715
15406162399581,15406161406715
15406162399581,15406303802255
15406304737693,15406303802255
15406304737693,15406396172709
15406304737693,15406470647688
15406551450023,15406470647688
15406551450023,15406549809376
15406551450023,15406705123779
15406551450023,15406785350450
15406786360345,15406785350450
15406786360345,15406875934778
15406897180002,15406875934778
15406897180002,15406999693181
15406897180002,15407076645255
15406897180002,15407157811458
15407159133316,15407157811458
15407159133316,15407299740918
15407300622980,15407299740918
15407300622980,15407398911054
15407300622980,15407475195565
15407476116096,15407475195565
15407476116096,15407555123793
15407476116096,15407635227091
15407476116096,15407715236594
15407715902364,15407715236594
15407715902364,15407799226757
15407818766766,15407799226757
15407818766766,15407912205448
15407818766766,15407994562391
15407995618474,15407994562391
15407995618474,15408082548839
15407995618474,15408173676240
15407995618474,15408254821501
15408255536543,15408254821501
15408255536543,15408336372291
15408371804106,15408336372291
15408371804106,15408501792063
15408371804106,15408580851157
15408371804106,15408666518823
15408675442699,15408666518823
15408675442699,15408760816708
15408788744215,15408760816708
15408788744215,15408913539256
15408788744215,15408996720519
15408997609076,15408996720519
15408997609076,15409081053630
15408997609076,15409159139854
15409160554874,15409159139854
15409160554874,15409243683940
15409333772684,15409243683940
15409333772684,15409332334315
15409333772684,15409413587541
15409333772684,15409498564332
15409333772684,15409576997213
15409578171374,15409576997213
15409578171374,15409706073677
15409707142995,15409706073677
15409707142995,15409807651455
15409707142995,15409878259727
15409879581792,15409878259727
15409879581792,15409960025855
15410038792639,15409960025855
15410038792639,15410037684883
15410038792639,15410122529207
15410038792639,15410201486462
15410038792639,15410281673228
15410283022339,15410281673228
15410283022339,15410375296778
15410389318024,15410375296778
15410389318024,15410508278267
15410389318024,15410588082456
15410589171181,15410588082456
15410589171181,15410669048861
15410589171181,15410745038483
15410746199255,15410745038483
15410746199255,15410830488155
15410746199255,15410912447799
15410746199255,15410983531424
15410746199255,15411111037059
15410984431024,15411111037059
15410984431024,15411198411646
15411111885318,15411198411646
15411111885318,15411279380891
15411111885318,15411357256042
15411357953552,15411357256042
15411357953552,15411444989846
15411357953552,15411513300867
15411357953552,15411611555041
15411514250822,15411611555041
15411514250822,15411698770631
15411514250822,15411813599935
15411699822015,15411813599935
15411699822015,15411915598168
15411814759407,15411915598168
15411814759407,15411990179568
15411814759407,15412069098706
15411991346937,15412069098706
15411991346937,15412154186327
15412155087910,15412154186327
15412155087910,15412232218720
15412155087910,15412313101918
15412155087910,15412397233090
15412313910007,15412397233090
15412313910007,15412469892761
15412313910007,15412547885350
15412470776510,15412547885350
15412470776510,15412626737123
15412470776510,15412711108393
15412627572064,15412711108393
15412627572064,15412784492606
15412627572064,15412859765496
15412785520053,15412859765496
15412785520053,15412938472026
15412785520053,15413017082324
15412939341477,15413017082324
15412939341477,15413098342415
15412939341477,15413183797067
15413099596990,15413183797067
15413099596990,15413263894899
15413099596990,15413343126200
15413265794450,15413343126200
15413265794450,15413440525880
15413265794450,15413520679129
15413265794450,15413610203928
15413521830312,15413610203928
15413521830312,15413702494131
15413521830312,15413804918818
15413705062807,15413804918818
15413705062807,15413909050744
15413816642420,15413909050744
15413816642420,15413984764669
15413816642420,15414057668508
15413985581706,15414057668508
15413985581706,15414139156496
15413985581706,15414220272306
15413985581706,15414310879536
15414221022577,15414310879536
15414221022577,15414404174134
15414221022577,15414508147191
15414405253784,15414508147191
15414405253784,15414601254197
15414515163374,15414601254197
15414515163374,15414684849080
15414515163374,15414765172611
15414685670497,15414765172611
15414685670497,15414840472000
15414685670497,15414916744404
15414841370869,15414916744404
15414841370869,15414998792336
15414841370869,15415077782818
15414841370869,15415158031645
15415078942832,15415158031645
15415078942832,15415305471861
15415190700785,15415305471861
15415190700785,15415383060492
15415190700785,15415460792337
15415384114291,15415460792337
15415384114291,15415543324635
15415384114291,15415624775450
15415544405484,15415624775450
15415544405484,15415704596067
15415544405484,15415783306305
15415544405484,15415912277251
15415784268146,15415912277251
15415784268146,15416010035563
15415913351280,15416010035563
15415913351280,15416092692855
15415913351280,15416175374794
15416093559512,15416175374794
15416093559512,15416260025251
15416093559512,15416345072918
15416345918083,15416345072918
15416345918083,15416435102700
15416471740186,15416435102700
15416471740186,15416632069903
15416471740186,15416717289550
15416471740186,15416797941757
15416471740186,15416884595169
15416799387152,15416884595169
15416799387152,15417014461994
15416908207211,15417014461994
15416908207211,15417086079230
15416908207211,15417163198563
15416908207211,15417240505432
15417163885775,15417240505432
15417163885775,15417409906974
15417273187597,15417409906974
15417273187597,15417488866187
15417273187597,15417572516981
15417489843079,15417572516981
15417489843079,15417653176508
15417489843079,15417730977536
15417489843079,15417815893738
15417731792384,15417815893738
15417731792384,15417904519956
15417731792384,15418010277133
15417905619852,15418010277133
15417905619852,15418109099283
15418013926781,15418109099283
15418013926781,15418194690466
15418013926781,15418289639141
15418196146427,15418289639141
15418196146427,15418381149604
15418196146427,15418470210247
15418196146427,15418559156567
15418471390321,15418559156567
15418471390321,15418703562720
15418592547444,15418703562720
15418592547444,15418785620193
15418592547444,15418862825295
15418786590008,15418862825295
15418786590008,15418938733677
15418786590008,15419014227413
15418786590008,15419111114916
15419014923795,15419111114916
15419014923795,15419215909980
15419128060541,15419215909980
15419128060541,15419300246025
15419128060541,15419384284435
15419301362083,15419384284435
15419301362083,15419464562048
15419465743096,15419464562048
15419465743096,15419544756482
15419465743096,15419621029234
15419465743096,15419710122965
15419465743096,15419818202480
15419711718621,15419818202480
15419711718621,15419904454324
15419826186516,15419904454324
15419826186516,15419981663033
15419826186516,15420059570796
15419826186516,15420147255476
15420060707531,15420147255476
15420060707531,15420319522718
15420180825606,15420319522718
15420180825606,15420412250751
15420180825606,15420499981914
15420413301202,15420499981914
15420413301202,15420587731152
15420413301202,15420670663399
15420588588985,15420670663399
15420588588985,15420761258362
15420762113862,15420761258362
15420762113862,15420843538671
15420762113862,15420923782731
15420762113862,15421009495009
15420924712588,15421009495009
15420924712588,15421090691244
15420924712588,15421162965024
15420924712588,15421260767473
15421164060864,15421260767473
15421164060864,15421412963766
15421292415160,15421412963766
15421292415160,15421500695470
15421292415160,15421576199152
15421501749954,15421576199152
15421501749954,15421657852339
15421658690998,15421657852339
15421658690998,15421733225209
15421658690998,15421807643719
15421658690998,15421882855107
15421658690998,15421959784647
15421883584713,15421959784647
15421883584713,15422111763975
15422011983724,15422111763975
15422011983724,15422197532874
15422011983724,15422291895683
15422198655587,15422291895683
15422198655587,15422376142110
15422198655587,15422461915629
15422377805776,15422461915629
15422377805776,15422545057654
15422545971011,15422545057654
15422545971011,15422634047781
15422545971011,15422715330726
15422545971011,15422804386050
15422716323307,15422804386050
15422716323307,15422883729500
15422716323307,15422964600813
15422884604688,15422964600813
15422884604688,15423047879491
15422884604688,15423131692183
15422884604688,15423221984692
15423132861988,15423221984692
15423132861988,15423313064663
15423132861988,15423413979017
15423314174695,15423413979017
15423314174695,15423514874920
15423421739599,15423514874920
15423421739599,15423590857283
15423421739599,15423673194738
15423592121594,15423673194738
15423592121594,15423756489380
15423592121594,15423833138592
15423592121594,15423918621204
15423833858376,15423918621204
15423833858376,15424011562262
15423833858376,15424115089935
15424012434851,15424115089935
15424012434851,15424216423850
15424134306048,15424216423850
15424134306048,15424305666226
15424134306048,15424388573657
15424306707048,15424388573657
15424306707048,15424473296836
15424474260566,15424473296836
15424474260566,15424561599776
15424474260566,15424638722761
15424474260566,15424727461936
15424639597914,15424727461936
15424639597914,15424800887393
15424639597914,15425131569379
15424801888119,15425131569379
15424801888119,15425212563994
15424801888119,15425297417797
15425213521665,15425297417797
15425213521665,15425368845966
15425213521665,15425450546434
15425451335032,15425450546434
15425451335032,15425542818234
15425451335032,15425621795606
15425451335032,15425714194275
15425622703284,15425714194275
15425622703284,15425813381000
15425622703284,15425890346949
15425814521000,15425890346949
15425814521000,15426013913532
15425814521000,15426124924434
15426015141525,15426124924434
15426015141525,15426220376484
15426129342180,15426220376484
15426129342180,15426301267840
15426129342180,15426378539712
15426129342180,15426461676954
15426379304826,15426461676954
15426491894343,15426461676954
15426491894343,15426620818203
15426491894343,15426702660174
15426491894343,15426785435935
15426703506313,15426785435935
15426703506313,15426863787720
15426864672743,15426863787720
15426864672743,15426945607459
15426864672743,15427027742877
15426864672743,15427118260433
15427028757632,15427118260433
15427028757632,15427204725188
15427028757632,15427294407225
15427206378040,15427294407225
15427206378040,15427369925208
15427371594343,15427369925208
15427371594343,15427475149951
15427371594343,15427554067119
15427371594343,15427631839137
15427371594343,15427717449323
15427632834845,15427717449323
15427632834845,15427810572390
15427632834845,15427911963182
15427811693442,15427911963182
15427811693442,15428016562249
15427915429343,15428016562249
15427915429343,15428096198735
15427915429343,15428179283530
15428096970130,15428179283530
15428096970130,15428252370998
15428096970130,15428330596167
15428253388979,15428330596167
15428253388979,15428418866067
15428253388979,15428501820412
15428253388979,15428581619949
15428502786331,15428581619949
15428502786331,15428712985749
15428613174599,15428712985749
15428613174599,15428791265847
15428613174599,15428881068145
15428792325699,15428881068145
15428792325699,15428964704235
15428977340732,15428964704235
15428977340732,15429055228154
15428977340732,15429138789307
15428977340732,15429228523308
15429140246282,15429228523308
15429140246282,15429312802050
15429140246282,15429389964548
15429314233229,15429389964548
15429314233229,15429467740829
15429468623820,15429467740829
15429468623820,15429552524021
15429468623820,15429632316433
15429468623820,15429706628420
15429633200727,15429706628420
15429633200727,15429784590146
15429785715476,15429784590146
15429785715476,15429867585608
15429785715476,15429946668645
15429785715476,15430024626764
15429947493624,15430024626764
15429947493624,15430097694390
15429947493624,15430180353496
15430098605291,15430180353496
15430098605291,15430260406085
15430098605291,15430341051049
15430342353980,15430341051049
15430342353980,15430528435620
15430342353980,15430610530654
15430342353980,15430721879871
15430612377428,15430721879871
15430612377428,15430816800543
15430723279608,15430816800543
15430723279608,15430893864355
15430723279608,15430974931262
15430894742581,15430974931262
15430894742581,15431054813599
15430894742581,15431133255469
15430894742581,15431218931477
15431133927404,15431218931477
15431133927404,15431317933704
15431133927404,15431423412903
15431319280419,15431423412903
15431319280419,15431524773523
15431436380431,15431524773523
15431436380431,15431605341953
15431436380431,15431689864038
15431607066418,15431689864038
15431607066418,15431780576609
15431607066418,15431864593602
15431865522186,15431864593602
15431865522186,15431945907661
15431865522186,15432030345879
15431865522186,15432129400848
15432031292962,15432129400848
15432031292962,15432217328983
15432031292962,15432317761698
15432218972638,15432317761698
15432218972638,15432429498073
15432331446789,15432429498073
15432331446789,15432505425401
15432331446789,15432579742162
15432580826196,15432579742162
15432580826196,15432661701607
15432580826196,15432820393274
15432691756444,15432820393274
15432691756444,15432900654639
15432691756444,15432989464388
15432901804044,15432989464388
15432901804044,15433069293686
15433070325246,15433069293686
15433070325246,15433160229484
15433070325246,15433232985586
15433070325246,15433311546336
15433070325246,15433396723270
15433312602149,15433396723270
15433312602149,15433526086876
15433312602149,15433622430156
15433526932800,15433622430156
15433526932800,15433746660542
15433638958201,15433746660542
15433638958201,15433826890248
15433638958201,15433920899507
15433638958201,15434039144489
15433922648343,15434039144489
15433922648343,15434142756841
15434040073767,15434142756841
15434040073767,15434241182274
15434040073767,15434327168461
15434040073767,15434415972613
15434327916764,15434415972613
15434327916764,15434528890836
15434438256762,15434528890836
15434438256762,15434608706258
15434438256762,15434685371625
15434686718715,15434685371625
15434686718715,15434768173810
15434686718715,15434848570981
15434686718715,15434931332834
15434849878412,15434931332834
15434849878412,15435032615552
15434849878412,15435133201914
15435033733932,15435133201914
15435033733932,15435226912483
15435138101772,15435226912483
15435138101772,15435318688547
15435138101772,154