15284270184533,15284369682708
15284270184533,15284442998386
15284443880643,15284442998386
15284443880643,15284522857346
15284443880643,15284598613859
15284443880643,15284671363430
15284672358991,15284671363430
15284672358991,15284769804216
15284783425117,15284769804216
15284783425117,15284865154561
15284783425117,15284942989466
15284944492482,15284942989466
15284944492482,15285035727689
15284944492482,15285113659814
15284944492482,15285192399598
15284944492482,15285270733246
15285193182333,15285270733246
15285193182333,15285392281481
15285193182333,15285490703009
15285393658521,15285490703009
15285507101452,15285490703009
15285507101452,15285588091927
15285507101452,15285670788568
15285507101452,15285750568721
15285507101452,15285835817560
15285751752920,15285835817560
15285751752920,15285987547386
15285870087362,15285987547386
15285870087362,15286070864749
15285870087362,15286155592346
15286072277205,15286155592346
15286072277205,15286233963487
15286072277205,15286309809234
15286234937170,15286309809234
15286234937170,15286390433696
15286234937170,15286469490787
15286234937170,15286595453938
15286471308784,15286595453938
15286471308784,15286697502159
15286597366365,15286697502159
15286597366365,15286775703097
15286597366365,15286885191835
15286778059510,15286885191835
15286778059510,15286963269466
15286778059510,15287043293575
15286964228601,15287043293575
15286964228601,15287123753481
15286964228601,15287208445663
15287125088619,15287208445663
15287125088619,15287292021249
15287125088619,15287369506577
15287125088619,15287451142969
15287370867909,15287451142969
15287487551225,15287451142969
15287487551225,15287589914983
15287487551225,15287673135133
15287674362144,15287673135133
15287674362144,15287757245614
15287674362144,15287840449577
15287923058921,15287840449577
15287923058921,15287922195275
15287923058921,15288009404506
15287923058921,15288087351171
15288088498860,15288087351171
15288088498860,15288199630973
15288206937607,15288199630973
15288206937607,15288282801315
15288206937607,15288363491286
15288364487084,15288363491286
15288364487084,15288465608720
15288364487084,15288552519080
15288364487084,15288632260561
15288554107167,15288632260561
15288554107167,15288710944774
15288711978391,15288710944774
15288711978391,15288787341238
15288711978391,15288861990312
15288942306460,15288861990312
15288942306460,15288941551449
15288942306460,15289022598553
15288942306460,15289099506919
15289100486158,15289099506919
15289100486158,15289193055299
15289205581500,15289193055299
15289205581500,15289304646688
15289205581500,15289384658681
15289385700005,15289384658681
15289385700005,15289479610411
15289385700005,15289567484676
15289645373308,15289567484676
15289645373308,15289644687492
15289645373308,15289723294898
15289755402854,15289723294898
15289755402854,15289892064302
15289755402854,15289976471392
15289755402854,15290059242484
15290060255453,15290059242484
15290060255453,15290143897732
15290173288956,15290143897732
15290173288956,15290298488356
15290173288956,15290385058285
15290386092086,15290385058285
15290386092086,15290467565104
15290386092086,15290548649022
15290386092086,15290633638941
15290634840065,15290633638941
15290634840065,15290725562349
15290762548511,15290725562349
15290762548511,15290887958936
15290762548511,15290969446038
15291050684364,15290969446038
15291050684364,15291049701670
15291050684364,15291193273168
15291050684364,15291267249368
15291268473678,15291267249368
15291268473678,15291348755298
15291380529713,15291348755298
15291380529713,15291493777308
15291380529713,15291578739683
15291380529713,15291657569053
15291658878925,15291657569053
15291658878925,15291795379917
15291796253990,15291795379917
15291796253990,15291896014290
15291796253990,15291972807542
15291796253990,15292049158479
15292050548708,15292049158479
15292050548708,15292130418349
15292165074457,15292130418349
15292165074457,15292291149332
15292165074457,15292367723247
15292436445676,15292367723247
15292436445676,15292435406852
15292436445676,15292523153184
15292436445676,15292598076243
15292598979209,15292598076243
15292598979209,15292697326078
15292710756578,15292697326078
15292710756578,15292798759922
15292710756578,15292875777735
15292710756578,15292955722069
15292956781681,15292955722069
15292956781681,15293101973802
15293103171550,15293101973802
15293103171550,15293194912131
15293103171550,15293277593996
15293103171550,15293354110688
15293355589932,15293354110688
15293355589932,15293491897172
15293492777424,15293491897172
15293492777424,15293595126988
15293492777424,15293672874957
15293492777424,15293758087230
15293760119752,15293758087230
15293760119752,15293892749833
15293893734638,15293892749833
15293893734638,15293995769526
15293893734638,15294083220150
15293893734638,15294168360353
15294169378882,15294168360353
15294169378882,15294294773347
15294295630599,15294294773347
15294295630599,15294398669069
15294295630599,15294471879758
15294295630599,15294547837747
15294548787399,15294547837747
15294548787399,15294709250095
15294710503070,15294709250095
15294710503070,15294798341552
15294710503070,15294874133672
15294710503070,15294953378762
15294954534858,15294953378762
15294954534858,15295090735165
15295092227796,15295090735165
15295092227796,15295199956505
15295092227796,15295278282122
15295092227796,15295357579850
15295358512490,15295357579850
15295358512490,15295497184028
15295498595780,15295497184028
15295498595780,15295598501487
15295498595780,15295676497638
15295498595780,15295761180547
15295764197193,15295761180547
15295764197193,15295905223118
15295906187097,15295905223118
15295906187097,15295998347345
15295906187097,15296078934484
15295906187097,15296160471895
15296161761202,15296160471895
15296161761202,15296312370665
15296313528681,15296312370665
15296313528681,15296398992937
15296313528681,15296474301566
15296835349848,15296474301566
15296835349848,15296834379855
15296835349848,15296922588879
15296835349848,15297009672926
15297010581533,15297009672926
15297010581533,15297105805491
15297010581533,15297206880826
15297207905466,15297206880826
15297207905466,15297298081585
15297314849934,15297298081585
15297314849934,15297399883067
15297314849934,15297484754100
15297314849934,15297568919076
15297569995975,15297568919076
15297569995975,15297705111032
15297706199447,15297705111032
15297706199447,15297802092164
15297706199447,15297907116362
15297706199447,15297990894650
15297991917486,15297990894650
15297991917486,15298075889768
15298106606162,15298075889768
15298106606162,15298198245567
15298106606162,15298279467610
15298106606162,15298357126467
15298358322436,15298357126467
15298358322436,15298500523500
15298501784755,15298500523500
15298501784755,15298603765205
15298501784755,15298684273669
15298501784755,15298756943913
15298758020686,15298756943913
15298758020686,15298902551867
15298903511469,15298902551867
15298903511469,15299001601021
15298903511469,15299079993579
15298903511469,15299157832169
15299158679326,15299157832169
15299158679326,15299238067251
15299278989497,15299238067251
15299278989497,15299413774587
15299415067965,15299413774587
15299415067965,15299490190195
15299415067965,15299566348407
15299415067965,15299637480173
15299415067965,15299714589826
15299715283206,15299714589826
15299715283206,15299814306687
15299819936189,15299814306687
15299819936189,15299915250600
15299819936189,15299989082425
15299990643103,15299989082425
15299990643103,15300081888245
15299990643103,15300162088491
15300163186533,15300162088491
15300163186533,15300246954846
15300327302765,15300246954846
15300327302765,15300326259721
15300327302765,15300412805437
15300327302765,15300499403260
15300327302765,15300576247403
15300578515424,15300576247403
15300578515424,15300705772940
15300706743266,15300705772940
15300706743266,15300806018702
15300706743266,15300902832832
15300904191564,15300902832832
15300904191564,15300997836611
15300904191564,15301074962010
15301076207423,15301074962010
15301076207423,15301150268667
15301227506998,15301150268667
15301227506998,15301226703541
15301227506998,15301306845711
15301227506998,15301406360192
15301227506998,15301483127253
15301484142628,15301483127253
15301484142628,15301566938264
15301599414686,15301566938264
15301599414686,15301703594193
15301599414686,15301785543826
15301787184962,15301785543826
15301787184962,15301862031901
15301787184962,15301940854171
15301942427722,15301940854171
15301942427722,15302019432324
15301942427722,15302106197724
15301942427722,15302187817781
15302189307234,15302187817781
15302189307234,15302310068241
15302189307234,15302407604439
15302316420023,15302407604439
15302316420023,15302498639789
15302316420023,15302577104483
15302578435054,15302577104483
15302578435054,15302656487436
15302687674416,15302656487436
15302687674416,15302807302930
15302808583843,15302807302930
15302808583843,15302894303847
15302808583843,15302966965718
15302808583843,15303038528706
15302808583843,15303114532452
15303115512652,15303114532452
15303115512652,15303216682901
15303227044886,15303216682901
15303227044886,15303307045182
15303227044886,15303381264938
15303456235148,15303381264938
15303456235148,15303455353294
15303456235148,15303610621167
15303456235148,15303698562896
15303700513742,15303698562896
15303700513742,15303814690923
15303815693014,15303814690923
15303815693014,15303910957595
15303815693014,15303995114810
15303815693014,15304097198292
15304098353763,15304097198292
15304098353763,15304178283393
15304208026833,15304178283393
15304208026833,15304323609659
15304208026833,15304703226014
15304704687776,15304703226014
15304704687776,15304788489324
15304704687776,15304858522929
15304704687776,15304934452035
15304935175747,15304934452035
15304935175747,15305020534077
15304935175747,15305389280545
15305390839997,15305389280545
15305390839997,15305473921004
15305506056558,15305473921004
15305506056558,15305617964532
15305506056558,15305697037960
15305698202324,15305697037960
15305698202324,15305784647500
15305865154389,15305784647500
15305865154389,15305864174214
15305865154389,15305941641514
15305865154389,15306024699097
15305865154389,15306120784430
15305865154389,15306228179067
15306122121977,15306228179067
15306122121977,15306329042171
15306229137713,15306329042171
15306229137713,15306409557791
15306229137713,15306484304651
15306410524239,15306484304651
15306410524239,15306559784972
15306410524239,15306641429361
15306642137552,15306641429361
15306642137552,15306733711468
15306642137552,15306836257144
15306837299263,15306836257144
15306837299263,15306935224271
15306951163641,15306935224271
15306951163641,15307034156231
15306951163641,15307115508071
15307116592397,15307115508071
15307116592397,15307194350969
15307272840645,15307194350969
15307272840645,15307271910954
15307272840645,15307354622651
15307272840645,15307434609832
15307272840645,15307514024423
15307514959099,15307514024423
15307514959099,15307614594724
15307640536594,15307614594724
15307640536594,15307744451484
15307640536594,15307826394277
15307827340379,15307826394277
15307827340379,15307904470616
15307827340379,15307993364097
15307827340379,15308070389937
15308071529081,15308070389937
15308071529081,15308145678920
15308071529081,15308274567317
15308275571330,15308274567317
15308275571330,15308451300705
15308275571330,15308522939381
15308275571330,15308607028153
15308524001776,15308607028153
15308524001776,15308740220496
15308633828559,15308740220496
15308633828559,15308819514366
15308633828559,15308897401324
15308821172600,15308897401324
15308821172600,15308976429843
15308821172600,15309053523189
15308821172600,15309143780655
15309054576227,15309143780655
15309054576227,15309246955272
15309162197372,15309246955272
15309162197372,15309325198599
15309162197372,15309402295667
15309162197372,15309480867935
15309403445114,15309480867935
15309403445114,15309647630601
15309515001387,15309647630601
15309515001387,15309720756785
15309515001387,15309799743078
15309721693187,15309799743078
15309721693187,15309876591462
15309721693187,15309957312816
15309877490410,15309957312816
15309877490410,15310046604524
15309877490410,15310124903243
15309877490410,15310248190342
15310125724682,15310248190342
15310125724682,15310349820923
15310249544054,15310349820923
15310249544054,15310428654538
15310249544054,15310510306054
15310429612980,15310510306054
15310429612980,15310591286918
15310429612980,15310686181199
15310429612980,15310762050724
15310592257013,15310762050724
15310592257013,15310844651069
15310592257013,15310931322252
15310845598729,15310931322252
15310845598729,15311044704379
15310953266429,15311044704379
15310953266429,15311122936251
15310953266429,15311200216711
15311123913283,15311200216711
15311123913283,15311279086476
15311123913283,15311361896570
15311280152730,15311361896570
15311280152730,15311444956668
15311280152730,15311517267779
15311280152730,15311656410911
15311518559481,15311656410911
15311518559481,15311744688365
15311657645188,15311744688365
15311657645188,15311814735396
15311657645188,15311894963103
15311657645188,15311967631616
15311815673909,15311967631616
15311815673909,15312052171780
15311968598578,15312052171780
15311968598578,15312130149388
15311968598578,15312220717538
15312131432039,15312220717538
15312131432039,15312299267941
15312300687561,15312299267941
15312300687561,15312375645018
15312300687561,15312446709437
15312300687561,15312528364888
15312447649787,15312528364888
15312447649787,15312616734794
15312447649787,15312701237617
15312617575376,15312701237617
15312617575376,15312781089548
15312617575376,15312865067854
15312781938923,15312865067854
15312781938923,15312947884764
15312781938923,15313020994494
15312781938923,15313105218177
15313022121107,15313105218177
15313022121107,15313250251113
15313129971808,15313250251113
15313129971808,15313332813681
15313129971808,15313413991258
15313333668069,15313413991258
15313333668069,15313497032031
15313497891886,15313497032031
15313497891886,15313581183946
15313497891886,15313661401191
15313497891886,15313763743457
15313497891886,15313843089356
15313765481327,15313843089356
15313765481327,15313953014813
15313765481327,15314025243453
15313953845333,15314025243453
15313953845333,15314153029496
15314055898965,15314153029496
15314055898965,15314237181687
15314055898965,15314318893015
15314319718015,15314318893015
15314319718015,15314402296959
15314319718015,15314556188180
15314431983879,15314556188180
15314431983879,15314635962884
15314431983879,15314729696864
15314636928922,15314729696864
15314636928922,15314804774568
15314805670629,15314804774568
15314805670629,15314883017563
15314805670629,15314955679824
15314805670629,15315055422851
15314956596259,15315055422851
15314956596259,15315129328397
15315130209731,15315129328397
15315130209731,15315233458977
15315130209731,15315315819374
15315316746924,15315315819374
15315316746924,15315393507989
15315316746924,15315470731488
15315316746924,15315550979189
15315316746924,15315633415534
15315551667124,15315633415534
15315551667124,15315762257722
15315670128730,15315762257722
15315670128730,15315836506887
15315670128730,15315920409784
15315837559863,15315920409784
15315837559863,15316004390247
15315837559863,15316084974134
15315837559863,15316174522745
15316086235479,15316174522745
15316086235479,15316259114739
15316086235479,15316344585315
15316260159336,15316344585315
15316260159336,15316458560690
15316382600038,15316458560690
15316382600038,15316536057405
15316382600038,15316630455980
15316537439830,15316630455980
15316537439830,15316714632293
15316715658668,15316714632293
15316715658668,15316799096051
15316715658668,15316875418898
15316715658668,15316968250482
15316715658668,15317048017616
15316968986307,15317048017616
15316968986307,15317166068842
15317079926605,15317166068842
15317079926605,15317251597758
15317079926605,15317336279865
15317252481128,15317336279865
15317252481128,15317420021957
15317252481128,15317498699291
15317252481128,15317579615649
15317499428298,15317579615649
15317499428298,15317663217235
15317499428298,15317773567735
15317664104212,15317773567735
15317664104212,15317859612333
15317774473739,15317859612333
15317774473739,15317939778690
15317774473739,15318028660980
15317940625767,15318028660980
15317940625767,15318104787368
15317940625767,15318184452885
15317940625767,15318269954707
15318186350034,15318269954707
15318186350034,15318365878681
15318186350034,15318480226469
15318367523058,15318480226469
15318367523058,15318560854994
15318481152463,15318560854994
15318481152463,15318644054929
15318481152463,15318717987758
15318645931334,15318717987758
15318645931334,15318804945002
15318645931334,15318882552482
15318805837365,15318882552482
15318805837365,15318956203384
15318805837365,15319031922943
15318805837365,15319178265525
15319033360574,15319178265525
15319033360574,15319272326432
15319179237027,15319272326432
15319179237027,15319363677677
15319179237027,15319450993095
15319364991079,15319450993095
15319364991079,15319533467731
15319364991079,15319612032780
15319534471338,15319612032780
15319534471338,15319705481079
15319534471338,15319774086285
15319707295967,15319774086285
15319707295967,15319855722426
15319707295967,15319936024442
15319707295967,15320078308303
15319937017957,15320078308303
15319937017957,15320168730799
15320079835605,15320168730799
15320079835605,15320246624352
15320079835605,15320324153533
15320324849201,15320324153533
15320324849201,15320403494976
15320324849201,15320564231542
15320436911014,15320564231542
15320436911014,15320651038831
15320436911014,15320721908784
15320723429963,15320721908784
15320723429963,15320799810774
15320723429963,15320964594784
15320836888769,15320964594784
15320836888769,15321046995943
15320836888769,15321123544435
15321048365414,15321123544435
15321048365414,15321200969260
15321048365414,15321271986166
15321048365414,15321374866201
15321272735557,15321374866201
15321272735557,15321470322426
15321375708193,15321470322426
15321375708193,15321552125174
15321375708193,15321631892715
15321552969633,15321631892715
15321552969633,15321707539019
15321708374008,15321707539019
15321708374008,15321789396277
15321708374008,15321867027772
15321708374008,15321954969166
15321867863611,15321954969166
15321867863611,15322041170677
15321867863611,15322126104447
15322042702032,15322126104447
15322042702032,15322201835443
15322042702032,15322283957294
15322202888634,15322283957294
15322202888634,15322367667967
15322202888634,15322447941971
15322202888634,15322530320578
15322448680537,15322530320578
15322448680537,15322669176581
15322565776527,15322669176581
15322565776527,15322750653804
15322565776527,15322828148816
15322752219073,15322828148816
15322752219073,15322904828288
15322752219073,15322984323932
15322752219073,15323080592911
15322985460480,15323080592911
15322985460480,15323183317484
15323089497843,15323183317484
15323089497843,15323264090348
15323089497843,15323345335195
15323265755807,15323345335195
15323265755807,15323433402985
15323265755807,15323513753399
15323265755807,15323588546329
15323434259288,15323588546329
15323434259288,15323670228575
15323589522534,15323670228575
15323589522534,15323749595264
15323589522534,15323825961072
15323589522534,15323916326377
15323827078954,15323916326377
15323827078954,15324071540720
15323945766552,15324071540720
15323945766552,15324147596292
15323945766552,15324231629602
15324148660786,15324231629602
15324148660786,15324319810127
15324320657823,15324319810127
15324320657823,15324402836551
15324320657823,15324479751436
15324320657823,15324565250946
15324480791460,15324565250946
15324480791460,15324644806989
15324480791460,15324738250239
15324646090485,15324738250239
15324646090485,15324824080941
15324825100949,15324824080941
15324825100949,15324905634099
15324825100949,15324983751714
15324825100949,15325065807914
15324984814604,15325065807914
15324984814604,15325148237289
15324984814604,15325228957508
15324984814604,15325382045631
15325230242794,15325382045631
15325230242794,15325480961552
15325383635401,15325480961552
15325383635401,15325558911062
15325383635401,15325628898536
15325560193703,15325628898536
15325712165157,15325628898536
15325712165157,15325711274103
15325712165157,15325804888072
15325712165157,15325878556774
15325712165157,15325959404843
15325960661091,15325959404843
15325960661091,15326033878781
15326070980643,15326033878781
15326070980643,15326181890073
15326070980643,15326261539336
15326070980643,15326336442427
15326337291834,15326336442427
15326337291834,15326412112556
15326337291834,15326484533469
15326485472097,15326484533469
15326485472097,15326591884576
15326598721765,15326591884576
15326598721765,15326684523268
15326598721765,15326763457644
15326598721765,15326842588712
15326843482405,15326842588712
15326843482405,15326926813833
15326960407112,15326926813833
15326960407112,15327078359001
15326960407112,15327155527411
15326960407112,15327236443027
15327156761230,15327236443027
15327156761230,15327320683566
15327156761230,15327402887430
15327321552973,15327402887430
15327321552973,15327484085830
15327321552973,15327562934797
15327321552973,15327640934766
15327563727993,15327640934766
15327563727993,15327791412068
15327673913951,15327791412068
15327673913951,15327870166836
15327673913951,15327952358272
15327673913951,15328037852196
15327953079894,15328037852196
15327953079894,15328189157388
15328073749574,15328189157388
15328073749574,15328268365414
15328190168171,15328268365414
15328190168171,15328343504233
15328190168171,15328418393507
15328190168171,15328501831267
15328190168171,15328582739744
15328502900120,15328582739744
15328502900120,15328684397639
15328502900120,15328789222374
15328685789679,15328789222374
15328685789679,15328896134230
15328791772141,15328896134230
15328791772141,15328968937129
15328791772141,15329048628763
15328791772141,15329187123226
15329049627310,15329187123226
15329049627310,15329288084208
15329189320765,15329288084208
15329189320765,15329367412542
15329189320765,15329448965605
15329189320765,15329587510800
15329449962324,15329587510800
15329449962324,15329687443255
15329588832367,15329687443255
15329588832367,15329768747861
15329588832367,15329846542403
15329847984378,15329846542403
15329847984378,15329941526492
15329847984378,15330019169088
15330020529440,15330019169088
15330020529440,15330108759380
15330020529440,15330200115744
15330020529440,15330289649001
15330201464112,15330289649001
15330201464112,15330384030156
15330201464112,15330488699720
15330385444960,15330488699720
15330385444960,15330588237482
15330499507088,15330588237482
15330499507088,15330664547229
15330499507088,15330742056112
15330499507088,15330888248603
15330743231636,15330888248603
15330743231636,15330998723923
15330889288799,15330998723923
15330889288799,15331079527590
15330889288799,15331149564687
15330889288799,15331290103928
15331150993813,15331290103928
15331150993813,15331386701888
15331291097093,15331386701888
15331291097093,15331465057114
15331291097093,15331538644551
15331539745895,15331538644551
15331539745895,15331687387686
15331539745895,15331764072229
15331539745895,15331850089712
15331765419074,15331850089712
15331765419074,15331985972195
15331877435615,15331985972195
15331877435615,15332070758987
15331877435615,15332159779805
15332071804736,15332159779805
15332071804736,15332258749815
15332260232572,15332258749815
15332260232572,15332349253239
15332417608601,15332349253239
15332417608601,15332416673344
15332417608601,15332497356561
15332417608601,15332572809905
15332417608601,15332646529398
15332647362703,15332646529398
15332647362703,15332726401189
15332758655833,15332726401189
15332758655833,15332890420747
15332758655833,15332966607235
15332968152404,15332966607235
15332968152404,15333049174906
15332968152404,15333141114103
15332968152404,15333225122680
15333142389665,15333225122680
15333142389665,15333306196608
15333142389665,15333387041973
15333388078850,15333387041973
15333388078850,15333495113202
15333388078850,15333583359146
15333584790437,15333583359146
15333584790437,15333691269818
15333692194193,15333691269818
15333692194193,15333785786362
15333692194193,15333863122942
15333935827832,15333863122942
15333935827832,15333934825168
15333935827832,15334089659573
15333935827832,15334167472199
15334091124100,15334167472199
15334091124100,15334254714737
15334255849828,15334254714737
15334255849828,15334338669501
15334255849828,15334414630151
15334415773125,15334414630151
15334415773125,15334492569474
15334415773125,15334575233918
15334415773125,15334653602344
15334576399835,15334653602344
15334576399835,15334740936393
15334576399835,15334816233737
15334576399835,15334896329957
15334817174762,15334896329957
15334817174762,15334995347870
15334817174762,15335093120044
15334997263677,15335093120044
15334997263677,15335195871941
15335101393465,15335195871941
15335101393465,15335274341649
15335101393465,15335349964085
15335351019589,15335349964085
15335351019589,15335429702491
15335351019589,15335512138119
15335351019589,15335587941779
15335513590357,15335587941779
15335513590357,15335704415664
15335513590357,15335798925545
15335705259805,15335798925545
15335705259805,15335894503069
15335811815990,15335894503069
15335811815990,15335981502293
15335811815990,15336057842999
15335811815990,15336137069714
15336058987055,15336137069714
15336058987055,15336289573676
15336171497770,15336289573676
15336171497770,15336374888117
15336290665093,15336374888117
15336290665093,15336449155250
15336290665093,15336525335790
15336290665093,15336603275596
15336290665093,15336680842726
15336604131469,15336680842726
15336604131469,15336789287542
15336604131469,15336900187325
15336790252447,15336900187325
15336790252447,15336994632848
15336901426268,15336994632848
15336901426268,15337069219795
15336901426268,15337142031649
15337143149141,15337142031649
15337143149141,15337290650880
15337143149141,15337393368369
15337291523894,15337393368369
15337291523894,15337467124213
15337291523894,15337544698448
15337546179025,15337544698448
15337546179025,15337629338836
15337546179025,15337708304860
15337546179025,15337807185493
15337709663512,15337807185493
15337709663512,15337885540052
15337709663512,15337999864994
15337886630545,15337999864994
15337886630545,15338098948752
15338004550980,15338098948752
15338004550980,15338182746891
15338004550980,15338262729788
15338004550980,15338409311376
15338263680638,15338409311376
15338410355062,15338409311376
15338410355062,15338511150772
15338410355062,15338586133621
15338410355062,15338669441998
15338586982116,15338669441998
15338586982116,15338747476535
15338748461301,15338747476535
15338748461301,15338825255830
15338748461301,15338914497145
15338748461301,15338997453551
15338998291569,15338997453551
15338998291569,15339094785327
15339116951946,15339094785327
15339116951946,15339208827309
15339116951946,15339285555242
15339116951946,15339367132071
15339286427206,15339367132071
15339286427206,15339444889362
15339286427206,15339525482836
15339445864205,15339525482836
15339445864205,15339799038990
15339445864205,15339888525987
15339799900970,15339888525987
15339799900970,15339969455707
15339799900970,15340044192839
15340045251762,15340044192839
15340045251762,15340219971131
15340045251762,15340296884847
15340220876791,15340296884847
15340220876791,15340371630090
15340220876791,15340452284806
15340453322330,15340452284806
15340453322330,15340618712434
15340453322330,15340698668690
15340620313067,15340698668690
15340620313067,15340777301686
15340620313067,15340855293242
15340778283261,15340855293242
15340778283261,15340932266192
15340933317965,15340932266192
15340933317965,15341037755919
15340933317965,15341124644186
15340933317965,15341205059330
15341206027985,15341205059330
15341206027985,15341325979810
15341326874738,15341325979810
15341443363120,15341325979810
15341443363120,15341442310327
15341443363120,15341530898179
15341443363120,15341630785734
15341632398724,15341630785734
15341632398724,15341724332018
15341632398724,15341797028690
15341632398724,15341886181283
15341971255978,15341886181283
15341971255978,15341969500381
15341971255978,15342044094606
15341971255978,15342135550566
15342136744937,15342135550566
15342136744937,15342226975664
15342136744937,15342331060727
15342332244553,15342331060727
15342332244553,15342422643075
15342437881834,15342422643075
15342437881834,15342523367217
15342437881834,15342596108365
15342437881834,15342668559390
15342669461233,15342668559390
15342669461233,15342746780686
15342669461233,15342825278901
15342669461233,15342925670010
15342826210185,15342925670010
15342826210185,15343020473958
15342931977349,15343020473958
15342931977349,15343089801257
15342931977349,15343161353705
15342931977349,15343236274827
15343090647031,15343236274827
15343090647031,15343316158300
15343237253840,15343316158300
15343237253840,15343389810820
15343237253840,15343466824051
15343467747849,15343466824051
15343467747849,15343634164375
15343467747849,15343712942130
15343467747849,15343790092855
15343714151758,15343790092855
15343714151758,15343918455396
15343824694424,15343918455396
15343824694424,15343993217937
15343824694424,15344079743996
15343994182948,15344079743996
15343994182948,15344150923850
15343994182948,15344233540552
15343994182948,15344323385273
15344234295557,15344323385273
15344234295557,15344422156507
15344234295557,15344521181700
15344423240900,15344521181700
15344423240900,15344625433607
15344526134727,15344625433607
15344526134727,15344710555983
15344526134727,15344800733956
15344711965670,15344800733956
15344711965670,15344883871070
15344711965670,15344978894500
15344885244195,15344978894500
15344885244195,15345061535323
15344885244195,15345138363344
15345062499153,15345138363344
15345062499153,15345223077626
15345062499153,15345301758688
15345062499153,15345387521047
15345303233981,15345387521047
15345303233981,15345528161705
15345419512400,15345528161705
15345419512400,15345607506115
15345419512400,15345684875622
15345419512400,15345762239831
15345686328259,15345762239831
15345686328259,15345928062039
15345788183886,15345928062039
15345788183886,15346002418173
15346003476682,15346002418173
15346003476682,15346082858311
15346003476682,15346160395498
15346161657863,15346160395498
15346161657863,15346247731094
15346161657863,15346348974314
15346161657863,15346425251553
15346161657863,15346521201730
15346426422142,15346521201730
15346426422142,15346626360524
15346540540769,15346626360524
15346540540769,15346704444136
15346705861005,15346704444136
15346705861005,15346784244962
15346868269793,15346784244962
15346868269793,15346866756747
15346868269793,15346958508372
15346868269793,15347035794745
15347037191827,15347035794745
15347037191827,15347116698910
15347037191827,15347196635825
15347197991566,15347196635825
15347197991566,15347280559661
15347368319996,15347280559661
15347368319996,15347367139132
15347368319996,15347452819620
15347368319996,15347529476694
15347368319996,15347607860033
15347609130248,15347607860033
15347609130248,15347705654044
15347609130248,15347824275762
15347737184327,15347824275762
15347737184327,15347904367655
15347737184327,15347983457609
15347905299504,15347983457609
15347905299504,15348064335026
15348065227836,15348064335026
15348065227836,15348140990282
15348065227836,15348227697886
15348065227836,15348298109251
15348299039781,15348298109251
15348299039781,15348422877797
15348423838703,15348422877797
15348423838703,15348521068404
15348423838703,15348600111539
15348600986665,15348600111539
15348600986665,15348678455041
15348750886180,15348678455041
15348750886180,15348750028376
15348750886180,15348835753186
15348750886180,15348923679619
15348750886180,15349013762158
15349015144761,15349013762158
15349015144761,15349128455653
15349133206279,15349128455653
15349133206279,15349226181487
15349133206279,15349298977995
15349368243222,15349298977995
15349368243222,15349367339583
15349368243222,15349524080243
15349368243222,15349604989128
15349605993313,15349604989128
15349605993313,15349721391383
15349722354956,15349721391383
15349722354956,15349825249323
15349722354956,15349907248281
15349722354956,15349989983728
15349990890365,15349989983728
15349990890365,15350126254809
15350127360074,15350126254809
15350127360074,15350231535386
15350232323138,15350231535386
15350232323138,15350307676746
15350232323138,15350390224299
15350232323138,15350494450119
15350232323138,15350569977231
15350572011614,15350569977231
15350572011614,15350730399267
15350731517797,15350730399267
15350731517797,15350829289114
15350731517797,15350904878726
15350905906330,15350904878726
15350905906330,15350983297352
15350905906330,15351065849516
15350905906330,15351141512530
15351142189702,15351141512530
15351142189702,15351235301481
15351248641713,15351235301481
15351248641713,15351335826611
15351248641713,15351424847395
15351248641713,15351513628703
15351514570234,15351513628703
15351514570234,15351629338201
15351630485588,15351629338201
15351630485588,15351731121196
15351630485588,15351807037888
15351630485588,15351906150624
15351630485588,15352036572103
15351907347304,15352036572103
15351907347304,15352130382226
15352037527649,15352130382226
15352037527649,15352206700306
15352037527649,15352285947128
15352207699513,15352285947128
15352207699513,15352360105638
15352207699513,15352439367256
15352207699513,15352543104477
15352440056874,15352543104477
15352440056874,15352633931081
15352440056874,15352731453709
15352634953441,15352731453709
15352634953441,15352832464167
15352747730130,15352832464167
15352747730130,15352912110898
15352747730130,15352988039979
15352913098150,15352988039979
15352913098150,15353062860695
15352913098150,15353139190241
15352913098150,15353216891463
15353139990237,15353216891463
15353250050907,15353216891463
15353250050907,15353361048440
15353250050907,15353443549339
15353250050907,15353517764468
15353250050907,15353591878784
15353518846530,15353591878784
15353518846530,15353739238444
15353629526321,15353739238444
15353629526321,15353814990321
15353629526321,15353898096286
15353815847202,15353898096286
15353815847202,15353982239487
15353983622218,15353982239487
15353983622218,15354068490174
15353983622218,15354153916983
15353983622218,15354237458932
15354155314632,15354237458932
15354155314632,15354314930341
15354155314632,15354386377383
15354387139022,15354386377383
15354387139022,15354461125178
15354387139022,15354539550631
15354387139022,15354639275533
15354540710696,15354639275533
15354540710696,15354734875724
15354540710696,15354854479967
15354735917656,15354854479967
15354735917656,15354933275567
15354735917656,15355034058158
15354934808241,15355034058158
15354934808241,15355133777211
15355043680836,15355133777211
15355043680836,15355210527199
15355043680836,15355286342219
15355287053161,15355286342219
15355287053161,15355360694371
15355287053161,15355440501030
15355287053161,15355547187354
15355441757092,15355547187354
15355441757092,15355639582654
15355553344245,15355639582654
15355553344245,15355713766504
15355553344245,15355791715510
15355714968046,15355791715510
15355714968046,15355872305087
15355714968046,15355949108784
15355714968046,15356039510622
15355949788289,15356039510622
15355949788289,15356123179523
15356054868127,15356123179523
15356054868127,15356218660606
15356054868127,15356323607416
15356219524368,15356323607416
15356219524368,15356405413488
15356219524368,15356490280503
15356406424407,15356490280503
15356406424407,15356566769936
15356406424407,15356644211326
15356406424407,15356730892197
15356644918034,15356730892197
15356644918034,15356837040654
15356644918034,15356934965551
15356837940150,15356934965551
15356837940150,15357036618432
15356945848561,15357036618432
15356945848561,15357115297392
15356945848561,15357197564497
15357117155939,15357197564497
15357117155939,15357277141081
15357117155939,15357355612393
15357117155939,15357442151103
15357356502722,15357442151103
15357356502722,15357526235520
15357356502722,15357629861022
15357527205436,15357629861022
15357527205436,15357737353615
15357640222519,15357737353615
15357640222519,15357811472245
15357812341249,15357811472245
15357812341249,15357914025377
15357812341249,15357991958237
15357812341249,15358074119331
15357812341249,15358186264895
15358074776392,15358186264895
15358074776392,15358345575941
15358215283430,15358345575941
15358215283430,15358429311650
15358215283430,15358510883727
15358215283430,15358590322041
15358511921764,15358590322041
15358619295056,15358590322041
15358619295056,15358754062684
15358619295056,15358841025804
15358619295056,15358922430616
15358619295056,15359007015583
15358923374122,15359007015583
15358923374122,15359147262105
15359043983266,15359147262105
15359043983266,15359222196747
15359222875053,15359222196747
15359222875053,15359302349209
15359222875053,15359392981182
15359394282953,15359392981182
15359394282953,15359478974695
15359394282953,15359566691096
15359394282953,15359639975301
15359641072990,15359639975301
15359641072990,15359760665254
15359761608934,15359760665254
15359761608934,15359858751728
15359761608934,15359941988472
15359761608934,15360024638302
15360026143685,15360024638302
15360026143685,15360159824751
15360161118819,15360159824751
15360161118819,15360254816709
15360161118819,15360332376857
15360333690403,15360332376857
15360333690403,15360432338826
15360333690403,15360506701919
15360507855202,15360506701919
15360507855202,15360591076413
15360507855202,15360666473325
15360667616797,15360666473325
15360667616797,15360762489571
15360667616797,15360841431819
15360842270220,15360841431819
15360842270220,15360920186302
15361001097213,15360920186302
15361001097213,15361000020290
15361001097213,15361091607438
15361183361913,15361091607438
15361183361913,15361182149079
15361183361913,15361260261887
15361183361913,15361351458938
15361183361913,15361435956979
15361437396454,15361435956979
15361437396454,15361550697447
15361551738993,15361550697447
15361551738993,15361653076977
15361551738993,15361730772474
15361551738993,15361811916601
15361813516186,15361811916601
15361813516186,15361959035885
15361959955971,15361959035885
15361959955971,15362054459426
15361959955971,15362127187488
15361959955971,15362209052556
15362210275588,15362209052556
15362210275588,15362348884601
15362350067254,15362348884601
15362350067254,15362457449479
15362350067254,15362534895227
15362350067254,15362610336220
15362611501098,15362610336220
15362611501098,15362759899493
15362761072269,15362759899493
15362761072269,15362863815944
15362761072269,15362938798158
15362761072269,15363021904609
15363023200390,15363021904609
15363023200390,15363103026061
15363136153549,15363103026061
15363136153549,15363254872777
15363136153549,15363333658011
15363334710291,15363333658011
15363334710291,15363414133880
15363334710291,15363492204370
15363334710291,15363573947597
15363574722419,15363573947597
15363574722419,15363657779863
15363574722419,15363761037719
15363762896770,15363761037719
15363762896770,15363859018511
15363868147011,15363859018511
15363868147011,15363953012367
15363868147011,15364029870034
15364030766537,15364029870034
15364030766537,15364105984857
15364200906719,15364105984857
15364200906719,15364189506521
15364200906719,15364278672135
15364200906719,15364359131539
15364200906719,15364445385422
15364446338554,15364445385422
15364446338554,15364522764936
15364559530335,15364522764936
15364559530335,15364655670922
15364559530335,15364727793549
15364728703596,15364727793549
15364728703596,15364801631275
15364881588125,15364801631275
15364881588125,15364880587793
15364881588125,15364966066499
15364881588125,15365051914418
15364881588125,15365128307127
15365129239586,15365128307127
15365129239586,15365257589971
15365258740416,15365257589971
15365258740416,15365354906739
15365258740416,15365431141849
15365506247930,15365431141849
15365506247930,15365505181218
15365506247930,15365655490398
15365506247930,15365731135611
15365731937107,15365731135611
15365731937107,15365817677903
15365851806170,15365817677903
15365851806170,15365962414807
15365851806170,15366041742641
15365851806170,15366118907078
15366119872614,15366118907078
15366119872614,15366259584793
15366260496275,15366259584793
15366260496275,15366362343616
15366260496275,15366434589034
15366435746759,15366434589034
15366435746759,15366522322236
15366605401816,15366522322236
15366605401816,15366603760669
15366605401816,15366685512347
15366605401816,15366760163008
15366605401816,15366837662620
15366838512316,15366837662620
15366838512316,15366919028708
15366953224518,15366919028708
15366953224518,15367069054977
15366953224518,15367152514862
15366953224518,15367228914793
15367153887859,15367228914793
15367153887859,15367309847182
15367311089043,15367309847182
15367311089043,15367395323885
15367311089043,15367476859622
15367311089043,15367567952396
15367478158168,15367567952396
15367478158168,15367644534547
15367716684273,15367644534547
15367716684273,15367715434627
15367716684273,15367790131891
15367716684273,15367864962336
15367866359671,15367864962336
15367866359671,15367969532475
15367978762990,15367969532475
15367978762990,15368066551803
15367978762990,15368148853526
15367978762990,15368231728315
15367978762990,15368366120535
15368232765974,15368366120535
15368232765974,15368468104367
15368367446269,15368468104367
15368367446269,15368546475787
15368367446269,15368623859870
15368367446269,15368765988008
15368625286492,15368765988008
15368625286492,15368867110226
15368766884698,15368867110226
15368766884698,15368954263781
15368766884698,15369034378659
15368766884698,15369172833500
15369036290966,15369172833500
15369036290966,15369274363480
15369173991486,15369274363480
15369173991486,15369347698816
15369349019606,15369347698816
15369349019606,15369428931071
15369349019606,15369518731395
15369519584092,15369518731395
15369519584092,15369605698124
15369690035526,15369605698124
15369690035526,15369688642160
15369690035526,15369778133356
15369690035526,15369847627526
15369849095555,15369847627526
15369849095555,15369941637796
15369849095555,15370019845337
15370021172529,15370019845337
15370021172529,15370108859236
15370201297586,15370108859236
15370201297586,15370200476305
15370201297586,15370285161547
15370201297586,15370360433402
15370361270992,15370360433402
15370361270992,15370447386983
15370361270992,15370529620648
15370530729931,15370529620648
15370530729931,15370604697581
15370530729931,15370688129647
15370689188463,15370688129647
15370689188463,15370773707905
15370689188463,15370872754856
15370689188463,15370948124145
15370949389680,15370948124145
15370949389680,15371031329753
15371063612648,15371031329753
15371063612648,15371169782656
15371170870601,15371169782656
15371170870601,15371256528209
15371170870601,15371346592551
15371170870601,15371431517768
15371512287970,15371431517768
15371512287970,15371511329524
15371512287970,15371672392356
15371673205237,15371672392356
15371673205237,15371760941008
15371673205237,15371841791061
15371673205237,15371922033358
15371922717977,15371922033358
15371922717977,15372004565505
15372050553769,15372004565505
15372050553769,15372172329634
15372173199691,15372172329634
15372173199691,15372254887041
15372173199691,15372331576397
15372173199691,15372411573906
15372173199691,15372484849449
15372485951539,15372484849449
15372485951539,15372569134789
15372485951539,15372671271362
15372672300289,15372671271362
15372672300289,15372766502021
15372784218273,15372766502021
15372784218273,15372866987778
15372784218273,15372940141298
15372784218273,15373021887756
15373022888445,15373021887756
15373022888445,15373171277446
15373172435111,15373171277446
15373172435111,15373266112264
15373172435111,15373341740583
15373423143724,15373341740583
15373423143724,15373422141946
15373423143724,15373570099824
15373423143724,15373655254792
15373656587943,15373655254792
15373656587943,15373758879461
15373772387157,15373758879461
15373772387157,15373866086358
15373772387157,15373965529657
15373772387157,15374050375486
15374051488602,15374050375486
15374051488602,15374140721486
15374163750938,15374140721486
15374163750938,15374269849756
15374163750938,15374342666827
15374417908959,15374342666827
15374417908959,15374416971777
15374417908959,15374572564643
15374417908959,15374642946655
15374644129511,15374642946655
15374644129511,15374768109526
15374769356188,15374768109526
15374769356188,15374869162650
15374769356188,15374945841043
15374946655624,15374945841043
15374946655624,15375025362938
15375106789574,15375025362938
15375106789574,15375105791806
15375106789574,15375185785685
15375106789574,15375283720943
15375106789574,15375360714957
15375362214915,15375360714957
15375362214915,15375439320507
15375478685805,15375439320507
15375478685805,15375573593773
15375478685805,15375657771213
15375478685805,15375736787064
15375738113225,15375736787064
15375738113225,15375811518330
15375856619087,15375811518330
15375856619087,15375972799520
15375856619087,15376057367038
15375856619087,15376139116633
15376140800715,15376139116633
15376140800715,15376273947882
15376275557971,15376273947882
15376275557971,15376369929662
15376275557971,15376447981916
15376275557971,15376530080185
15376530754773,15376530080185
15376530754773,15376610366208
15376651867479,15376610366208
15376796975497,15376610366208
15376796975497,15376795813923
15376796975497,15376886845159
15376796975497,15376970069915
15376971027935,15376970069915
15376971027935,15377051296906
15376971027935,15377124063805
15376971027935,15377202364508
15376971027935,15377278730003
15377280384731,15377278730003
15377280384731,15377381708451
15377280384731,15377472881534
15377473782069,15377472881534
15377473782069,15377579427630
15377586922532,15377579427630
15377586922532,15377678589608
15377586922532,15377760192203
15377586922532,15377840972020
15377841932513,15377840972020
15377841932513,15377921902271
15377953770116,15377921902271
15377953770116,15378075751989
15377953770116,15378149817320
15378150721587,15378149817320
15378150721587,15378233387845
15378150721587,15378317031245
15378331695476,15378317031245
15378331695476,15378410235774
15378331695476,15378488173846
15378331695476,15378563841113
15378564521585,15378563841113
15378564521585,15378655323029
15378564521585,15378776866207
15378777915757,15378776866207
15378777915757,15378881649917
15378777915757,15378970357638
15378971318591,15378970357638
15378971318591,15379080519359
15379081330819,15379080519359
15379081330819,15379176501221
15379081330819,15379255935912
15379081330819,15379338452464
15379339481183,15379338452464
15379339481183,15379473639588
15379475173363,15379473639588
15379475173363,15379578798505
15379475173363,15379664824009
15379665848832,15379664824009
15379665848832,15379744099463
15379820707867,15379744099463
15379820707867,15379819160319
15379820707867,15379897963393
15379820707867,15379977941228
15379820707867,15380061872199
15380062700336,15380061872199
15380062700336,15380147351811
15380166396332,15380147351811
15380166396332,15380280639690
15380166396332,15380360682800
15380166396332,15380438878375
15380440064032,15380438878375
15380440064032,15380574863703
15380576170071,15380574863703
15380576170071,15380675094207
15380576170071,15380747030406
15380819367279,15380747030406
15380819367279,15380818407310
15380819367279,15380979128458
15380819367279,15381055115577
15381055970226,15381055115577
15381055970226,15381137139959
15381055970226,15381277840431
15381176647143,15381277840431
15381176647143,15381365469264
15381176647143,15381442118703
15381176647143,15381573397389
15381444021480,15381573397389
15381444021480,15381680391293
15381574241122,15381680391293
15381574241122,15381761545975
15381574241122,15381837836190
15381574241122,15381974591234
15381839556496,15381974591234
15381839556496,15382080802691
15381975651244,15382080802691
15381975651244,15382163974356
15381975651244,15382242148841
15381975651244,15382332994312
15382242904849,15382332994312
15382242904849,15382471242048
15382348302122,15382471242048
15382348302122,15382548271327
15382348302122,15382627289113
15382348302122,15382775019004
15382628360927,15382775019004
15382628360927,15382877152096
15382776112457,15382877152096
15382776112457,15382958491887
15382776112457,15383040707358
15382776112457,15383126681700
15383041948752,15383126681700
15383041948752,15383285245985
15383157140022,15383285245985
15383157140022,15383363825594
15383157140022,15383450804820
15383157140022,15383535736264
15383451517262,15383535736264
15383451517262,15383680712200
15383579157598,15383680712200
15383579157598,15383757193010
15383579157598,15383831828326
15383579157598,15383910423215
15383832703012,15383910423215
15383832703012,15384073815106
15383941017925,15384073815106
15384074634077,15384073815106
15384074634077,15384158472624
15384074634077,15384240656299
15384074634077,15384327810622
15384074634077,15384409121181
15384410600951,15384409121181
15384410600951,15384578287484
15384579249013,15384578287484
15384579249013,15384659037874
15384579249013,15384737402305
15384579249013,15384818637519
15384739061048,15384818637519
15384900058908,15384818637519
15384900058908,15384899053203
15384900058908,15384981606501
15384900058908,15385060594539
15385061712121,15385060594539
15385061712121,15385141950151
15385061712121,15385223062643
15385061712121,15385301177717
15385302948376,15385301177717
15385302948376,15385477036345
15385302948376,15385554159980
15385555042768,15385554159980
15385555042768,15385635356811
15385555042768,15385781083859
15385661208817,15385781083859
15385661208817,15385856958670
15385661208817,15385933202144
15385934092849,15385933202144
15385934092849,15386008050498
15385934092849,15386089887320
15386090682585,15386089887320
15386090682585,15386185393037
15386090682585,15386290991053
15386090682585,15386377190994
15386292657995,15386377190994
15386292657995,15386487731617
15386399285313,15386487731617
15386399285313,15386577342869
15386399285313,15386646895963
15386647728788,15386646895963
15386647728788,15386731268717
15386760874343,15386731268717
15386760874343,15386878711439
15386760874343,15386951846904
15387229132460,15386951846904
15387229132460,15387228154428
15387229132460,15387300091363
15387229132460,15387386043431
15387387134257,15387386043431
15387387134257,15387479970843
15387492890481,15387479970843
15387492890481,15387582185488
15387492890481,15387662842172
15387492890481,15387736913651
15387738334319,15387736913651
15387738334319,15387825112232
15387854466140,15387825112232
15387854466140,15387979762193
15387990344046,15387979762193
15387990344046,15388070303952
15387990344046,15388148033096
15387990344046,15388230694733
15387990344046,15388304685740
15388305714550,15388304685740
15388305714550,15388487295637
15388305714550,15388568298173
15388305714550,15388648247389
15388569357121,15388648247389
15388569357121,15388780342158
15388664339261,15388780342158
15388664339261,15388855317591
15388664339261,15388937138973
15388938110237,15388937138973
15388938110237,15389083192211
15388938110237,15389166237432
15389084196155,15389166237432
15389084196155,15389245586216
15389084196155,15389328512143
15389246571459,15389328512143
15389246571459,15389405784849
15389246571459,15389489026455
15389406649053,15389489026455
15389406649053,15389565262060
15389566813701,15389565262060
15389566813701,15389649555044
15389566813701,15389728620872
15389729487096,15389728620872
15389729487096,15389814351973
15389729487096,15389892768180
15389729487096,15389969406030
15389970162545,15389969406030
15389970162545,15390047236567
15390081151811,15390047236567
15390081151811,15390191038812
15390081151811,15390272586175
15390081151811,15390355100949
15390355799415,15390355100949
15390355799415,15390439783908
15390467378017,15390439783908
15390467378017,15390585100258
15390467378017,15390665479669
15390666628996,15390665479669
15390666628996,15390744842874
15390666628996,15390827019256
15390666628996,15390901445275
15390902819100,15390901445275
15390902819100,15390989140518
15390902819100,15391084077157
15391085451724,15391084077157
15391085451724,15391190517185
15391204073859,15391190517185
15391204073859,15391297427514
15391204073859,15391376135016
15391377374044,15391376135016
15391377374044,15391460078286
15391542679420,15391460078286
15391542679420,15391541575426
15391542679420,15391629324367
15391542679420,15391704624865
15391542679420,15391792043396
15391792846212,15391792043396
15391792846212,15391890785193
15391902164198,15391890785193
15391902164198,15391982392971
15391902164198,15392061905204
15392063262938,15392061905204
15392063262938,15392136127474
15392063262938,15392216451572
15392063262938,15392290830085
15392291600111,15392290830085
15392291600111,15392393331503
15392398559229,15392393331503
15392398559229,15392490197486
15392398559229,15392580909292
15392582355494,15392580909292
15392582355494,15392670979053
15392582355494,15392750566288
15392582355494,15392830616315
15392831572564,15392830616315
15392831572564,15392908483801
15392956086334,15392908483801
15392956086334,15393086476023
15392956086334,15393169548263
15393170963218,15393169548263
15393170963218,15393258419850
15393170963218,15393345962983
15393170963218,15393426209680
15393427195379,15393426209680
15393427195379,15393503565787
15393427195379,15393593072842
15393594070627,15393593072842
15393594070627,15393692828395
15393702469965,15393692828395
15393702469965,15393780551080
15393702469965,15393860077786
15393860888752,15393860077786
15393860888752,15393942089138
15393860888752,15394018498398
15394019852822,15394018498398
15394019852822,15394095602581
15394019852822,15394187054569
15394019852822,15394270435861
15394271496255,15394270435861
15394271496255,15394410982267
15394271496255,15394493655123
15394494459429,15394493655123
15394494459429,15394591775903
15394494459429,15394688381049
15394689676149,15394688381049
15394689676149,15394789660378
15394794930507,15394789660378
15394794930507,15394878995660
15394794930507,15394963488585
15394964429198,15394963488585
15394964429198,15395052644524
15394964429198,15395130127025
15394964429198,15395206623241
15394964429198,15395296137283
15395207361709,15395296137283
15395207361709,15395390702583
15395391647854,15395390702583
15395391647854,15395495470389
15395503352644,15395495470389
15395503352644,15395595967253
15395503352644,15395680573930
15395681468257,15395680573930
15395681468257,15395770233930
15395681468257,15395851196000
15395852498600,15395851196000
15395852498600,15395940579960
15396019907993,15395940579960
15396019907993,15396018994993
15396019907993,15396098998973
15396019907993,15396185083665
15396019907993,15396266742254
15396267660372,15396266742254
15396267660372,15396398084882
15396399711908,15396398084882
15396399711908,15396492634986
15396399711908,15396574648010
15396399711908,15396654312405
15396655228517,15396654312405
15396655228517,15396741519587
15396765911436,15396741519587
15396765911436,15396895219471
15396765911436,15396972915258
15396973738520,15396972915258
15396973738520,15397053190780
15396973738520,15397133058400
15396973738520,15397208621926
15397209311212,15397208621926
15397209311212,15397290523766
15397209311212,15397387189776
15397388162155,15397387189776
15397388162155,15397511199596
15397388162155,15397603073414
15397604431193,15397603073414
15397604431193,15397702162970
15397711346104,15397702162970
15397711346104,15397798276018
15397711346104,15397876050519
15397711346104,15397949521684
15397711346104,15398034308765
15397950269361,15398034308765
15397950269361,15398198351058
15398074605385,15398198351058
15398074605385,15398280256666
15398281350807,15398280256666
15398281350807,15398365872003
15398281350807,15398450075140
15398281350807,15398537587929
15398451768239,15398537587929
15398451768239,15398615024624
15398451768239,15398689170789
15398451768239,15398811393699
15398689903927,15398811393699
15398812327254,15398811393699
15398812327254,15398902400921
15398812327254,15398990217186
15398812327254,15399064454500
15399065303268,15399064454500
15399065303268,15399155117626
15399184617844,15399155117626
15399184617844,15399304259746
15399184617844,15399374223089
15399450024321,15399374223089
15399450024321,15399449318084
15399450024321,15399527310778
15399450024321,15399611607040
15399612527878,15399611607040
15399612527878,15399697665513
15399612527878,15399792658338
15399793935009,15399792658338
15399793935009,15399895467368
15399900135166,15399895467368
15399900135166,15400009829790
15399900135166,15400099533092
15399900135166,15400175124858
15399900135166,15400298432347
15400176596715,15400298432347
15400299667165,15400298432347
15400299667165,15400398173025
15400299667165,15400477442623
15400299667165,15400554214850
15400299667165,15400637615169
15400555328115,15400637615169
15400555328115,15400797668152
15400670464369,15400797668152
15400670464369,15400874862663
15400670464369,15400958836957
15400875904715,15400958836957
15400875904715,15401037433657
15401038501149,15401037433657
15401038501149,15401115831490
15401038501149,15401185235503
15401038501149,15401259457908
15401260306984,15401259457908
15401260306984,15401395125423
15401396045843,15401395125423
15401396045843,15401489320759
15401396045843,15401569326751
15401396045843,15401649526755
15401570308015,15401649526755
15401570308015,15401727632215
15401570308015,15401809736588
15401728516581,15401809736588
15401728516581,15401882379467
15401728516581,15401964476294
15401965180193,15401964476294
15401965180193,15402040319944
15402073189536,15402040319944
15402073189536,15402184538320
15402073189536,15402273494608
15402073189536,15402358075449
15402359234774,15402358075449
15402359234774,15402437596488
15402462499355,15402437596488
15402462499355,15402593207698
15402462499355,15402673412718
15402747033511,15402673412718
15402747033511,15402746102274
15402747033511,15402894596361
15402747033511,15402971246020
15402972422443,15402971246020
15402972422443,15403050737962
15403096749940,15403050737962
15403096749940,15403203636934
15403096749940,15403276503283
15403096749940,15403353390955
15403354320045,15403353390955
15403354320045,15403496354826
15403497283098,15403496354826
15403497283098,15403597235721
15403497283098,15403673285733
15403497283098,15403746954661
15403748182393,15403746954661
15403748182393,15403895095992
15403896344589,15403895095992
15403896344589,15403997556866
15403896344589,15404076267779
15403896344589,15404156348085
15404157235370,15404156348085
15404157235370,15404239599956
15404275411429,15404239599956
15404275411429,15404399198880
15404400185600,15404399198880
15404400185600,15404483708901
15404400185600,15404564150553
15404400185600,15404644334758
15404400185600,15404719928117
15404720680265,15404719928117
15404720680265,15404813525366
15404720680265,15404896654214
15404897625185,15404896654214
15404897625185,15404993696820
15405011958313,15404993696820
15405011958313,15405094411122
15405011958313,15405176325605
15405011958313,15405253311143
15405254369091,15405253311143
15405254369091,15405399536121
15405400523172,15405399536121
15405400523172,15405500308052
15405400523172,15405570150154
15405649227560,15405570150154
15405649227560,15405647831021
15405649227560,15405802840520
15405649227560,15405884541246
15405885776497,15405884541246
15405885776497,15405967675654
15406007013500,15405967675654
15406007013500,15406105621594
15406007013500,15406186058125
15406007013500,15406263368937
15406264342895,15406263368937
15406264342895,15406413363096
15406414302374,15406413363096
15406414302374,15406504946249
15406414302374,15406579663193
15406414302374,15406657578227
15406658546804,15406657578227
15406658546804,15406795078777
15406796135908,15406795078777
15406796135908,15406900075357
15406796135908,15406978774330
15406796135908,15407060388529
15407061988695,15407060388529
15407061988695,15407206969546
15407207874759,15407206969546
15407207874759,15407298228606
15407207874759,15407374831879
15407449466265,15407374831879
15407449466265,15407448123309
15407449466265,15407603981291
15407449466265,15407682449234
15407683845631,15407682449234
15407683845631,15407804824000
15407683845631,15407913226791
15407805781946,15407913226791
15407805781946,15407995879403
15407805781946,15408081251059
15407805781946,15408202687855
15408082382739,15408202687855
15408082382739,15408304157720
15408203529302,15408304157720
15408203529302,15408384244629
15408203529302,15408459514539
15408203529302,15408602905361
15408460424852,15408602905361
15408460424852,15408704832480
15408603767410,15408704832480
15408603767410,15408783612388
15408603767410,15408874812597
15408875900530,15408874812597
15408875900530,15408996526062
15408997424284,15408996526062
15408997424284,15409101868723
15408997424284,15409174623849
15408997424284,15409250188292
15409251373378,15409250188292
15409251373378,15409339365070
15409373412404,15409339365070
15409373412404,15409502895255
15409373412404,15409582285341
15409373412404,15409664171336
15409664879093,15409664171336
15409664879093,15409755300704
15409777769056,15409755300704
15409777769056,15409906672605
15409908063318,15409906672605
15409908063318,15409997439931
15409908063318,15410071454613
15409908063318,15410151319900
15410228897297,15410151319900
15410228897297,15410227925478
15410228897297,15410327520982
15410228897297,15410412311934
15410413266059,15410412311934
15410413266059,15410513036840
15410413266059,15410605882229
15410606777943,15410605882229
15410606777943,15410704104212
15410716932284,15410704104212
15410716932284,15410802689283
15410716932284,15410882248690
15410716932284,15410957971130
15410959423983,15410957971130
15410959423983,15411106584170
15411107544051,15411106584170
15411107544051,15411202146971
15411107544051,15411282910973
15411357412673,15411282910973
15411357412673,15411356500716
15411357412673,15411507065419
15411508518143,15411507065419
15411508518143,15411587541078
15411508518143,15411663732588
15411665180857,15411663732588
15411665180857,15411750643898
15411665180857,15411824570479
15411826237283,15411824570479
15411826237283,15411915148520
15411826237283,15412020252183
15412021654803,15412020252183
15412021654803,15412104058629
15412021654803,15412182816739
15412021654803,15412259489513
15412260710644,15412259489513
15412260710644,15412352225800
15412372234700,15412352225800
15412372234700,15412507242742
15412372234700,15412583379951
15412372234700,15412668473890
15412669211588,15412668473890
15412669211588,15412761360353
15412779029338,15412761360353
15412779029338,15412906390140
15412779029338,15412982150016
15412779029338,15413069869691
15413070608723,15413069869691
15413070608723,15413147654832
15413186228092,15413147654832
15413186228092,15413314701273
15413186228092,15413400891272
15413186228092,15413475304303
15413476228658,15413475304303
15413476228658,15413551099043
15413585014772,15413551099043
15413585014772,15413702385330
15413585014772,15413777886187
15413585014772,15413858789083
15413859971425,15413858789083
15413859971425,15414006682546
15414007646875,15414006682546
15414007646875,15414106094602
15414007646875,15414183921895
15414007646875,15414259767813
15414261258063,15414259767813
15414261258063,15414411765641
15414412693238,15414411765641
15414412693238,15414507955956
15414412693238,15414593325399
15414412693238,15414673297155
15414674336518,15414673297155
15414674336518,15414808247638
15414809250054,15414808247638
15414809250054,15414903614644
15414809250054,15414980557963
15415055166399,15414980557963
15415055166399,15415053838450
15415055166399,15415206260220
15415055166399,15415285536347
15415286275208,15415285536347
15415286275208,15415372793213
15415396479259,15415372793213
15415396479259,15415509317861
15415510699931,15415509317861
15415510699931,15415588114341
15415510699931,15415665198430
15415510699931,15415752884614
15415510699931,15415832427268
15415833392775,15415832427268
15415833392775,15415913348397
15415833392775,15416010025328
15416011732895,15416010025328
15416011732895,15416110173359
15416123566048,15416110173359
15416123566048,15416206591253
15416123566048,15416281694450
15416123566048,15416356598768
15416357633104,15416356598768
15416357633104,15416503064249
15416504569320,15416503064249
15416504569320,15416633720153
15416634623355,15416633720153
15416634623355,15416717478363
15416634623355,15416791247194
15416792848081,15416791247194
15416792848081,15416872338701
15416792848081,15416943756577
15416792848081,15417021040412
15416792848081,15417097176204
15417098441997,15417097176204
15417098441997,15417212774726
15417213887004,15417212774726
15417213887004,15417305570140
15417213887004,15417382707028
15417213887004,15417462213381
15417463072386,15417462213381
15417463072386,15417611025812
15417612110706,15417611025812
15417612110706,15417707258759
15417612110706,15417788908097
15417790372952,15417788908097
15417790372952,15417872151655
15417952184503,15417872151655
15417952184503,15417951017897
15417952184503,15418033363351
15417952184503,15418110673616
15418111989084,15418110673616
15418111989084,15418194207357
15418111989084,15418289617631
15418111989084,15418381053506
15418381961190,15418381053506
15418381961190,15418514515468
15418515474023,15418514515468
15418515474023,15418609297749
15418515474023,15418676873715
15418758365567,15418676873715
15418758365567,15418756936609
15418758365567,15418909346632
15418758365567,15418986052522
15418986953352,15418986052522
15418986953352,15419113088124
15419114213584,15419113088124
15419114213584,15419212446739
15419114213584,15419296931191
15419114213584,15419377912841
15419379160351,15419377912841
15419379160351,15419459655126
15419493028017,15419459655126
15419493028017,15419616115105
15419617252226,15419616115105
15419617252226,15419700654459
15419617252226,15419781422136
15419862292395,15419781422136
15419862292395,15419861331355
15419862292395,15419941479114
15419862292395,15420017985456
15420018857889,15420017985456
15420018857889,15420098723177
15420018857889,15420182788199
15420183651366,15420182788199
15420183651366,15420258961577
15420335557070,15420258961577
15420335557070,15420334567426
15420335557070,15420416866867
15420335557070,15420500837956
15420501750016,15420500837956
15420501750016,15420587224612
15420501750016,15420670338843
15420671241949,15420670338843
15420671241949,15420757070717
15420671241949,15420836636064
15420671241949,15420916234795
15420917024616,15420916234795
15420917024616,15421019488969
15421029359834,15421019488969
15421029359834,15421109926295
15421029359834,15421200384487
15421029359834,15421275868231
15421276801360,15421275868231
15421276801360,15421352341299
15421385768658,15421352341299
15421385768658,15421511736476
15421385768658,15421588329160
15421589589200,15421588329160
15421589589200,15421679344335
15421589589200,15421776645757
15421862164863,15421776645757
15421862164863,15421861378842
15421862164863,15421940842761
15421862164863,15422018324532
15422019922605,15422018324532
15422019922605,15422112353613
15422126315098,15422112353613
15422126315098,15422211553594
15422126315098,15422291841331
15422292795654,15422291841331
15422292795654,15422381471067
15422292795654,15422468076505
15422469196797,15422468076505
15422469196797,15422550339284
15422469196797,15422634650603
15422469196797,15422715326004
15422716123408,15422715326004
15422716123408,15422826551219
15422716123408,15422913672690
15422914583129,15422913672690
15422914583129,15423015736437
15423023592343,15423015736437
15423023592343,15423109873345
15423023592343,15423193443310
15423194713807,15423193443310
15423194713807,15423272860029
15423359806203,15423272860029
15423359806203,15423358902108
15423359806203,15423438730654
15423359806203,15423525299296
15423359806203,15423604539636
15423605579027,15423604539636
15423605579027,15423689790875
15423719130461,15423689790875
15423719130461,15423812538645
15423719130461,15423889808021
15423890669007,15423889808021
15423890669007,15423970757408
15424051371803,15423970757408
15424051371803,15424050025312
15424051371803,15424129730047
15424051371803,15424216040655
15424051371803,15424304091386
15424306147303,15424304091386
15424306147303,15424421965970
15424423680976,15424421965970
15424423680976,15424525130916
15424423680976,15424603865473
15424423680976,15424680257298
15424681026725,15424680257298
15424681026725,15424759836892
15424794566220,15424759836892
15424794566220,15425150844741
15424794566220,15425237381295
15424794566220,15425316708147
15425317618836,15425316708147
15425317618836,15425400065432
15425430455806,15425400065432
15425430455806,15425511666867
15425430455806,15425589566432
15425590613380,15425589566432
15425590613380,15425663517482
15425590613380,15425742231106
15425590613380,15425824333181
15425825758949,15425824333181
15425825758949,15425915428554
15425825758949,15426014229996
15426016027018,15426014229996
15426016027018,15426122216235
15426128388356,15426122216235
15426128388356,15426220770297
15426128388356,15426301697917
15426128388356,15426380128063
15426380853881,15426380128063
15426380853881,15426461623156
15426490682519,15426461623156
15426490682519,15426618965733
15426490682519,15426699715144
15426700621707,15426699715144
15426700621707,15426780211405
15426700621707,15426862980613
15426700621707,15426945666224
15426863975961,15426945666224
15426863975961,15427028382617
15427029868990,15427028382617
15427029868990,15427118327598
15427029868990,15427212648313
15427213824416,15427212648313
15427213824416,15427297655257
15427213824416,15427375675654
15427376721543,15427375675654
15427376721543,15427475124065
15427376721543,15427551258821
15427376721543,15427625324023
15427626516501,15427625324023
15427626516501,15427721955517
15427726130718,15427721955517
15427726130718,15427816402156
15427726130718,15427890677025
15427892352215,15427890677025
15427892352215,15427972359615
15427892352215,15428040708643
15427892352215,15428118307191
15428118979919,15428118307191
15428118979919,15428216415287
15428228291694,15428216415287
15428228291694,15428315772331
15428228291694,15428394363223
15428477258649,15428394363223
15428477258649,15428475694913
15428477258649,15428618781977
15428620194357,15428618781977
15428620194357,15428696903092
15428620194357,15428774164339
15428861696932,15428774164339
15428861696932,15428860431517
15428861696932,15428939351208
15428861696932,15429026837783
15429028021112,15429026837783
15429028021112,15429116779644
15429028021112,15429215157202
15429216200439,15429215157202
15429216200439,15429312114984
15429333840029,15429312114984
15429333840029,15429432728661
15429333840029,15429509374275
15429333840029,15429592866190
15429593926323,15429592866190
15429593926323,15429670942900
15429708705787,15429670942900
15429708705787,15429824885021
15429827030606,15429824885021
15429827030606,15429903805213
15429827030606,15429972713732
15429827030606,15430049110322
15429827030606,15430131438303
15430132427684,15430131438303
15430132427684,15430219049923
15430132427684,15430322384929
15430323719875,15430322384929
15430323719875,15430411751864
15430432337624,15430411751864
15430432337624,15430524829406
15430432337624,15430604880204
15430432337624,15430680450934
15430681335364,15430680450934
15430681335364,15430756918429
15430786520502,15430756918429
15430786520502,15430922593471
15430786520502,15430998665137
15430786520502,15431079433144
15431080134878,15431079433144
15431080134878,15431159492710
15431192678389,15431159492710
15431192678389,15431325788092
15431326692881,15431325788092
15431326692881,15431403696197
15431326692881,15431485981872
15431564952611,15431485981872
15431564952611,15431564000541
15431564952611,15431639918407
15431564952611,15431721044209
15431564952611,15431797548113
15431798244876,15431797548113
15431798244876,15431875240279
15431909055403,15431875240279
15431909055403,15432017979361
15431909055403,15432110453931
15431909055403,15432189489528
15432190801807,15432189489528
15432190801807,15432317215787
15432318508432,15432317215787
15432318508432,15432435360931
15432318508432,15432524753785
15432525704673,15432524753785
15432525704673,15432605595124
15432525704673,15432680236378
15432681764946,15432680236378
15432681764946,15432754750622
15432681764946,15432829256320
15432830125336,15432829256320
15432830125336,15432927221636
15432830125336,15433005354617
15432830125336,15433079190851
15433080575812,15433079190851
15433080575812,15433226828079
15433228342514,15433226828079
15433228342514,15433322391213
15433228342514,15433405730121
15433228342514,15433483899551
15433484938805,15433483899551
15433484938805,15433630032894
15433631660542,15433630032894
15433631660542,15433746257913
15433631660542,15433827097251
15433631660542,15433916329932
15433917980240,15433916329932
15433917980240,15434038948784
15434039804282,15434038948784
15434039804282,15434141772750
15434039804282,15434218160243
15434219141631,15434218160243
15434219141631,15434295292994
15434219141631,15434379734066
15434219141631,15434462682709
15434380599303,15434462682709
15434380599303,15434542823162
15434543718539,15434542823162
15434543718539,15434626544215
15434543718539,15434706043044
15434707815634,15434706043044
15434707815634,15434791013502
15434707815634,15434866420845
15434867326479,15434866420845
15434867326479,15434950552658
15434867326479,15435042298073
15435043214653,15435042298073
15435043214653,15435130329789
15435043214653,15435214409248
15435043214653,15435301331867
15435302562858,15435301331867
15435302562858,15435385136895
15435418089004,15435385136895
15435418089004,15435529021125
15435418089004,15435612699358
15435613773593,15435612699358
15435613773593,15435692050812
15435613773593,15435766767137
15435767613026,15435766767137
15435767613026,15435849564472
15435767613026,15435933960926
15435767613026,15436014937995
15436016552572,15436014937995
15436016552572,15436101387102
15436137281093,15436101387102
15436137281093,15436233715070
15436137281093,15436310260518
15436137281093,15436401689732
15436402768159,15436401689732
15436402768159,15436531493646
15436532842562,15436531493646
15436532842562,154