15284269674986,15284381296848
15284269674986,15284461553991
15284462400196,15284461553991
15284462400196,15284555164262
15284462400196,15284640634456
15284641645739,15284640634456
15284641645739,15284726725716
15284641645739,15284807669032
15284641645739,15284884358108
15284885086071,15284884358108
15284885086071,15284974483513
15284992169621,15284974483513
15284992169621,15285080406028
15284992169621,15285160452911
15284992169621,15285235092448
15285235984438,15285235092448
15285235984438,15285318766592
15285362017861,15285318766592
15285362017861,15285492591711
15285362017861,15285568268427
15285362017861,15285643775815
15285645244335,15285643775815
15285645244335,15285722108213
15285756857179,15285722108213
15285756857179,15285889747933
15285756857179,15285964202206
15285756857179,15286039842279
15286040793995,15286039842279
15286040793995,15286117156532
15286040793995,15286195667454
15286196530898,15286195667454
15286196530898,15286286520068
15286309172952,15286286520068
15286309172952,15286390348326
15286309172952,15286471335263
15286309172952,15286552495828
15286553429554,15286552495828
15286553429554,15286632637461
15286673397420,15286632637461
15286673397420,15286793985149
15286673397420,15286898723281
15286673397420,15286982505043
15286900069669,15286982505043
15286900069669,15287060685458
15287061720717,15287060685458
15287061720717,15287140909773
15287061720717,15287215634029
15287061720717,15287306465857
15287216562396,15287306465857
15287216562396,15287384745427
15287216562396,15287465715068
15287386409300,15287465715068
15287386409300,15287544697230
15287386409300,15287626118915
15287627030388,15287626118915
15287627030388,15287707764493
15287627030388,15287787911381
15287788833882,15287787911381
15287788833882,15287894414743
15287903228642,15287894414743
15287903228642,15287986242462
15287903228642,15288061170283
15288062130259,15288061170283
15288062130259,15288139053823
15288062130259,15288215305260
15288062130259,15288288127349
15288289717437,15288288127349
15288289717437,15288387064043
15288412308481,15288387064043
15288412308481,15288491751759
15288412308481,15288567281463
15288412308481,15288645984143
15288646764309,15288645984143
15288646764309,15288731340445
15288769484761,15288731340445
15288769484761,15288890648707
15288769484761,15288971405835
15288769484761,15289048852636
15289049739192,15289048852636
15289049739192,15289134816517
15289165110548,15289134816517
15289165110548,15289305733015
15289165110548,15289383375802
15289165110548,15289478590975
15289479399686,15289478590975
15289479399686,15289563462073
15289591630650,15289563462073
15289591630650,15289691923480
15289591630650,15289774253891
15289775258607,15289774253891
15289775258607,15289851761550
15289775258607,15289931453165
15290023296019,15289931453165
15290023296019,15290021839037
15290023296019,15290106487706
15290023296019,15290193986071
15290194942073,15290193986071
15290194942073,15290294934894
15290303730926,15290294934894
15290303730926,15290387969845
15290303730926,15290470114040
15290303730926,15290551976249
15290552690935,15290551976249
15290552690935,15290636023206
15290681388522,15290636023206
15290681388522,15290788901577
15290681388522,15290872577795
15290874141818,15290872577795
15290874141818,15290950080752
15290874141818,15291026289225
15290874141818,15291097917681
15291098681272,15291097917681
15291098681272,15291195734132
15291098681272,15291287979182
15291289067466,15291287979182
15291289067466,15291395672336
15291396638481,15291395672336
15291396638481,15291493782414
15291396638481,15291588186789
15291589804608,15291588186789
15291589804608,15291666296121
15291744845267,15291666296121
15291744845267,15291743827758
15291744845267,15291832784746
15291744845267,15291905800696
15291744845267,15291984719065
15291985749537,15291984719065
15291985749537,15292099420808
15292100793431,15292099420808
15292100793431,15292196151482
15292100793431,15292271085901
15292271988247,15292271085901
15292271988247,15292348545204
15292428355686,15292348545204
15292428355686,15292427173448
15292428355686,15292515073261
15292428355686,15292597203699
15292428355686,15292680217795
15292681617428,15292680217795
15292681617428,15292796250840
15292797308054,15292796250840
15292797308054,15292885362106
15292797308054,15292966282142
15292967555015,15292966282142
15292967555015,15293053127720
15293146166751,15293053127720
15293146166751,15293144969031
15293146166751,15293224540047
15293146166751,15293302741235
15293146166751,15293387079853
15293387969737,15293387079853
15293387969737,15293465482691
15293500280335,15293465482691
15293500280335,15293595855818
15293500280335,15293673160360
15293674038805,15293673160360
15293674038805,15293758309090
15293838440959,15293758309090
15293838440959,15293837553618
15293838440959,15293931676053
15293838440959,15294012648219
15293838440959,15294093579356
15294094525267,15294093579356
15294094525267,15294184141092
15294094525267,15294293007794
15294293972121,15294293007794
15294293972121,15294398587844
15294413463387,15294398587844
15294413463387,15294492585636
15294413463387,15294573047105
15294573984134,15294573047105
15294573984134,15294668249427
15294573984134,15294746436425
15294824329172,15294746436425
15294824329172,15294823394581
15294824329172,15294905429666
15294824329172,15294988574931
15294989476493,15294988574931
15294989476493,15295098183716
15295101467286,15295098183716
15295101467286,15295199845114
15295101467286,15295277888128
15295279645455,15295277888128
15295279645455,15295357626607
15295279645455,15295435348011
15295279645455,15295510548744
15295511288301,15295510548744
15295511288301,15295599751802
15295511288301,15295695295703
15295696725617,15295695295703
15295696725617,15295803499908
15295804436866,15295803499908
15295804436866,15295895615410
15295804436866,15295981125574
15295982415895,15295981125574
15295982415895,15296064208860
15295982415895,15296160382345
15295982415895,15296254174493
15296265065446,15296254174493
15296265065446,15296342862507
15296377997931,15296342862507
15296377997931,15296499946135
15296377997931,15296571960886
15296573646217,15296571960886
15296573646217,15296825025900
15296573646217,15296908941101
15296910595753,15296908941101
15296910595753,15296988351310
15296910595753,15297080186370
15297081736449,15297080186370
15297081736449,15297162294008
15297241492655,15297162294008
15297241492655,15297240052801
15297241492655,15297320715132
15297241492655,15297399968171
15297400898395,15297399968171
15297400898395,15297479619636
15297400898395,15297557971662
15297559269237,15297557971662
15297559269237,15297649298458
15297731782460,15297649298458
15297731782460,15297730924198
15297731782460,15297808454005
15297731782460,15297907049096
15297908153396,15297907049096
15297908153396,15297990174991
15297908153396,15298075903506
15298151222730,15298075903506
15298151222730,15298150514257
15298151222730,15298230746820
15298151222730,15298308953181
15298309868547,15298308953181
15298309868547,15298399822577
15298309868547,15298502338949
15298503306075,15298502338949
15298503306075,15298601636388
15298610672909,15298601636388
15298610672909,15298699725770
15298610672909,15298774405689
15298852807430,15298774405689
15298852807430,15298852112906
15298852807430,15298929118474
15298852807430,15299003317556
15299004359401,15299003317556
15299004359401,15299101061839
15299114666902,15299101061839
15299114666902,15299202798194
15299114666902,15299280563755
15299114666902,15299354368985
15299355149416,15299354368985
15299355149416,15299456278116
15299481040938,15299456278116
15299481040938,15299591745082
15299481040938,15299670337896
15299671389578,15299670337896
15299671389578,15299761776299
15299837227006,15299761776299
15299837227006,15299836135129
15299837227006,15299918254669
15299837227006,15300003405278
15300004375368,15300003405278
15300004375368,15300085904352
15300004375368,15300169710015
15300170949954,15300169710015
15300170949954,15300256441189
15300334765514,15300256441189
15300334765514,15300333908592
15300334765514,15300415285244
15300334765514,15300505569743
15300334765514,15300584512182
15300585771195,15300584512182
15300585771195,15300668541507
15300693083187,15300668541507
15300693083187,15300802651557
15300693083187,15300902406360
15300693083187,15300980444227
15300982455477,15300980444227
15300982455477,15301057092869
15301098708474,15301057092869
15301098708474,15301199480640
15301098708474,15301279725574
15301358531344,15301279725574
15301358531344,15301357622326
15301358531344,15301502934952
15301358531344,15301582157032
15301582842580,15301582157032
15301582842580,15301661774554
15301696686475,15301661774554
15301696686475,15301800127318
15301696686475,15301872094398
15301953712606,15301872094398
15301953712606,15301951904292
15301953712606,15302096699440
15301953712606,15302175625751
15302176580570,15302175625751
15302176580570,15302258674274
15302176580570,15302400889092
15302304686022,15302400889092
15302304686022,15302492089184
15302304686022,15302558832777
15302560081217,15302558832777
15302560081217,15302714822906
15302560081217,15302790571446
15302560081217,15302872131217
15302791530256,15302872131217
15302791530256,15303011680461
15302894993797,15303011680461
15302894993797,15303091079616
15302894993797,15303169120666
15303091976445,15303169120666
15303091976445,15303243907061
15303091976445,15303338286570
15303091976445,15303419260572
15303339090731,15303419260572
15303339090731,15303505458496
15303339090731,15303610519546
15303506324975,15303610519546
15303506324975,15303714014394
15303619656254,15303714014394
15303619656254,15303790916377
15303619656254,15303879547666
15303791866436,15303879547666
15303791866436,15303958278100
15303791866436,15304044008266
15303791866436,15304122537248
15303959380574,15304122537248
15303959380574,15304218076639
15304123356090,15304218076639
15304123356090,15304296802186
15304123356090,15304702596287
15304123356090,15304815605649
15304703535514,15304815605649
15304703535514,15304915944119
15304816587504,15304915944119
15304816587504,15304988257171
15304816587504,15305070427135
15305071124351,15305070427135
15305071124351,15305263231468
15305264657436,15305263231468
15305264657436,15305413319771
15305264657436,15305492667026
15305264657436,15305562020220
15305563062363,15305562020220
15305563062363,15305650473857
15305563062363,15305728729502
15305729867555,15305728729502
15305729867555,15305854353434
15305729867555,15305935872997
15305855724510,15305935872997
15305855724510,15306020175245
15306021898179,15306020175245
15306021898179,15306120826225
15306021898179,15306200826754
15306021898179,15306278590897
15306279604394,15306278590897
15306279604394,15306359347133
15306279604394,15306436058643
15306437024773,15306436058643
15306437024773,15306563876369
15306437024773,15306639885034
15306437024773,15306716251329
15306640779160,15306716251329
15306640779160,15306838748487
15306749779880,15306838748487
15306749779880,15306918077087
15306749779880,15307001923521
15306919282249,15307001923521
15306919282249,15307083479154
15307084361967,15307083479154
15307084361967,15307165546318
15307084361967,15307245714911
15307084361967,15307330299889
15307331233173,15307330299889
15307462383212,15307330299889
15307462383212,15307461461728
15307462383212,15307541262912
15307462383212,15307635206380
15307636481330,15307635206380
15307636481330,15307717257986
15307636481330,15307797020387
15307875078717,15307797020387
15307875078717,15307873904321
15307875078717,15307964614192
15307875078717,15308044393634
15307875078717,15308164995638
15308045751466,15308164995638
15308165843577,15308164995638
15308165843577,15308269701309
15308165843577,15308345431718
15308165843577,15308433578549
15308435137559,15308433578549
15308573517699,15308433578549
15308573517699,15308572590166
15308573517699,15308654795921
15308573517699,15308732426234
15308573517699,15308809578221
15308811281400,15308809578221
15308811281400,15308965637050
15308966479871,15308965637050
15308966479871,15309046538001
15308966479871,15309133319538
15308966479871,15309207108611
15309208339995,15309207108611
15309208339995,15309292680709
15309320611341,15309292680709
15309320611341,15309442533722
15309320611341,15309528581766
15309529941209,15309528581766
15309529941209,15309605127959
15309681686462,15309605127959
15309681686462,15309680684632
15309681686462,15309763862296
15309681686462,15309836259562
15309837377004,15309836259562
15309837377004,15309919255247
15309837377004,15309996985050
15310079059828,15309996985050
15310079059828,15310078313680
15310079059828,15310163500084
15310079059828,15310246322873
15310247499831,15310246322873
15310247499831,15310371413085
15310247499831,15310451258914
15310451961607,15310451258914
15310451961607,15310534952536
15310563079132,15310534952536
15310563079132,15310645248855
15310563079132,15310717824698
15310799298124,15310717824698
15310799298124,15310798267356
15310799298124,15310876052128
15310799298124,15310950174708
15310951302250,15310950174708
15310951302250,15311067750661
15311069179333,15311067750661
15311069179333,15311148238828
15311069179333,15311223096636
15311069179333,15311299171886
15311224000206,15311299171886
15311381155463,15311299171886
15311381155463,15311380269394
15311381155463,15311459090359
15311381155463,15311538531739
15311539522439,15311538531739
15311539522439,15311623516878
15311703085018,15311623516878
15311703085018,15311702210299
15311703085018,15311783338449
15311703085018,15311860078746
15311861185251,15311860078746
15311861185251,15311937935220
15311861185251,15312018060584
15312096490469,15312018060584
15312096490469,15312095538354
15312096490469,15312179269959
15312273175829,15312179269959
15312273175829,15312271975877
15312273175829,15312375526690
15312273175829,15312452340534
15312453320762,15312452340534
15312453320762,15312568616071
15312569569415,15312568616071
15312569569415,15312652375018
15312569569415,15312736726508
15312737585679,15312736726508
15312737585679,15312821091409
15312737585679,15312900610084
15312983606233,15312900610084
15312983606233,15312982840346
15312983606233,15313071038276
15312983606233,15313151262835
15313152166424,15313151262835
15313152166424,15313282770352
15313152166424,15313359542976
15313360324325,15313359542976
15313360324325,15313439913581
15313360324325,15313550445985
15313360324325,15313630318507
15313551707821,15313630318507
15313551707821,15313769018240
15313666192260,15313769018240
15313666192260,15313849809709
15313666192260,15313932061659
15313850771892,15313932061659
15313850771892,15314007112818
15313850771892,15314091792537
15314094431954,15314091792537
15314094431954,15314247520444
15314094431954,15314331736585
15314094431954,15314406101636
15314332616064,15314406101636
15314332616064,15314547450285
15314457611621,15314547450285
15314457611621,15314635773753
15314457611621,15314729618779
15314636655265,15314729618779
15314636655265,15314804525473
15314806422394,15314804525473
15314806422394,15314889635991
15314806422394,15314974760813
15314975594678,15314974760813
15314975594678,15315057319247
15314975594678,15315132138204
15315133048720,15315132138204
15315133048720,15315218551456
15315133048720,15315299200250
15315300481596,15315299200250
15315300481596,15315383063772
15315300481596,15315463039644
15315300481596,15315550937227
15315464017208,15315550937227
15315464017208,15315632413596
15315464017208,15315711650107
15315633414176,15315711650107
15315633414176,15315791902112
15315633414176,15315866061770
15315633414176,15315947179180
15315867062983,15315947179180
15315867062983,15316049760252
15315867062983,15316172097793
15316050689951,15316172097793
15316050689951,15316245209939
15316173404030,15316245209939
15316173404030,15316324784979
15316173404030,15316395259786
15316173404030,15316471972614
15316395941931,15316471972614
15316395941931,15316558311231
15316559456364,15316558311231
15316559456364,15316689209469
15316559456364,15316767193236
15316559456364,15316850392496
15316768087857,15316850392496
15316768087857,15316964251868
15316768087857,15317079730812
15316965787944,15317079730812
15317080939274,15317079730812
15317080939274,15317168456228
15317080939274,15317250910615
15317080939274,15317332953564
15317080939274,15317419963417
15317334143579,15317419963417
15317450870536,15317419963417
15317450870536,15317547561334
15317450870536,15317627662231
15317450870536,15317706828508
15317708047660,15317706828508
15317708047660,15317782852111
15317708047660,15317868419512
15317869482413,15317868419512
15317869482413,15317971985441
15317869482413,15318059776291
15318060998730,15318059776291
15318060998730,15318179493679
15318180654132,15318179493679
15318180654132,15318258796025
15318180654132,15318329804759
15318401319913,15318329804759
15318401319913,15318400448676
15318401319913,15318552430631
15318401319913,15318629372445
15318630729443,15318629372445
15318630729443,15318778985770
15318630729443,15318853844105
15318854543222,15318853844105
15318854543222,15318930294891
15318963820206,15318930294891
15318963820206,15319052108916
15318963820206,15319131234750
15319213312645,15319131234750
15319213312645,15319212567133
15319213312645,15319292203031
15319325881676,15319292203031
15319325881676,15319454799716
15319325881676,15319537972077
15319538840901,15319537972077
15319538840901,15319629530983
15319538840901,15319719809695
15319720640034,15319719809695
15319720640034,15319807710232
15319720640034,15319883488744
15319884491134,15319883488744
15319884491134,15319974931807
15319884491134,15320052293929
15320053620819,15320052293929
15320053620819,15320140462757
15320053620819,15320224024251
15320306142172,15320224024251
15320306142172,15320305277570
15320306142172,15320388016248
15320306142172,15320463710401
15320465152225,15320463710401
15320465152225,15320582188686
15320465152225,15320680593677
15320583073963,15320680593677
15320583073963,15320755787971
15320583073963,15320833416913
15320834841043,15320833416913
15320834841043,15320914605208
15320943947229,15320914605208
15320943947229,15321053345375
15320943947229,15321132583954
15321133520546,15321132583954
15321133520546,15321215831814
15321292189530,15321215831814
15321292189530,15321291297601
15321292189530,15321365996710
15321292189530,15321443211886
15321292189530,15321521807933
15321444711349,15321521807933
15321444711349,15321602041722
15321603464920,15321602041722
15321603464920,15321682430267
15321603464920,15321761498613
15321603464920,15321842897809
15321844407659,15321842897809
15321844407659,15321988473475
15321989571583,15321988473475
15321989571583,15322066316714
15321989571583,15322145230783
15321989571583,15322218537071
15322219249966,15322218537071
15322219249966,15322304707562
15322219249966,15322458629194
15322332311915,15322458629194
15322332311915,15322537646323
15322619297579,15322537646323
15322619297579,15322618560045
15322619297579,15322699374795
15322746219802,15322699374795
15322746219802,15322862952177
15322746219802,15322938985403
15322746219802,15323017857594
15322940399660,15323017857594
15322940399660,15323094407640
15322940399660,15323182805635
15323095355459,15323182805635
15323095355459,15323264047791
15323095355459,15323347394305
15323348453897,15323347394305
15323348453897,15323426466134
15323462729122,15323426466134
15323462729122,15323559252921
15323462729122,15323637120228
15323717609940,15323637120228
15323717609940,15323716667920
15323717609940,15323789449921
15323717609940,15323965581771
15323824916025,15323965581771
15323824916025,15324040142163
15323824916025,15324119100676
15324041163493,15324119100676
15324041163493,15324198334729
15324041163493,15324278913976
15324199701960,15324278913976
15324199701960,15324356412392
15324199701960,15324439612315
15324199701960,15324588025773
15324440536917,15324588025773
15324440536917,15324667605761
15324440536917,15324745782463
15324668547136,15324745782463
15324668547136,15324861176961
15324777292264,15324861176961
15324777292264,15324940682667
15324777292264,15325021077755
15325021883115,15325021077755
15325021883115,15325181198848
15325021883115,15325256602896
15325021883115,15325333512323
15325257372461,15325333512323
15325257372461,15325462134639
15325364263099,15325462134639
15325364263099,15325544488893
15325364263099,15325629274303
15325630440247,15325629274303
15325630440247,15325781858441
15325630440247,15325878879833
15325783240312,15325878879833
15325783240312,15325960571344
15325961559164,15325960571344
15325961559164,15326056580452
15325961559164,15326132635384
15325961559164,15326202549245
15325961559164,15326280974204
15326203232922,15326280974204
15326203232922,15326357608107
15326203232922,15326482078762
15326358602211,15326482078762
15326358602211,15326565951404
15326567188918,15326565951404
15326567188918,15326645433074
15326567188918,15326760221779
15326567188918,15326882622571
15326761372742,15326882622571
15326761372742,15326963394933
15326883527728,15326963394933
15326883527728,15327039112889
15327040112445,15327039112889
15327040112445,15327132292237
15327211828367,15327132292237
15327211828367,15327210568911
15327211828367,15327291657678
15327211828367,15327373800177
15327211828367,15327450953492
15327451998598,15327450953492
15327451998598,15327531504939
15327571652129,15327531504939
15327571652129,15327662585307
15327742958765,15327662585307
15327742958765,15327742052017
15327742958765,15327825434849
15327742958765,15327905664512
15327906797786,15327905664512
15327906797786,15327993630599
15327906797786,15328066860377
15327906797786,15328145214249
15328146446927,15328145214249
15328146446927,15328230052094
15328254294117,15328230052094
15328254294117,15328366144001
15328254294117,15328440807444
15328441893586,15328440807444
15328441893586,15328529503686
15328441893586,15328615498308
15328441893586,15328695343971
15328616374616,15328695343971
15328616374616,15328766409046
15328767492396,15328766409046
15328767492396,15328864762391
15328767492396,15328944142583
15328767492396,15329022316346
15329023707679,15329022316346
15329023707679,15329100285008
15329145403524,15329100285008
15329145403524,15329262160865
15329145403524,15329346444161
15329347396738,15329346444161
15329347396738,15329432049866
15329347396738,15329517095536
15329518204800,15329517095536
15329518204800,15329597241105
15329518204800,15329675636866
15329676945940,15329675636866
15329676945940,15329759984450
15329676945940,15329850337074
15329851273983,15329850337074
15329851273983,15329943575297
15329851273983,15330016518646
15330017367289,15330016518646
15330017367289,15330098484005
15330017367289,15330181319071
15330182707412,15330181319071
15330182707412,15330258949254
15330182707412,15330335884677
15330182707412,15330412562911
15330413427283,15330412562911
15330413427283,15330492086509
15330413427283,15330574910407
15330576301092,15330574910407
15330576301092,15330692233522
15330693134582,15330692233522
15330693134582,15330768101937
15330693134582,15330851521355
15330693134582,15330925687378
15330926569116,15330925687378
15330926569116,15331010689548
15330926569116,15331175755181
15331050353151,15331175755181
15331050353151,15331256125212
15331050353151,15331335692521
15331257203053,15331335692521
15331257203053,15331418613265
15331257203053,15331497273703
15331419465717,15331497273703
15331419465717,15331573451489
15331419465717,15331652647689
15331419465717,15331730931888
15331653391515,15331730931888
15331653391515,15331877380452
15331764918633,15331877380452
15331764918633,15331952691732
15331953620879,15331952691732
15331953620879,15332029584123
15331953620879,15332102479964
15332103886992,15332102479964
15332103886992,15332187341742
15332103886992,15332270315785
15332271592991,15332270315785
15332271592991,15332364620493
15332271592991,15332444571873
15332523224049,15332444571873
15332523224049,15332522301837
15332523224049,15332675062183
15332523224049,15332755720171
15332756604886,15332755720171
15332756604886,15332834866777
15332865083413,15332834866777
15332865083413,15332981131490
15332865083413,15333066585947
15333067601021,15333066585947
15333067601021,15333146593158
15333067601021,15333227479926
15333067601021,15333310541010
15333311374206,15333310541010
15333311374206,15333387851361
15333311374206,15333493481113
15333494879257,15333493481113
15333494879257,15333589918781
15333494879257,15333681220548
15333682517190,15333681220548
15333682517190,15333758230110
15333794757953,15333758230110
15333794757953,15333886317796
15333794757953,15333959011186
15333959859243,15333959011186
15333959859243,15334035573840
15334115578198,15334035573840
15334115578198,15334114707024
15334115578198,15334195906607
15334115578198,15334282099994
15334115578198,15334361048145
15334361969065,15334361048145
15334361969065,15334505161883
15334361969065,15334583073612
15334583847697,15334583073612
15334583847697,15334665425229
15334583847697,15334776475370
15334778227111,15334776475370
15334778227111,15334896479594
15334897520995,15334896479594
15334897520995,15334986045808
15334897520995,15335060570296
15335061542646,15335060570296
15335061542646,15335142975270
15335225581827,15335142975270
15335225581827,15335223732348
15335225581827,15335309435282
15335225581827,15335389616143
15335225581827,15335465286989
15335466998570,15335465286989
15335466998570,15335592547578
15335593528937,15335592547578
15335593528937,15335678993773
15335593528937,15335761519886
15335762413139,15335761519886
15335762413139,15335846479672
15335762413139,15335929126211
15335930944920,15335929126211
15335930944920,15336027501322
15335930944920,15336108306424
15336109318606,15336108306424
15336109318606,15336187666842
15336109318606,15336264400822
15336109318606,15336342886834
15336343671470,15336342886834
15336343671470,15336422170942
15336465600577,15336422170942
15336465600577,15336583941063
15336465600577,15336663597730
15336465600577,15336740312084
15336664578891,15336740312084
15336664578891,15336813946373
15336664578891,15336908873939
15336814883528,15336908873939
15336814883528,15336986213962
15336814883528,15337061823424
15337063051852,15337061823424
15337063051852,15337195725160
15337196748633,15337195725160
15337196748633,15337285591900
15337196748633,15337365805682
15337367265758,15337365805682
15337367265758,15337447495266
15337367265758,15337521692120
15337522922995,15337521692120
15337522922995,15337600566336
15337522922995,15337678140510
15337522922995,15337758656632
15337759796825,15337758656632
15337759796825,15337836497126
15337869537658,15337836497126
15337869537658,15337979286912
15337869537658,15338058989382
15338060507719,15338058989382
15338060507719,15338141485379
15338060507719,15338217612552
15338218963842,15338217612552
15338218963842,15338301882339
15338218963842,15338405773446
15338218963842,15338491981599
15338493252187,15338491981599
15338493252187,15338618194947
15338619581375,15338618194947
15338619581375,15338697322570
15338619581375,15338779231672
15338780280900,15338779231672
15338780280900,15338862769661
15338780280900,15338940700010
15338780280900,15339017743496
15339018455189,15339017743496
15339018455189,15339120385932
15339018455189,15339196517035
15339018455189,15339311125054
15339197660343,15339311125054
15339312050118,15339311125054
15339312050118,15339392628710
15339312050118,15339470829896
15339312050118,15339739523980
15339740305543,15339739523980
15339740305543,15339822226270
15339740305543,15339920931778
15339922240720,15339920931778
15339922240720,15340020391974
15340033845947,15340020391974
15340033845947,15340127488793
15340033845947,15340198988674
15340033845947,15340273231600
15340274465845,15340273231600
15340274465845,15340420102530
15340420948061,15340420102530
15340420948061,15340517361675
15340420948061,15340588896613
15340669829016,15340588896613
15340669829016,15340668896240
15340669829016,15340749278048
15340669829016,15340827654659
15340829308329,15340827654659
15340829308329,15340923655661
15340933088643,15340923655661
15340933088643,15341040570533
15340933088643,15341126680956
15340933088643,15341215028630
15341215953723,15341215028630
15341215953723,15341325974687
15341329702172,15341325974687
15341441682258,15341325974687
15341441682258,15341440683981
15341441682258,15341533130893
15341441682258,15341605846509
15341441682258,15341686116819
15341768541711,15341686116819
15341768541711,15341767528831
15341768541711,15341917566072
15341768541711,15341993626301
15341994331324,15341993626301
15341994331324,15342070668799
15342096918303,15342070668799
15342096918303,15342227250510
15342228202516,15342227250510
15342228202516,15342323176266
15342228202516,15342399694977
15342228202516,15342476143255
15342556177307,15342476143255
15342556177307,15342555251782
15342556177307,15342719036219
15342556177307,15342795615230
15342797274703,15342795615230
15342797274703,15342917162007
15342918357828,15342917162007
15342918357828,15343026498511
15342918357828,15343113913039
15342918357828,15343200621062
15343201667894,15343200621062
15343201667894,15343325572699
15343327484452,15343325572699
15343327484452,15343432784727
15343327484452,15343520438913
15343327484452,15343592916985
15343327484452,15343721946834
15343594097550,15343721946834
15343594097550,15343824780528
15343723120256,15343824780528
15343723120256,15343901461651
15343723120256,15343981601788
15343723120256,15344073355644
15343982573051,15344073355644
15343982573051,15344226815869
15344098531142,15344226815869
15344098531142,15344314345765
15344098531142,15344388087336
15344098531142,15344473035832
15344389152383,15344473035832
15344389152383,15344613212819
15344501054918,15344613212819
15344501054918,15344694727153
15344614349095,15344694727153
15344614349095,15344769586728
15344614349095,15344851644890
15344614349095,15344933060220
15344614349095,15345024433636
15344934316190,15345024433636
15344934316190,15345125312071
15345037105475,15345125312071
15345037105475,15345201077753
15345037105475,15345283111119
15345037105475,15345426106419
15345284651195,15345426106419
15345284651195,15345526179733
15345426951142,15345526179733
15345426951142,15345607596421
15345426951142,15345687906029
15345608568523,15345687906029
15345608568523,15345768536160
15345769810694,15345768536160
15345769810694,15345853400530
15345769810694,15345927948611
15345769810694,15346015534291
15345928959665,15346015534291
15345928959665,15346096756187
15345928959665,15346174828964
15346097781504,15346174828964
15346097781504,15346247726070
15346271916561,15346247726070
15346271916561,15346348154059
15346271916561,15346435606959
15346271916561,15346533600704
15346271916561,15346636421049
15346534719744,15346636421049
15346534719744,15346721941732
15346534719744,15346829346538
15346722825211,15346829346538
15346722825211,15346925742176
15346833599612,15346925742176
15346833599612,15347004837573
15346833599612,15347091958382
15347005735540,15347091958382
15347005735540,15347170346541
15347005735540,15347249599030
15347005735540,15347328859809
15347250371326,15347328859809
15347250371326,15347430171562
15347250371326,15347527847113
15347431491922,15347527847113
15347431491922,15347627975683
15347537291768,15347627975683
15347537291768,15347710134958
15347537291768,15347794626361
15347795756590,15347794626361
15347795756590,15347925690619
15347926887314,15347925690619
15347926887314,15348019815365
15347926887314,15348093832620
15348172516298,15348093832620
15348172516298,15348171464780
15348172516298,15348329729400
15348330579289,15348329729400
15348330579289,15348408526438
15348330579289,15348494155804
15348495587993,15348494155804
15348495587993,15348580700009
15348495587993,15348658643306
15348495587993,15348734725378
15348736119252,15348734725378
15348736119252,15348825079794
15348845507280,15348825079794
15348845507280,15348924113498
15348845507280,15349013799462
15349015274293,15349013799462
15349015274293,15349095128370
15349015274293,15349174260619
15349251527764,15349174260619
15349251527764,15349249256551
15349251527764,15349429078089
15349251527764,15349501992236
15349503057067,15349501992236
15349503057067,15349580040447
15349622443206,15349580040447
15349622443206,15349715923281
15349622443206,15349791874354
15349792843110,15349791874354
15349792843110,15349886155982
15349792843110,15349963761244
15349792843110,15350042073484
15350042830223,15350042073484
15350042830223,15350127981511
15350042830223,15350231244970
15350232210729,15350231244970
15350232210729,15350325834685
15350232210729,15350437475760
15350438669241,15350437475760
15350438669241,15350534250346
15350546390082,15350534250346
15350546390082,15350634845679
15350546390082,15350713620503
15350715315235,15350713620503
15350715315235,15350796370224
15350715315235,15350882691433
15350959716533,15350882691433
15350959716533,15350958846435
15350959716533,15351040164479
15350959716533,15351132844457
15351134092714,15351132844457
15351134092714,15351235795378
15351236989141,15351235795378
15351236989141,15351337539969
15351236989141,15351424802918
15351425864870,15351424802918
15351425864870,15351513637840
15351425864870,15351593341106
15351594279410,15351593341106
15351594279410,15351677092059
15351594279410,15351754042292
15351754871804,15351754042292
15351754871804,15351852848374
15351754871804,15351940080132
15351754871804,15352015834402
15351941264215,15352015834402
15351941264215,15352103155483
15352104640606,15352103155483
15352104640606,15352187716394
15352264672995,15352187716394
15352264672995,15352263727004
15352264672995,15352346400756
15352264672995,15352422143496
15352423528836,15352422143496
15352423528836,15352510184213
15352423528836,15352587450664
15352672213087,15352587450664
15352672213087,15352671480989
15352672213087,15352752706283
15352672213087,15352833045692
15352834081982,15352833045692
15352834081982,15352941654385
15352943559825,15352941654385
15352943559825,15353042619163
15352943559825,15353120037721
15352943559825,15353197151771
15353198145925,15353197151771
15353198145925,15353361907677
15353363010328,15353361907677
15353363010328,15353448265813
15353363010328,15353533298660
15353363010328,15353609539043
15353610273587,15353609539043
15353610273587,15353686017584
15353713073163,15353686017584
15353713073163,15353832888932
15353713073163,15353910962057
15353912764910,15353910962057
15353912764910,15353989286424
15353912764910,15354068542600
15354069558789,15354068542600
15354069558789,15354156584226
15354069558789,15354232680705
15354069558789,15354314368417
15354069558789,15354436878707
15354315382968,15354436878707
15354315382968,15354538690823
15354437969379,15354538690823
15354437969379,15354623489172
15354437969379,15354698084814
15354699566912,15354698084814
15354699566912,15354785857943
15354828968081,15354785857943
15354828968081,15354933166030
15354828968081,15355008133580
15355009046483,15355008133580
15355009046483,15355086711075
15355009046483,15355165733497
15355009046483,15355242794414
15355243509055,15355242794414
15355243509055,15355334082189
15355351719202,15355334082189
15355351719202,15355440022446
15355351719202,15355517071347
15355351719202,15355600362786
15355601319348,15355600362786
15355601319348,15355751216657
15355752106590,15355751216657
15355752106590,15355836834339
15355752106590,15355909828420
15355986332406,15355909828420
15355986332406,15355985438998
15355986332406,15356129442937
15355986332406,15356213603937
15356214849797,15356213603937
15356214849797,15356364289817
15356214849797,15356436231951
15356437351884,15356436231951
15356437351884,15356546356731
15356547239464,15356546356731
15356547239464,15356641942103
15356547239464,15356726967134
15356547239464,15356807700510
15356808698398,15356807700510
15356808698398,15356890944950
15356920460693,15356890944950
15356920460693,15357033201207
15356920460693,15357119351938
15357120371489,15357119351938
15357120371489,15357205114505
15357284698144,15357205114505
15357284698144,15357283725274
15357284698144,15357365479133
15357284698144,15357444040367
15357284698144,15357522078091
15357523785782,15357522078091
15357523785782,15357638239871
15357639265214,15357638239871
15357639265214,15357734126582
15357639265214,15357810688344
15357639265214,15357912942052
15357811576479,15357912942052
15357811576479,15357991934147
15357811576479,15358071546163
15358072318389,15358071546163
15358072318389,15358176234732
15358230499209,15358176234732
15358230499209,15358349947035
15358350792306,15358349947035
15358350792306,15358432242611
15358350792306,15358517643265
15358350792306,15358594569094
15358350792306,15358667381484
15358350792306,15358755334749
15358668223230,15358755334749
15358668223230,15358850914467
15358668223230,15358951799487
15358851864095,15358951799487
15358851864095,15359047450740
15358959548481,15359047450740
15358959548481,15359122295812
15359199922972,15359122295812
15359199922972,15359199072315
15359199922972,15359355758517
15359356618740,15359355758517
15359356618740,15359439747378
15359356618740,15359522630076
15359597501340,15359522630076
15359597501340,15359596355026
15359597501340,15359760609696
15359761456036,15359760609696
15359761456036,15359845784376
15359761456036,15359922278942
15359923532517,15359922278942
15359923532517,15360005673304
15359923532517,15360078346173
15360079298389,15360078346173
15360079298389,15360170844108
15360079298389,15360256617949
15360079298389,15360334637884
15360335379484,15360334637884
15360335379484,15360439799608
15360460016389,15360439799608
15360460016389,15360550543911
15360460016389,15360636021339
15360637086659,15360636021339
15360637086659,15360715418989
15360637086659,15360792172051
15360637086659,15360870010400
15360870666860,15360870010400
15360870666860,15360950438871
15360870666860,15361054400500
15361055412626,15361054400500
15361055412626,15361169824998
15361055412626,15361262999907
15361264198937,15361262999907
15361264198937,15361353257017
15361371565690,15361353257017
15361371565690,15361454233757
15361371565690,15361526804053
15361527652707,15361526804053
15361527652707,15361604739705
15361682875506,15361604739705
15361682875506,15361681990589
15361682875506,15361757700174
15361682875506,15361846831320
15361682875506,15361923746308
15361924610716,15361923746308
15361924610716,15362004370606
15362029454666,15362004370606
15362029454666,15362150914712
15362029454666,15362229898295
15362230742843,15362229898295
15362230742843,15362310480761
15362395809996,15362310480761
15362395809996,15362394577044
15362395809996,15362475531054
15362395809996,15362555825319
15362395809996,15362636565704
15362638046291,15362636565704
15362638046291,15362761799703
15362762584430,15362761799703
15362762584430,15362861126817
15362762584430,15362938767891
15362940471537,15362938767891
15362940471537,15363017609542
15363101209318,15363017609542
15363101209318,15363099931600
15363101209318,15363187316777
15363101209318,15363264487584
15363265585666,15363264487584
15363265585666,15363347040142
15363265585666,15363429616553
15363265585666,15363511308379
15363512531226,15363511308379
15363512531226,15363660398592
15363661294797,15363660398592
15363661294797,15363762180084
15363661294797,15363847673056
15363661294797,15363926928030
15363661294797,15364012671634
15363927869848,15364012671634
15363927869848,15364157754339
15364055865433,15364157754339
15364055865433,15364267622312
15364055865433,15364348540720
15364269405158,15364348540720
15364269405158,15364417287092
15364418248439,15364417287092
15364418248439,15364496658475
15364418248439,15364576648807
15364577511224,15364576648807
15364577511224,15364656366874
15364577511224,15364728168084
15364577511224,15364809595522
15364810418403,15364809595522
15364810418403,15364957627457
15364958990851,15364957627457
15364958990851,15365074784689
15364958990851,15365158045039
15364958990851,15365235740683
15365159100490,15365235740683
15365310454857,15365235740683
15365310454857,15365309355654
15365310454857,15365397640020
15365310454857,15365472054242
15365310454857,15365551055766
15365552031459,15365551055766
15365552031459,15365656222685
15365662563922,15365656222685
15365662563922,15365763121558
15365662563922,15365842773856
15365844249819,15365842773856
15365844249819,15365925265947
15365844249819,15365999773456
15365844249819,15366081211564
15366082299603,15366081211564
15366082299603,15366161365559
15366082299603,15366256312229
15366257473289,15366256312229
15366257473289,15366362379817
15366370265697,15366362379817
15366370265697,15366454706055
15366370265697,15366534994794
15366535910570,15366534994794
15366535910570,15366620455588
15366695953220,15366620455588
15366695953220,15366694651209
15366695953220,15366778851741
15366695953220,15366863051796
15366695953220,15366943588737
15366944968911,15366943588737
15366944968911,15367068978544
15367069881945,15367068978544
15367069881945,15367152576706
15367069881945,15367228786140
15367069881945,15367309842746
15367230203400,15367309842746
15367230203400,15367395311170
15367230203400,15367476548389
15367396662756,15367476548389
15367396662756,15367572243272
15367573251209,15367572243272
15367573251209,15367651810874
15367573251209,15367738864132
15367573251209,15367816522381
15367573251209,15367904121057
15367817208696,15367904121057
15367817208696,15368067435219
15367929981882,15368067435219
15367929981882,15368146728350
15367929981882,15368224160934
15367929981882,15368315845083
15368225500560,15368315845083
15368225500560,15368466797288
15368353960199,15368466797288
15368353960199,15368548072062
15368353960199,15368628666380
15368549038099,15368628666380
15368549038099,15368709019916
15368709894720,15368709019916
15368709894720,15368791205277
15368709894720,15368883546140
15368709894720,15368973631862
15368884689561,15368973631862
15368884689561,15369062983737
15368884689561,15369140921195
15369142017171,15369140921195
15369142017171,15369225121816
15369264288307,15369225121816
15369264288307,15369355992121
15369264288307,15369430657571
15369264288307,15369510970179
15369512616414,15369510970179
15369512616414,15369670996829
15369671872820,15369670996829
15369671872820,15369767789984
15369671872820,15369841265530
15369842444248,15369841265530
15369842444248,15369937893736
15370016392980,15369937893736
15370016392980,15370015219258
15370016392980,15370096862392
15370016392980,15370172892002
15370016392980,15370256637621
15370257472249,15370256637621
15370257472249,15370345939591
15370364432060,15370345939591
15370364432060,15370469953257
15370364432060,15370553843021
15370364432060,15370633889437
15370635106205,15370633889437
15370635106205,15370773756633
15370775403271,15370773756633
15370775403271,15370883849318
15370775403271,15370958811579
15370959792599,15370958811579
15370959792599,15371044587644
15370959792599,15371122064135
15371122921479,15371122064135
15371122921479,15371202278112
15371122921479,15371283749289
15371284845268,15371283749289
15371284845268,15371373307087
15371284845268,15371449110191
15371284845268,15371530034452
15371530929558,15371530034452
15371530929558,15371669856335
15371530929558,15371767066788
15371671556604,15371767066788
15371671556604,15371842012385
15371671556604,15371919808038
15371920843888,15371919808038
15371920843888,15372005184402
15372040707162,15372005184402
15372040707162,15372169172093
15372170933847,15372169172093
15372170933847,15372251239305
15372170933847,15372331538807
15372170933847,15372413433442
15372489697225,15372413433442
15372489697225,15372488601388
15372489697225,15372671174424
15372489697225,15372756328501
15372757289515,15372756328501
15372757289515,15372860427818
15372889393978,15372860427818
15372889393978,15372980431149
15372889393978,15373059424952
15372889393978,15373132626749
15373133974000,15373132626749
15373133974000,15373212114525
15373252239514,15373212114525
15373252239514,15373375295430
15373252239514,15373455969502
15373252239514,15373525634678
15373526530853,15373525634678
15373526530853,15373605881013
15373639074486,15373605881013
15373639074486,15373765030847
15373639074486,15373864027172
15373865326589,15373864027172
15373865326589,15373936502771
15373865326589,15374019803743
15374020821705,15374019803743
15374020821705,15374101716225
15374020821705,15374181702913
15374020821705,15374251018798
15374251840735,15374251018798
15374251840735,15374330432492
15374367042811,15374330432492
15374367042811,15374469929648
15374367042811,15374559209714
15374367042811,15374636851481
15374638022542,15374636851481
15374638022542,15374725182787
15374759972975,15374725182787
15374759972975,15374871501136
15374759972975,15374943349189
15374944554837,15374943349189
15374944554837,15375032706758
15374944554837,15375105810079
15374944554837,15375185701994
15375186418747,15375185701994
15375186418747,15375283707041
15375186418747,15375370759760
15375371978757,15375370759760
15375371978757,15375469465609
15375481675815,15375469465609
15375481675815,15375570539724
15375481675815,15375658141501
15375659204608,15375658141501
15375659204608,15375746330880
15375659204608,15375834235803
15375835565263,15375834235803
15375835565263,15375916311197
15375835565263,15375993973794
15375994856029,15375993973794
15375994856029,15376076878624
15375994856029,15376153941079
15376154850867,15376153941079
15376154850867,15376227682742
15376308784784,15376227682742
15376308784784,15376307716039
15376308784784,15376397333207
15376308784784,15376476992810
15376308784784,15376559723800
15376560653265,15376559723800
15376560653265,15376641097681
15376673032203,15376641097681
15376673032203,15376779688665
15376673032203,15376861885885
15376673032203,15376941873883
15376943199993,15376941873883
15376943199993,15377026159071
15377046311555,15377026159071
15377046311555,15377176941178
15377177807283,15377176941178
15377177807283,15377262293860
15377177807283,15377350596664
15377177807283,15377419597400
15377496757625,15377419597400
15377496757625,15377495842333
15377496757625,15377678527968
15377496757625,15377760532202
15377761912139,15377760532202
15377761912139,15377841247421
15377873121017,15377841247421
15377873121017,15377972781391
15377873121017,15378051312233
15377873121017,15378123755629
15378125296982,15378123755629
15378125296982,15378278699281
15378280602105,15378278699281
15378280602105,15378381597140
15378280602105,15378457312268
15378280602105,15378534671799
15378536074713,15378534671799
15378536074713,15378629427116
15378666707139,15378629427116
15378666707139,15378779969977
15378780846161,15378779969977
15378780846161,15378865277866
15378780846161,15378934443639
15378780846161,15379018344740
15378780846161,15379089037341
15379090555523,15379089037341
15379090555523,15379171355468
15379090555523,15379274404083
15379275364908,15379274404083
15379275364908,15379371303007
15379381356491,15379371303007
15379381356491,15379475854567
15379381356491,15379556850778
15379381356491,15379638675865
15379639755615,15379638675865
15379639755615,15379773112764
15379774252111,15379773112764
15379774252111,15379876546171
15379774252111,15379959048693
15379774252111,15380031850248
15380032938717,15380031850248
15380032938717,15380116009932
15380139135937,15380116009932
15380139135937,15380277559950
15380139135937,15380350629228
15380352001330,15380350629228
15380352001330,15380429107537
15380352001330,15380509478842
15380352001330,15380582368843
15380583078544,15380582368843
15380583078544,15380676123983
15380695074449,15380676123983
15380695074449,15380776057501
15380695074449,15380854711855
15380933227980,15380854711855
15380933227980,15380931799325
15380933227980,15381026524244
15381111894582,15381026524244
15381111894582,15381111072801
15381111894582,15381197369882
15381111894582,15381277862905
15381278815854,15381277862905
15381278815854,15381375765713
15381390330554,15381375765713
15381390330554,15381488809099
15381390330554,15381565953166
15381567556361,15381565953166
15381567556361,15381646092322
15381567556361,15381722074393
15381722946717,15381722074393
15381722946717,15381807502912
15381722946717,15381885222986
15381886900412,15381885222986
15381886900412,15381974758012
15381886900412,15382054951365
15381886900412,15382131130529
15382132320900,15382131130529
15382132320900,15382285601816
15382286731919,15382285601816
15382286731919,15382382736391
15382286731919,15382452585499
15382530935053,15382452585499
15382530935053,15382529784406
15382530935053,15382678021662
15382678948877,15382678021662
15382678948877,15382755654467
15382678948877,15382827410306
15382678948877,15382916514599
15382828343469,15382916514599
15382828343469,15382991122379
15382992022074,15382991122379
15382992022074,15383085935508
15382992022074,15383162724700
15382992022074,15383238644084
15383239611307,15383238644084
15383239611307,15383370330699
15383371266642,15383370330699
15383371266642,15383481955455
15383371266642,15383558523470
15383371266642,15383633431174
15383634353302,15383633431174
15383634353302,15383710532276
15383739744038,15383710532276
15383739744038,15383874535020
15383739744038,15383948539487
15383949247812,15383948539487
15383949247812,15384032415942
15384117341792,15384032415942
15384117341792,15384116430015
15384117341792,15384204995794
15384117341792,15384289180438
15384290186946,15384289180438
15384290186946,15384378516185
15384290186946,15384454926138
15384456083100,15384454926138
15384456083100,15384546379644
15384456083100,15384624650183
15384625986846,15384624650183
15384625986846,15384720563642
15384803218610,15384720563642
15384803218610,15384801928928
15384803218610,15384890760585
15384803218610,15384959423717
15384960338795,15384959423717
15384960338795,15385039138035
15385119493949,15385039138035
15385119493949,15385118221916
15385119493949,15385199304403
15385119493949,15385280552503
15385119493949,15385356215259
15385356890204,15385356215259
15385356890204,15385435749369
15385468375439,15385435749369
15385468375439,15385577325920
15385468375439,15385656021897
15385657278360,15385656021897
15385657278360,15385747789900
15385830389756,15385747789900
15385830389756,15385829132751
15385830389756,15385912562451
15385830389756,15385993909532
15385995152475,15385993909532
15385995152475,15386081766230
15385995152475,15386161338839
15386162696032,15386161338839
15386162696032,15386240345224
15386321671021,15386240345224
15386321671021,15386320789857
15386321671021,15386400976403
15386321671021,15386483621492
15386484665237,15386483621492
15386484665237,15386580045343
15386484665237,15386667287267
15386668913549,15386667287267
15386668913549,15386760904517
15386668913549,15386843867029
15386844914841,15386843867029
15386844914841,15387232717534
15386844914841,15387306230834
15386844914841,15387389044044
15387390480829,15387389044044
15387390480829,15387481783044
15387390480829,15387582291678
15387583180255,15387582291678
15387583180255,15387688035913
15387583180255,15387792033120
15387699264186,15387792033120
15387699264186,15387864820438
15387699264186,15387942648954
15387865833810,15387942648954
15387865833810,15388036049883
15387865833810,15388119993784
15388121758176,15388119993784
15388121758176,15388286972124
15388121758176,15388367958043
15388121758176,15388489022625
15388368902742,15388489022625
15388368902742,15388579309964
15388489972617,15388579309964
15388489972617,15388657831620
15388489972617,15388745813903
15388747254924,15388745813903
15388747254924,15388890104493
15388891053064,15388890104493
15388891053064,15388980632319
15388891053064,15389063647939
15388891053064,15389147563344
15389064489678,15389147563344
15389064489678,15389227161077
15389228096702,15389227161077
15389228096702,15389307801818
15389228096702,15389389638993
15389390815664,15389389638993
15389390815664,15389469628773
15389390815664,15389544292604
15389390815664,15389623619045
15389390815664,15389699913664
15389545199885,15389699913664
15389545199885,15389796214391
15389700800234,15389796214391
15389700800234,15389873659140
15389700800234,15389953758507
15389954987978,15389953758507
15389954987978,15390037141069
15390070225572,15390037141069
15390070225572,15390188605972
15390070225572,15390272509440
15390070225572,15390352496963
15390070225572,15390485745591
15390353960146,15390485745591
15390353960146,15390589344940
15390486666961,15390589344940
15390486666961,15390669191001
15390486666961,15390746489606
15390486666961,15390887018824
15390747581393,15390887018824
15390747581393,15390990260294
15390888749658,15390990260294
15390888749658,15391071204499
15390888749658,15391146914367
15390888749658,15391236078994
15391148316259,15391236078994
15391148316259,15391390461293
15391257990423,15391390461293
15391257990423,15391468719845
15391391329953,15391468719845
15391391329953,15391545980741
15391391329953,15391625170169
15391391329953,15391703707822
15391391329953,15391796923354
15391704627695,15391796923354
15391704627695,15391891222078
15391704627695,15391990325367
15391892249947,15391990325367
15391892249947,15392091066500
15391995342630,15392091066500
15391995342630,15392166574998
15391995342630,15392244684756
15392245795608,15392244684756
15392245795608,15392388749552
15392245795608,15392465445242
15392389829982,15392465445242
15392389829982,15392541460041
15392542458782,15392541460041
15392542458782,15392618806970
15392542458782,15392698860356
15392542458782,15392776758085
15392778303453,15392776758085
15392778303453,15392888196902
15392895243591,15392888196902
15392895243591,15392985200791
15392895243591,15393059129330
15393137024665,15393059129330
15393137024665,15393135734174
15393137024665,15393218297543
15393137024665,15393300777985
15393301745409,15393300777985
15393301745409,15393388492071
15393406027370,15393388492071
15393406027370,15393494027552
15393406027370,15393566881459
15393406027370,15393644808150
15393406027370,15393722286371
15393645816231,15393722286371
15393645816231,15393801389834
15393802380827,15393801389834
15393802380827,15393893867715
15393907993096,15393893867715
15393907993096,15393989631453
15393907993096,15394066558568
15394145810923,15394066558568
15394145810923,15394144896721
15394145810923,15394225356387
15394145810923,15394306343344
15394307796568,15394306343344
15394307796568,15394405842183
15394307796568,15394491330106
15394492341831,15394491330106
15394492341831,15394585425740
15394610648276,15394585425740
15394610648276,15394695919361
15394610648276,15394789776592
15394790569971,15394789776592
15394790569971,15394877417494
15394790569971,15394963432551
15394964429087,15394963432551
15394964429087,15395051628975
15394964429087,15395130182868
15394964429087,15395207596270
15395208264409,15395207596270
15395208264409,15395291938943
15395208264409,15395390348639
15395391370269,15395390348639
15395391370269,15395495911029
15395503276216,15395495911029
15395503276216,15395595894767
15395503276216,15395679735436
15395503276216,15395771963543
15395772962769,15395771963543
15395772962769,15395857146250
15395884907998,15395857146250
15395884907998,15395992190116
15395884907998,15396078585791
15395884907998,15396159607837
15396160704152,15396159607837
15396160704152,15396293576440
15396294703386,15396293576440
15396294703386,15396401376715
15396402498615,15396401376715
15396402498615,15396480766310
15396402498615,15396552683600
15396402498615,15396631352943
15396402498615,15396708969456
15396710505316,15396708969456
15396710505316,15396792056942
15396710505316,15396896082964
15396897466434,15396896082964
15396897466434,15396993141772
15397007364760,15396993141772
15397007364760,15397087327952
15397007364760,15397163439118
15397007364760,15397243818032
15397007364760,15397327915500
15397244670290,15397327915500
15397244670290,15397410520165
15397411621419,15397410520165
15397411621419,15397493816890
15397411621419,15397602122567
15397603638093,15397602122567
15397603638093,15397702066186
15397707473177,15397702066186
15397707473177,15397798896842
15397707473177,15397868630747
15397707473177,15397945141555
15397946139900,15397945141555
15397946139900,15398092068974
15398092985141,15398092068974
15398092985141,15398204697172
15398092985141,15398286831920
15398287509551,15398286831920
15398287509551,15398382720755
15398287509551,15398457426984
15398458926996,15398457426984
15398458926996,15398538543268
15398458926996,15398628966260
15398458926996,15398709677843
15398710588746,15398709677843
15398710588746,15398809582909
15398710588746,15398895196710
15398896608634,15398895196710
15398896608634,15398996097542
15398896608634,15399097354168
15399098545647,15399097354168
15399098545647,15399194845493
15399209511811,15399194845493
15399209511811,15399301248473
15399209511811,15399377019489
15399209511811,15399447789482
15399448909421,15399447789482
15399448909421,15399587622223
15399589490597,15399587622223
15399589490597,15399695174504
15399696307880,15399695174504
15399696307880,15399767384975
15399696307880,15399848839483
15399696307880,15399927448622
15399696307880,15400005720898
15400006590288,15400005720898
15400006590288,15400096905645
15400006590288,15400193292976
15400194676692,15400193292976
15400194676692,15400294906040
15400311026422,15400294906040
15400311026422,15400400475321
15400311026422,15400482724731
15400311026422,15400556538684
15400557416983,15400556538684
15400557416983,15400706737918
15400707628063,15400706737918
15400707628063,15400795181475
15400707628063,15400875488219
15400707628063,15400959396794
15400960622965,15400959396794
15400960622965,15401098290728
15401099274530,15401098290728
15401099274530,15401193483733
15401099274530,15401268427186
15401342928961,15401268427186
15401342928961,15401341984596
15401342928961,15401421293391
15401342928961,15401507786897
15401508802666,15401507786897
15401508802666,15401595216892
15401508802666,15401703234938
15401704469793,15401703234938
15401704469793,15401798165245
15401704469793,15401904201826
15401905096054,15401904201826
15401905096054,15401999579349
15402012698986,15401999579349
15402012698986,15402103424192
15402012698986,15402180506423
15402012698986,15402268214239
15402269410151,15402268214239
15402269410151,15402356741006
15402375832641,15402356741006
15402375832641,15402493482003
15402494374210,15402493482003
15402494374210,15402574631504
15402494374210,15402661586382
15402739146615,15402661586382
15402739146615,15402738139208
15402739146615,15402816561732
15402739146615,15402900881298
15402739146615,15402977287358
15402977951273,15402977287358
15402977951273,15403064570221
15403091993981,15403064570221
15403091993981,15403201341275
15403091993981,15403276542730
15403091993981,15403353427054
15403354459604,15403353427054
15403354459604,15403496398059
15403497386454,15403496398059
15403497386454,15403599550043
15403497386454,15403675795093
15403497386454,15403749528714
15403750479566,15403749528714
15403750479566,15403906201446
15403750479566,15404006156650
15403907127529,15404006156650
15403907127529,15404081966839
15403907127529,15404156455246
15403907127529,15404295933976
15404157565922,15404295933976
15404157565922,15404399214666
15404296971562,15404399214666
15404296971562,15404483261397
15404400083674,15404483261397
15404400083674,15404560404152
15404400083674,15404644347218
15404400083674,15404721065997
15404722070595,15404721065997
15404722070595,15404818925272
15404722070595,15404896443180
15404722070595,15404999720950
15404897405756,15404999720950
15405016344811,15404999720950
15405016344811,15405101060792
15405016344811,15405176272623
15405016344811,15405263433326
15405264597433,15405263433326
15405264597433,15405403263026
15405404138200,15405403263026
15405404138200,15405510852251
15405404138200,15405588460043
15405404138200,15405664623297
15405404138200,15405800036692
15405665739788,15405800036692
15405665739788,15405902825419
15405801382722,15405902825419
15405801382722,15405975506232
15405801382722,15406057952272
15405801382722,15406137212671
15405801382722,15406218796326
15406059410625,15406218796326
15406219996264,15406218796326
15406219996264,15406413597166
15406219996264,15406491537754
15406219996264,15406569666719
15406493138900,15406569666719
15406493138900,15406704996934
15406613514788,15406704996934
15406613514788,15406785271049
15406613514788,15406875176788
15406613514788,15407004802003
15406876104696,15407004802003
15406876104696,15407118188766
15407005873165,15407118188766
15407005873165,15407200511338
15407119011900,15407200511338
15407119011900,15407279347874
15407119011900,15407358699698
15407119011900,15407437451597
15407438608641,15407437451597
15407438608641,15407595078745
15407438608641,15407669701670
15407670647013,15407669701670
15407670647013,15407751697934
15407670647013,15407897321356
15407787141796,15407897321356
15407787141796,15407995479564
15407787141796,15408089383320
15408090333585,15408089383320
15408090333585,15408176615128
15408208586599,15408176615128
15408208586599,15408302211339
15408208586599,15408382405852
15408208586599,15408459527746
15408460465794,15408459527746
15408460465794,15408602837778
15408603749424,15408602837778
15408603749424,15408703767016
15408603749424,15408783557815
15408603749424,15408859708192
15408861457123,15408859708192
15408861457123,15408995131221
15408861457123,15409104389416
15408996157915,15409104389416
15408996157915,15409187513822
15408996157915,15409264377045
15408996157915,15409391711737
15409265535386,15409391711737
15409265535386,15409505051899
15409392878067,15409505051899
15409392878067,15409587861225
15409392878067,15409667123010
15409667951750,15409667123010
15409667951750,15409752500875
15409667951750,15409904640241
15409792224461,15409904640241
15409792224461,15409993610083
15409792224461,15410070784676
15409792224461,15410151303374
15410071512936,15410151303374
15410176445892,15410151303374
15410176445892,15410314831001
15410176445892,15410391380658
15410316495289,15410391380658
15410316495289,15410481343644
15410316495289,15410562106276
15410316495289,15410636169735
15410637571037,15410636169735
15410637571037,15410720802946
15410637571037,15410808645104
15410809698686,15410808645104
15410809698686,15410906129249
15410809698686,15411008728309
15410921206447,15411008728309
15410921206447,15411078438418
15410921206447,15411157822088
15411158803581,15411157822088
15411158803581,15411239217455
15411158803581,15411318191599
15411319228397,15411318191599
15411319228397,15411410970874
15411423617807,15411410970874
15411423617807,15411510191901
15411423617807,15411595890930
15411423617807,15411667714371
15411668697300,15411667714371
15411668697300,15411753078907
15411783894913,15411753078907
15411783894913,15411911738811
15411783894913,15411990942237
15411783894913,15412072196457
15412072999576,15412072196457
15412072999576,15412158240883
15412179048878,15412158240883
15412179048878,15412301062078
15412301989170,15412301062078
15412301989170,15412382503667
15412301989170,15412457666833
15412301989170,15412547880821
15412301989170,15412626673829
15412549295524,15412626673829
15412549295524,15412708974809
15412709922145,15412708974809
15412709922145,15412804452669
15412709922145,15412880342731
15412709922145,15412962356104
15412963816599,15412962356104
15412963816599,15413100329361
15413101222346,15413100329361
15413101222346,15413205821384
15413101222346,15413277806184
15413101222346,15413361533863
15413362710384,15413361533863
15413362710384,15413506372372
15413507861108,15413506372372
15413507861108,15413612862287
15413507861108,15413684265047
15413507861108,15413762809618
15413764178520,15413762809618
15413764178520,15413909895164
15413910728472,15413909895164
15413910728472,15414006537557
15413910728472,15414086622944
15413910728472,15414164096084
15414165067337,15414164096084
15414165067337,15414310097944
15414311090176,15414310097944
15414311090176,15414409092068
15414311090176,15414491361443
15414493082032,15414491361443
15414493082032,15414561512289
15414643982362,15414561512289
15414643982362,15414642522446
15414643982362,15414721764163
15414643982362,15414809108259
15414643982362,15414890979588
15414891984336,15414890979588
15414891984336,15415022903739
15415024112635,15415022903739
15415024112635,15415114069101
15415024112635,15415185835386
15415024112635,15415271747967
15415272831336,15415271747967
15415272831336,15415353447317
15415386059387,15415353447317
15415386059387,15415512049408
15415386059387,15415607119489
15415608265195,15415607119489
15415608265195,15415685655714
15415608265195,15415767280792
15415768773368,15415767280792
15415768773368,15415843062783
15415768773368,15415924251606
15415925171100,15415924251606
15415925171100,15416010690964
15415925171100,15416089871240
15416091275578,15416089871240
15416091275578,15416172858784
15416259565811,15416172858784
15416259565811,15416258266524
15416259565811,15416344492455
15416435301363,15416344492455
15416435301363,15416434185954
15416435301363,15416514936685
15416435301363,15416609812830
15416435301363,15416689752471
15416690915913,15416689752471
15416690915913,15416768528237
15416788061701,15416768528237
15416788061701,15416907309498
15416788061701,15416984818919
15416985871361,15416984818919
15416985871361,15417066590964
15417149539619,15417066590964
15417149539619,15417148533689
15417149539619,15417228512897
15417149539619,15417308777924
15417309758730,15417308777924
15417309758730,15417384055807
15417309758730,15417458635498
15417459730468,15417458635498
15417459730468,15417539227595
15417459730468,15417615497676
15417616409835,15417615497676
15417616409835,15417711947504
15417616409835,15417792166775
15417792986149,15417792166775
15417792986149,15417873983641
15417792986149,15417955009783
15417792986149,15418040897922
15417955914514,15418040897922
15417955914514,15418124042391
15418125157363,15418124042391
15418125157363,15418211306428
15418125157363,15418292162927
15418293096302,15418292162927
15418293096302,15418381522767
15418293096302,15418470307899
15418471244951,15418470307899
15418471244951,15418557724960
15418471244951,15418641533261
15418471244951,15418730812720
15418731532656,15418730812720
15418731532656,15418815665708
15418731532656,15418909094712
15418910062949,15418909094712
15418910062949,15419011813351
15419024076128,15419011813351
15419024076128,15419112207891
15419024076128,15419188466691
15419189374858,15419188466691
15419189374858,15419275902210
15419354157016,15419275902210
15419354157016,15419353228560
15419354157016,15419437194256
15419354157016,15419516409395
15419354157016,15419591523761
15419592585519,15419591523761
15419592585519,15419676852443
15419706055736,15419676852443
15419706055736,15419806676778
15419706055736,15419883996379
15419884862951,15419883996379
15419884862951,15419963404309
15419884862951,15420059236886
15420060129250,15420059236886
15420060129250,15420147045124
15420060129250,15420230462895
15420231474286,15420230462895
15420231474286,15420320075305
15420231474286,15420412747564
15420414383813,15420412747564
15420414383813,15420498382726
15420414383813,15420587303047
15420414383813,15420670443899
15420671219899,15420670443899
15420671219899,15420761298276
15420789261500,15420761298276
15420789261500,15420900644859
15420789261500,15420972713774
15420973727926,15420972713774
15420973727926,15421054948047
15420973727926,15421135521758
15421137107974,15421135521758
15421137107974,15421219976632
15421137107974,15421312020046
15421137107974,15421387035730
15421388018507,15421387035730
15421388018507,15421467392862
15421497643989,15421467392862
15421497643989,15421613973689
15421497643989,15421688017862
15421689344119,15421688017862
15421689344119,15421775633109
15421689344119,15421864900449
15421865733620,15421864900449
15421865733620,15421950430317
15421865733620,15422029760087
15422031084185,15422029760087
15422031084185,15422120285558
15422031084185,15422198934575
15422200079150,15422198934575
15422200079150,15422284133538
15422200079150,15422368376830
15422448704524,15422368376830
15422448704524,15422447706135
15422448704524,15422622459336
15422448704524,15422698357807
15422699538747,15422698357807
15422699538747,15422829695265
15422830702173,15422829695265
15422830702173,15422913394064
15422830702173,15422992360429
15422830702173,15423078773851
15423079601167,15423078773851
15423079601167,15423218909483
15423219788884,15423218909483
15423219788884,15423314279830
15423219788884,15423394052575
15423467262226,15423394052575
15423467262226,15423466523004
15423467262226,15423558806642
15423467262226,15423639207364
15423640209307,15423639207364
15423640209307,15423720129059
15423640209307,15423812590925
15423813635184,15423812590925
15423813635184,15423918829825
15423926881450,15423918829825
15423926881450,15424010685788
15423926881450,15424092229518
15424093614238,15424092229518
15424093614238,15424162251477
15424250672072,15424162251477
15424250672072,15424249581789
15424250672072,15424338650517
15424250672072,15424430760515
15424431606247,15424430760515
15424431606247,15424521815390
15424431606247,15424602748085
15424431606247,15424688504271
15424689420026,15424688504271
15424689420026,15424813192976
15424689420026,15424910282277
15424814763195,15424910282277
15424814763195,15425124821402
15424814763195,15425220974699
15425223116327,15425220974699
15425223116327,15425315149020
15425223116327,15425415118018
15425416046259,15425415118018
15425416046259,15425492814162
15425521116243,15425492814162
15425521116243,15425612881419
15425521116243,15425695175891
15425696064624,15425695175891
15425696064624,15425779115055
15425696064624,15425861771218
15425862939220,15425861771218
15425862939220,15425941884749
15425862939220,15426026055943
15426027072320,15426026055943
15426027072320,15426120110248
15426027072320,15426203254717
15426027072320,15426279657798
15426280614914,15426279657798
15426280614914,15426357390067
15426388154271,15426357390067
15426388154271,15426513693950
15426388154271,15426588647057
15426589471169,15426588647057
15426589471169,15426675911117
15426589471169,15426750915193
15426589471169,15426833050194
15426833807651,15426833050194
15426833807651,15426922803020
15426833807651,15427009754211
15427010812171,15427009754211
15427010812171,15427121210636
15427122615539,15427121210636
15427122615539,15427222082704
15427122615539,15427306529228
15427122615539,15427384818134
15427385524517,15427384818134
15427385524517,15427475089118
15427516338152,15427475089118
15427516338152,15427609123964
15427516338152,15427690175010
15427691083807,15427690175010
15427691083807,15427773161829
15427691083807,15427852515613
15427853398995,15427852515613
15427853398995,15427935560832
15427853398995,15428012658456
15427853398995,15428093252690
15428094610372,15428093252690
15428094610372,15428180830860
15428205398410,15428180830860
15428205398410,15428315700931
15428205398410,15428389722128
15428391195046,15428389722128
15428391195046,15428471487036
15428391195046,15428548449743
15428549393504,15428548449743
15428549393504,15428629201768
15428549393504,15428702606812
15428549393504,15428777457676
15428778212683,15428777457676
15428778212683,15428863140253
15428911623719,15428863140253
15428911623719,15429026593009
15428911623719,15429107380453
15429108334542,15429107380453
15429108334542,15429189684113
15429108334542,15429278354251
15429279427718,15429278354251
15429279427718,15429360429794
15429279427718,15429432306029
15429433188532,15429432306029
15429433188532,15429510834796
15429433188532,15429588719504
15429589672611,15429588719504
15429589672611,15429669760754
15429589672611,15429739223552
15429740122672,15429739223552
15429740122672,15429816443377
15429740122672,15429911321547
15429740122672,15429986233788
15429987204334,15429986233788
15429987204334,15430122348724
15430124097194,15430122348724
15430124097194,15430218931617
15430124097194,15430297044708
15430298400227,15430297044708
15430298400227,15430386467327
15430467127580,15430386467327
15430467127580,15430465703615
15430467127580,15430550065165
15430467127580,15430627105098
15430467127580,15430700915917
15430701766628,15430700915917
15430701766628,15430775982658
15430807291690,15430775982658
15430807291690,15430915112408
15430807291690,15430993901098
15430995045053,15430993901098
15430995045053,15431077962670
15430995045053,15431159824388
15431160787795,15431159824388
15431160787795,15431238834660
15431160787795,15431320929729
15431160787795,15431399649527
15431400580361,15431399649527
15431400580361,15431521013051
15431521967261,15431521013051
15431521967261,15431622861988
15431521967261,15431697640614
15431698515241,15431697640614
15431698515241,15431780346975
15431863456542,15431780346975
15431863456542,15431862341172
15431863456542,15431944739897
15431863456542,15432020089070
15432020999098,15432020089070
15432020999098,15432106238056
15432020999098,15432188779593
15432265156203,15432188779593
15432265156203,15432264065105
15432265156203,15432350455203
15432265156203,15432431303503
15432432618754,15432431303503
15432432618754,15432523519041
15432432618754,15432629181180
15432630117995,15432629181180
15432630117995,15432713603469
15432727344448,15432713603469
15432727344448,15432823656502
15432727344448,15432904274955
15432727344448,15432983072159
15432984374193,15432983072159
15432984374193,15433064577357
15433102071217,15433064577357
15433102071217,15433224599614
15433102071217,15433307245554
15433102071217,15433390212721
15433391857708,15433390212721
15433391857708,15433474937234
15433502665710,15433474937234
15433502665710,15433651419256
15433502665710,15433746487075
15433502665710,15433834653546
15433502665710,15433925369320
15433835789798,15433925369320
15433835789798,15434039150808
15433835789798,15434136469873
15434039994220,15434136469873
15434039994220,15434241536210
15434149627300,15434241536210
15434149627300,15434334685991
15434149627300,15434422173237
15434149627300,15434501511584
15434422859675,15434501511584
15434422859675,15434636336393
15434536437378,15434636336393
15434536437378,15434725373961
15434536437378,15434803274376
15434804071158,15434803274376
15434804071158,15434890800924
15434927819803,15434890800924
15434927819803,154