15284293281093,15284381067201
15284293281093,15284461028124
15284461967297,15284461028124
15284461967297,15284554962465
15284461967297,15284628455650
15284629993550,15284628455650
15284629993550,15284705040430
15284629993550,15284777468666
15284778515348,15284777468666
15284778515348,15284858195238
15284939999523,15284858195238
15284939999523,15284938707191
15284939999523,15285013191345
15284939999523,15285092697702
15285093856677,15285092697702
15285093856677,15285171984367
15285093856677,15285254072527
15285255671773,15285254072527
15285255671773,15285361214453
15285255671773,15285431564009
15285433615214,15285431564009
15285433615214,15285508027149
15285433615214,15285592842043
15285593802746,15285592842043
15285593802746,15285674066494
15285593802746,15285754167654
15285836621379,15285754167654
15285836621379,15285835704912
15285836621379,15285916523790
15285836621379,15285991448923
15285992431619,15285991448923
15285992431619,15286093268742
15286109067982,15286093268742
15286109067982,15286192239672
15286109067982,15286268645021
15286344047387,15286268645021
15286344047387,15286342835646
15286344047387,15286485031246
15286344047387,15286567578847
15286568696759,15286567578847
15286568696759,15286646116871
15286679901090,15286646116871
15286679901090,15286793256260
15286679901090,15286886771293
15286679901090,15286966278254
15286967777432,15286966278254
15286967777432,15287084238924
15287085270744,15287084238924
15287085270744,15287198012635
15287085270744,15287280739932
15287085270744,15287361884823
15287363220059,15287361884823
15287363220059,15287490095608
15287491063028,15287490095608
15287491063028,15287594125441
15287491063028,15287675119349
15287491063028,15287756700724
15287757578782,15287756700724
15287757578782,15287835494492
15287871181404,15287835494492
15287871181404,15287998424379
15287871181404,15288080805859
15288081825840,15288080805859
15288081825840,15288174854382
15288081825840,15288251171236
15288081825840,15288329626073
15288081825840,15288434721728
15288330464778,15288434721728
15288466087696,15288434721728
15288466087696,15288593305555
15288466087696,15288669091884
15288752015885,15288669091884
15288752015885,15288750182883
15288752015885,15288833355670
15288752015885,15288910926288
15288912059803,15288910926288
15288912059803,15288991845228
15288912059803,15289094585427
15289095919535,15289094585427
15289095919535,15289192902040
15289095919535,15289304486202
15289206234182,15289304486202
15289206234182,15289380471219
15289206234182,15289478835114
15289206234182,15289608886212
15289480213734,15289608886212
15289480213734,15289691787870
15289480213734,15289797849500
15289693354226,15289797849500
15289693354226,15289892191052
15289812573082,15289892191052
15289812573082,15289976482127
15289812573082,15290056759880
15290057832343,15290056759880
15290057832343,15290143286048
15290170356159,15290143286048
15290170356159,15290295752167
15290297521888,15290295752167
15290297521888,15290382102080
15290297521888,15290464651515
15290297521888,15290541838030
15290297521888,15290625645430
15290626968421,15290625645430
15290626968421,15290704068590
15290626968421,15290792401821
15290793761106,15290792401821
15290793761106,15290898204896
15290793761106,15290988696925
15290989594144,15290988696925
15290989594144,15291091899965
15291093401526,15291091899965
15291093401526,15291193275139
15291093401526,15291269163783
15291093401526,15291349209386
15291351088396,15291349209386
15291351088396,15291509428769
15291510648573,15291509428769
15291510648573,15291614798148
15291510648573,15291697093340
15291510648573,15291770660992
15291771920964,15291770660992
15291771920964,15291898820906
15291899805268,15291898820906
15291899805268,15291991514506
15291899805268,15292070664578
15292150481198,15292070664578
15292150481198,15292149183923
15292150481198,15292227172208
15292150481198,15292299675050
15292300753912,15292299675050
15292300753912,15292399603229
15292414779835,15292399603229
15292414779835,15292492125526
15292414779835,15292574654991
15292575579928,15292574654991
15292575579928,15292653310774
15292575579928,15292736027633
15292821670303,15292736027633
15292821670303,15292820888062
15292821670303,15292901828864
15292821670303,15293003953212
15293004897063,15293003953212
15293004897063,15293100252162
15293004897063,15293191308934
15293192174016,15293191308934
15293192174016,15293299930394
15293303119529,15293299930394
15293303119529,15293390112863
15293303119529,15293465539790
15293543704376,15293465539790
15293543704376,15293541763376
15293543704376,15293697270357
15293543704376,15293776372840
15293777781596,15293776372840
15293777781596,15293897878250
15293898790637,15293897878250
15293898790637,15294011451336
15293898790637,15294089068749
15294090097157,15294089068749
15294090097157,15294180204036
15294090097157,15294248079553
15294090097157,15294329776404
15294330472830,15294329776404
15294330472830,15294408032895
15294330472830,15294493038183
15294494437366,15294493038183
15294494437366,15294595334647
15294598334513,15294595334647
15294598334513,15294713624579
15294598334513,15294797427843
15294798863554,15294797427843
15294798863554,15294880854954
15294798863554,15294960696613
15294961669633,15294960696613
15294961669633,15295041362920
15294961669633,15295117232106
15295118300569,15295117232106
15295118300569,15295200016935
15295118300569,15295278153740
15295118300569,15295357496824
15295358167833,15295357496824
15295358167833,15295434738843
15295462658749,15295434738843
15295462658749,15295600156357
15295601097354,15295600156357
15295601097354,15295684937723
15295601097354,15295761417081
15295601097354,15295841746923
15295929814479,15295841746923
15295929814479,15295928771503
15295929814479,15296089694867
15295929814479,15296162380029
15296163177026,15296162380029
15296163177026,15296265301640
15296296684957,15296265301640
15296296684957,15296397324596
15296296684957,15296474239790
15296296684957,15296553728980
15296555713362,15296553728980
15296555713362,15296637564536
15296663645455,15296637564536
15296663645455,15296803529873
15296804873363,15296803529873
15296804873363,15296889953858
15296804873363,15296959391836
15296804873363,15297038219180
15296804873363,15297112073766
15297113669989,15297112073766
15297113669989,15297206813667
15297113669989,15297305633391
15297306709729,15297305633391
15297306709729,15297400210747
15297306709729,15297499976519
15297500948695,15297499976519
15297500948695,15297612764589
15297613730128,15297612764589
15297613730128,15297703535392
15297613730128,15297783192107
15297613730128,15297860551212
15297861249549,15297860551212
15297861249549,15297967614296
15298002958129,15297967614296
15298002958129,15298097019887
15298002958129,15298177761838
15298002958129,15298255784082
15298257014092,15298255784082
15298257014092,15298336921789
15298374169441,15298336921789
15298374169441,15298501045344
15298374169441,15298584069436
15298584991146,15298584069436
15298584991146,15298670281964
15298746741195,15298670281964
15298746741195,15298745464508
15298746741195,15298824933535
15298746741195,15298902595770
15298903458388,15298902595770
15298903458388,15298992274976
15298903458388,15299068474131
15299069789112,15299068474131
15299069789112,15299145745842
15299232606131,15299145745842
15299232606131,15299231237960
15299232606131,15299311148423
15299232606131,15299387685744
15299232606131,15299465533201
15299466484041,15299465533201
15299466484041,15299539106919
15299576569256,15299539106919
15299576569256,15299699464584
15299576569256,15299770464725
15299771876637,15299770464725
15299771876637,15299852120777
15299771876637,15299928317722
15299771876637,15300008874438
15300009653612,15300008874438
15300009653612,15300100449812
15300009653612,15300195426599
15300196507378,15300195426599
15300196507378,15300305689465
15300306704986,15300305689465
15300306704986,15300406597439
15300306704986,15300484878602
15300486197976,15300484878602
15300486197976,15300561450224
15300635857970,15300561450224
15300635857970,15300634872690
15300635857970,15300712277122
15300635857970,15300807478039
15300635857970,15300903813937
15300905458846,15300903813937
15300905458846,15300984082088
15301022102361,15300984082088
15301022102361,15301102192959
15301022102361,15301176385993
15301022102361,15301256586729
15301257283158,15301256586729
15301257283158,15301334280126
15301369847407,15301334280126
15301369847407,15301499164486
15301369847407,15301580649393
15301581648342,15301580649393
15301581648342,15301661613237
15301737433191,15301661613237
15301737433191,15301736517180
15301737433191,15301813380137
15301737433191,15301889371828
15301890236094,15301889371828
15301890236094,15301973949582
15301890236094,15302056984564
15302057888634,15302056984564
15302057888634,15302140129716
15302057888634,15302222107725
15302223099662,15302222107725
15302223099662,15302303353278
15302223099662,15302385081988
15302223099662,15302474044507
15302386472943,15302474044507
15302386472943,15302550836452
15302551738765,15302550836452
15302551738765,15302632633770
15302551738765,15302704603869
15302705657198,15302704603869
15302705657198,15302781811909
15302705657198,15302870265650
15302705657198,15302943949912
15302944841610,15302943949912
15302944841610,15303114519849
15302944841610,15303200280447
15303115344232,15303200280447
15303115344232,15303282180070
15303115344232,15303357237091
15303358204840,15303357237091
15303358204840,15303504727714
15303358204840,15303584775186
15303505621369,15303584775186
15303505621369,15303662285604
15303505621369,15303741435202
15303742592622,15303741435202
15303742592622,15303910896350
15303912212888,15303910896350
15303912212888,15303994391861
15303912212888,15304097010357
15304098478650,15304097010357
15304098478650,15304178654979
15304098478650,15304263140071
15304098478650,15304338287683
15304098478650,15304722638773
15304339023519,15304722638773
15304339023519,15304815590979
15304736014979,15304815590979
15304736014979,15304891432964
15304736014979,15304965843312
15304966729750,15304965843312
15304966729750,15305391469811
15304966729750,15305473772581
15305474967825,15305473772581
15305474967825,15305619111136
15305474967825,15305704973940
15305620341570,15305704973940
15305620341570,15305784306012
15305620341570,15305861071192
15305861952261,15305861071192
15305861952261,15306023246878
15305861952261,15306121246804
15306024220437,15306121246804
15306024220437,15306200591401
15306024220437,15306280148499
15306201949813,15306280148499
15306201949813,15306359312148
15306201949813,15306435994549
15306360230864,15306435994549
15306360230864,15306531229415
15306360230864,15306612099699
15306360230864,15306693943885
15306613464461,15306693943885
15306613464461,15306832555291
15306710792485,15306832555291
15306710792485,15306911149990
15306710792485,15306990174267
15306912122080,15306990174267
15306912122080,15307075279996
15307076571550,15307075279996
15307076571550,15307157381973
15307076571550,15307229867843
15307076571550,15307308638941
15307076571550,15307435208980
15307309641461,15307435208980
15307436016541,15307435208980
15307436016541,15307525885031
15307436016541,15307622277113
15307623812315,15307622277113
15307623812315,15307700360715
15307623812315,15307771540933
15307623812315,15307851147926
15307851829307,15307851147926
15307851829307,15307946261234
15307962374354,15307946261234
15307962374354,15308044228076
15307962374354,15308117803915
15308195723487,15308117803915
15308195723487,15308193925847
15308195723487,15308278692147
15308195723487,15308357972959
15308195723487,15308441634647
15308358926851,15308441634647
15308358926851,15308539721418
15308541147103,15308539721418
15308541147103,15308654302714
15308541147103,15308747153300
15308655125166,15308747153300
15308655125166,15308824243277
15308655125166,15308897296995
15308898142880,15308897296995
15308898142880,15309046852106
15308898142880,15309133497188
15309048072446,15309133497188
15309048072446,15309207116818
15309048072446,15309289767759
15309048072446,15309366200559
15309208062732,15309366200559
15309208062732,15309442521182
15309367062319,15309442521182
15309367062319,15309528616562
15309367062319,15309608756678
15309367062319,15309745741146
15309609749636,15309745741146
15309609749636,15309844433017
15309747112719,15309844433017
15309747112719,15309920456279
15309845218746,15309920456279
15309845218746,15309997773010
15309845218746,15310078864769
15309845218746,15310159960583
15309845218746,15310245275590
15310161200937,15310245275590
15310161200937,15310344016966
15310266779087,15310344016966
15310266779087,15310428407768
15310266779087,15310511884943
15310512945245,15310511884943
15310512945245,15310591725416
15310512945245,15310686677719
15310688055763,15310686677719
15310688055763,15310852243125
15310688055763,15310936562176
15310853601677,15310936562176
15310853601677,15311010252287
15310853601677,15311087636192
15310853601677,15311167732739
15311088397552,15311167732739
15311088397552,15311247155130
15311088397552,15311348815677
15311248294088,15311348815677
15311248294088,15311451691191
15311353316403,15311451691191
15311353316403,15311529628203
15311353316403,15311604107711
15311605499499,15311604107711
15311605499499,15311679349952
15311605499499,15311761144160
15311605499499,15311848674152
15311762036337,15311848674152
15311762036337,15311947756106
15311762036337,15312052203953
15311948957016,15312052203953
15311948957016,15312149668032
15312060016872,15312149668032
15312060016872,15312238505334
15312060016872,15312310144631
15312060016872,15312392511842
15312311309507,15312392511842
15312311309507,15312558160755
15312422489652,15312558160755
15312422489652,15312648983096
15312559117590,15312648983096
15312559117590,15312733357985
15312559117590,15312819121973
15312559117590,15312900494294
15312901293689,15312900494294
15312901293689,15312983246264
15312901293689,15313070131369
15313071239690,15313070131369
15313071239690,15313247599855
15313071239690,15313326879934
15313248577233,15313326879934
15313248577233,15313411276709
15313248577233,15313483493923
15313484579284,15313483493923
15313484579284,15313574065059
15313484579284,15313658540573
15313484579284,15313771644896
15313659584387,15313771644896
15313659584387,15313870223342
15313790900525,15313870223342
15313790900525,15313943340385
15313790900525,15314013290169
15314014924017,15314013290169
15314014924017,15314152147371
15314014924017,15314230538693
15314014924017,15314314700340
15314231475367,15314314700340
15314231475367,15314450346615
15314358824938,15314450346615
15314358824938,15314530525231
15314358824938,15314608156865
15314609160472,15314608156865
15314609160472,15314748060934
15314609160472,15314833000631
15314749017092,15314833000631
15314749017092,15314916402435
15314749017092,15314996273666
15314998300395,15314996273666
15314998300395,15315078088503
15314998300395,15315166060787
15314998300395,15315267986250
15315166956766,15315267986250
15315290219220,15315267986250
15315290219220,15315383319113
15315290219220,15315462799389
15315290219220,15315546255545
15315463861998,15315546255545
15315463861998,15315628290271
15315463861998,15315714268990
15315715021637,15315714268990
15315715021637,15315801637159
15315715021637,15315882665918
15315883594234,15315882665918
15315883594234,15316045670496
15315883594234,15316124428571
15316125554691,15316124428571
15316125554691,15316204625407
15316125554691,15316278414971
15316279644915,15316278414971
15316279644915,15316458516848
15316279644915,15316537155233
15316459888568,15316537155233
15316459888568,15316630475133
15316459888568,15316705731552
15316706581541,15316705731552
15316706581541,15316789346451
15316706581541,15316869463471
15316706581541,15316961240720
15316870698999,15316961240720
15316870698999,15317076283213
15316992520976,15317076283213
15316992520976,15317156713949
15316992520976,15317235506481
15317157667654,15317235506481
15317157667654,15317317557581
15317157667654,15317395889991
15317157667654,15317474125191
15317397655469,15317474125191
15317397655469,15317572244157
15317397655469,15317656587235
15317574163851,15317656587235
15317574163851,15317773371613
15317685263698,15317773371613
15317685263698,15317855835694
15317685263698,15317938626730
15317685263698,15318029621902
15317939425536,15318029621902
15317939425536,15318148097961
15318069711313,15318148097961
15318069711313,15318226467804
15318069711313,15318299748642
15318300976688,15318299748642
15318300976688,15318461237088
15318300976688,15318538981624
15318300976688,15318617259209
15318539960087,15318617259209
15318539960087,15318752599697
15318653970929,15318752599697
15318653970929,15318847157561
15318653970929,15318926696660
15318653970929,15319014466770
15318928099957,15319014466770
15318928099957,15319160464177
15319045629090,15319160464177
15319045629090,15319237213704
15319161954905,15319237213704
15319161954905,15319319038880
15319161954905,15319410319009
15319161954905,15319488576226
15319161954905,15319567582208
15319489768468,15319567582208
15319489768468,15319685320259
15319686422074,15319685320259
15319686422074,15319855467239
15319686422074,15319936567524
15319856412501,15319936567524
15319856412501,15320010103051
15320011037739,15320010103051
15320011037739,15320089691267
15320011037739,15320167019140
15320011037739,15320245101261
15320167996835,15320245101261
15320167996835,15320324088014
15320167996835,15320398123839
15320167996835,15320479398000
15320399835334,15320479398000
15320399835334,15320576535143
15320399835334,15320680631317
15320577658924,15320680631317
15320577658924,15320773592377
15320691625615,15320773592377
15320691625615,15320854804593
15320691625615,15320937878469
15320855983145,15320937878469
15320855983145,15321019699248
15321020631133,15321019699248
15321020631133,15321096938346
15321020631133,15321176882083
15321020631133,15321261892781
15321177788221,15321261892781
15321177788221,15321338724440
15321177788221,15321416285960
15321339692561,15321416285960
15321339692561,15321497614017
15321339692561,15321577688160
15321498501292,15321577688160
15321498501292,15321652678696
15321498501292,15321734590225
15321735598173,15321734590225
15321735598173,15321858194330
15321735598173,15321937503667
15321859424101,15321937503667
15321859424101,15322014432947
15322015638609,15322014432947
15322015638609,15322093896527
15322015638609,15322174301504
15322015638609,15322254836590
15322175162640,15322254836590
15322175162640,15322334346057
15322175162640,15322416337649
15322335315870,15322416337649
15322335315870,15322497443280
15322335315870,15322573504265
15322498403081,15322573504265
15322498403081,15322659538726
15322498403081,15322731987274
15322732800891,15322731987274
15322732800891,15322814686953
15322732800891,15322888175803
15322732800891,15322971398536
15322889725188,15322971398536
15322889725188,15323073578817
15322889725188,15323168313400
15323074698703,15323168313400
15323190579234,15323168313400
15323190579234,15323302706674
15323190579234,15323383100610
15323190579234,15323465236098
15323190579234,15323560998905
15323466644088,15323560998905
15323466644088,15323660757431
15323573937026,15323660757431
15323573937026,15323737663248
15323573937026,15323814133408
15323815255953,15323814133408
15323815255953,15323902543804
15323815255953,15323977966776
15323815255953,15324055544487
15323979085029,15324055544487
15323979085029,15324185943476
15324091670250,15324185943476
15324091670250,15324272139992
15324091670250,15324355673893
15324091670250,15324436240351
15324356393816,15324436240351
15324356393816,15324565505599
15324468330583,15324565505599
15324468330583,15324643852547
15324468330583,15324720790770
15324721991586,15324720790770
15324721991586,15324792975146
15324721991586,15324880049513
15324721991586,15324959357216
15324880970866,15324959357216
15324880970866,15325082687551
15324990380065,15325082687551
15324990380065,15325154577796
15324990380065,15325231550367
15325155539808,15325231550367
15325155539808,15325320648819
15325155539808,15325397252206
15325155539808,15325488767639
15325398325250,15325488767639
15325398325250,15325578474578
15325398325250,15325670000039
15325579801926,15325670000039
15325688453311,15325670000039
15325688453311,15325781657339
15325688453311,15325882329601
15325883879143,15325882329601
15325883879143,15325962450985
15325883879143,15326061828733
15326062649465,15326061828733
15326062649465,15326141847702
15326226953835,15326141847702
15326226953835,15326226087924
15326226953835,15326308362140
15326226953835,15326384337340
15326226953835,15326462950535
15326463995534,15326462950535
15326463995534,15326550510883
15326578798689,15326550510883
15326578798689,15326665820111
15326578798689,15326734029266
15326807672070,15326734029266
15326807672070,15326806731607
15326807672070,15326963109316
15326807672070,15327038806130
15327039622346,15327038806130
15327039622346,15327131844545
15327164191896,15327131844545
15327164191896,15327264974925
15327164191896,15327343345145
15327164191896,15327416958752
15327417806406,15327416958752
15327417806406,15327496095147
15327417806406,15327581938967
15327582911621,15327581938967
15327582911621,15327664681147
15327701800403,15327664681147
15327701800403,15327786378109
15327701800403,15327856500310
15327857934746,15327856500310
15327857934746,15327946243484
15327857934746,15328019755090
15327857934746,15328095507530
15328096200759,15328095507530
15328096200759,15328178271597
15328096200759,15328280392195
15328281245944,15328280392195
15328281245944,15328369620236
15328391304615,15328369620236
15328391304615,15328490666812
15328391304615,15328571388129
15328572300729,15328571388129
15328572300729,15328643077656
15328572300729,15328725082272
15328572300729,15328801587607
15328802389850,15328801587607
15328802389850,15328884972856
15328802389850,15328987539697
15328988516776,15328987539697
15328988516776,15329159431758
15329160410853,15329159431758
15329160410853,15329238200735
15329160410853,15329315079140
15329160410853,15329395284341
15329396286492,15329395284341
15329396286492,15329475646270
15329496761653,15329475646270
15329496761653,15329586636735
15329496761653,15329663621659
15329496761653,15329746495229
15329747453844,15329746495229
15329747453844,15329829350535
15329861619032,15329829350535
15329861619032,15329965943116
15329861619032,15330042098423
15330125303961,15330042098423
15330125303961,15330123919322
15330125303961,15330268684015
15330269588115,15330268684015
15330269588115,15330345431611
15330269588115,15330427084261
15330269588115,15330499856077
15330500758689,15330499856077
15330500758689,15330672352559
15330500758689,15330748276797
15330748973984,15330748276797
15330748973984,15330825153688
15330865701444,15330825153688
15330865701444,15330975124491
15330976096702,15330975124491
15330976096702,15331068613995
15330976096702,15331141053242
15330976096702,15331224957598
15330976096702,15331304794227
15331305799247,15331304794227
15331305799247,15331478337939
15331305799247,15331558633964
15331559854843,15331558633964
15331559854843,15331677589948
15331678576304,15331677589948
15331678576304,15331775783428
15331678576304,15331856111941
15331933917939,15331856111941
15331933917939,15331932958173
15331933917939,15332075096673
15332076042402,15332075096673
15332076042402,15332163550866
15332076042402,15332265673533
15332267137545,15332265673533
15332267137545,15332357865435
15332267137545,15332437017700
15332514440037,15332437017700
15332514440037,15332513541405
15332514440037,15332594258547
15332514440037,15332697131991
15332698233462,15332697131991
15332698233462,15332776765041
15332806148861,15332776765041
15332806148861,15332890530567
15332806148861,15332973993575
15332974889384,15332973993575
15332974889384,15333061689284
15332974889384,15333141086056
15333142533189,15333141086056
15333142533189,15333227755051
15333142533189,15333308286783
15333142533189,15333388779698
15333401140940,15333388779698
15333401140940,15333498522711
15333401140940,15333589709248
15333590673633,15333589709248
15333590673633,15334027088662
15333590673633,15334106510917
15334107339555,15334106510917
15334107339555,15334186466420
15334212440753,15334186466420
15334212440753,15334286790963
15334212440753,15334388978561
15334212440753,15334464659494
15334465506697,15334464659494
15334465506697,15334543588792
15334567660740,15334543588792
15334567660740,15334690801426
15334692100716,15334690801426
15334692100716,15334772429274
15334692100716,15334845028088
15334927853049,15334845028088
15334927853049,15334926680290
15334927853049,15335009800966
15334927853049,15335083397286
15335084453427,15335083397286
15335084453427,15335160911206
15335084453427,15335239457365
15335084453427,15335314203451
15335315040291,15335314203451
15335315040291,15335482528654
15335315040291,15335557025316
15335557723825,15335557025316
15335557723825,15335634726768
15335662603842,15335634726768
15335662603842,15335783811876
15335662603842,15335863072913
15335863788058,15335863072913
15335863788058,15335945831941
15336033762247,15335945831941
15336033762247,15336032567140
15336033762247,15336117744970
15336033762247,15336209221017
15336033762247,15336284787585
15336286127045,15336284787585
15336286127045,15336373593550
15336399172249,15336373593550
15336399172249,15336479200175
15336399172249,15336562456756
15336642873240,15336562456756
15336642873240,15336641669677
15336642873240,15336781471147
15336783311916,15336781471147
15336783311916,15336870905971
15336946517783,15336870905971
15336946517783,15336945648724
15336946517783,15337026829987
15336946517783,15337106903162
15336946517783,15337188933782
15337190462208,15337188933782
15337190462208,15337285262826
15337307034418,15337285262826
15337307034418,15337394271768
15337307034418,15337482586345
15337307034418,15337560207047
15337560969590,15337560207047
15337560969590,15337641941747
15337676892375,15337641941747
15337676892375,15337793716359
15337676892375,15337867460665
15337942729203,15337867460665
15337942729203,15337941989583
15337942729203,15338019339528
15337942729203,15338099203664
15338100103677,15338099203664
15338100103677,15338182610188
15338204550677,15338182610188
15338204550677,15338294964436
15338204550677,15338392230085
15338204550677,15338468632551
15338204550677,15338579726985
15338469900333,15338579726985
15338586568954,15338579726985
15338586568954,15338686243390
15338586568954,15338754842159
15338835340827,15338754842159
15338835340827,15338834313856
15338835340827,15338993435035
15338835340827,15339089481963
15338994697270,15339089481963
15338994697270,15339169167832
15338994697270,15339255404535
15339170088759,15339255404535
15339170088759,15339335783085
15339170088759,15339413138324
15339337059278,15339413138324
15339337059278,15339493580074
15339494465213,15339493580074
15339494465213,15339772855864
15339494465213,15339854117694
15339494465213,15339934387328
15339935279004,15339934387328
15339935279004,15340021658280
15339935279004,15340122598701
15340123603598,15340122598701
15340123603598,15340220143952
15340228766838,15340220143952
15340228766838,15340317301285
15340228766838,15340393124858
15340393944333,15340393124858
15340393944333,15340470674427
15340393944333,15340550701416
15340393944333,15340635126001
15340636165814,15340635126001
15340636165814,15340722018692
15340636165814,15340811789408
15340813336989,15340811789408
15340813336989,15340926795707
15340927864948,15340926795707
15340927864948,15341036538993
15340927864948,15341112367552
15340927864948,15341205055502
15341205911403,15341205055502
15341205911403,15341289759612
15341317130399,15341289759612
15341317130399,15341416212544
15341317130399,15341493349160
15341494222643,15341493349160
15341494222643,15341569481831
15341646869611,15341569481831
15341646869611,15341645443492
15341646869611,15341734857557
15341646869611,15341814730472
15341815937902,15341814730472
15341815937902,15341897514650
15341815937902,15341981611903
15342056550352,15341981611903
15342056550352,15342055391325
15342056550352,15342140263440
15342056550352,15342226834902
15342227763869,15342226834902
15342227763869,15342330638197
15342227763869,15342422788814
15342423697914,15342422788814
15342423697914,15342524971594
15342534043069,15342524971594
15342534043069,15342619381116
15342534043069,15342694306175
15342534043069,15342772643378
15342773318830,15342772643378
15342773318830,15342852632996
15342773318830,15343025228830
15342890109651,15343025228830
15342890109651,15343113885026
15342890109651,15343206513729
15342890109651,15343334366148
15343207506655,15343334366148
15343335388053,15343334366148
15343335388053,15343422162799
15343335388053,15343501274089
15343335388053,15343587877331
15343589079286,15343587877331
15343589079286,15343725473608
15343589079286,15343822702295
15343726867297,15343822702295
15343726867297,15343901002099
15343726867297,15343981469453
15343982381409,15343981469453
15343982381409,15344074853445
15344098533817,15344074853445
15344098533817,15344227718054
15344098533817,15344314771033
15344315934763,15344314771033
15344315934763,15344388948423
15344470583327,15344388948423
15344470583327,15344469413090
15344470583327,15344551572460
15344470583327,15344636521511
15344637454792,15344636521511
15344637454792,15344717707977
15344637454792,15344806024754
15344637454792,15344887679916
15344888376409,15344887679916
15344888376409,15344978911559
15345016312230,15344978911559
15345016312230,15345129172399
15345016312230,15345218442961
15345016312230,15345293665674
15345295096221,15345293665674
15345295096221,15345373816172
15345407901142,15345373816172
15345407901142,15345528283146
15345529139778,15345528283146
15345529139778,15345607679877
15345529139778,15345687977052
15345529139778,15345764827489
15345529139778,15345841529598
15345842969109,15345841529598
15345842969109,15345931190565
15345842969109,15346020559915
15346021616985,15346020559915
15346021616985,15346132031466
15346132965609,15346132031466
15346132965609,15346228847308
15346132965609,15346322289704
15346132965609,15346393738277
15346394864970,15346393738277
15346394864970,15346523805800
15346525761201,15346523805800
15346525761201,15346628440228
15346525761201,15346705374623
15346525761201,15346789604831
15346525761201,15346873639680
15346790621042,15346873639680
15346897375198,15346873639680
15346897375198,15347017476663
15347018821012,15347017476663
15347018821012,15347098209407
15347018821012,15347175883201
15347018821012,15347256969064
15347018821012,15347332542990
15347333869160,15347332542990
15347333869160,15347435080724
15347443372603,15347435080724
15347443372603,15347529535318
15347443372603,15347607100333
15347443372603,15347702912827
15347704712115,15347702912827
15347704712115,15347791804802
15347816269427,15347791804802
15347816269427,15347925649255
15347816269427,15348004321857
15347816269427,15348087373257
15347816269427,15348168225779
15348088269079,15348168225779
15348088269079,15348329025980
15348196091365,15348329025980
15348196091365,15348406380919
15348196091365,15348489141239
15348489986837,15348489141239
15348489986837,15348580666246
15348608880792,15348580666246
15348608880792,15348724008413
15348608880792,15348798418537
15348608880792,15348877704724
15348878733947,15348877704724
15348878733947,15348958478622
15348991922701,15348958478622
15348991922701,15349128110760
15348991922701,15349212871252
15349129135303,15349212871252
15349129135303,15349279386978
15349129135303,15349355310552
15349129135303,15349428873999
15349429700468,15349428873999
15349429700468,15349503646908
15349429700468,15349624246752
15349531307165,15349624246752
15349531307165,15349710895681
15349531307165,15349796792701
15349798274066,15349796792701
15349798274066,15349933753949
15349935326159,15349933753949
15349935326159,15350028210006
15349935326159,15350104892094
15349935326159,15350176974235
15350177880548,15350176974235
15350177880548,15350326440639
15350327434951,15350326440639
15350327434951,15350405653402
15350327434951,15350507551909
15350327434951,15350586110246
15350587979770,15350586110246
15350587979770,15350670619290
15350706077278,15350670619290
15350706077278,15350829199135
15350706077278,15350907684997
15350706077278,15350983070644
15350983790349,15350983070644
15350983790349,15351065831800
15351098169790,15351065831800
15351098169790,15351236991987
15351237820503,15351236991987
15351237820503,15351322238068
15351237820503,15351400461702
15351482283882,15351400461702
15351482283882,15351481380422
15351482283882,15351557895811
15351482283882,15351631377228
15351482283882,15351709278236
15351710834204,15351709278236
15351710834204,15351852684043
15351710834204,15351937297646
15351853853396,15351937297646
15351853853396,15352036600695
15351853853396,15352115106532
15352116279091,15352115106532
15352116279091,15352231655046
15352232804951,15352231655046
15352232804951,15352331815100
15352232804951,15352410563966
15352411616816,15352410563966
15352411616816,15352491344785
15352563575931,15352491344785
15352563575931,15352562721446
15352563575931,15352635257363
15352563575931,15352727494804
15352563575931,15352803176199
15352804045853,15352803176199
15352804045853,15352877258916
15352913938788,15352877258916
15352913938788,15353034300492
15352913938788,15353112574943
15353113620571,15353112574943
15353113620571,15353191178996
15353113620571,15353277115915
15353278133745,15353277115915
15353278133745,15353384910129
15353278133745,15353467975178
15353278133745,15353552976644
15353555275553,15353552976644
15353555275553,15353643265457
15353555275553,15353729315049
15353730524127,15353729315049
15353730524127,15353832961091
15353836410632,15353832961091
15353836410632,15353936118071
15353836410632,15354014905476
15353836410632,15354100968466
15354101743929,15354100968466
15354101743929,15354181435994
15354215255796,15354181435994
15354215255796,15354331621100
15354215255796,15354408369876
15354483808568,15354408369876
15354483808568,15354483093384
15354483808568,15354568761879
15354483808568,15354641838965
15354642844149,15354641838965
15354642844149,15354736068570
15354750234890,15354736068570
15354750234890,15354856393600
15354750234890,15354932979815
15354750234890,15355009424018
15355010780991,15355009424018
15355010780991,15355089574741
15355123305200,15355089574741
15355123305200,15355232648372
15355123305200,15355308840977
15355309740522,15355308840977
15355309740522,15355388619398
15355309740522,15355462664531
15355463546969,15355462664531
15355463546969,15355548127521
15355463546969,15355641169255
15355463546969,15355723647216
15355724832257,15355723647216
15355724832257,15355834947236
15355835941814,15355834947236
15355835941814,15355936088339
15355835941814,15356012215478
15356013667293,15356012215478
15356013667293,15356107574724
15356013667293,15356179997872
15356259967434,15356179997872
15356259967434,15356259308679
15356259967434,15356364375231
15356259967434,15356438858692
15356439860955,15356438858692
15356439860955,15356537243308
15356547070923,15356537243308
15356547070923,15356637633457
15356547070923,15356721320932
15356722621591,15356721320932
15356722621591,15356804373794
15356722621591,15356892889227
15356722621591,15356968133338
15356968868535,15356968133338
15356968868535,15357049850691
15356968868535,15357132384815
15357133688261,15357132384815
15357133688261,15357237393913
15357243114443,15357237393913
15357243114443,15357339108352
15357243114443,15357414016106
15357414886518,15357414016106
15357414886518,15357492269441
15357414886518,15357567291159
15357414886518,15357649198149
15357650168772,15357649198149
15357650168772,15357739503592
15357650168772,15357835392550
15357650168772,15357947032013
15357836528746,15357947032013
15357956935831,15357947032013
15357956935831,15358071150105
15357956935831,15358178028544
15357956935831,15358259637212
15357956935831,15358339944030
15358260882213,15358339944030
15358260882213,15358448640323
15358363408236,15358448640323
15358363408236,15358523217273
15358363408236,15358606221772
15358607141482,15358606221772
15358607141482,15358754038451
15358607141482,15358837988975
15358839399543,15358837988975
15358839399543,15358922022307
15358947634261,15358922022307
15358947634261,15359044216988
15358947634261,15359121398847
15359193772794,15359121398847
15359193772794,15359192684296
15359193772794,15359354886310
15359193772794,15359434642475
15359435556190,15359434642475
15359435556190,15359522618538
15359555829013,15359522618538
15359555829013,15359650090127
15359555829013,15359723419677
15359555829013,15359807866097
15359808966305,15359807866097
15359808966305,15359945232185
15359946107597,15359945232185
15359946107597,15360054561106
15360055393822,15360054561106
15360055393822,15360126857619
15360055393822,15360203376266
15360055393822,15360280361070
15360055393822,15360351142471
15360352115983,15360351142471
15360352115983,15360439739703
15360352115983,15360555663765
15360556544871,15360555663765
15360556544871,15360648386192
15360669681896,15360648386192
15360669681896,15360767126351
15360669681896,15360845916598
15360669681896,15360931501566
15360932805210,15360931501566
15360932805210,15361055886508
15361056830184,15361055886508
15361056830184,15361168885247
15361056830184,15361249622091
15361056830184,15361334359435
15361335276662,15361334359435
15361335276662,15361414814361
15361445250561,15361414814361
15361445250561,15361548291921
15361445250561,15361629772076
15361630922407,15361629772076
15361630922407,15361709923285
15361791903252,15361709923285
15361791903252,15361790879697
15361791903252,15361874326274
15361791903252,15361959110615
15361791903252,15362038273419
15362039903711,15362038273419
15362039903711,15362157656950
15362159189040,15362157656950
15362159189040,15362253941826
15362159189040,15362326476216
15362159189040,15362404000474
15362404755611,15362404000474
15362404755611,15362486373674
15362404755611,15362565168809
15362566080832,15362565168809
15362566080832,15362656627140
15362566080832,15362761748816
15362762837976,15362761748816
15362762837976,15362853237841
15362873877955,15362853237841
15362873877955,15362959401236
15362873877955,15363038895326
15362873877955,15363113065943
15363113790855,15363113065943
15363113790855,15363192177322
15363222459957,15363192177322
15363222459957,15363360876404
15363222459957,15363443494613
15363445020052,15363443494613
15363445020052,15363523638482
15363598991652,15363523638482
15363598991652,15363597924808
15363598991652,15363677174758
15363598991652,15363756636246
15363598991652,15363832087513
15363833180090,15363832087513
15363833180090,15363912549929
15363941743822,15363912549929
15363941743822,15364056401126
15363941743822,15364135222075
15364136091117,15364135222075
15364136091117,15364217450360
15364297997154,15364217450360
15364297997154,15364296624947
15364297997154,15364375598787
15364297997154,15364458194218
15364297997154,15364532130384
15364532967012,15364532130384
15364532967012,15364608944561
15364648805779,15364608944561
15364648805779,15364755183979
15364648805779,15364831924321
15364832849405,15364831924321
15364832849405,15364912227089
15364832849405,15364987698239
15364988561055,15364987698239
15364988561055,15365063749270
15364988561055,15365159793157
15364988561055,15365239634784
15364988561055,15365355804139
15365240524647,15365355804139
15365240524647,15365454147303
15365356684069,15365454147303
15365356684069,15365530940069
15365356684069,15365614057009
15365531793662,15365614057009
15365531793662,15365688134227
15365531793662,15365769173735
15365531793662,15365863512421
15365770517322,15365863512421
15365770517322,15365960157616
15365878054982,15365960157616
15365878054982,15366055497342
15365878054982,15366140829886
15366056685599,15366140829886
15366056685599,15366217374508
15366219108562,15366217374508
15366219108562,15366296637718
15366219108562,15366366393546
15366219108562,15366449720881
15366219108562,15366531438935
15366451294373,15366531438935
15366451294373,15366663791394
15366551318048,15366663791394
15366551318048,15366744797449
15366665301733,15366744797449
15366665301733,15366825646252
15366665301733,15366902621379
15366665301733,15366977035866
15366665301733,15367065289553
15366978138490,15367065289553
15366978138490,15367161495914
15367162547885,15367161495914
15367162547885,15367257271707
15367162547885,15367362824875
15367364605423,15367362824875
15367364605423,15367468285898
15367482337459,15367468285898
15367482337459,15367572179107
15367482337459,15367651635216
15367652605775,15367651635216
15367652605775,15367738432620
15367652605775,15367816430204
15367652605775,15367898111606
15367817359263,15367898111606
15367817359263,15367977976912
15367978846672,15367977976912
15367978846672,15368071478123
15367978846672,15368148846052
15367978846672,15368231598523
15368232397364,15368231598523
15368232397364,15368315869248
15368350633779,15368315869248
15368350633779,15368464971252
15368350633779,15368548014330
15368350633779,15368627370595
15368350633779,15368712478245
15368628698782,15368712478245
15368628698782,15368864235309
15368743014294,15368864235309
15368743014294,15368969910888
15368971404255,15368969910888
15368971404255,15369045436000
15368971404255,15369124339463
15368971404255,15369211099117
15369212692375,15369211099117
15369212692375,15369376587050
15369212692375,15369455661092
15369212692375,15369545091628
15369456783763,15369545091628
15369562252478,15369545091628
15369562252478,15369665441999
15369562252478,15369745373520
15369562252478,15369837575218
15369838947396,15369837575218
15369838947396,15369937697221
15369946315396,15369937697221
15369946315396,15370067310427
15369946315396,15370142451960
15369946315396,15370220089531
15370221189393,15370220089531
15370221189393,15370385979543
15370221189393,15370474781649
15370386956537,15370474781649
15370386956537,15370555686128
15370386956537,15370635647085
15370556853372,15370635647085
15370556853372,15370712493395
15370787715137,15370712493395
15370787715137,15370787009279
15370787715137,15370869388190
15370787715137,15370965730435
15370966962590,15370965730435
15370966962590,15371064212789
15371081577050,15371064212789
15371081577050,15371166915676
15371081577050,15371239533344
15371081577050,15371320583073
15371321506514,15371320583073
15371321506514,15371468257205
15371469100386,15371468257205
15371469100386,15371568222555
15371469100386,15371641889386
15371720384400,15371641889386
15371720384400,15371719487874
15371720384400,15371801010600
15371720384400,15371883689860
15371884615072,15371883689860
15371884615072,15371963928393
15371884615072,15372071636671
15372072717222,15372071636671
15372072717222,15372170858448
15372175791078,15372170858448
15372175791078,15372265293136
15372175791078,15372349570611
15372175791078,15372430857290
15372432101452,15372430857290
15372432101452,15372510908170
15372540407496,15372510908170
15372540407496,15372667490163
15372540407496,15372754930237
15372540407496,15372830663208
15372831437770,15372830663208
15372831437770,15372910873956
15372937023717,15372910873956
15372937023717,15373069268642
15373070134519,15373069268642
15373070134519,15373147262131
15373070134519,15373230361879
15373070134519,15373307914755
15373070134519,15373390204356
15373391080591,15373390204356
15373391080591,15373571464550
15373391080591,15373669829836
15373572571719,15373669829836
15373572571719,15373761392686
15373572571719,15373859867037
15373762527901,15373859867037
15373762527901,15373930019069
15373762527901,15374013223638
15373931050033,15374013223638
15373931050033,15374093283475
15373931050033,15374174635607
15374094605069,15374174635607
15374094605069,15374246492617
15374094605069,15374322125710
15374322877409,15374322125710
15374322877409,15374404267789
15374322877409,15374480165226
15374322877409,15374570841663
15374481143285,15374570841663
15374481143285,15374677921597
15374583145316,15374677921597
15374583145316,15374748070792
15374583145316,15374822857878
15374583145316,15374907558664
15374823963497,15374907558664
15374823963497,15375071869427
15374938838942,15375071869427
15374938838942,15375145938845
15374938838942,15375216133574
15375217098541,15375216133574
15375217098541,15375298066802
15375217098541,15375375720720
15375217098541,15375469417574
15375376717071,15375469417574
15375376717071,15375573588333
15375484519945,15375573588333
15375484519945,15375657865635
15375484519945,15375742340688
15375743386228,15375742340688
15375743386228,15375831142208
15375743386228,15375972156892
15375850250252,15375972156892
15375850250252,15376047065402
15376127895546,15376047065402
15376127895546,15376127064032
15376127895546,15376205790464
15376127895546,15376286229469
15376287530535,15376286229469
15376287530535,15376380240648
15376287530535,15376478589155
15376479471475,15376478589155
15376479471475,15376572424728
15376479471475,15376669078696
15376670353428,15376669078696
15376797145688,15376669078696
15376797145688,15376795767669
15376797145688,15376886149690
15376797145688,15376970688073
15376797145688,15377051354030
15377052283820,15377051354030
15377052283820,15377133352882
15377184641975,15377133352882
15377184641975,15377273764296
15377184641975,15377358207499
15377184641975,15377437674835
15377439444056,15377437674835
15377439444056,15377579403470
15377580287684,15377579403470
15377580287684,15377674186235
15377580287684,15377753789240
15377580287684,15377834288650
15377835745327,15377834288650
15377835745327,15377919653411
15377951051883,15377919653411
15377951051883,15378075879142
15377951051883,15378165644835
15377951051883,15378242654440
15378243380277,15378242654440
15378243380277,15378331847823
15378364586716,15378331847823
15378364586716,15378476301719
15378364586716,15378552518441
15378364586716,15378633984817
15378635319545,15378633984817
15378635319545,15378776488313
15378777405759,15378776488313
15378777405759,15378875431741
15378777405759,15378947296965
15379028319364,15378947296965
15379028319364,15379027327881
15379028319364,15379103908207
15379028319364,15379181449063
15379182356401,15379181449063
15379182356401,15379271320283
15379292749772,15379271320283
15379292749772,15379377599420
15379292749772,15379456214526
15379457693348,15379456214526
15379457693348,15379541649648
15379620108303,15379541649648
15379620108303,15379618651669
15379620108303,15379698966700
15379620108303,15379779371160
15379620108303,15379856607704
15379857371691,15379856607704
15379857371691,15379944760152
15379983358924,15379944760152
15379983358924,15380082829705
15379983358924,15380163899489
15380164734511,15380163899489
15380164734511,15380246867034
15380329052393,15380246867034
15380329052393,15380328114079
15380329052393,15380402881092
15380329052393,15380482727175
15380329052393,15380555019654
15380555869717,15380555019654
15380555869717,15380638539311
15380689623801,15380638539311
15380689623801,15380776722980
15380689623801,15380854731133
15380689623801,15380934071739
15380935617521,15380934071739
15380935617521,15381073303745
15381074179248,15381073303745
15381074179248,15381171316327
15381074179248,15381250536182
15381327994250,15381250536182
15381327994250,15381327041734
15381327994250,15381484325416
15381327994250,15381558973959
15381560551112,15381558973959
15381560551112,15381680467132
15381681342968,15381680467132
15381681342968,15381776465866
15381681342968,15381852152902
15381852996520,15381852152902
15381852996520,15381935959219
15382016565177,15381935959219
15382016565177,15382015583884
15382016565177,15382098155109
15382016565177,15382175683723
15382016565177,15382250922513
15382252301501,15382250922513
15382252301501,15382387209051
15382388193414,15382387209051
15382388193414,15382475590148
15382388193414,15382556959540
15382388193414,15382628359821
15382629141462,15382628359821
15382629141462,15382709179109
15382762669019,15382709179109
15382762669019,15382877397577
15382762669019,15382959108834
15382762669019,15383040677126
15383041728376,15383040677126
15383041728376,15383129367190
15383156641935,15383129367190
15383156641935,15383280036034
15383156641935,15383362595683
15383363833233,15383362595683
15383363833233,15383451450426
15383363833233,15383541956590
15383363833233,15383622424466
15383623302070,15383622424466
15383623302070,15383705672287
15383623302070,15383780510475
15383623302070,15383875619986
15383781505550,15383875619986
15383884033498,15383875619986
15383884033498,15383980635424
15383884033498,15384063143744
15383884033498,15384139729243
15384141352869,15384139729243
15384141352869,15384283486927
15384285174244,15384283486927
15384285174244,15384385651868
15384285174244,15384459644503
15384285174244,15384549437810
15384285174244,15384679229013
15384551262160,15384679229013
15384680411879,15384679229013
15384680411879,15384777653136
15384680411879,15384865152570
15384680411879,15384939914387
15384940982328,15384939914387
15384940982328,15385083802467
15384940982328,15385188111410
15385084879842,15385188111410
15385084879842,15385267032789
15385084879842,15385345733383
15385084879842,15385431919628
15385347329055,15385431919628
15385347329055,15385578862957
15385454114186,15385578862957
15385454114186,15385658775991
15385454114186,15385744930823
15385745843351,15385744930823
15385745843351,15385828807202
15385857284842,15385828807202
15385857284842,15385984306326
15385857284842,15386066415866
15386067518806,15386066415866
15386067518806,15386145202111
15386227882609,15386145202111
15386227882609,15386225958909
15386227882609,15386304464304
15386227882609,15386382250656
15386227882609,15386460683957
15386461688128,15386460683957
15386461688128,15386545433635
15386577083154,15386545433635
15386577083154,15386681279494
15386577083154,15386765837104
15386577083154,15386846161629
15386577083154,15386936840880
15386846873291,15386936840880
15387266964517,15386936840880
15387266964517,15387386549755
15387266964517,15387478766890
15387266964517,15387559162386
15387559815657,15387559162386
15387559815657,15387638929286
15387673487917,15387638929286
15387673487917,15387782422227
15387673487917,15387852645719
15387854104874,15387852645719
15387854104874,15387947945434
15388037925550,15387947945434
15388037925550,15388036574999
15388037925550,15388117713110
15388037925550,15388194279000
15388037925550,15388264970806
15388265659879,15388264970806
15388265659879,15388345736991
15388379543458,15388345736991
15388379543458,15388484787236
15388379543458,15388576762962
15388379543458,15388656749420
15388657430106,15388656749420
15388657430106,15388742855886
15388772562721,15388742855886
15388772562721,15388879797370
15388772562721,15388955706017
15389032334269,15388955706017
15389032334269,15389031645495
15389032334269,15389112011283
15389032334269,15389194328790
15389195225366,15389194328790
15389195225366,15389286402500
15389195225366,15389383989302
15389385047947,15389383989302
15389385047947,15389488699217
15389385047947,15389581874027
15389385047947,15389688056402
15389582947539,15389688056402
15389582947539,15389787432729
15389696882909,15389787432729
15389696882909,15389864727185
15389696882909,15389947762395
15389696882909,15390085259256
15389949354829,15390085259256
15389949354829,15390187369257
15390086200216,15390187369257
15390086200216,15390272669126
15390086200216,15390354090025
15390355150124,15390354090025
15390355150124,15390485844471
15390486776088,15390485844471
15390486776088,15390584965009
15390486776088,15390664189290
15390486776088,15390747328193
15390748639313,15390747328193
15390748639313,15390890693238
15390891643899,15390890693238
15390891643899,15390989379344
15390891643899,15391075710735
15390891643899,15391156161888
15391157150895,15391156161888
15391157150895,15391294474810
15391157150895,15391386877153
15391295681340,15391386877153
15391295681340,15391468296747
15391295681340,15391546058845
15391547124222,15391546058845
15391547124222,15391683966915
15391684840182,15391683966915
15391684840182,15391792688001
15391684840182,15391868933945
15391684840182,15391942101308
15391943084230,15391942101308
15391943084230,15392092652009
15392093639006,15392092652009
15392093639006,15392185922195
15392093639006,15392265282023
15392343444826,15392265282023
15392343444826,15392342396204
15392343444826,15392489591076
15392343444826,15392574785107
15392576022792,15392574785107
15392576022792,15392664431958
15392703184835,15392664431958
15392703184835,15392786504752
15392703184835,15392862443111
15392940938638,15392862443111
15392940938638,15392939951495
15392940938638,15393086392871
15393087250887,15393086392871
15393087250887,15393167205592
15393087250887,15393250156218
15393335877576,15393250156218
15393335877576,15393334806023
15393335877576,15393419736300
15393335877576,15393503593165
15393504457002,15393503593165
15393504457002,15393589984005
15393504457002,15393692722471
15393693595457,15393692722471
15393693595457,15393791558702
15393797530042,15393791558702
15393797530042,15393890967677
15393797530042,15393966409814
15393797530042,15394044405785
15394045390142,15394044405785
15394045390142,15394187103182
15394188056267,15394187103182
15394188056267,15394294221068
15394188056267,15394372100024
15394188056267,15394451966363
15394453186082,15394451966363
15394453186082,15394591345689
15394592327457,15394591345689
15394592327457,15394695604640
15394592327457,15394768623956
15394843685464,15394768623956
15394843685464,15394842963857
15394843685464,15394921969990
15394843685464,15395000141130
15395001090592,15395000141130
15395001090592,15395096361151
15395001090592,15395194219702
15395195326912,15395194219702
15395195326912,15395291190578
15395305297036,15395291190578
15395305297036,15395385792124
15395305297036,15395463611603
15395541859736,15395463611603
15395541859736,15395540986367
15395541859736,15395621523438
15395541859736,15395698716261
15395699715497,15395698716261
15395699715497,15395790487103
15395809619318,15395790487103
15395809619318,15395892519245
15395809619318,15395986270451
15395809619318,15396060269999
15396062311840,15396060269999
15396062311840,15396148068447
15396190926860,15396148068447
15396190926860,15396295174114
15396190926860,15396369343760
15396449928488,15396369343760
15396449928488,15396448804459
15396449928488,15396588820381
15396449928488,15396669349423
15396670313828,15396669349423
15396670313828,15396753999690
15396781882452,15396753999690
15396781882452,15396895801067
15396781882452,15396972909539
15396781882452,15397052810608
15397053755436,15397052810608
15397053755436,15397135510189
15397160934049,15397135510189
15397160934049,15397285735707
15397160934049,15397366972340
15397160934049,15397447070388
15397448144187,15397447070388
15397448144187,15397550681987
15397554945081,15397550681987
15397554945081,15397693214973
15397554945081,15397779391198
15397780573100,15397779391198
15397780573100,15397862699419
15397780573100,15397942208375
15397943450121,15397942208375
15397943450121,15398033666843
15397943450121,15398112075746
15398113203239,15398112075746
15398113203239,15398205441225
15398113203239,15398285000048
15398286283412,15398285000048
15398286283412,15398375448791
15398286283412,15398457427234
15398459010948,15398457427234
15398459010948,15398545469673
15398459010948,15398635316347
15398459010948,15398711909248
15398712599456,15398711909248
15398712599456,15398808230183
15398712599456,15398894241302
15398895163394,15398894241302
15398895163394,15398998988957
15398895163394,15399095577995
15399097186967,15399095577995
15399097186967,15399201186659
15399097186967,15399297629850
15399299338397,15399297629850
15399299338397,15399393608233
15399397725671,15399393608233
15399397725671,15399493271054
15399397725671,15399564787916
15399397725671,15399648051313
15399649243173,15399648051313
15399649243173,15399727662631
15399766305208,15399727662631
15399766305208,15399891205214
15399766305208,15399973835523
15399975101802,15399973835523
15399975101802,15400056283469
15400127348865,15400056283469
15400127348865,15400125906961
15400127348865,15400206950882
15400127348865,15400298728692
15400127348865,15400376624198
15400377962317,15400376624198
15400377962317,15400501450993
15400502316247,15400501450993
15400502316247,15400590699037
15400502316247,15400662128402
15400663485809,15400662128402
15400663485809,15400740054792
15400817863974,15400740054792
15400817863974,15400816501927
15400817863974,15400911561164
15400817863974,15400992259543
15400817863974,15401069954624
15401070795612,15401069954624
15401070795612,15401151065278
15401181099130,15401151065278
15401181099130,15401290164944
15401181099130,15401368631413
15401369985833,15401368631413
15401369985833,15401447638904
15401528780526,15401447638904
15401528780526,15401527642502
15401528780526,15401611560136
15401528780526,15401697120496
15401528780526,15401769196399
15401771150678,15401769196399
15401771150678,15401889187219
15401890281968,15401889187219
15401890281968,15401999569072
15401890281968,15402076915001
15402077742139,15402076915001
15402077742139,15402152486002
15402241032059,15402152486002
15402241032059,15402239244759
15402241032059,15402323315338
15402241032059,15402399607957
15402241032059,15402475566175
15402476251539,15402475566175
15402476251539,15402555800658
15402582800687,15402555800658
15402582800687,15402690132183
15402582800687,15402767273681
15402582800687,15402843892843
15402845197073,15402843892843
15402845197073,15402925300856
15402964433169,15402925300856
15402964433169,15403094683939
15402964433169,15403171780655
15402964433169,15403255339450
15403256094429,15403255339450
15403256094429,15403333701569
15403366588228,15403333701569
15403366588228,15403490910540
15403366588228,15403575074398
15403576025361,15403575074398
15403576025361,15403665410279
15403576025361,15403744432669
15403840356010,15403744432669
15403840356010,15403838845750
15403840356010,15403994554864
15403840356010,15404071154912
15404072846465,15404071154912
15404072846465,15404195863129
15404196856946,15404195863129
15404196856946,15404299037560
15404196856946,15404373714386
15404449421189,15404373714386
15404449421189,15404448355807
15404449421189,15404595587928
15404449421189,15404670461493
15404671133637,15404670461493
15404671133637,15404751609121
15404778644921,15404751609121
15404778644921,15404896545734
15404778644921,15404975429435
15404778644921,15405053854156
15405054860410,15405053854156
15405054860410,15405200547167
15405201613279,15405200547167
15405201613279,15405301549449
15405201613279,15405374028124
15405201613279,15405455416660
15405456689487,15405455416660
15405456689487,15405607621709
15405608532433,15405607621709
15405608532433,15405694338730
15405608532433,15405772510772
15405773365665,15405772510772
15405773365665,15405858688835
15405773365665,15405941469918
15405773365665,15406019072431
15406019776846,15406019072431
15406019776846,15406105131267
15406019776846,15406197085119
15406197990193,15406197085119
15406197990193,15406299063512
15406307826978,15406299063512
15406307826978,15406411775910
15406307826978,15406504746908
15406307826978,15406585448469
15406587010054,15406585448469
15406587010054,15406704786061
15406705869038,15406704786061
15406705869038,15406795068523
15406705869038,15406875102714
15406705869038,15406950601141
15406951980460,15406950601141
15406951980460,15407116039844
15407117430463,15407116039844
15407117430463,15407204373619
15407117430463,15407282541146
15407117430463,15407359639459
15407117430463,15407501242510
15407361129943,15407501242510
15407502217902,15407501242510
15407502217902,15407597182433
15407502217902,15407673462359
15407502217902,15407755224657
15407755886619,15407755224657
15407755886619,15407832271807
15407755886619,15408001145851
15407862681334,15408001145851
15407862681334,15408082056589
15408083347742,15408082056589
15408083347742,15408169709958
15408248077562,15408169709958
15408248077562,15408246598449
15408248077562,15408340035497
15408248077562,15408423601168
15408248077562,15408501442753
15408502335159,15408501442753
15408502335159,15408603586087
15408608650302,15408603586087
15408608650302,15408702383617
15408608650302,15408783328909
15408784419710,15408783328909
15408784419710,15408869432864
15408955497116,15408869432864
15408955497116,15408954552689
15408955497116,15409032778506
15408955497116,15409112059705
15408955497116,15409195260900
15409196136638,15409195260900
15409196136638,15409273798810
15409300171384,15409273798810
15409300171384,15409398066980
15409300171384,15409475111781
15409476164051,15409475111781
15409476164051,15409554940622
15409476164051,15409625798769
15409476164051,15409705669796
15409706447440,15409705669796
15409706447440,15409801346352
15409809436109,15409801346352
15409809436109,15409897127835
15409809436109,15409969750212
15409970656840,15409969750212
15409970656840,15410042583750
15409970656840,15410122469320
15409970656840,15410207190172
15410207929733,15410207190172
15410207929733,15410323737449
15410207929733,15410402697544
15410403679435,15410402697544
15410403679435,15410511960063
15410516141613,15410511960063
15410516141613,15410601953936
15410516141613,15410683536984
15410684577125,15410683536984
15410684577125,15410768241006
15410684577125,15410852272241
15410853241491,15410852272241
15410853241491,15410933310771
15410853241491,15411012676605
15410853241491,15411085494337
15411086210561,15411085494337
15411086210561,15411166818599
15411200371588,15411166818599
15411200371588,15411306889781
15411200371588,15411385268519
15411457494086,15411385268519
15411457494086,15411456370793
15411457494086,15411606680054
15411457494086,15411678660520
15411679558134,15411678660520
15411679558134,15411808164185
15411809540286,15411808164185
15411809540286,15411910680112
15411809540286,15411984166440
15411809540286,15412062653335
15412064196034,15412062653335
15412064196034,15412201779385
15412203359594,15412201779385
15412203359594,15412300929708
15412203359594,15412386264677
15412458330569,15412386264677
15412458330569,15412457406209
15412458330569,15412538120112
15412458330569,15412616619621
15412617709151,15412616619621
15412617709151,15412707214405
15412722984082,15412707214405
15412722984082,15412803610965
15412722984082,15412882052835
15412882898203,15412882052835
15412882898203,15412961159854
15413040825403,15412961159854
15413040825403,15413039958701
15413040825403,15413120465858
15413040825403,15413202067575
15413040825403,15413275965067
15413277179131,15413275965067
15413277179131,15413361585920
15413396366155,15413361585920
15413396366155,15413509754031
15413396366155,15413585276470
15413396366155,15413670171966
15413671315770,15413670171966
15413671315770,15413802332636
15413803743833,15413802332636
15413803743833,15413909544944
15413803743833,15413983973800
15414061730256,15413983973800
15414061730256,15414060248701
15414061730256,15414205082244
15414061730256,15414285603337
15414287137142,15414285603337
15414287137142,15414411723684
15414412722541,15414411723684
15414412722541,15414507967862
15414412722541,15414578312829
15414654881109,15414578312829
15414654881109,15414653786704
15414654881109,15414808845661
15414654881109,15414891166327
15414892556143,15414891166327
15414892556143,15415021949696
15415023288460,15415021949696
15415023288460,15415114366440
15415023288460,15415187751441
15415023288460,15415265810467
15415266715978,15415265810467
15415266715978,15415351226054
15415375191087,15415351226054
15415375191087,15415515097989
15415375191087,15415588721310
15415375191087,15415665130211
15415666108900,15415665130211
15415666108900,15415751312597
15415778893321,15415751312597
15415778893321,15415909861263
15415778893321,15415990206160
15415778893321,15416073289800
15416074450676,15416073289800
15416074450676,15416208368897
15416209304964,15416208368897
15416209304964,15416310195299
15416209304964,15416385416225
15416386564278,15416385416225
15416386564278,15416461921858
15416386564278,15416541277930
15416633256575,15416541277930
15416633256575,15416632343959
15416633256575,15416717156287
15416633256575,15416805419366
15416806370681,15416805419366
15416806370681,15416909326112
15416925171928,15416909326112
15416925171928,15417016799907
15416925171928,15417098970501
15416925171928,15417182167942
15417183159184,15417182167942
15417183159184,15417309226486
15417310083877,15417309226486
15417310083877,15417409987547
15417310083877,15417487449918
15417310083877,15417577357648
15417578541066,15417577357648
15417578541066,15417707820384
15417708935984,15417707820384
15417708935984,15417804584403
15417708935984,15417881193270
15417708935984,15417955536896
15417956380911,15417955536896
15417956380911,15418041143968
15418082145828,15418041143968
15418082145828,15418212033564
15418082145828,15418292168053
15418082145828,15418381475085
15418382367450,15418381475085
15418382367450,15418470179390
15418502938105,15418470179390
15418502938105,15418611455425
15418502938105,15418691476821
15418502938105,15418771119842
15418772644868,15418771119842
15418772644868,15418846395594
15418885533354,15418846395594
15418885533354,15419011670120
15418885533354,15419086168716
15419158391416,15419086168716
15419158391416,15419157397190
15419158391416,15419312167850
15419313066124,15419312167850
15419313066124,15419392739240
15419313066124,15419469726501
15419470615070,15419469726501
15419470615070,15419553296656
15419470615070,15419634163010
15419634961142,15419634163010
15419634961142,15419724743407
15419634961142,15419798156679
15419799511517,15419798156679
15419799511517,15419884183299
15419799511517,15419969139385
15419970349081,15419969139385
15419970349081,15420055431899
15420144578817,15420055431899
15420144578817,15420143079265
15420144578817,15420225392536
15420144578817,15420310611106
15420311790870,15420310611106
15420311790870,15420383263179
15420311790870,15420465447002
15420544108232,15420465447002
15420544108232,15420543297871
15420544108232,15420622649582
15420544108232,15420704278016
15420705355711,15420704278016
15420705355711,15420811369846
15420812173140,15420811369846
15420812173140,15420909117937
15420812173140,15420990888105
15420992391523,15420990888105
15420992391523,15421073996704
15420992391523,15421152977880
15421251484884,15421152977880
15421251484884,15421250277719
15421251484884,15421330814538
15421251484884,15421415582740
15421416690189,15421415582740
15421416690189,15421511487877
15421530447738,15421511487877
15421530447738,15421608548982
15421530447738,15421690465675
15421530447738,15421776356625
15421777185944,15421776356625
15421777185944,15421865020195
15421880896959,15421865020195
15421880896959,15422001592361
15421880896959,15422082749375
15422166848288,15422082749375
15422166848288,15422165630530
15422166848288,15422309481061
15422166848288,15422388771426
15422389904879,15422388771426
15422389904879,15422512818663
15422513785422,15422512818663
15422513785422,15422609593475
15422513785422,15422688847202
15422689688925,15422688847202
15422689688925,15422769562946
15422857204783,15422769562946
15422857204783,15422856286259
15422857204783,15422935621175
15422857204783,15423016973878
15422857204783,15423100473289
15423102042201,15423100473289
15423102042201,15423182122187
15423206296345,15423182122187
15423206296345,15423314065363
15423206296345,15423399067734
15423206296345,15423474852974
15423475606413,15423474852974
15423475606413,15423556930569
15423580979950,15423556930569
15423580979950,15423712961021
15423580979950,15423793018889
15423793898818,15423793018889
15423793898818,15423870917670
15423793898818,15423950721239
15423793898818,15424030753334
15424031484014,15424030753334
15424031484014,15424118139848
15424031484014,15424216166159
15424217747286,15424216166159
15424217747286,15424328692280
15424217747286,15424425809303
15424426751949,15424425809303
15424426751949,15424525239749
15424426751949,15424611946426
15424612849788,15424611946426
15424612849788,15424718959336
15424726348370,15424718959336
15424726348370,15424821861620
15424726348370,15424899019744
15424900577852,15424899019744
15425144320506,15424899019744
15425144320506,15425142962251
15425144320506,15425237706132
15425144320506,15425316640362
15425317527373,15425316640362
15425317527373,15425400036190
15425317527373,15425477956696
15425560985320,15425477956696
15425560985320,15425558922448
15425560985320,15425641297568
15425560985320,15425717252218
15425718771593,15425717252218
15425718771593,15425792336072
15425718771593,15425868288744
15425869447976,15425868288744
15425869447976,15425960357543
15425869447976,15426042909661
15425869447976,15426123933474
15426124920276,15426123933474
15426124920276,15426222177807
15426124920276,15426302121317
15426303769494,15426302121317
15426303769494,15426417356335
15426419675472,15426417356335
15426419675472,15426493962074
15426419675472,15426567840103
15426419675472,15426645968222
15426568820518,15426645968222
15426568820518,15426720350773
15426721232705,15426720350773
15426721232705,15426805201761
15426721232705,15426882286341
15426974172461,15426882286341
15426974172461,15426972850148
15426974172461,15427118385358
15427119518842,15427118385358
15427119518842,15427208541741
15427119518842,15427290072028
15427119518842,15427366803690
15427367852947,15427366803690
15427367852947,15427455513400
15427498461955,15427455513400
15427498461955,15427601292214
15427498461955,15427690159487
15427691520793,15427690159487
15427691520793,15427772988464
15427853142661,15427772988464
15427853142661,15427852247007
15427853142661,15427943145248
15427853142661,15428016437961
15427853142661,15428094501122
15428095312585,15428094501122
15428095312585,15428178946564
15428220310681,15428178946564
15428220310681,15428299389512
15428220310681,15428380245420
15428381820673,15428380245420
15428381820673,15428471503814
15428550142109,15428471503814
15428550142109,15428549256817
15428550142109,15428631548192
15428550142109,15428705339187
15428550142109,15428787465429
15428788418843,15428787465429
15428788418843,15428915913720
15428916771361,15428915913720
15428916771361,15428998511588
15428916771361,15429079502264
15429080804917,15429079502264
15429080804917,15429162992862
15429247646451,15429162992862
15429247646451,15429246793555
15429247646451,15429329118073
15429247646451,15429397030068
15429468719582,15429397030068
15429468719582,15429467787933
15429468719582,15429545462852
15429578462773,15429545462852
15429578462773,15429697298305
15429578462773,15429784473684
15429786014117,15429784473684
15429786014117,15429870000218
15429786014117,15429945980211
15429786014117,15430021926147
15430022790540,15430021926147
15430022790540,15430120069188
15430022790540,15430203505225
15430205279595,15430203505225
15430205279595,15430314370254
15430316427249,15430314370254
15430316427249,15430401122447
15430316427249,15430480951097
15430568867809,15430480951097
15430568867809,15430566387383
15430568867809,15430729398202
15430730225919,15430729398202
15430730225919,15430804814172
15430730225919,15430881813390
15430882980106,15430881813390
15430882980106,15430956920173
15431042374642,15430956920173
15431042374642,15431040734539
15431042374642,15431121697451
15431042374642,15431203824869
15431042374642,15431282022489
15431283382334,15431282022489
15431283382334,15431426036741
15431427018061,15431426036741
15431427018061,15431510047121
15431427018061,15431588117250
15431588977323,15431588117250
15431588977323,15431666435551
15431741876565,15431666435551
15431741876565,15431741021268
15431741876565,15431825057615
15431741876565,15431896972051
15431741876565,15431983806725
15431741876565,15432122921506
15431984716262,15432122921506
15431984716262,15432199544903
15432124662795,15432199544903
15432124662795,15432275812011
15432124662795,15432355251009
15432124662795,15432436914840
15432276698511,15432436914840
15432276698511,15432518387450
15432276698511,15432605717349
15432519711494,15432605717349
15432519711494,15432705046180
15432705917009,15432705046180
15432705917009,15432827991400
15432828925828,15432827991400
15432828925828,15432906355375
15432828925828,15432985093531
15432828925828,15433069380727
15433070326056,15433069380727
15433070326056,15433152358426
15433176529605,15433152358426
15433176529605,15433304300725
15433176529605,15433384656829
15433386238378,15433384656829
15433386238378,15433465913558
15433386238378,15433545155220
15433546531354,15433545155220
15433546531354,15433629647563
15433546531354,15433722277741
15433723490963,15433722277741
15433723490963,15433800276675
15433723490963,15433874969772
15433723490963,15433951376411
15433723490963,15434037831101
15433952126604,15434037831101
15433952126604,15434116318423
15433952126604,15434239498470
15434117360474,15434239498470
15434117360474,15434327385027
15434241052248,15434327385027
15434241052248,15434416296076
15434241052248,15434498673295
15434241052248,15434636401872
15434499586532,15434636401872
15434499586532,15434720783345
15434637300776,15434720783345
15434637300776,15434807072416
15434637300776,15434893510370
15434637300776,15435035329764
15434894523399,15435035329764
15434894523399,15435121576548
15435036268179,15435121576548
15435036268179,15435205884036
15435036268179,15435296841580
15435036268179,15435370734570
15435297935330,15435370734570
15435297935330,15435505468493
15435414094056,15435505468493
15435414094056,15435582227745
15435414094056,15435663062026
15435414094056,15435741791007
15435663771340,15435741791007
15435779614481,15435741791007
15435779614481,15435909675549
15435779614481,15435981857458
15435982797359,15435981857458
15435982797359,15436067693585
15435982797359,15436145922833
15435982797359,15436231961439
15436146844830,15436231961439
15436146844830,15436310493085
15436146844830,15436399557398
15436400831545,15436399557398
15436400831545,15436483396238
15436505895008,15436483396238
15436505895008,15436604822443
15436505895008,15436682569421
15436505895008,15436768548148
15436769745220,15436768548148
15436769745220,15436849284350
15436893453364,15436849284350
15436893453364,154