43690017190257,43690336779280
43690017190257,43690696172396
43690017190257,43690824115822
43690017190257,43691214878539
43690017190257,43691323931178
43691493875340,43691323931178
43691493875340,43691718496516
43691493875340,43691721226025
43691493875340,43691924283221
43691493875340,43691896658987
43691493875340,43692167388526
43691493875340,43692398386418
43692600394337,43692398386418
43692600394337,43692768439716
43692600394337,43692800516006
43692600394337,43692957204316
43692600394337,43692981610602
43693126536691,43692981610602
43693126536691,43693273692910
43693126536691,43693268395112
43693126536691,43693454641714
43693126536691,43693505771007
43693126536691,43693799937551
43693126536691,43693952257231
43693126536691,43694317812401
43693126536691,43694401953638
43693126536691,43694722321972
43694724848947,43694722321972
43694724848947,43694879325421
43694724848947,43694991934968
43694724848947,43695154282933
43694724848947,43695414616331
43694724848947,43695757472061
43695821177105,43695757472061
43695821177105,43696041405134
43695821177105,43696029967856
43695821177105,43696221794627
43695821177105,43696223312749
43696355733865,43696223312749
43696355733865,43696533090413
43696355733865,43696520366575
43696355733865,43696748443783
43696355733865,43696727073803
43696355733865,43697036327495
43696355733865,43697277970824
43696355733865,43697528573607
43696355733865,43697705566361
43696355733865,43698021176169
43698045443020,43698021176169
43698045443020,43698295427048
43698045443020,43698273310949
43698045443020,43698438965295
43698045443020,43698803336061
43698045443020,43698888940778
43699062193792,43698888940778
43699062193792,43699302766937
43699062193792,43699289299131
43699062193792,43699484385808
43699062193792,43699495413338
43699062193792,43699727298258
43699062193792,43699978326030
43700155330659,43699978326030
43700155330659,43700334979978
43700155330659,43700433652100
43700155330659,43700523575082
43700155330659,43700593258811
43700800473487,43700593258811
43700800473487,43701005354090
43700800473487,43701041043042
43700800473487,43701199969743
43700800473487,43701180104842
43700800473487,43701644214782
43700800473487,43701669118395
43701922569527,43701669118395
43701922569527,43702124162236
43701922569527,43702109713203
43701922569527,43702316372992
43701922569527,43702301361024
43701922569527,43702673433654
43701922569527,43702783187254
43702927540085,43702783187254
43702927540085,43703035863607
43702927540085,43703036099945
43702927540085,43703219248839
43702927540085,43703254530783
43702927540085,43703710503436
43702927540085,43703773174724
43702927540085,43704222188150
43702927540085,43704358288667
43704538182426,43704358288667
43704538182426,43704699625332
43704538182426,43704694106389
43704538182426,43704851363357
43704538182426,43704875932040
43704538182426,43705336487515
43704538182426,43705437194707
43705652377718,43705437194707
43705652377718,43705850457515
43705652377718,43705850850182
43705652377718,43706013670908
43705652377718,43705991868353
43705652377718,43706351272211
43705652377718,43706882382953
43707003428118,43706882382953
43707003428118,43707195311997
43707003428118,43707220729853
43707003428118,43707368547272
43707003428118,43707493122559
43707003428118,43707839748891
43707003428118,43707980870396
43708154130555,43707980870396
43708154130555,43708302242065
43708154130555,43708298831894
43708154130555,43708474524856
43708154130555,43708487039157
43708741314108,43708487039157
43708741314108,43708913658545
43708741314108,43708933308774
43708741314108,43709059967127
43708741314108,43709095526740
43708741314108,43709404880796
43708741314108,43709617385232
43708741314108,43709934505798
43708741314108,43710018781457
43708741314108,43710402863171
43710151530347,43710402863171
43710151530347,43710441610005
43710151530347,43710541095990
43710151530347,43710605972263
43710151530347,43710861833456
43710151530347,43710978264649
43711183260211,43710978264649
43711183260211,43711393823172
43711183260211,43711393179805
43711183260211,43711562073895
43711183260211,43711576837170
43711723833159,43711576837170
43711723833159,43711935018943
43711723833159,43712026456562
43711723833159,43712205103446
43711723833159,43712169754116
43711723833159,43712366566000
43711723833159,43712581632337
43712754497929,43712581632337
43712754497929,43712960597108
43712754497929,43712959110326
43712754497929,43713153494218
43712754497929,43713148352304
43712754497929,43713483760349
43712754497929,43713539993490
43712754497929,43713906931471
43712754497929,43713983138395
43714112080451,43713983138395
43714112080451,43714297933777
43714112080451,43714270599383
43714112080451,43714474873545
43714112080451,43714437290563
43714112080451,43714870651569
43714112080451,43715014179205
43714112080451,43715315099511
43715145175291,43715315099511
43715145175291,43715383543569
43715145175291,43715461642595
43715145175291,43715601319353
43715145175291,43715923646782
43715145175291,43716076436053
43716227641734,43716076436053
43716227641734,43716429887740
43716227641734,43716388127570
43716227641734,43716605808839
43716227641734,43716563180139
43716227641734,43717031517457
43716227641734,43716963359925
43717217806709,43716963359925
43717217806709,43717416395757
43717217806709,43717547264472
43717217806709,43717513794156
43717217806709,43717656668613
43717217806709,43717905340405
43717217806709,43718111917827
43718219323068,43718111917827
43718219323068,43718443369838
43718219323068,43718445190448
43718219323068,43718630483810
43718219323068,43718628873093
43718219323068,43718933449526
43718219323068,43719027069122
43718219323068,43719339454270
43719342634394,43719339454270
43719342634394,43719527372112
43719342634394,43719522438363
43719342634394,43719657300910
43719342634394,43719881861699
43719342634394,43720014150769
43720157035366,43720014150769
43720157035366,43720305364864
43720157035366,43720353604725
43720157035366,43720477460272
43720157035366,43720489068881
43720157035366,43720779422844
43720157035366,43720952376646
43721202240492,43720952376646
43721202240492,43721506360549
43721202240492,43721542404588
43721202240492,43721681610231
43721202240492,43721684353932
43721794385593,43721684353932
43721794385593,43722044252358
43721794385593,43722051506405
43721794385593,43722215109886
43721794385593,43722217099082
43721794385593,43722541326119
43721794385593,43722637243403
43721794385593,43723051383530
43721794385593,43723224488479
43723362655386,43723224488479
43723362655386,43723520056856
43723362655386,43723609666416
43723362655386,43723651930064
43723362655386,43723767768854
43723362655386,43724043380925
43723362655386,43724176867225
43724427327863,43724176867225
43724427327863,43724705943678
43724427327863,43724709133922
43724427327863,43724858468958
43724427327863,43724825557452
43724926000613,43724825557452
43724926000613,43725160920507
43724926000613,43725142534941
43724926000613,43725365132901
43724926000613,43725305376304
43724926000613,43725728853349
43724926000613,43725878138107
43726092332614,43725878138107
43726092332614,43726254392612
43726092332614,43726293157978
43726092332614,43726420914197
43726092332614,43726439338981
43726092332614,43726741523726
43726092332614,43726904510601
43726092332614,43727391952296
43726092332614,43727454849760
43727647831614,43727454849760
43727647831614,43727881470963
43727647831614,43727925107779
43727647831614,43728023943764
43727647831614,43728176243082
43727647831614,43728421875163
43727647831614,43728589255229
43728775194640,43728589255229
43728775194640,43729010078087
43728775194640,43728931679250
43728775194640,43729170047350
43728775194640,43729123738731
43729320715910,43729123738731
43729320715910,43729553400271
43729320715910,43729581774859
43729320715910,43729741827397
43729320715910,43729753083652
43729320715910,43730135537948
43729320715910,43730301223364
43730455937480,43730301223364
43730455937480,43730646996085
43730455937480,43730716228089
43730455937480,43730652866616
43730455937480,43730728356128
43730455937480,43731394939400
43730455937480,43731635360793
43730455937480,43731949356938
43730455937480,43732152246846
43732331372174,43732152246846
43732331372174,43732474983205
43732331372174,43732597801478
43732331372174,43732714458346
43732331372174,43732777942738
43732945166266,43732777942738
43732945166266,43733197243009
43732945166266,43733246245066
43732945166266,43733329560447
43732945166266,43733395271167
43732945166266,43733696103665
43732945166266,43733808083235
43732945166266,43734205073831
43732945166266,43734316619864
43734534900999,43734316619864
43734534900999,43734682290108
43734534900999,43734687297458
43734534900999,43734858716228
43734534900999,43734913702492
43735092396031,43734913702492
43735092396031,43735346999819
43735092396031,43735317880945
43735092396031,43735453274478
43735092396031,43735505534774
43735092396031,43735862346557
43735092396031,43735946106778
43735092396031,43736326514211
43735092396031,43736531373175
43736689683551,43736531373175
43736689683551,43736916127122
43736689683551,43736959225152
43736689683551,43737063564935
43736689683551,43737091512234
43736689683551,43737417824371
43736689683551,43737550275542
43737722065643,43737550275542
43737722065643,43737896708556
43737722065643,43737899937081
43737722065643,43738093814576
43737722065643,43738109455683
43737722065643,43738396020479
43737722065643,43738535103087
43737722065643,43738867884544
43738763942671,43738867884544
43738763942671,43738923174512
43738763942671,43739108802318
43738763942671,43739148336389
43738763942671,43739480799200
43738763942671,43739722538992
43738763942671,43740029950829
43739886323168,43740029950829
43739886323168,43740081993097
43739886323168,43740170920571
43739886323168,43740297562016
43739886323168,43740633886292
43739886323168,43740781618563
43739886323168,43741071895573
43739886323168,43741081677869
43740944415952,43741081677869
43740944415952,43741274421386
43740944415952,43741304415600
43740944415952,43741758471084
43740944415952,43741732385180
43740944415952,43742163506155
43742019768724,43742163506155
43742019768724,43742232698859
43742019768724,43742275386006
43742019768724,43742419228702
43742019768724,43742639680500
43742019768724,43742757334320
43742854829429,43742757334320
43742854829429,43743089241297
43742854829429,43743087536717
43742854829429,43743239381838
43742854829429,43743229666867
43743339273806,43743229666867
43743339273806,43743553853960
43743339273806,43743576419257
43743339273806,43743701296770
43743339273806,43743725779643
43743339273806,43744024323223
43743339273806,43744184828683
43744385865919,43744184828683
43744385865919,43744500232586
43744385865919,43744673733747
43744385865919,43744727252892
43744385865919,43744831378478
43744385865919,43745251859052
43744385865919,43745227220736
43744385865919,43745686387835
43744385865919,43745819701841
43744385865919,43746100590920
43745939171126,43746100590920
43745939171126,43746100817200
43745939171126,43746267977623
43745939171126,43746345614342
43745939171126,43746630854416
43745939171126,43747044270032
43745939171126,43747510802604
43745939171126,43747480994454
43747353116793,43747480994454
43747353116793,43747646273490
43747353116793,43747747843145
43747956827052,43747747843145
43747956827052,43748211741210
43747956827052,43748209312115
43747956827052,43748345309348
43747956827052,43748352533190
43747956827052,43748659378797
43747956827052,43748749671283
43747956827052,43749310761660
43747956827052,43749390516615
43749633961194,43749390516615
43749633961194,43749898248154
43749633961194,43749915758751
43749633961194,43750039033624
43749633961194,43750045457903
43750179127600,43750045457903
43750179127600,43750357125345
43750179127600,43750347601193
43750179127600,43750525120834
43750179127600,43750503440758
43750179127600,43750892406889
43750179127600,43751145674113
43750179127600,43751625757193
43750179127600,43751664639786
43751877312033,43751664639786
43751877312033,43752118039204
43751877312033,43752100279537
43751877312033,43752311322504
43751877312033,43752269244827
43751877312033,43752532265132
43752404426164,43752532265132
43752404426164,43752559934120
43752404426164,43752732898966
43752404426164,43752794287172
43752404426164,43753191709975
43752404426164,43753248375064
43752404426164,43753728144503
43752404426164,43753905785369
43754062475083,43753905785369
43754062475083,43754311278938
43754062475083,43754330415806
43754062475083,43754538175469
43754062475083,43754502057451
43754678459220,43754502057451
43754678459220,43754914244151
43754678459220,43754924785844
43754678459220,43755110797251
43754678459220,43755117173676
43754678459220,43755399355166
43754678459220,43755503710497
43754678459220,43755944674192
43754678459220,43756026761045
43756286883619,43756026761045
43756286883619,43756449675089
43756286883619,43756579778239
43756286883619,43756726604145
43756286883619,43756716391284
43756286883619,43757130025866
43756286883619,43757226547160
43757397883066,43757226547160
43757397883066,43757660537443
43757397883066,43757678890125
43757397883066,43757816352931
43757397883066,43757840440609
43757924248503,43757840440609
43757924248503,43758133399716
43757924248503,43758189520935
43757924248503,43758311214901
43757924248503,43758342349066
43757924248503,43758631581796
43757924248503,43758743161864
43757924248503,43759145304293
43757924248503,43759246555532
43759456483183,43759246555532
43759456483183,43759617287572
43759456483183,43759608823078
43759456483183,43759806095608
43759456483183,43759853134150
43759456483183,43760243487694
43759456483183,43760394324452
43760554091300,43760394324452
43760554091300,43760743945640
43760554091300,43760736893056
43760554091300,43760956176319
43760554091300,43760967888434
43760554091300,43761371161252
43760554091300,43761540464001
43761681937656,43761540464001
43761681937656,43761825263353
43761681937656,43761985725583
43761681937656,43761975379299
43761681937656,43762131950947
43761681937656,43762356463023
43761681937656,43762604267630
43762748165901,43762604267630
43762748165901,43762929057754
43762748165901,43762908337139
43762748165901,43763069995369
43762748165901,43763100504767
43762748165901,43763425942342
43762748165901,43763635016997
43762748165901,43763894830708
43763744702201,43763894830708
43763744702201,43763941602530
43763744702201,43764079056881
43763744702201,43764045329330
43763744702201,43764339720538
43763744702201,43764531946645
43764672367265,43764531946645
43764672367265,43764900440172
43764672367265,43764912485639
43764672367265,43765084930744
43764672367265,43765035233988
43764672367265,43765479876262
43764672367265,43765581927407
43764672367265,43765876185865
43765716403655,43765876185865
43765716403655,43765934477764
43765716403655,43766051360577
43765716403655,43766098798668
43766249520268,43766098798668
43766249520268,43766492300210
43766249520268,43766473483441
43766249520268,43766645428666
43766249520268,43766627933585
43766249520268,43767110793189
43766249520268,43767044242662
43766249520268,43767617166874
43766249520268,43767724478515
43767833172536,43767724478515
43767833172536,43767940179418
43767833172536,43768068768963
43767833172536,43768040265500
43767833172536,43768207293327
43767833172536,43768539258620
43767833172536,43768649815312
43768869400108,43768649815312
43768869400108,43769044221632
43768869400108,43769057973927
43768869400108,43769206819302
43768869400108,43769263664722
43768869400108,43769567448101
43768869400108,43769796237785
43769936652828,43769796237785
43769936652828,43770082920991
43769936652828,43770116648698
43769936652828,43770244217079
43769936652828,43770357373078
43769936652828,43770714599113
43769936652828,43770913173130
43771395436995,43770913173130
43771395436995,43771567852383
43771395436995,43771552784627
43771395436995,43771749331303
43771395436995,43771750800238
43771938031472,43771750800238
43771938031472,43772075831455
43771938031472,43772209309014
43771938031472,43772236521765
43771938031472,43772396728057
43771938031472,43772652297384
43771938031472,43772829347360
43771938031472,43773181947145
43771938031472,43773438611161
43773619647637,43773438611161
43773619647637,43773798235044
43773619647637,43773773946392
43773619647637,43773998513062
43773619647637,43773975954993
43773619647637,43774300657670
43773619647637,43774514808291
43774685147413,43774514808291
43774685147413,43774988736134
43774685147413,43774964302286
43774685147413,43775097681063
43774685147413,43775150695379
43774685147413,43775412650722
43774685147413,43775642446046
43775799923976,43775642446046
43775799923976,43776013861166
43775799923976,43775977327283
43775799923976,43776198304683
43775799923976,43776178224582
43775799923976,43776524949167
43775799923976,43776633554183
43776861191513,43776633554183
43776861191513,43776995743197
43776861191513,43777077430735
43776861191513,43777169184401
43776861191513,43777249912229
43776861191513,43777638242769
43776861191513,43777719314424
43777995196024,43777719314424
43777995196024,43778109364699
43777995196024,43778268321596
43777995196024,43778318052638
43777995196024,43778460536126
43778638116031,43778460536126
43778638116031,43778862875171
43778638116031,43778819585551
43778638116031,43779024837702
43778638116031,43778987351363
43778638116031,43779334134003
43778638116031,43779542659468
43778638116031,43779855110407
43779698071014,43779855110407
43779698071014,43779966378741
43779698071014,43780017210715
43779698071014,43780139237111
43779698071014,43780460568016
43779698071014,43780541490209
43779698071014,43780974224586
43779698071014,43781048321567
43781230139425,43781048321567
43781230139425,43781468335485
43781230139425,43781472967189
43781230139425,43781683814339
43781230139425,43781697400929
43781230139425,43782044950909
43781230139425,43782263226050
43782451779410,43782263226050
43782451779410,43782600732216
43782451779410,43782659356513
43782451779410,43782698698115
43782451779410,43782863387170
43783082706211,43782863387170
43783082706211,43783277680151
43783082706211,43783270892482
43783082706211,43783373595429
43783082706211,43783398518907
43783082706211,43784149434932
43783082706211,43784227087029
43783082706211,43784696838476
43783082706211,43784767912099
43784954330432,43784767912099
43784954330432,43785126782524
43784954330432,43785155630269
43784954330432,43785269336810
43784954330432,43785297953490
43784954330432,43785595291462
43784954330432,43785728773542
43785890750526,43785728773542
43785890750526,43786098569786
43785890750526,43786088168475
43785890750526,43786262783760
43785890750526,43786255965053
43786388068034,43786255965053
43786388068034,43786528336970
43786388068034,43786673299492
43786388068034,43786625485968
43786388068034,43786790292311
43786388068034,43787199609253
43786388068034,43787256856808
43786388068034,43787699515158
43786388068034,43787853015644
43788023233124,43787853015644
43788023233124,43788241755830
43788023233124,43788264229870
43788023233124,43788428313086
43788023233124,43788434799519
43788023233124,43788804042584
43788023233124,43788967264129
43788023233124,43789231017666
43789092328781,43789231017666
43789092328781,43789273928533
43789092328781,43789392571956
43789092328781,43789466105497
43789092328781,43789893509068
43789092328781,43790058222720
43790204243947,43790058222720
43790204243947,43790339440624
43790204243947,43790366535359
43790204243947,43790506212200
43790204243947,43790567444278
43790674831430,43790567444278
43790674831430,43790853434230
43790674831430,43791019524385
43790674831430,43790953178149
43790674831430,43791099127027
43790674831430,43791400395245
43790674831430,43791604951873
43790674831430,43791924384432
43790674831430,43792105722056
43792248813005,43792105722056
43792248813005,43792406489587
43792248813005,43792502760816
43792248813005,43792557139575
43792248813005,43792671147409
43792796696982,43792671147409
43792796696982,43793020715087
43792796696982,43793036336965
43792796696982,43793182465917
43792796696982,43793190573821
43792796696982,43793497054589
43792796696982,43793688742533
43792796696982,43794085163357
43792796696982,43794334359958
43794485669716,43794334359958
43794485669716,43794734754022
43794485669716,43794758255474
43794485669716,43794900147980
43794485669716,43794937927635
43794485669716,43795309760851
43794485669716,43795396053459
43794485669716,43795812747853
43795669800903,43795812747853
43795669800903,43795964441327
43795669800903,43795996704881
43795669800903,43796102698685
43795669800903,43796480566270
43795669800903,43796628050689
43796777857784,43796628050689
43796777857784,43796971205834
43796777857784,43797153980160
43796777857784,43797117762860
43796777857784,43797283086564
43797297944006,43797283086564
43797297944006,43797557566247
43797297944006,43797575108816
43797297944006,43797737512281
43797297944006,43797730755818
43797297944006,43797983622127
43797297944006,43798121346542
43797297944006,43798519428516
43797297944006,43798686369734
43798887687643,43798686369734
43798887687643,43798985529438
43798887687643,43799185716161
43798887687643,43799188363873
43798887687643,43799367360720
43798887687643,43799638849020
43798887687643,43799740902717
43798887687643,43800062914521
43798887687643,43800084275747
43799925366144,43800084275747
43799925366144,43800196752521
43799925366144,43800331180564
43799925366144,43800822269041
43799925366144,43800844385348
43801082412114,43800844385348
43801082412114,43801197558261
43801082412114,43801365149649
43801082412114,43801322498796
43801082412114,43801480912934
43801584589823,43801480912934
43801584589823,43801751064062
43801584589823,43801780343595
43801584589823,43801925212774
43801584589823,43801948243977
43801584589823,43802319124511
43801584589823,43802595883458
43801584589823,43802814240184
43801584589823,43803103247015
43801584589823,43803341253098
43803343914104,43803341253098
43803343914104,43803501377205
43803343914104,43803599840893
43803343914104,43803741795347
43803343914104,43803923570740
43803343914104,43804069592965
43804271633027,43804069592965
43804271633027,43804463917957
43804271633027,43804442977587
43804271633027,43804613440263
43804271633027,43804612261492
43804271633027,43804957257410
43804271633027,43805213073160
43805217815513,43805213073160
43805217815513,43805368066184
43805217815513,43805472540264
43805217815513,43805517215791
43805217815513,43805582577693
43805669991837,43805582577693
43805669991837,43805889070264
43805669991837,43805894462577
43805669991837,43806027528334
43805669991837,43806046300641
43805669991837,43806405653897
43805669991837,43806457626815
43805669991837,43807065451184
43805669991837,43807353414282
43807475056251,43807353414282
43807475056251,43807643448775
43807475056251,43807657701584
43807475056251,43807838526540
43807475056251,43807853095441
43808042177709,43807853095441
43808042177709,43808320575675
43808042177709,43808332383649
43808042177709,43808535126734
43808042177709,43808534688253
43808042177709,43808772364262
43808042177709,43808898314437
43809079362724,43808898314437
43809079362724,43809229976036
43809079362724,43809300708601
43809079362724,43809462794193
43809079362724,43809449648757
43809079362724,43809928219024
43809079362724,43810026382898
43809079362724,43810350240057
43809079362724,43810597987881
43810696067621,43810597987881
43810696067621,43810836324704
43810696067621,43810832630042
43810696067621,43811072498065
43810696067621,43811033315269
43810696067621,43811376749723
43810696067621,43811618108190
43811739087345,43811618108190
43811739087345,43811893300511
43811739087345,43811959386031
43811739087345,43812013186013
43811739087345,43812169432741
43811739087345,43812405637729
43811739087345,43812606358798
43812819992342,43812606358798
43812819992342,43812956165099
43812819992342,43812965348197
43812819992342,43813071919589
43812819992342,43813118612811
43812819992342,43813477969629
43812819992342,43813687230041
43813815770941,43813687230041
43813815770941,43813955368908
43813815770941,43813963537765
43813815770941,43814095239648
43813815770941,43814094748558
43813815770941,43814442530242
43813815770941,43814572735710
43814703985828,43814572735710
43814703985828,43814916471739
43814703985828,43814930215690
43814703985828,43815082206658
43814703985828,43815093983025
43815214140203,43815093983025
43815214140203,43815438127668
43815214140203,43815432247683
43815214140203,43815625086356
43815214140203,43815623395205
43815214140203,43815965463987
43815214140203,43816150142986
43816303474124,43816150142986
43816303474124,43816565305952
43816303474124,43816616306640
43816303474124,43816712633225
43816303474124,43816767053743
43816303474124,43817058446132
43816303474124,43817226712555
43817384984452,43817226712555
43817384984452,43817660816262
43817384984452,43817694421044
43817384984452,43817824756619
43817384984452,43817843352970
43817384984452,43818145523170
43817384984452,43818230332022
43818445390079,43818230332022
43818445390079,43818641342538
43818445390079,43818651483347
43818445390079,43818824796765
43818445390079,43818826148748
43818445390079,43819242463268
43818445390079,43819327530737
43818445390079,43819907195479
43818445390079,43819954630372
43820150869706,43819954630372
43820150869706,43820275524367
43820150869706,43820329421406
43820150869706,43820434056234
43820150869706,43820566294070
43820762084427,43820566294070
43820762084427,43820986549196
43820762084427,43821008263416
43820762084427,43821136104955
43820762084427,43821145981705
43820762084427,43821422654186
43820762084427,43821646803732
43820762084427,43822064216676
43820762084427,43822205038975
43822388244365,43822205038975
43822388244365,43822623049380
43822388244365,43822632301927
43822388244365,43822821884718
43822388244365,43822822116920
43822388244365,43823214064936
43822388244365,43823296724838
43823511834652,43823296724838
43823511834652,43823641666166
43823511834652,43823646169980
43823511834652,43823800490450
43823511834652,43823852998550
43823511834652,43824325983039
43823511834652,43824438757840
43824616820074,43824438757840
43824616820074,43824801964612
43824616820074,43824775239438
43824616820074,43824947120523
43824616820074,43824958140468
43824616820074,43825361886945
43824616820074,43825440352910
43825647961891,43825440352910
43825647961891,43825876266130
43825647961891,43825876170981
43825647961891,43826035549731
43825647961891,43826114658680
43825647961891,43826378161002
43825647961891,43826574922211
43826737669729,43826574922211
43826737669729,43826887470897
43826737669729,43826889706244
43826737669729,43827027806171
43826737669729,43827163257416
43826737669729,43827452600748
43826737669729,43827648929924
43827820696277,43827648929924
43827820696277,43827960707772
43827820696277,43827975987022
43827820696277,43828141947393
43827820696277,43828269680521
43827820696277,43828601137963
43827820696277,43828719115884
43827820696277,43829037933777
43828867691781,43829037933777
43828867691781,43829068332333
43828867691781,43829175971645
43828867691781,43829224367619
43828867691781,43829483789538
43828867691781,43829698443630
43829735160431,43829698443630
43829735160431,43829931625671
43829735160431,43829952391491
43829735160431,43830053792251
43829735160431,43830077665689
43829735160431,43830417283372
43829735160431,43830541419430
43830763364639,43830541419430
43830763364639,43830959093262
43830763364639,43831005733846
43830763364639,43831146216092
43830763364639,43831178980524
43830763364639,43831634438029
43830763364639,43831714700551
43830763364639,43832069552071
43830763364639,43832224028506
43831929620808,43832224028506
43831929620808,43832430458589
43831929620808,43832629025701
43831929620808,43832802307880
43831929620808,43832871127820
43832873266707,43832871127820
43832873266707,43833074544525
43832873266707,43833084579326
43832873266707,43833259808506
43832873266707,43833340244011
43832873266707,43833740487182
43832873266707,43833831124623
43834024273740,43833831124623
43834024273740,43834264697735
43834024273740,43834300190935
43834024273740,43834457474662
43834024273740,43834464160331
43834024273740,43834885202134
43834024273740,43834958614130
43835116715812,43834958614130
43835116715812,43835354073280
43835116715812,43835380588410
43835116715812,43835588530624
43835116715812,43835611813209
43835116715812,43835943947149
43835776371297,43835943947149
43835776371297,43835960126632
43835776371297,43836170063509
43835776371297,43836164924305
43835776371297,43836578987395
43835776371297,43836662662564
43835776371297,43837058878423
43835776371297,43837237273527
43837440427693,43837237273527
43837440427693,43837667697750
43837440427693,43837680627306
43837440427693,43837845291874
43837440427693,43837830279274
43837440427693,43838144615632
43837440427693,43838354655346
43837440427693,43838632326757
43838506613073,43838632326757
43838506613073,43838645992817
43838506613073,43838795966428
43838506613073,43838962741263
43838506613073,43839353814750
43838506613073,43839469259190
43838506613073,43839901788428
43839907357921,43839901788428
43839907357921,43840083064180
43839907357921,43840128255519
43839907357921,43840217214551
43839907357921,43840494066903
43839907357921,43840589454124
43840771716892,43840589454124
43840771716892,43841081514035
43840771716892,43841033518976
43840771716892,43841177896896
43840771716892,43841215182648
43841341252343,43841215182648
43841341252343,43841602775119
43841341252343,43841524243782
43841341252343,43841683782657
43841341252343,43841733540184
43841341252343,43842053591994
43841341252343,43842291185182
43841341252343,43842565285155
43841341252343,43842706739602
43842907389568,43842706739602
43842907389568,43843080427463
43842907389568,43843071789113
43842907389568,43843225959657
43842907389568,43843271861427
43842907389568,43843714817114
43842907389568,43843854798929
43844019482264,43843854798929
43844019482264,43844181163480
43844019482264,43844163581520
43844019482264,43844302814216
43844019482264,43844385662945
43844577923688,43844385662945
43844577923688,43844795860242
43844577923688,43844786078198
43844577923688,43844918288900
43844577923688,43844911139329
43844577923688,43845272243414
43844577923688,43845574345991
43844577923688,43845807673688
43844577923688,43845925478436
43846057839624,43845925478436
43846057839624,43846301556293
43846057839624,43846249318849
43846057839624,43846404026683
43846057839624,43846371489836
43846057839624,43846787243180
43846057839624,43846895461006
43847075671560,43846895461006
43847075671560,43847305794801
43847075671560,43847305916267
43847075671560,43847485648152
43847075671560,43847466268269
43847075671560,43847818877219
43847075671560,43848017338425
43848131915892,43848017338425
43848131915892,43848316929284
43848131915892,43848303953932
43848131915892,43848535193198
43848131915892,43848460122326
43848131915892,43848817833053
43848131915892,43848997668976
43848131915892,43849291894747
43848131915892,43849431624245
43849295519094,43849431624245
43849295519094,43849852900726
43849295519094,43849992944342
43849295519094,43850345739652
43849295519094,43850436024850
43850614483113,43850436024850
43850614483113,43850900247151
43850614483113,43850921450809
43850614483113,43851056982031
43850614483113,43851089167079
43850614483113,43851460993867
43850614483113,43851597378648
43851782754097,43851597378648
43851782754097,43852049931504
43851782754097,43852038138069
43851782754097,43852216260909
43851782754097,43852218963491
43851782754097,43852428607373
43851782754097,43852511383596
43852676788403,43852511383596
43852676788403,43852852850489
43852676788403,43852817423943
43852676788403,43853015900563
43852676788403,43852994245487
43852676788403,43853433578300
43852676788403,43853554766326
43853700167525,43853554766326
43853700167525,43853960576786
43853700167525,43853990085006
43853700167525,43854098983264
43853700167525,43854108090882
43853700167525,43854538146024
43853700167525,43854759664920
43854840883964,43854759664920
43854840883964,43855060361424
43854840883964,43855068071865
43854840883964,43855208712570
43854840883964,43855245924610
43855429648605,43855245924610
43855429648605,43855702765321
43855429648605,43855701895933
43855429648605,43855892143241
43855429648605,43855861047275
43855429648605,43856059248584
43855429648605,43856295300478
43855429648605,43856543163259
43855429648605,43856646724097
43856815110326,43856646724097
43856815110326,43857057417682
43856815110326,43857099001385
43856815110326,43857230569768
43856815110326,43857230945104
43857428321143,43857230945104
43857428321143,43857744484161
43857428321143,43857735415869
43857428321143,43857890531208
43857428321143,43857890465799
43857428321143,43858210075040
43857428321143,43858408208700
43857428321143,43858722104823
43857428321143,43858789116844
43859001389886,43858789116844
43859001389886,43859228275291
43859001389886,43859243744471
43859001389886,43859402279944
43859001389886,43859423095526
43859001389886,43859822814801
43859001389886,43859924372054
43860136501661,43859924372054
43860136501661,43860307813334
43860136501661,43860322481114
43860136501661,43860497774499
43860136501661,43860526627643
43860136501661,43860956213084
43860136501661,43861145413852
43861233851014,43861145413852
43861233851014,43861462097437
43861233851014,43861454789403
43861233851014,43861619762194
43861233851014,43861667729137
43861233851014,43861912434407
43861233851014,43862124820269
43862307141177,43862124820269
43862307141177,43862492406416
43862307141177,43862572855747
43862307141177,43862632815804
43862307141177,43862719074734
43862835798710,43862719074734
43862835798710,43863000615583
43862835798710,43863053311348
43862835798710,43863137606915
43862835798710,43863235412284
43862835798710,43863513103035
43862835798710,43863682370490
43862835798710,43864018135235
43862835798710,43864178265270
43862835798710,43864509239242
43864369111193,43864509239242
43864369111193,43864653272746
43864369111193,43864692305368
43864369111193,43864805165230
43864369111193,43865093169653
43864369111193,43865275224824
43865507191840,43865275224824
43865507191840,43865786164711
43865507191840,43865807786702
43865507191840,43866336846587
43865507191840,43866357245717
43865507191840,43866638619076
43865507191840,43866599688787
43866850837216,43866599688787
43866850837216,43867058724737
43866850837216,43866999152347
43866850837216,43867163820418
43866850837216,43867204123932
43866850837216,43867598618672
43866850837216,43867732501247
43867944755384,43867732501247
43867944755384,43868177675819
43867944755384,43868188647932
43867944755384,43868377284201
43867944755384,43868380390699
43867944755384,43868770821522
43867944755384,43868929912065
43869061238374,43868929912065
43869061238374,43869327118468
43869061238374,43869289124512
43869061238374,43869465891950
43869061238374,43869542009404
43869061238374,43869798720768
43869061238374,43870028465181
43870167037741,43870028465181
43870167037741,43870290214031
43870167037741,43870300741793
43870167037741,43870468763700
43870167037741,43870556805098
43870167037741,43870979667797
43870777366176,43870979667797
43870777366176,43870956256092
43870777366176,43871154621753
43870777366176,43871161592413
43870777366176,43871427675665
43870777366176,43871663837159
43870777366176,43872110962688
43870777366176,43872260964506
43872426279243,43872260964506
43872426279243,43872581685316
43872426279243,43872593697925
43872426279243,43872779663589
43872426279243,43872768998491
43872963155040,43872768998491
43872963155040,43873115726416
43872963155040,43873200081426
43872963155040,43873324555181
43872963155040,43873345826483
43872963155040,43873688708329
43872963155040,43873827573871
43872963155040,43874205596507
43872963155040,43874322205439
43874540896935,43874322205439
43874540896935,43874677859582
43874540896935,43874808850911
43874540896935,43874848266107
43874540896935,43874952415868
43874540896935,43875297467864
43874540896935,43875426700494
43875693994639,43875426700494
43875693994639,43875838742334
43875693994639,43875949532458
43875693994639,43876104851335
43875693994639,43876117031573
43876272477263,43876117031573
43876272477263,43876462407487
43876272477263,43876428162836
43876272477263,43876578109218
43876272477263,43876633276337
43876272477263,43876979420437
43876272477263,43877152081886
43876272477263,43877497092203
43876272477263,43877767384969
43877944379923,43877767384969
43877944379923,43878177761457
43877944379923,43878190659814
43877944379923,43878367091306
43877944379923,43878366826931
43877944379923,43878741528420
43877944379923,43878839383263
43879047670454,43878839383263
43879047670454,43879291359996
43879047670454,43879283659175
43879047670454,43879424562347
43879047670454,43879447327186
43879047670454,43879842425409
43879047670454,43879952942678
43880088528611,43879952942678
43880088528611,43880242033902
43880088528611,43880277589105
43880088528611,43880460100431
43880088528611,43880453347662
43880613869324,43880453347662
43880613869324,43880783494137
43880613869324,43880847363237
43880613869324,43880953523351
43880613869324,43881066546949
43880613869324,43881341274455
43880613869324,43881436625404
43880613869324,43881752694980
43880613869324,43881811641627
43882017899432,43881811641627
43882017899432,43882255908306
43882017899432,43882269928649
43882017899432,43882399265313
43882017899432,43882455506633
43882017899432,43882852212392
43882017899432,43882952932913
43883103708819,43882952932913
43883103708819,43883361393297
43883103708819,43883285014786
43883103708819,43883417203578
43883103708819,43883510842274
43883103708819,43883769556661
43883103708819,43883891844766
43884048659716,43883891844766
43884048659716,43884258864693
43884048659716,43884290211739
43884048659716,43884433397636
43884048659716,43884477771657
43884048659716,43884753025379
43884048659716,43884875483850
43885097973113,43884875483850
43885097973113,43885256683546
43885097973113,43885426888027
43885097973113,43885433560877
43885097973113,43885559274098
43885647800513,43885559274098
43885647800513,43885834414466
43885647800513,43885946411706
43885647800513,43886100890343
43885647800513,43886032279887
43885647800513,43886486750080
43885647800513,43886578551223
43887103784455,43886578551223
43887103784455,43887328923101
43887103784455,43887342129315
43887103784455,43887484426138
43887103784455,43887503439012
43887103784455,43887900847652
43887103784455,43888008140889
43887103784455,43888360752370
43887103784455,43888580552551
43888720252746,43888580552551
43888720252746,43888873439300
43888720252746,43888867317511
43888720252746,43889021329470
43888720252746,43889073528454
43888720252746,43889496281806
43888720252746,43889618242732
43889774549939,43889618242732
43889774549939,43890005123250
43889774549939,43890005192072
43889774549939,43890194246029
43889774549939,43890205479389
43889774549939,43890492555887
43889774549939,43890656969819
43890757503552,43890656969819
43890757503552,43890926504457
43890757503552,43890911386596
43890757503552,43891057726275
43890757503552,43891071902427
43890757503552,43891410521448
43890757503552,43891529704727
43891662065059,43891529704727
43891662065059,43891884181553
43891662065059,43891913074174
43891662065059,43892039263878
43891662065059,43892088347326
43891662065059,43892361468978
43891662065059,43892532463583
43892365445343,43892532463583
43892365445343,43892568987110
43892365445343,43892739942423
43892365445343,43892957839497
43892365445343,43893055365687
43893273325709,43893055365687
43893273325709,43893384604333
43893273325709,43893433031648
43893273325709,43893630706253
43893273325709,43893656788354
43893273325709,43893922312480
43893273325709,43894176082676
43893273325709,43894552871831
43893273325709,43894672135679
43893273325709,43894944086511
43894947964526,43894944086511
43894947964526,43895179030180
43894947964526,43895195628778
43894947964526,43895341770450
43894947964526,43895514300999
43894947964526,43895803421385
43894947964526,43896032687372
43896035031087,43896032687372
43896035031087,43896197163241
43896035031087,43896224786160
43896035031087,43896395324392
43896035031087,43896526623427
43896035031087,43896563471520
43896398892576,43896563471520
43896398892576,43896653640271
43896398892576,43896694581252
43896398892576,43896988455822
43896398892576,43897166290311
43897327110332,43897166290311
43897327110332,43897500361794
43897327110332,43897581329969
43897327110332,43897646277164
43897327110332,43897731193202
43897327110332,43898097539361
43897327110332,43898201558387
43898297108366,43898201558387
43898297108366,43898500288184
43898297108366,43898488983721
43898297108366,43898651205284
43898297108366,43898685506991
43898297108366,43899215301334
43898297108366,43899176536460
43898297108366,43899606634960
43898297108366,43899730696043
43899911986411,43899730696043
43899911986411,43900099094781
43899911986411,43900109321773
43899911986411,43900320543640
43899911986411,43900373896146
43899911986411,43900752911584
43899911986411,43900876521383
43901046930842,43900876521383
43901046930842,43901348309969
43901046930842,43901361249410
43901046930842,43901541084495
43901046930842,43901532536870
43901046930842,43901830794789
43901046930842,43902077819587
43902129249518,43902077819587
43902129249518,43902296486475
43902129249518,43902293695831
43902129249518,43902475019484
43902129249518,43902530350603
43902129249518,43902924045559
43902129249518,43903095667254
43903199918400,43903095667254
43903199918400,43903445024090
43903199918400,43903444606319
43903199918400,43903642666712
43903199918400,43903635783776
43903673376898,43903635783776
43903673376898,43903829942649
43903673376898,43903830915299
43903673376898,43903949936096
43903673376898,43903994780559
43903673376898,43904321131768
43903673376898,43904430077255
43904572749752,43904430077255
43904572749752,43904759174004
43904572749752,43904762146580
43904572749752,43904943106048
43904572749752,43904909854292
43904572749752,43905231018320
43904572749752,43905431616790
43904572749752,43905856145514
43904572749752,43906006283469
43906194196201,43906006283469
43906194196201,43906355318100
43906194196201,43906347506689
43906194196201,43906503426691
43906194196201,43906636001780
43906758409361,43906636001780
43906758409361,43906934266797
43906758409361,43906997568836
43906758409361,43907115226312
43906758409361,43907144297159
43906758409361,43907675581889
43906758409361,43907634441736
43906758409361,43908175579660
43906758409361,43908122965186
43908403936142,43908122965186
43908403936142,43908518764230
43908403936142,43908527786942
43908403936142,43908786764398
43908403936142,43908776872625
43908403936142,43909146039620
43908403936142,43909395350439
43909593876620,43909395350439
43909593876620,43909791582265
43909593876620,43909801527114
43909593876620,43909961609372
43909593876620,43909964603311
43909593876620,43910332820359
43909593876620,43910487606335
43910728918430,43910487606335
43910728918430,43910867153196
43910728918430,43910867608321
43910728918430,43911052363238
43910728918430,43911094560341
43910728918430,43911474192755
43910728918430,43911711022085
43911876464986,43911711022085
43911876464986,43912106414714
43911876464986,43912148371603
43911876464986,43912305559047
43911876464986,43912248246818
43911876464986,43912606897705
43911876464986,43912688486216
43912926773307,43912688486216
43912926773307,43913122480940
43912926773307,43913114044280
43912926773307,43913286540549
43912926773307,43913338334759
43913488274883,43913338334759
43913488274883,43913677093625
43913488274883,43913702629714
43913488274883,43913838228120
43913488274883,43913849390326
43913488274883,43914304486964
43913488274883,43914415669300
43913488274883,43914846307786
43913488274883,43914982341835
43915147000992,43914982341835
43915147000992,43915358681650
43915147000992,43915376836603
43915147000992,43915520015566
43915147000992,43915570357952
43915147000992,43915883413860
43915147000992,43916102946535
43916164889670,43916102946535
43916164889670,43916422421570
43916164889670,43916419420419
43916164889670,43916537660978
43916164889670,43916555398499
43916164889670,43916896365122
43916164889670,43917009490736
43917214122510,43917009490736
43917214122510,43917414205190
43917214122510,43917487932304
43917214122510,43917609158432
43917214122510,43917642146300
43917214122510,43917970887634
43917214122510,43918032975739
43918293840857,43918032975739
43918293840857,43918429787763
43918293840857,43918567928801
43918293840857,43918643157968
43918293840857,43918722102392
43918852662431,43918722102392
43918852662431,43919072962059
43918852662431,43919105581312
43918852662431,43919253953630
43918852662431,43919213352130
43918852662431,43919518293616
43918852662431,43919744395795
43918852662431,43920395798287
43918852662431,43920577944725
43920740344251,43920577944725
43920740344251,43921008551102
43920740344251,43921023517015
43920740344251,43921182393450
43920740344251,43921270724752
43920740344251,43921596281250
43920740344251,43921660147411
43921842772153,43921660147411
43921842772153,43922115447182
43921842772153,43922145947547
43921842772153,43922261653176
43921842772153,43922274125964
43921842772153,43922689218469
43921842772153,43922659160351
43922947755735,43922659160351
43922947755735,43923236312785
43922947755735,43923248855069
43922947755735,43923417672635
43922947755735,43923441702737
43922947755735,43923813376820
43922947755735,43923798946492
43924011354228,43923798946492
43924011354228,43924214036851
43924011354228,43924244218034
43924011354228,43924393646847
43924011354228,43924413468181
43924011354228,43924800958085
43924011354228,43924903475023
43925123789486,43924903475023
43925123789486,43925332451924
43925123789486,43925332495955
43925123789486,43925497324560
43925123789486,43925494211033
43925902002262,43925494211033
43925902002262,43926086810365
43925902002262,43926086705058
43925902002262,43926340160967
43925902002262,43926360413219
43925902002262,43926504323169
43925902002262,43926728455993
43925902002262,43927038827326
43925902002262,43927244876816
43927415634248,43927244876816
43927415634248,43927637962018
43927415634248,43927618221839
43927415634248,43927791988869
43927415634248,43927786442235
43927415634248,43928170851722
43927415634248,43928223905290
43928418024029,43928223905290
43928418024029,43928669094418
43928418024029,43928657993133
43928418024029,43928826022058
43928418024029,43928867049876
43928418024029,43929278789438
43928418024029,43929344323334
43929564118123,43929344323334
43929564118123,43929741327467
43929564118123,43929752392091
43929564118123,43929904993513
43929564118123,43929938561495
43930073023061,43929938561495
43930073023061,43930258915238
43930073023061,43930300194301
43930073023061,43930480177367
43930073023061,43930441211288
43930073023061,43930846380229
43930073023061,43930939788446
43930073023061,43931372108091
43930073023061,43931555021936
43931645672798,43931555021936
43931645672798,43931902142643
43931645672798,43931906986900
43931645672798,43932081333439
43931645672798,43932071551102
43931645672798,43932430143223
43931645672798,43932658584333
43931645672798,43932941868651
43931645672798,43932954175553
43932803825194,43932954175553
43932803825194,43933109841657
43932803825194,43933184192158
43932803825194,43933542337340
43932803825194,43933663409641
43933929196959,43933663409641
43933929196959,43934173441069
43933929196959,43934182419259
43933929196959,43934351342752
43933929196959,43934347507733
43934476377983,43934347507733
43934476377983,43934696985875
43934476377983,43934679150419
43934476377983,43934885377540
43934476377983,43934892365209
43934476377983,43935330740508
43934476377983,43935413178521
43935639054768,43935413178521
43935639054768,43935819355559
43935639054768,43935777300494
43935639054768,43935980655188
43935639054768,43935978359996
43935639054768,43936390296140
43935639054768,43936506663828
43935639054768,43936902793485
43935639054768,43936981246837
43937223379035,43936981246837
43937223379035,43937386473990
43937223379035,43937386534197
43937223379035,43937615324889
43937223379035,43937569695166
43937223379035,43937994118452
43937223379035,43938101054571
43938270910546,43938101054571
43938270910546,43938409086341
43938270910546,43938518925555
43938270910546,43938564380673
43938270910546,43938726956528
43938270910546,43938983251937
43938270910546,43939131338732
43939345417935,43939131338732
43939345417935,43939515234105
43939345417935,43939497668781
43939345417935,43939713860715
43939345417935,43939781825509
43939345417935,43940083379998
43939345417935,43940261305496
43940399864998,43940261305496
43940399864998,43940533748066
43940399864998,43940651015175
43940399864998,43940602037871
43940399864998,43940872849520
43940399864998,43941118413110
43941003853476,43941118413110
43941003853476,43941214129165
43941003853476,43941300177191
43941003853476,43941390426420
43941003853476,43941699178292
43941003853476,43941900834355
43941003853476,43942205842451
43942108748643,43942205842451
43942108748643,43942362978130
43942108748643,43942382776517
43942108748643,43942506310724
43942108748643,43942930516460
43942108748643,43942936838675
43942108748643,43943439986278
43942108748643,43943563375623
43942108748643,43943847153047
43943700174223,43943847153047
43943700174223,43943950154546
43943700174223,43943921424825
43943700174223,43944360158780
43943700174223,43944877359348
43943700174223,43945011604998
43945177652558,43945011604998
43945177652558,43945343789770
43945177652558,43945343863990
43945177652558,43945527316966
43945177652558,43945567082535
43945177652558,43945974094077
43945177652558,43946100684390
43946281563569,43946100684390
43946281563569,43946443427592
43946281563569,43946420315712
43946281563569,43946615159727
43946281563569,43946653119956
43946281563569,43947106935713
43946281563569,43947183815244
43946281563569,43947568835924
43947411256591,43947568835924
43947411256591,43947573145419
43947411256591,43947714608775
43947411256591,43947790432359
43947411256591,43948232315253
43947411256591,43948291919001
43947411256591,43948669414588
43948511172168,43948669414588
43948511172168,43948669440885
43948511172168,43948815325271
43948511172168,43948814941620
43948511172168,43949161304329
43948511172168,43949379493623
43949500166898,43949379493623
43949500166898,43949699981449
43949500166898,43949698870416
43949500166898,43949896884471
43949500166898,43949905469540
43949968421098,43949905469540
43949968421098,43950158195828
43949968421098,43950203264673
43949968421098,43950267632824
43949968421098,43950301510597
43949968421098,43950733145664
43949968421098,43950756770436
43949968421098,43951190325240
43949968421098,43951290626060
43951375011326,43951290626060
43951375011326,43951611975790
43951375011326,43951630796107
43951375011326,43951791280772
43951375011326,43951784066310
43951375011326,43952099651046
43951375011326,43952309911429
43952467154425,43952309911429
43952467154425,43952644042911
43952467154425,43952696826069
43952467154425,43952812440335
43952467154425,43952829520338
43952990606268,43952829520338
43952990606268,43953269645279
43952990606268,43953279122112
43952990606268,43953423304204
43952990606268,43953424519325
43952990606268,43953729100314
43952990606268,43953826869912
43954028771305,43953826869912
43954028771305,43954477243517
43954028771305,43954493299067
43954028771305,43954659257850
43954028771305,43954635203752
43954028771305,43955080093550
43954028771305,43955157685418
43954028771305,43955534525761
43954028771305,43955666440220
43954028771305,43956010233237
43954028771305,43956022889717
43955886499322,43956022889717
43955886499322,43956185418534
43955886499322,43956259486256
43955886499322,43956685872778
43955886499322,43956751451217
43956984391475,43956751451217
43956984391475,43957141816331
43956984391475,43957159520439
43956984391475,43957306451593
43956984391475,43957422685766
43956984391475,43957748553429
43956984391475,43957904179906
43958051811197,43957904179906
43958051811197,43958254267147
43958051811197,43958252628745
43958051811197,43958435658308
43958051811197,43958491181142
43958051811197,43958853449496
43958051811197,43958987582546
43959143333195,43958987582546
43959143333195,43959308333804
43959143333195,43959330526794
43959143333195,43959567598952
43959143333195,43959533162166
43959699782339,43959533162166
43959699782339,43959857420322
43959699782339,43959880692427
43959699782339,43959998060066
43959699782339,43960036115946
43959699782339,43960388283598
43959699782339,43960604030148
43959699782339,43961009353917
43959699782339,43961180822938
43959699782339,43961461418793
43961346710638,43961461418793
43961346710638,43961514216042
43961346710638,43961644357050
43961346710638,43961731474319
43961904652207,43961731474319
43961904652207,43962089326968
43961904652207,43962135143976
43961904652207,43962250439012
43961904652207,43962302411725
43961904652207,43962605174894
43961904652207,43962860839198
43961904652207,43963126234512
43961904652207,43963274304553
43963509814953,43963274304553
43963509814953,43963772983866
43963509814953,43963771344045
43963509814953,43963952066791
43963509814953,43963936157453
43964210033124,43963936157453
43964210033124,43964505354549
43964210033124,43964505500888
43964210033124,43964648140323
43964210033124,43964647977216
43964210033124,43965078295321
43964210033124,43965019125987
43964210033124,43965526996374
43964210033124,43965590276045
43965807411236,43965590276045
43965807411236,43965985891617
43965807411236,43965929727264
43965807411236,43966144081131
43965807411236,43966125578677
43965807411236,43966573323258
43965807411236,43966692703552
43966850290028,43966692703552
43966850290028,43967106052565
43966850290028,43967084927578
43966850290028,43967285037717
43966850290028,43967282306989
43966850290028,43967513291723
43966850290028,43967693285559
43967891420936,43967693285559
43967891420936,43968012754140
43967891420936,43968012593466
43967891420936,43968250466430
43967891420936,43968271182105
43967891420936,43968560140907
43967891420936,43968659684411
43968891175515,43968659684411
43968891175515,43969078846767
43968891175515,43969066500480
43968891175515,43969245925638
43968891175515,43969346770988
43968891175515,43969681882377
43968891175515,43969778442524
43970001654785,43969778442524
43970001654785,43970173275114
43970001654785,43970158676581
43970001654785,43970305576524
43970001654785,43970412465340
43970001654785,43970764957473
43970001654785,43970871966522
43970001654785,43971233720053
43971093585458,43971233720053
43971093585458,43971288290431
43971093585458,43971511483312
43971093585458,43971449763670
43971093585458,43971941026585
43971093585458,43972146324480
43971093585458,43972741231070
43972592986557,43972741231070
43972592986557,43972867372995
43972592986557,43973038215433
43972592986557,43973079024850
43973195419196,43973079024850
43973195419196,43973380087343
43973195419196,43973464499706
43973195419196,43973533766344
43973195419196,43973599733807
43973195419196,43973956765632
43973195419196,43974064443785
43973195419196,43974458450688
43973195419196,43974530033017
43974718964931,43974530033017
43974718964931,43974996700794
43974718964931,43974996874783
43974718964931,43975153105111
43974718964931,43975194849656
43975314038881,43975194849656
43975314038881,43975558921901
43975314038881,43975568940146
43975314038881,43975711392165
43975314038881,43975728700225
43975314038881,43976059797935
43975314038881,43976129311763
43975314038881,43976548986047
43975314038881,43976629125040
43976839301233,43976629125040
43976839301233,43977009446417
43976839301233,43977137951557
43976839301233,43977163304906
43976839301233,43977264993784
43976839301233,43977676867409
43976839301233,43977838520719
43977990122525,43977838520719
43977990122525,43978145956084
43977990122525,43978263253302
43977990122525,43978328152966
43977990122525,43978390267473
43977990122525,43978789758751
43977990122525,43978836338163
43979029462069,43978836338163
43979029462069,43979272788690
43979029462069,43979239528485
43979029462069,43979377547524
43979029462069,43979433433300
43979029462069,43979856609453
43979029462069,43979989951006
43980172950163,43979989951006
43980172950163,43980351866666
43980172950163,43980352762819
43980172950163,43980538332242
43980172950163,43980543263884
43980172950163,43980953664079
43980172950163,43981092057585
43981247729858,43981092057585
43981247729858,43981445752031
43981247729858,43981429596712
43981247729858,43981685285447
43981247729858,43981640782600
43981247729858,43982046931910
43981247729858,43982133831436
43982359288586,43982133831436
43982359288586,43982531973055
43982359288586,43982544188516
43982359288586,43982712478478
43982359288586,43982750889747
43982849161653,43982750889747
43982849161653,43983031642902
43982849161653,43983038172709
43982849161653,43983301922321
43982849161653,43983300758853
43982849161653,43983477817299
43982849161653,43983669041334
43983769115913,43983669041334
43983769115913,43983981224290
43983769115913,43983994512417
43983769115913,43984140394504
43983769115913,43984141485788
43983769115913,43984506106437
43983769115913,43984575528588
43983769115913,43985106451302
43983769115913,43985042063885
43985287384387,43985042063885
43985287384387,43985589247716
43985287384387,43985582797040
43985287384387,43985750779190
43985287384387,43985760390816
43985287384387,43985998441614
43985287384387,43986210380028
43986307878102,43986210380028
43986307878102,43986516447151
43986307878102,43986539598296
43986307878102,43986638380826
43986307878102,43986712860939
43986760891425,43986712860939
43986760891425,43986974199767
43986760891425,43987037244531
43986760891425,43987139814704
43986760891425,43987161016160
43986760891425,43987483499262
43986760891425,43987592953849
43986760891425,43987984745244
43986760891425,43988118192610
43988324293052,43988118192610
43988324293052,43988511224284
43988324293052,43988495869608
43988324293052,43988616242967
43988324293052,43988703160240
43988324293052,43988988870612
43988324293052,43989130755546
43989292684838,43989130755546
43989292684838,43989518967200
43989292684838,43989538318716
43989292684838,43989683157548
43989292684838,43989688569096
43989292684838,43990042471042
43989292684838,43990131345556
43990288640461,43990131345556
43990288640461,43990516555655
43990288640461,43990561249958
43990288640461,43990697025290
43990288640461,43990722188821
43990288640461,43991100738258
43990288640461,43991275427096
43991402100627,43991275427096
43991402100627,43991698018039
43991402100627,43991704449317
43991402100627,43991870154520
43991402100627,43991897499403
43991402100627,43992181725983
43991402100627,43992265753039
43992489617037,43992265753039
43992489617037,43992640203719
43992489617037,43992652552513
43992489617037,43992863794812
43992489617037,43992855684629
43992489617037,43993373040028
43992489617037,43993316501710
43992489617037,43993787578478
43993793528946,43993787578478
43993793528946,43993990667025
43993793528946,43994020772060
43993793528946,43994134831317
43994222434775,43994134831317
43994222434775,43994450739817
43994222434775,43994483832724
43994222434775,43994602737744
43994222434775,43994648927983
43994222434775,43995115806933
43994222434775,43995190027381
43994222434775,43995551937088
43994222434775,43995781130903
43995966245537,43995781130903
43995966245537,43996128657653
43995966245537,43996146038331
43995966245537,43996305346213
43995966245537,43996482308843
43995966245537,43996761251916
43995966245537,43996870612309
43997042966573,43996870612309
43997042966573,43997278903812
43997042966573,43997294423628
43997042966573,43997435351022
43997042966573,43997432383342
43997042966573,43997872658842
43997042966573,43997944529567
43997042966573,43998220131825
43998110999091,43998220131825
43998110999091,43998278136733
43998110999091,43998440879109
43998110999091,43998505182554
43998731958216,43998505182554
43998731958216,43998971275346
43998731958216,43998955462011
43998731958216,43999139364304
43998731958216,43999142018074
43998731958216,43999542106031
43998731958216,43999753325807
43998731958216,44000150236494
43998731958216,44000244336436
44000399258618,44000244336436
44000399258618,44000544305385
44000399258618,44000618425401
44000399258618,44000759355537
44000399258618,44000798297083
44000934274086,44000798297083
44000934274086,44001119418140
44000934274086,44001183510612
44000934274086,44001259437433
44000934274086,44001368624740
44000934274086,44001764483394
44000934274086,44001885294303
44000934274086,44002114553618
44000934274086,44002323211352
44002497575968,44002323211352
44002497575968,44002685581810
44002497575968,44002759493669
44002497575968,44002850941016
44002497575968,44002913464783
44002497575968,44003133979606
44002497575968,44003208853742
44003395701266,44003208853742
44003395701266,44003547507310
44003395701266,44003597282350
44003395701266,44004027384293
44003395701266,44004048437000
44003395701266,44004420722046
44003395701266,44004547116415
44004762831933,44004547116415
44004762831933,44005009186427
44004762831933,44005009704651
44004762831933,44005184849913
44004762831933,44005172196361
44005276488028,44005172196361
44005276488028,44005449237538
44005276488028,44005585879373
44005276488028,44005546178443
44005276488028,44005711439458
44005276488028,44005960269329
44005276488028,44006094600871
44005276488028,44006606557768
44005276488028,44006679454234
44006842579995,44006679454234
44006842579995,44006964277267
44006842579995,44007083047981
44006842579995,44007167541380
44006842579995,44007260385155
44006842579995,44007702441384
44006842579995,44007780843948
44006842579995,44007985150774
44007898773612,44007985150774
44007898773612,44008049085827
44007898773612,44008148698991
44007898773612,44008206405863
44007898773612,44008553199320
44007898773612,44008755315395
44008869278322,44008755315395
44008869278322,44009033832649
44008869278322,44009115415673
44008869278322,44009205994278
44008869278322,44009239796583
44008869278322,44009592088419
44008869278322,44009688384715
44009884781777,44009688384715
44009884781777,44010025043387
44009884781777,44010074464513
44009884781777,44010183275738
44009884781777,44010288566881
44010437748318,44010288566881
44010437748318,44010600121557
44010437748318,44010609232002
44010437748318,44010806296210
44010437748318,44010845756239
44010437748318,44011363373832
44010437748318,44011381284569
44010437748318,44011817958966
44010437748318,44011898644795
44012093744332,44011898644795
44012093744332,44012236061271
44012093744332,44012246076394
44012093744332,44012432111720
44012093744332,44012476688536
44012093744332,44012799184862
44012093744332,44013024109379
44013191424473,44013024109379
44013191424473,44013349430048
44013191424473,44013337596115
44013191424473,44013558086362
44013191424473,44013641358713
44013191424473,44014015577458
44013191424473,44014172360189
44014228047746,44014172360189
44014228047746,44014376326919
44014228047746,44014423556075
44014228047746,44014484675726
44014228047746,44014681668624
44014228047746,44014877505427
44014888847916,44014877505427
44014888847916,44015042139617
44014888847916,44015148651140
44014888847916,44015205435095
44014888847916,44015506207004
44014888847916,44015660334632
44014888847916,44015981372729
44014888847916,44016172928161
44016335376998,44016172928161
44016335376998,44016502067333
44016335376998,44016528582702
44016335376998,44016665241565
44016335376998,44016732326452
44016335376998,44017142340549
44016335376998,44017176938114
44017356794615,44017176938114
44017356794615,44017507496627
44017356794615,44017651493394
44017356794615,44017605195304
44017356794615,44017710049301
44017356794615,44017952563341
44017356794615,44018130404450
44018231366317,44018130404450
44018231366317,44018443050174
44018231366317,44018471991771
44018231366317,44018599667924
44018231366317,44018609707841
44018763791760,44018609707841
44018763791760,44018980785433
44018763791760,44019010165858
44018763791760,44019153354659
44018763791760,44019170299597
44018763791760,44019437704351
44018763791760,44019651702959
44018763791760,44020070390215
44018763791760,44020159631020
44020358161238,44020159631020
44020358161238,44020501119719
44020358161238,44020586196055
44020358161238,44020719145886
44020358161238,44020730216810
44020902796451,44020730216810
44020902796451,44021072897627
44020902796451,44021070834662
44020902796451,44021257807338
44020902796451,44021332669966
44020902796451,44021659947906
44020902796451,44021879677423
44021998176646,44021879677423
44021998176646,44022126236479
44021998176646,44022186742799
44021998176646,44022328587657
44021998176646,44022390772496
44021998176646,44022654237843
44021998176646,44022716311907
44021998176646,44023192995019
44021998176646,44023267230149
44023450714284,44023267230149
44023450714284,44023640755984
44023450714284,44023629538310
44023450714284,44023762086029
44023450714284,44023840862560
44023450714284,44024178570770
44023450714284,44024262781801
44024420168320,44024262781801
44024420168320,44024582128370
44024420168320,44024622753421
44024420168320,44024718226663
44024420168320,44024843044809
44024420168320,44025217812619
44024420168320,44025349315199
44025453587729,44025349315199
44025453587729,44025702200385
44025453587729,44025659675450
44025453587729,44025854910556
44025453587729,44025866241095
44025453587729,44026232471700
44025453587729,44026277219711
44026454254278,44026277219711
44026454254278,44026719075370
44026454254278,44026631462788
44026454254278,44026835336781
44026454254278,44026839447815
44026454254278,44027216643471
44026454254278,44027264319960
44026454254278,44027719732055
44027536416534,44027719732055
44027536416534,44027746485852
44027536416534,44027920302816
44027536416534,44027971292423
44027536416534,44028304847570
44027536416534,44028314538994
44028149679688,44028314538994
44028149679688,44028450374231
44028149679688,44028516557762
44028149679688,44028854729353
44028149679688,44029100701703
44028149679688,44029370560591
44028149679688,44029568825952
44029737391361,44029568825952
44029737391361,44029890275491
44029737391361,44029913607805
44029737391361,44030067949397
44029737391361,44030097232359
44029737391361,44030421812591
44030287832611,44030421812591
44030287832611,44030453311522
44030287832611,44030644349572
44030287832611,44030700541970
44030287832611,44030977767009
44030287832611,44031109191449
44030287832611,44031505907436
44030287832611,44031762965025
44030287832611,44032031279522
44031896307791,44032031279522
44031896307791,44032112746211
44031896307791,44032284468456
44031896307791,44032314627301
44031896307791,44032735997011
44032571280796,44032735997011
44032571280796,44032746000882
44032571280796,44032915906852
44032571280796,44032915401816
44032571280796,44033321417438
44032571280796,44033443288346
44033620981363,44033443288346
44033620981363,44033806560964
44033620981363,44033774830430
44033620981363,44033959384955
44033620981363,44033975066869
44033620981363,44034354104474
44033620981363,44034445462489
44033620981363,44034818607724
44033620981363,44035056455579
44033620981363,44035376590112
44035239862883,44035376590112
44035239862883,44035370558402
44035239862883,44035525905541
44035239862883,44035647415701
44035239862883,44036118400658
44035239862883,44036088444196
44036383140583,44036088444196
44036383140583,44036520613397
44036383140583,44036526290191
44036383140583,44036663260647
44036383140583,44036720959623
44036383140583,44037028255357
44036383140583,44037189472229
44036383140583,44037528896403
44037397505376,44037528896403
44037397505376,44037678144469
44037397505376,44037678896243
44037397505376,44037851433927
44037397505376,44038294907362
44037397505376,44038334771087
44038556952684,44038334771087
44038556952684,44038794858159
44038556952684,44038791287908
44038556952684,44038978052594
44038556952684,44038948720102
44039119485665,44038948720102
44039119485665,44039291423817
44039119485665,44039747564763
44039119485665,44039746165402
44039119485665,44039881684911
44039119485665,44040207893324
44039119485665,44040367207324
44039119485665,44040666198698
44039119485665,44040887622039
44041091692758,44040887622039
44041091692758,44041319258789
44041091692758,44041348661227
44041091692758,44041506401715
44041091692758,44041471040588
44041091692758,44041758420141
44041091692758,44042032676317
44041091692758,44042268842509
44042124012914,44042268842509
44042124012914,44042273966431
44042124012914,44042420500820
44042124012914,44042536308423
44042671575682,44042536308423
44042671575682,44042924171776
44042671575682,44042869151452
44042671575682,44043051311401
44042671575682,44043092602253
44042671575682,44043379571680
44042671575682,44043499181769
44043768728272,44043499181769
44043768728272,44044039261901
44043768728272,44043978232991
44043768728272,44044130669740
44043768728272,44044188962613
44043768728272,44044495785980
44043768728272,44044635208078
44043768728272,44044967494733
44043768728272,44045187398690
44045390503429,44045187398690
44045390503429,44045585087511
44045390503429,44045647750124
44045390503429,44045751411244
44045390503429,44045824197929
44045999260184,44045824197929
44045999260184,44046237046634
44045999260184,44046275641735
44045999260184,44046374441224
44045999260184,44046442415952
44045999260184,44046709743558
44045999260184,44046949417511
44045999260184,44047364809231
44045999260184,44047441864085
44047660668585,44047441864085
44047660668585,44047861353492
44047660668585,44047828084649
44047660668585,44048010557128
44047660668585,44048022465243
44047660668585,44048477333587
44047660668585,44048578837929
44048787635154,44048578837929
44048787635154,44048964519093
44048787635154,44048957681853
44048787635154,44049175509887
44048787635154,44049151193993
44048787635154,44049557412944
44048787635154,44049679988862
44048787635154,44049985652889
44049898898689,44049985652889
44049898898689,44050041720926
44049898898689,44050268595421
44049898898689,44050241498344
44049898898689,44050689309330
44049898898689,44050787172997
44050982735517,44050787172997
44050982735517,44051174679720
44050982735517,44051154667206
44050982735517,44051365394824
44050982735517,44051316851356
44051528123004,44051316851356
44051528123004,44051761630877
44051528123004,44051713586903
44051528123004,44051892023019
44051528123004,44051913201861
44051528123004,44052255816929
44051528123004,44052385653173
44051528123004,44052794397757
44051528123004,44052927280131
44053094972780,44052927280131
44053094972780,44053226463319
44053094972780,44053226477784
44053094972780,44053391441002
44053094972780,44053505268437
44053678914040,44053505268437
44053678914040,44053870278283
44053678914040,44053865287980
44053678914040,44054031406276
44053678914040,44054033791691
44053678914040,44054333823636
44053678914040,44054514265487
44053678914040,44055005143698
44053678914040,44054988994855
44055240212388,44054988994855
44055240212388,44055389629961
44055240212388,44055459661744
44055240212388,44055585828461
44055240212388,44055673332673
44055240212388,44055965655412
44055240212388,44056122240546
44056329697783,44056122240546
44056329697783,44056485062128
44056329697783,44056470464865
44056329697783,44056607790545
44056329697783,44056720314523
44056329697783,44057063283210
44056329697783,44057226492642
44057445949908,44057226492642
44057445949908,44057703165605
44057445949908,44057707762303
44057445949908,44057871711331
44057445949908,44057898582712
44058022964019,44057898582712
44058022964019,44058228980421
44058022964019,44058245066287
44058022964019,44058404406351
44058022964019,44058420663242
44058022964019,44058680222714
44058022964019,44058804796944
44058022964019,44059194896211
44058022964019,44059419670357
44058022964019,44059730776794
44059591362201,44059730776794
44059591362201,44059792061712
44059591362201,44059854256752
44059591362201,44060026527779
44060164827683,44060026527779
44060164827683,44060351195725
44060164827683,44060390276160
44060164827683,44060526234462
44060164827683,44060546674758
44060164827683,44060777512568
44060164827683,44060975108380
44060164827683,44061418336497
44060164827683,44061491182142
44061595846537,44061491182142
44061595846537,44061833196738
44061595846537,44061811393779
44061595846537,44061979264077
44061595846537,44061992724697
44061595846537,44062259989782
44061595846537,44062428495757
44062573959091,44062428495757
44062573959091,44062769178984
44062573959091,44062790366579
44062573959091,44062915646357
44062573959091,44062964400636
44063072060356,44062964400636
44063072060356,44063240121296
44063072060356,44063247466969
44063072060356,44063389928416
44063072060356,44063397687534
44063072060356,44063848937588
44063072060356,44063974133748
44063072060356,44064382333460
44063072060356,44064470881973
44064697386186,44064470881973
44064697386186,44064906340699
44064697386186,44064929494796
44064697386186,44065089134894
44064697386186,44065114563052
44065284879370,44065114563052
44065284879370,44065521101941
44065284879370,44065506404189
44065284879370,44065664448948
44065284879370,44065657942257
44065284879370,44066118104191
44065284879370,44066154695801
44065284879370,44066580356779
44065284879370,44066658230145
44066891795007,44066658230145
44066891795007,44067107684507
44066891795007,44067076847662
44066891795007,44067218361494
44066891795007,44067305920506
44066891795007,44067691376699
44066891795007,44067795676475
44067996370743,44067795676475
44067996370743,44068203952604
44067996370743,44068200699308
44067996370743,44068402769029
44067996370743,44068396913020
44067996370743,44068810159182
44067996370743,44068864393097
44069083412817,44068864393097
44069083412817,44069367335308
44069083412817,44069347417677
44069083412817,44069563135520
44069083412817,44069570851956
44069083412817,44069846768946
44069083412817,44069998326771
44070157439657,44069998326771
44070157439657,44070270905252
44070157439657,44070438406726
44070157439657,44070452096228
44070157439657,44070594750622
44070157439657,44070851636528
44070157439657,44071054846616
44071236638769,44071054846616
44071236638769,44071364000559
44071236638769,44071379959840
44071236638769,44071543019829
44071236638769,44071551186549
44071236638769,44071895218742
44071780921170,44071895218742
44071780921170,44072027095920
44071780921170,44072035310136
44071780921170,44072206226557
44071780921170,44072443738227
44071780921170,44072560554003
44071780921170,44072997090973
44071780921170,44073213735074
44073334866307,44073213735074
44073334866307,44073498804884
44073334866307,44073503113149
44073334866307,44073644383650
44073334866307,44073681273461
44073334866307,44074021543573
44073334866307,44074197949382
44074330839928,44074197949382
44074330839928,44074477325284
44074330839928,44074501812736
44074330839928,44074655817771
44074330839928,44074698622729
44075025823918,44074698622729
44075025823918,44075207046016
44075025823918,44075211010141
44075025823918,44075338501349
44075025823918,44075442390248
44075025823918,44075754981963
44075025823918,44075883266425
44075025823918,44076272814224
44075025823918,44076372139798
44076586938056,44076372139798
44076586938056,44076763807699
44076586938056,44076874276214
44076586938056,44076943192411
44076586938056,44076996043823
44076586938056,44077359296685
44076586938056,44077417653053
44077635806899,44077417653053
44077635806899,44077797762831
44077635806899,44077788821161
44077635806899,44078007838537
44077635806899,44078049594624
44078277135667,44078049594624
44078277135667,44078466688892
44078277135667,44078419031881
44078277135667,44078660080286
44078277135667,44078587365396
44078277135667,44078895335576
44078277135667,44079169344023
44078277135667,44079565665261
44078277135667,44079679733048
44078277135667,44079986179666
44079857681325,44079986179666
44079857681325,44080013888269
44079857681325,44080173570447
44079857681325,44080192276328
44079857681325,44080525901384
44079857681325,44080661958085
44080864690850,44080661958085
44080864690850,44081010233524
44080864690850,44081019153917
44080864690850,44081174840431
44080864690850,44081216869468
44080864690850,44081530161816
44080864690850,44081874194929
44081883861636,44081874194929
44081883861636,44082032918735
44081883861636,44082021835622
44081883861636,44082215255504
44081883861636,44082250286064
44081883861636,44082667017566
44081883861636,44082811104344
44082873148504,44082811104344
44082873148504,44083043754914
44082873148504,44083044816416
44082873148504,44083199398558
44082873148504,44083240822485
44082873148504,44083711130586
44082873148504,44083753236905
44083901030211,44083753236905
44083901030211,44084068165779
44083901030211,44084062775665
44083901030211,44084198300827
44083901030211,44084242836782
44084398685853,44084242836782
44084398685853,44084617915796
44084398685853,44084620625019
44084398685853,44084747254308
44084398685853,44084788294087
44084398685853,44085373418384
44084398685853,44085353741059
44084398685853,44085803431522
44084398685853,44086003199021
44086172749597,44086003199021
44086172749597,44086374667315
44086172749597,44086424559209
44086172749597,44086535852815
44086172749597,44086573433533
44086703225368,44086573433533
44086703225368,44086887127709
44086703225368,44086880942775
44086703225368,44087087383549
44086703225368,44087079294526
44086703225368,44087348106583
44086703225368,44087589457739
44086703225368,44087885248536
44086703225368,44088023417563
44088118075060,44088023417563
44088118075060,44088294115068
44088118075060,44088285902346
44088118075060,44088433044045
44088118075060,44088545819674
44088606797870,44088545819674
44088606797870,44088829839565
44088606797870,44088787370360
44088606797870,44088939310844
44088606797870,44088931184038
44088606797870,44089206890890
44088606797870,44089339865147
44089533473782,44089339865147
44089533473782,44089739064977
44089533473782,44089733324992
44089533473782,44089883403427
44089533473782,44089926362270
44089533473782,44090262750634
44089533473782,44090345348295
44089533473782,44090794728814
44089533473782,44090957393502
44091118492196,44090957393502
44091118492196,44091339256949
44091118492196,44091378586007
44091118492196,44091552121471
44091118492196,44091552268783
44091662616250,44091552268783
44091662616250,44091863029150
44091662616250,44091856581888
44091662616250,44092002262306
44091662616250,44092002235422
44091662616250,44092346535167
44091662616250,44092585796616
44091662616250,44092914381455
44091662616250,44093072287317
44093307978323,44093072287317
44093307978323,44093576682672
44093307978323,44093550216147
44093307978323,44093713666121
44093307978323,44093825733719
44093307978323,44094149859172
44093307978323,44094296347713
44094457765953,44094296347713
44094457765953,44094689123027
44094457765953,44094683676979
44094457765953,44094844803177
44094457765953,44094886352146
44094457765953,44095224914802
44094457765953,44095409248688
44095584946009,44095409248688
44095584946009,44095721234217
44095584946009,44095746291944
44095584946009,44095885267848
44095584946009,44095908249618
44096106406897,44095908249618
44096106406897,44096284791682
44096106406897,44096291995059
44096106406897,44096463192102
44096106406897,44096500401922
44096106406897,44096827864961
44096106406897,44097016283318
44097088893692,44097016283318
44097088893692,44097285874413
44097088893692,44097301664481
44097088893692,44097441085746
44097088893692,44097441047804
44097088893692,44097746772827
44097088893692,44097886899619
44097088893692,44098175067078
44097088893692,44098411389224
44098487735898,44098411389224
44098487735898,44098709544699
44098487735898,44098761691097
44098487735898,44098884134339
44098487735898,44098887200617
44099067129846,44098887200617
44099067129846,44099246912598
44099067129846,44099320151426
44099067129846,44099405507540
44099067129846,44099461210460
44099067129846,44099827235120
44099067129846,44099907358019
44099067129846,44100240155441
44099067129846,44100454697446
44100654303120,44100454697446
44100654303120,44100856051145
44100654303120,44100898674369
44100654303120,44101018714490
44100654303120,44101091643081
44100654303120,44101443550234
44100654303120,44101618366135
44101759134483,44101618366135
44101759134483,44101983174322
44101759134483,44102029448098
44101759134483,44102135309516
44101759134483,44102166489380
44102296337923,44102166489380
44102296337923,44102518390079
44102296337923,44102523994419
44102296337923,44102689348107
44102296337923,44102688324494
44102296337923,44102981371110
44102296337923,44103165966797
44102296337923,44103633410339
44102296337923,44103679226218
44103865130646,44103679226218
44103865130646,44103992994790
44103865130646,44104075883374
44103865130646,44104173464557
44103865130646,44104238026129
44104323166310,44104238026129
44104323166310,44104488307123
44104323166310,44104504856097
44104323166310,44104714369062
44104323166310,44104719687425
44104323166310,44104952134111
44104323166310,44105094740387
44105191866680,44105094740387
44105191866680,44105406353079
44105191866680,44105355481265
44105191866680,44105496513869
44105191866680,44105542353155
44105191866680,44105944590498
44105191866680,44105959164900
44105191866680,44106454585465
44105191866680,44106474452413
44106718814949,44106474452413
44106718814949,44107015915414
44106718814949,44106971292305
44106718814949,44107127391237
44106718814949,44107163520463
44106718814949,44107536483456
44106718814949,44107637197702
44107852995244,44107637197702
44107852995244,44108059157765
44107852995244,44108047566446
44107852995244,44108197954662
44107852995244,44108262075680
44108420130429,44108262075680
44108420130429,44108696783073
44108420130429,44108686383592
44108420130429,44108822431206
44108420130429,44108833075919
44108420130429,44109235807131
44108420130429,44109268125584
44108420130429,44109716049303
44108420130429,44109870049386
44110030049204,44109870049386
44110030049204,44110227545082
44110030049204,44110225162296
44110030049204,44110434053426
44110030049204,44110467655161
44110674447535,44110467655161
44110674447535,44110858672472
44110674447535,44110862406165
44110674447535,44111032717511
44110674447535,44111005491480
44110674447535,44111417864114
44110674447535,44111601148505
44111774152781,44111601148505
44111774152781,44111959721479
44111774152781,44111959541290
44111774152781,44112116799908
44111774152781,44112130274174
44111774152781,44112445032445
44111774152781,44112627878669
44112761524337,44112627878669
44112761524337,44112924718250
44112761524337,44112925881092
44112761524337,44113100992540
44112761524337,44113115258624
44112761524337,44113613373422
44112761524337,44113613279631
44112761524337,44114084362388
44112761524337,44114193525459
44114361365395,44114193525459
44114361365395,44114588082785
44114361365395,44114595690806
44114361365395,44114855625117
44114361365395,44114837621697
44115286937496,44114837621697
44115286937496,44115468253312
44115286937496,44115491121094
44115286937496,44115638988583
44115286937496,44115620223912
44115286937496,44116082529284
44115286937496,44116018775882
44116266418246,44116018775882
44116266418246,44116510815274
44116266418246,44116529666300
44116266418246,44116675912464
44116266418246,44116704346483
44116266418246,44117004397415
44116266418246,44117130806591
44117307781469,44117130806591
44117307781469,44117488465577
44117307781469,44117530229519
44117307781469,44117697181901
44117307781469,44117662414665
44117307781469,44118141247592
44117307781469,44118210299343
44117307781469,44118643663860
44117307781469,44118749741557
44118928950051,44118749741557
44118928950051,44119103144773
44118928950051,44119157785370
44118928950051,44119321314667
44118928950051,44119309808053
44119454326166,44119309808053
44119454326166,44119635851396
44119454326166,44119676461773
44119454326166,44119826778754
44119454326166,44119846337079
44119454326166,44120233026795
44119454326166,44120400332882
44119454326166,44120941397640
44119454326166,44120881097070
44121087647264,44120881097070
44121087647264,44121312902042
44121087647264,44121355095337
44121087647264,44121498624403
44121087647264,44121510254746
44121660057430,44121510254746
44121660057430,44121842155804
44121660057430,44122022117402
44121660057430,44121957323267
44121660057430,44122092876492
44121660057430,44122435165832
44121660057430,44122635882664
44121660057430,44122899616989
44121660057430,44123047601961
44123290591403,44123047601961
44123290591403,44123531259629
44123290591403,44123580811068
44123290591403,44123714647276
44123290591403,44123747081820
44123290591403,44123994146059
44123290591403,44124176612014
44123290591403,44124460519019
44124462162184,44124460519019
44124462162184,44124669343840
44124462162184,44124693829273
44124462162184,44124850998152
44124462162184,44125157562483
44124462162184,44125363282095
44125544841059,44125363282095
44125544841059,44125744216877
44125544841059,44125752780890
44125544841059,44125911813876
44125544841059,44125919115279
44125544841059,44126248720138
44125544841059,44126436514836
44126623848964,44126436514836
44126623848964,44126833953891
44126623848964,44126942731634
44126623848964,44127007382271
44126623848964,44127080619702
44127193440889,44127080619702
44127193440889,44127445275927
44127193440889,44127415381501
44127193440889,44127580368317
44127193440889,44127603083751
44127193440889,44127958726807
44127193440889,44128058724589
44127193440889,44128477051417
44127193440889,44128591557797
44128799731917,44128591557797
44128799731917,44128960822771
44128799731917,44129099470908
44128799731917,44129127990456
44128799731917,44129250201553
44129676716364,44129250201553
44129676716364,44129826379317
44129676716364,44129891285075
44129676716364,44129994549098
44129676716364,44130026844174
44129676716364,44130373281554
44129676716364,44130572316998
44130713246716,44130572316998
44130713246716,44130870310540
44130713246716,44130962141959
44130713246716,44131085398756
44130713246716,44131029200042
44130713246716,44131364483147
44130713246716,44131572346520
44131743905031,44131572346520
44131743905031,44131976210625
44131743905031,44131925947776
44131743905031,44132092031254
44131743905031,44132161171161
44131743905031,44132496737982
44131743905031,44132641551602
44132791792451,44132641551602
44132791792451,44132955953595
44132791792451,44132962567505
44132791792451,44133118783065
44132791792451,44133124383984
44132791792451,44133483131176
44132791792451,44133676705332
44132791792451,44134011855129
44132791792451,44134118915809
44134317961093,44134118915809
44134317961093,44134490798935
44134317961093,44134598330124
44134317961093,44134562320835
44134317961093,44134713087799
44134867709579,44134713087799
44134867709579,44135002476530
44134867709579,44135127839264
44134867709579,44135040304992
44134867709579,44135200182889
44134867709579,44135503098018
44134867709579,44135630294703
44134867709579,44136083074954
44134867709579,44136141944983
44136283777214,44136141944983
44136283777214,44136496028337
44136283777214,44136513384281
44136283777214,44136631748574
44136283777214,44136644880117
44136784605746,44136644880117
44136784605746,44136985153297
44136784605746,44136997329186
44136784605746,44137146198531
44136784605746,44137180868269
44136784605746,44137493874726
44136784605746,44137656290888
44136784605746,44138058180124
44136784605746,44138156380622
44138352467715,44138156380622
44138352467715,44138638839712
44138352467715,44138679195860
44138352467715,44138751437864
44138352467715,44138843198183
44138352467715,44139136466291
44138352467715,44139149344729
44139431836407,44139149344729
44139431836407,44139571530705
44139431836407,44139576344268
44139431836407,44139826781750
44139431836407,44139821169409
44140012319746,44139821169409
44140012319746,44140163944303
44140012319746,44140190965899
44140012319746,44140364159056
44140012319746,44140371389227
44140012319746,44140697987956
44140012319746,44140756618119
44140012319746,44141184932221
44140012319746,44141282080232
44140012319746,44141649446470
44141518347950,44141649446470
44141518347950,44141667092283
44141518347950,44141855129755
44141518347950,44141917360395
44142061908111,44141917360395
44142061908111,44142195937130
44142061908111,44142181743021
44142061908111,44142357445580
44142061908111,44142414262170
44142061908111,44142708741867
44142061908111,44142896351410
44142061908111,44143195568308
44142061908111,44143419349690
44143612101918,44143419349690
44143612101918,44143794854435
44143612101918,44143814987624
44143612101918,44143972768424
44143612101918,44144030809785
44143612101918,44144383515522
44143612101918,44144605658718
44144826907498,44144605658718
44144826907498,44145001689718
44144826907498,44145047210329
44144826907498,44145184624905
44144826907498,44145200647118
44144826907498,44145564951587
44144826907498,44145698971291
44145911491014,44145698971291
44145911491014,44146061378900
44145911491014,44146157530675
44145911491014,44146229021031
44145911491014,44146313309713
44146471350453,44146313309713
44146471350453,44146684405961
44146471350453,44146708510799
44146471350453,44146838235152
44146471350453,44146826496156
44146471350453,44147183199380
44146471350453,44147360223858
44146471350453,44147764350719
44146471350453,44147772680677
44147926645686,44147772680677
44147926645686,44148099688829
44147926645686,44148163912212
44147926645686,44148238624623
44147926645686,44148321441890
44147926645686,44148726043577
44147926645686,44148815758225
44148997970610,44148815758225
44148997970610,44149121887802
44148997970610,44149212866772
44148997970610,44149374295941
44148997970610,44149436952813
44148997970610,44149827229822
44148997970610,44150007161790
44150180400399,44150007161790
44150180400399,44150397842398
44150180400399,44150391258956
44150180400399,44150615523719
44150180400399,44150616695499
44150779876970,44150616695499
44150779876970,44150908320477
44150779876970,44150947981081
44150779876970,44151117635343
44150779876970,44151138000303
44150779876970,44151410901328
44150779876970,44151654227287
44150779876970,44152096544754
44150779876970,44152142000312
44152362693842,44152142000312
44152362693842,44152549521747
44152362693842,44152573326718
44152362693842,44152696285038
44152362693842,44152757502566
44152362693842,44153085320525
44152362693842,44153249777522
44153542717708,44153249777522
44153542717708,44153813808412
44153542717708,44153769540795
44153542717708,44153977868258
44153542717708,44153967273510
44154139355489,44153967273510
44154139355489,44154331712170
44154139355489,44154397549689
44154139355489,44154497718604
44154139355489,44154549715428
44154139355489,44155022075965
44154139355489,44154995565401
44155191172803,44154995565401
44155191172803,44155391961461
44155191172803,44155361542570
44155191172803,44155528397209
44155191172803,44155549413747
44155191172803,44155963358475
44155191172803,44156106604741
44155191172803,44156429257796
44155191172803,44156622890256
44156841142404,44156622890256
44156841142404,44156960460448
44156841142404,44157065828813
44156841142404,44157206520982
44156841142404,44157243305263
44156841142404,44157506627177
44156841142404,44157695183836
44157874078788,44157695183836
44157874078788,44158004318684
44157874078788,44158099624594
44157874078788,44158174831577
44157874078788,44158283893599
44157874078788,44158505313608
44157874078788,44158673068658
44158844824177,44158673068658
44158844824177,44158982561791
44158844824177,44159042830984
44158844824177,44159142490503
44158844824177,44159174433475
44158844824177,44159468595060
44158844824177,44159649453527
44159722156928,44159649453527
44159722156928,44159950445629
44159722156928,44159925224942
44159722156928,44160129233515
44159722156928,44160090308711
44159722156928,44160562515201
44159722156928,44160500814536
44160761136443,44160500814536
44160761136443,44160979974389
44160761136443,44160904631075
44160761136443,44161179222038
44160761136443,44161183492740
44161359637050,44161183492740
44161359637050,44161555448468
44161359637050,44161671891744
44161359637050,44161723488987
44161359637050,44161819057130
44161359637050,44162059561091
44161359637050,44162274066798
44161359637050,44162707657648
44161359637050,44162748572116
44162981072695,44162748572116
44162981072695,44163182197847
44162981072695,44163127426595
44162981072695,44163374400223
44162981072695,44163429697114
44163584286559,44163429697114
44163584286559,44163774184707
44163584286559,44163840300580
44163584286559,44163931294978
44163584286559,44163991524865
44163584286559,44164397290777
44163584286559,44164605260464
44163584286559,44164904490005
44163584286559,44164999966671
44165217200541,44164999966671
44165217200541,44165388496006
44165217200541,44165374371663
44165217200541,44165576148350
44165217200541,44165576031236
44165775029502,44165576031236
44165775029502,44166042122102
44165775029502,44166014754593
44165775029502,44166189079270
44165775029502,44166165382768
44165775029502,44166522210969
44165775029502,44166591408840
44165775029502,44167010339750
44165775029502,44167143093432
44167339435758,44167143093432
44167339435758,44167485020333
44167339435758,44167473252899
44167339435758,44167660570381
44167339435758,44167752248519
44167922297368,44167752248519
44167922297368,44168154199620
44167922297368,44168168318154
44167922297368,44168344464573
44167922297368,44168341509680
44167922297368,44168736407611
44167922297368,44168859412811
44169053407518,44168859412811
44169053407518,44169200435729
44169053407518,44169232617052
44169053407518,44169416712790
44169053407518,44169376030191
44169053407518,44169806360712
44169053407518,44169971896032
44169053407518,44170372020880
44169053407518,44170468624756
44170638856930,44170468624756
44170638856930,44170829334085
44170638856930,44170819929193
44170638856930,44170977471377
44170638856930,44171059023634
44171282211254,44171059023634
44171282211254,44171473533350
44171282211254,44171508176426
44171282211254,44171667207670
44171282211254,44171667315413
44171282211254,44172041650603
44171282211254,44172160340036
44171282211254,44172609642329
44171282211254,44172658474235
44172885626591,44172658474235
44172885626591,44173100529430
44172885626591,44173086503328
44172885626591,44173269193375
44172885626591,44173247477384
44173429929002,44173247477384
44173429929002,44173670472611
44173429929002,44173723422350
44173429929002,44173879454568
44173429929002,44173816673998
44173429929002,44174144029349
44173429929002,44174298091951
44173429929002,44174758076802
44173429929002,44174789305508
44173429929002,44175198074232
44175014250375,44175198074232
44175014250375,44175194959106
44175014250375,44175364039749
44175014250375,44175406342376
44175613757178,44175406342376
44175613757178,44175819761227
44175613757178,44175837805760
44175613757178,44175985454278
44175613757178,44175958340249
44175613757178,44176351372925
44175613757178,44176573461308
44176707715001,44176573461308
44176707715001,44176959355434
44176707715001,44176943312915
44176707715001,44177107658949
44176707715001,44177132241313
44176707715001,44177403683095
44176707715001,44177491735361
44176707715001,44177914343572
44176707715001,44178013792356
44178203067424,44178013792356
44178203067424,44178361892071
44178203067424,44178434778395
44178203067424,44178525964311
44178203067424,44178629469890
44178203067424,44178896696548
44178203067424,44179112953237
44178203067424,44179489125105
44179494748720,44179489125105
44179494748720,44179643368267
44179494748720,44179702451841
44179494748720,44179852552990
44179494748720,44180146341529
44179494748720,44180211477806
44180400311109,44180211477806
44180400311109,44180585808050
44180400311109,44180596488914
44180400311109,44180787185630
44180400311109,44180796830295
44180400311109,44181206537842
44180400311109,44181393306717
44181521704232,44181393306717
44181521704232,44181714351483
44181521704232,44181817520236
44181521704232,44181912095196
44181521704232,44181964687168
44182099195694,44181964687168
44182099195694,44182381114407
44182099195694,44182367358096
44182099195694,44182536337226
44182099195694,44182538410886
44182099195694,44182836646004
44182099195694,44183006597481
44182099195694,44183629042252
44182099195694,44183772822747
44183989306804,44183772822747
44183989306804,44184188336730
44183989306804,44184238498700
44183989306804,44184346195062
44183989306804,44184412840227
44184521071964,44184412840227
44184521071964,44184741372523
44184521071964,44184764786396
44184521071964,44184882845035
44184521071964,44184935113281
44184521071964,44185255406988
44184521071964,44185327651836
44184521071964,44185727457747
44184521071964,44185832721339
44184521071964,44186281157703
44186288605068,44186281157703
44186288605068,44186494270699
44186288605068,44186492409895
44186288605068,44186626244506
44186288605068,44186829543524
44186288605068,44187050029609
44187243270364,44187050029609
44187243270364,44187459359477
44187243270364,44187478730504
44187243270364,44187665471412
44187243270364,44187648602915
44187243270364,44187923642889
44187243270364,44188143363044
44188337743689,44188143363044
44188337743689,44188604379833
44188337743689,44188607450136
44188337743689,44188766559877
44188337743689,44188757225397
44188337743689,44189100037027
44188337743689,44189178331642
44189738098010,44189178331642
44189738098010,44189862845360
44189738098010,44189930307208
44189738098010,44190030713396
44189738098010,44190218612026
44189738098010,44190612061801
44189738098010,44190657090206
44190864870155,44190657090206
44190864870155,44191078433266
44190864870155,44191127502801
44190864870155,44191237371617
44190864870155,44191273407904
44190864870155,44191605444536
44190864870155,44191678040451
44191929943435,44191678040451
44191929943435,44192059863465
44191929943435,44192249931288
44191929943435,44192238401985
44191929943435,44192363442149
44191929943435,44192655928733
44191929943435,44192763836890
44192998623156,44192763836890
44192998623156,44193438048163
44192998623156,44193451048817
44192998623156,44193598432365
44192998623156,44193638175433
44193793697114,44193638175433
44193793697114,44194047486022
44193793697114,44194067261729
44193793697114,44194220722616
44193793697114,44194229875319
44193793697114,44194542951643
44193793697114,44194691971773
44193793697114,44195100446344
44193793697114,44195256589559
44195423392416,44195256589559
44195423392416,44195607262053
44195423392416,44195607391152
44195423392416,44195765174829
44195423392416,44195773960898
44195423392416,44196223285737
44195423392416,44196290888897
44196524623107,44196290888897
44196524623107,44196697931006
44196524623107,44196695199851
44196524623107,44196859695469
44196524623107,44196864193063
44196524623107,44197330042353
44196524623107,44197370825135
44197583865861,44197370825135
44197583865861,44197814286224
44197583865861,44197843487528
44197583865861,44198004956307
44197583865861,44197972530671
44197583865861,44198281912566
44197583865861,44198482365130
44198685731720,44198482365130
44198685731720,44198994640222
44198685731720,44198983302825
44198685731720,44199119319719
44198685731720,44199174725941
44198685731720,44199423668307
44198685731720,44199572546346
44198685731720,44199902477452
44199758954784,44199902477452
44199758954784,44199897064289
44199758954784,44200080610447
44199758954784,44200105863883
44199758954784,44200415936403
44199758954784,44200524822769
44200750076769,44200524822769
44200750076769,44200925151778
44200750076769,44200901175098
44200750076769,44201050163454
44200750076769,44201120440930
44200750076769,44201516819127
44200750076769,44201648925064
44200750076769,44201906190987
44201916143219,44201906190987
44201916143219,44202147134848
44201916143219,44202183209003
44201916143219,44202328353908
44201916143219,44202552365266
44201916143219,44202615739423
44202812775255,44202615739423
44202812775255,44203035466402
44202812775255,44203042437960
44202812775255,44203220407187
44202812775255,44203200350570
44202812775255,44203550744585
44202812775255,44203617606338
44203784153657,44203617606338
44203784153657,44203983066674
44203784153657,44204068652877
44203784153657,44204139685214
44203784153657,44204207681383
44203784153657,44204523326263
44203784153657,44204643221246
44203784153657,44204886502890
