25138411575929,25139209170356
25138411575929,25139716603668
25139719587706,25139716603668
25139719587706,25139916186804
25139719587706,25140095963563
25139719587706,25140245394814
25139719587706,25140520991631
25140557130488,25140520991631
25140557130488,25140770251410
25140557130488,25141031219832
25140557130488,25141194084993
25140557130488,25141404348872
25141505681547,25141404348872
25141505681547,25141723678767
25141505681547,25141973175400
25141505681547,25142183478465
25141505681547,25142697038406
25142699279582,25142697038406
25142699279582,25142849178896
25142699279582,25142990378405
25142699279582,25143126169870
25143128773201,25143126169870
25143128773201,25143339379788
25143128773201,25143538015481
25143128773201,25143749279345
25143128773201,25144082502061
25143128773201,25144476482801
25144478727779,25144476482801
25144478727779,25144758173210
25144478727779,25144901231016
25144478727779,25145111392926
25144478727779,25145453736382
25145455484815,25145453736382
25145455484815,25145712175008
25145455484815,25145979230652
25145455484815,25146129578037
25145455484815,25146314590344
25146569751954,25146314590344
25146569751954,25146769625214
25146569751954,25146947189351
25146569751954,25147097168649
25147098920579,25147097168649
25147098920579,25147283200142
25147098920579,25147490579708
25147098920579,25147656081435
25147098920579,25147942742669
25147098920579,25148318713917
25148322225324,25148318713917
25148322225324,25148522663583
25148322225324,25148660665965
25148322225324,25148897439870
25148899704342,25148897439870
25148899704342,25149104090043
25148899704342,25149248018665
25148899704342,25149462256443
25148899704342,25149671941535
25148899704342,25150127349623
25150129607884,25150127349623
25150129607884,25150318521514
25150129607884,25150633131579
25150129607884,25150802159058
25150804835590,25150802159058
25150804835590,25151031792821
25150804835590,25151228988194
25150804835590,25151377185190
25150804835590,25151568967985
25150804835590,25152004612390
25152022435552,25152004612390
25152022435552,25152250559079
25152022435552,25152478351733
25152022435552,25152672865679
25152022435552,25152919730080
25152999295910,25152919730080
25152999295910,25153253450734
25152999295910,25153456285556
25152999295910,25153696853640
25152999295910,25153986371915
25153988939899,25153986371915
25153988939899,25154261822173
25153988939899,25154426148237
25154469235687,25154426148237
25154469235687,25154642801427
25154469235687,25154771601677
25154469235687,25154942152278
25154469235687,25155136544985
25154469235687,25155372192065
25154469235687,25155697689959
25155810241453,25155697689959
25155810241453,25156115576766
25155810241453,25156360242358
25155810241453,25156489303759
25155810241453,25156631091212
25156633749831,25156631091212
25156633749831,25156865286155
25156633749831,25157054275084
25156633749831,25157292835935
25156633749831,25157594960128
25157622088516,25157594960128
25157622088516,25157928412628
25157622088516,25158171291616
25157622088516,25158369469931
25157622088516,25158692383475
25157622088516,25158891709287
25158701722547,25158891709287
25158701722547,25159130014515
25158701722547,25159309511168
25158701722547,25159454177587
25159311802553,25159454177587
25159311802553,25159601966370
25159311802553,25159837117589
25159311802553,25159992983782
25160014354951,25159992983782
25160014354951,25160196200600
25160014354951,25160385155303
25160014354951,25160552684914
25160014354951,25161000253346
25160014354951,25161376432140
25161399587052,25161376432140
25161399587052,25161561930890
25161399587052,25161835911601
25161399587052,25161963304589
25161399587052,25162219061210
25162231738548,25162219061210
25162231738548,25162396097204
25162231738548,25162596266833
25162231738548,25162753583989
25162231738548,25163027506580
25163071797212,25163027506580
25163071797212,25163320767492
25163071797212,25163503757887
25163071797212,25163611662056
25163071797212,25164341745813
25164345014724,25164341745813
25164345014724,25164609193340
25164345014724,25164828759946
25164832772481,25164828759946
25164832772481,25165382791174
25164832772481,25165544233719
25164832772481,25165684178917
25164832772481,25165844466917
25164832772481,25166014182653
25164832772481,25166352254474
25166362222620,25166352254474
25166362222620,25166532120268
25166362222620,25166743025137
25166362222620,25166902254279
25166362222620,25167244881847
25167260806501,25167244881847
25167260806501,25167516362680
25167260806501,25167775245562
25167260806501,25167971860724
25167260806501,25168146607799
25168148549257,25168146607799
25168148549257,25168355475235
25168148549257,25168524396609
25168148549257,25168769456199
25168148549257,25168948609512
25168971933894,25168948609512
25168971933894,25169145454198
25168971933894,25169323430582
25168971933894,25169514696378
25168971933894,25169850604647
25168971933894,25170055187648
25169869359743,25170055187648
25169869359743,25170374578886
25169869359743,25170549166782
25169869359743,25170810135656
25170869332636,25170810135656
25170869332636,25171125255373
25170869332636,25171290398390
25170869332636,25171430405873
25170869332636,25171727346315
25170869332636,25171915804969
25171731745996,25171915804969
25171731745996,25172128220140
25171731745996,25172317041344
25171731745996,25172636429420
25172643038302,25172636429420
25172643038302,25172929426534
25172643038302,25173119199771
25172643038302,25173271505929
25172643038302,25173616639551
25173695298102,25173616639551
25173695298102,25173973313570
25173695298102,25174117024068
25173695298102,25174326174624
25173695298102,25174624838202
25174626924778,25174624838202
25174626924778,25174875369417
25174626924778,25175026785264
25174626924778,25175232787908
25175234479564,25175232787908
25175234479564,25175401468157
25175234479564,25175569841554
25175234479564,25175738471872
25175234479564,25175944341368
25176093750729,25175944341368
25176093750729,25176407668019
25176093750729,25176598889224
25176093750729,25176749736663
25176093750729,25176893307008
25176093750729,25177371272335
25177411813617,25177371272335
25177411813617,25177622601546
25177411813617,25177861597440
25177411813617,25178041341896
25177411813617,25178344465776
25178346380653,25178344465776
25178346380653,25178530332211
25178346380653,25178695330791
25178346380653,25178843516958
25178854659008,25178843516958
25178854659008,25179105153572
25178854659008,25179282985407
25178854659008,25179465880833
25178854659008,25179712586830
25178854659008,25180210595873
25180214512481,25180210595873
25180214512481,25180435331593
25180214512481,25180626864935
25180214512481,25180783904180
25180785306945,25180783904180
25180785306945,25180956980597
25180785306945,25181135856410
25180785306945,25181315724280
25180785306945,25181636091787
25180785306945,25182170681361
25182267760838,25182170681361
25182267760838,25182471808328
25182267760838,25182650199352
25182267760838,25182880373468
25182267760838,25183045941590
25182882732597,25183045941590
25182882732597,25183194545431
25182882732597,25183360202001
25182882732597,25183651403261
25182882732597,25184071317797
25184082881506,25184071317797
25184082881506,25184320634510
25184082881506,25184586650508
25184082881506,25184781124009
25184783982522,25184781124009
25184783982522,25184961622801
25184783982522,25185085354732
25184783982522,25185259191732
25184783982522,25185489723955
25185491594036,25185489723955
25185491594036,25185699562332
25185491594036,25185971379030
25185491594036,25186161011761
25185491594036,25186411354649
25185491594036,25186847934837
25186851463627,25186847934837
25186851463627,25187104421198
25186851463627,25187353718043
25186851463627,25187580302000
25186851463627,25187869412098
25187872161996,25187869412098
25187872161996,25188084229445
25187872161996,25188255469361
25187872161996,25188504042611
25187872161996,25188627065432
25188764083022,25188627065432
25188764083022,25189009621020
25188764083022,25189281139892
25188764083022,25189444833286
25189450120436,25189444833286
25189450120436,25189646454255
25189450120436,25189827238604
25189450120436,25189975281012
25189450120436,25190148184566
25189450120436,25190631619260
25190720674989,25190631619260
25190720674989,25190999907320
25190720674989,25191210335148
25191293019334,25191210335148
25191293019334,25191477964877
25191293019334,25191625409479
25191293019334,25191763864877
25191293019334,25191935104220
25191293019334,25192214169562
25191293019334,25192527490902
25192563078176,25192527490902
25192563078176,25192780023580
25192563078176,25192948656154
25192563078176,25193094064039
25193095184560,25193094064039
25193095184560,25193291876290
25193095184560,25193446240353
25193095184560,25193626091633
25193095184560,25193898547064
25193095184560,25194397668332
25194428095075,25194397668332
25194428095075,25194690398469
25194428095075,25194871574012
25194428095075,25195044481800
25195049816321,25195044481800
25195049816321,25195287817083
25195049816321,25195462172165
25195049816321,25195614182974
25195049816321,25195815658747
25195816821703,25195815658747
25195816821703,25196064942542
25195816821703,25196209635169
25195816821703,25196371164029
25195816821703,25196588218264
25195816821703,25197159242538
25197161837784,25197159242538
25197161837784,25197401058861
25197161837784,25197629460277
25197161837784,25197827254250
25197832686393,25197827254250
25197832686393,25198005138163
25197832686393,25198150013189
25197832686393,25198333113471
25197832686393,25198499523203
25197832686393,25198882801131
25198958516431,25198882801131
25198958516431,25199238873795
25198958516431,25199390574089
25198958516431,25199530035296
25198958516431,25199837483832
25199839997787,25199837483832
25199839997787,25200026268433
25199839997787,25200253203043
25199839997787,25200416958145
25200418725241,25200416958145
25200418725241,25200582022601
25200418725241,25200754879229
25200418725241,25200913256185
25200418725241,25201224531680
25201226196869,25201224531680
25201226196869,25201424487079
25201226196869,25201613325061
25201226196869,25201800337144
25201226196869,25202130836884
25202178831522,25202130836884
25202178831522,25202418193415
25202178831522,25202597276829
25202178831522,25202745812097
25202178831522,25203046763881
25202178831522,25203630363202
25203752730118,25203630363202
25203752730118,25203984174391
25203752730118,25204135199296
25203752730118,25204330744925
25203752730118,25204648835542
25204673185537,25204648835542
25204673185537,25204904951585
25204673185537,25205147850724
25205149920793,25205147850724
25205149920793,25205312862075
25205149920793,25205471737832
25205149920793,25205638058821
25205149920793,25205836855036
25205149920793,25206001063507
25206055296493,25206001063507
25206055296493,25206259506410
25206055296493,25206453701122
25206055296493,25206601316566
25206055296493,25206889061371
25206055296493,25207392283286
25207394463941,25207392283286
25207394463941,25207668394026
25207394463941,25207830545030
25207394463941,25207975348027
25207976462711,25207975348027
25207976462711,25208193365824
25207976462711,25208350306431
25207976462711,25208522227300
25207976462711,25208834112889
25207976462711,25209298067495
25209378149607,25209298067495
25209378149607,25209611157076
25209378149607,25209790883994
25209378149607,25209931341647
25209933826649,25209931341647
25209933826649,25210180677377
25209933826649,25210345923151
25209933826649,25210552247616
25209933826649,25210832457365
25209933826649,25211273727455
25211276921903,25211273727455
25211276921903,25211436793851
25211276921903,25211573951851
25211276921903,25211753356362
25211276921903,25212050351916
25212114518352,25212050351916
25212114518352,25212259143453
25212114518352,25212560804396
25212114518352,25212719652498
25212721103374,25212719652498
25212721103374,25212969723302
25212721103374,25213151680751
25212721103374,25213317182290
25212721103374,25213421646476
25212721103374,25213897037229
25213992822928,25213897037229
25213992822928,25214241176820
25213992822928,25214452831271
25213992822928,25214654762772
25214657253710,25214654762772
25214657253710,25214874872922
25214657253710,25215016882595
25214657253710,25215180214017
25214657253710,25215351285688
25214657253710,25215786714921
25215859197448,25215786714921
25215859197448,25216141240957
25215859197448,25216401759424
25215859197448,25216578098892
25215859197448,25216904589532
25216909491412,25216904589532
25216909491412,25217113190031
25216909491412,25217268024521
25216909491412,25217445859590
25216909491412,25217710897667
25217790837132,25217710897667
25217790837132,25218028902694
25217790837132,25218228034026
25217790837132,25218401345682
25217790837132,25218791340627
25218834658290,25218791340627
25218834658290,25219045992901
25218834658290,25219244939768
25218834658290,25219422163109
25218834658290,25219704297841
25219775497741,25219704297841
25219775497741,25220049986506
25219775497741,25220347171444
25219775497741,25220527174645
25219775497741,25220695346870
25220698088687,25220695346870
25220698088687,25220949197188
25220698088687,25221120475983
25220698088687,25221298123676
25220698088687,25221494668457
25221594538077,25221494668457
25221594538077,25221853060248
25221594538077,25222017204751
25221594538077,25222478348537
25222513709677,25222478348537
25222513709677,25222759482426
25222513709677,25222950425083
25222513709677,25223154902085
25222513709677,25223415295198
25222513709677,25223921726791
25223925761996,25223921726791
25223925761996,25224165906907
25223925761996,25224304303897
25223925761996,25224483189062
25224484380522,25224483189062
25224484380522,25224678199285
25224484380522,25224859427895
25224484380522,25224988123289
25224484380522,25225349682130
25224484380522,25225726264526
25224484380522,25225955650492
25225792243779,25225955650492
25225792243779,25226147292651
25225792243779,25226358860671
25225792243779,25226747395334
25226809641273,25226747395334
25226809641273,25226999135728
25226809641273,25227156317916
25226809641273,25227327910951
25226809641273,25227883612369
25226809641273,25228088536620
25227886431843,25228088536620
25227886431843,25228371344778
25227886431843,25228540627380
25227886431843,25228743650319
25228832267818,25228743650319
25228832267818,25229008074844
25228832267818,25229250380212
25229257780723,25229250380212
25229257780723,25229483696890
25229257780723,25229647166076
25229257780723,25229766587632
25229257780723,25229923077995
25229257780723,25230398053438
25229257780723,25230875625551
25230878290117,25230875625551
25230878290117,25231069407616
25230878290117,25231260158989
25230878290117,25231511895376
25230878290117,25231641637206
25231727696446,25231641637206
25231727696446,25231977376232
25231727696446,25232140109922
25231727696446,25232308382529
25232309769563,25232308382529
25232309769563,25232590237357
25232309769563,25232794617547
25232309769563,25232961392810
25232309769563,25233174248529
25232309769563,25233597363638
25233602178567,25233597363638
25233602178567,25233889569684
25233602178567,25234020304705
25233602178567,25234206279403
25233602178567,25234506649516
25234613538779,25234506649516
25234613538779,25234913374021
25234613538779,25235034412910
25234613538779,25235167355037
25235199858522,25235167355037
25235199858522,25235392206146
25235199858522,25235645803515
25235199858522,25235876603682
25235199858522,25236025463850
25235199858522,25236482914222
25236575132408,25236482914222
25236575132408,25236807363271
25236575132408,25237016580285
25236575132408,25237180552361
25236575132408,25237374459339
25237431889494,25237374459339
25237431889494,25237698040027
25237431889494,25237864383069
25237431889494,25238041301888
25238042620163,25238041301888
25238042620163,25238195993949
25238042620163,25238442287116
25238042620163,25238604272418
25238042620163,25238871980328
25238042620163,25239285271186
25239334134916,25239285271186
25239334134916,25239514608304
25239334134916,25239718751765
25239334134916,25239918332406
25239334134916,25240260699948
25240263809279,25240260699948
25240263809279,25240419238963
25240263809279,25240613896567
25240654381560,25240613896567
25240654381560,25240857310434
25240654381560,25241024303937
25240654381560,25241161810610
25240654381560,25241314375903
25240654381560,25241534497235
25240654381560,25241938266683
25241973211547,25241938266683
25241973211547,25242134288426
25241973211547,25242356394186
25241973211547,25242543662701
25241973211547,25242874197255
25242923234677,25242874197255
25242923234677,25243158630626
25242923234677,25243376766174
25242923234677,25243527341089
25243528971375,25243527341089
25243528971375,25243759158865
25243528971375,25243911374220
25243528971375,25244075572242
25243528971375,25244341261077
25243528971375,25244756692160
25244845834057,25244756692160
25244845834057,25245091922688
25244845834057,25245248744133
25244845834057,25245423623443
25245425525202,25245423623443
25245425525202,25245661946829
25245425525202,25245866963423
25245425525202,25246044683591
25245425525202,25246326081896
25245425525202,25246852745267
25246929635839,25246852745267
25246929635839,25247152754178
25246929635839,25247341091026
25246929635839,25247550380308
25246929635839,25247785454927
25247787341951,25247785454927
25247787341951,25248027544767
25247787341951,25248294135607
25247787341951,25248511991774
25247787341951,25248749589516
25248812261449,25248749589516
25248812261449,25248980190919
25248812261449,25249200066041
25248812261449,25249432653308
25249434890764,25249432653308
25249434890764,25249658099138
25249434890764,25249810332348
25249434890764,25249967781084
25249434890764,25250179883011
25249434890764,25250583700421
25250604159486,25250583700421
25250604159486,25250802508953
25250604159486,25250979566147
25250604159486,25251200118035
25251202330487,25251200118035
25251202330487,25251382722063
25251202330487,25251567725287
25251202330487,25251754047815
25251202330487,25251980188211
25251202330487,25252512920243
25252528633195,25252512920243
25252528633195,25252741767920
25252528633195,25252974664527
25252528633195,25253149391561
25252528633195,25253478266265
25253482828616,25253478266265
25253482828616,25253747474046
25253482828616,25253960585160
25253482828616,25254128756075
25253482828616,25254293186626
25254379955120,25254293186626
25254379955120,25254640404731
25254379955120,25254782371917
25254379955120,25254953657737
25254957105263,25254953657737
25254957105263,25255229763336
25254957105263,25255345561033
25254957105263,25255570945534
25254957105263,25255761911582
25254957105263,25256319775261
25256322181860,25256319775261
25256322181860,25256543132069
25256322181860,25256694485464
25256322181860,25256927446428
25256322181860,25257093487780
25257201025589,25257093487780
25257201025589,25257418335140
25257201025589,25257598016861
25257201025589,25257798348315
25257201025589,25258248177669
25258250710421,25258248177669
25258250710421,25258447397799
25258250710421,25258576078957
25258250710421,25258723669396
25258250710421,25259130157071
25259144438757,25259130157071
25259144438757,25259355956030
25259144438757,25259522883678
25259144438757,25259701525304
25259144438757,25259990782640
25260093779372,25259990782640
25260093779372,25260404814202
25260093779372,25260564486590
25260093779372,25260743979508
25260093779372,25261086122221
25261092222655,25261086122221
25261092222655,25261291614540
25261092222655,25261401708128
25261092222655,25261583538789
25261587497711,25261583538789
25261587497711,25261776936596
25261587497711,25261923266911
25261587497711,25262106306624
25261587497711,25262340704763
25261587497711,25262745391119
25262781809875,25262745391119
25262781809875,25263020293147
25262781809875,25263174023249
25262781809875,25263345868832
25262781809875,25263769456760
25263771639352,25263769456760
25263771639352,25264038237000
25263771639352,25264173147138
25263771639352,25264332193346
25263771639352,25264660817923
25264731326396,25264660817923
25264731326396,25265002393540
25264731326396,25265187222604
25264731326396,25265323148287
25265324594357,25265323148287
25265324594357,25265512746199
25265324594357,25265635333011
25265324594357,25265818998370
25265324594357,25265967452937
25265324594357,25266557498606
25266560176555,25266557498606
25266560176555,25266844037636
25266560176555,25267005802390
25266560176555,25267194940722
25266560176555,25267358184837
25267509874497,25267358184837
25267509874497,25267707904736
25267509874497,25267869016258
25267509874497,25268086395113
25267509874497,25268327489833
25267509874497,25268574038709
25268436912317,25268574038709
25268436912317,25268789747589
25268436912317,25269013565247
25269015870870,25269013565247
25269015870870,25269223542298
25269015870870,25269376299090
25269015870870,25269512001557
25269015870870,25269730274319
25269015870870,25270154361622
25270248315384,25270154361622
25270248315384,25270457745272
25270248315384,25270633233877
25270248315384,25270884845705
25270248315384,25271223787965
25271241357684,25271223787965
25271241357684,25271545738948
25271241357684,25271687224256
25271241357684,25271879387737
25271882413214,25271879387737
25271882413214,25272044910623
25271882413214,25272212349778
25271882413214,25272416019736
25271882413214,25272556941690
25271882413214,25273069606566
25273084894826,25273069606566
25273084894826,25273275202480
25273084894826,25273473309525
25273084894826,25273690845620
25273084894826,25273868535304
25274047981089,25273868535304
25274047981089,25274312699827
25274047981089,25274465160821
25274047981089,25274605056599
25274047981089,25274947844460
25274996311582,25274947844460
25274996311582,25275198109529
25274996311582,25275381093274
25274996311582,25275590214862
25275591813088,25275590214862
25275591813088,25275771350135
25275591813088,25275932214697
25275591813088,25276097486582
25275591813088,25276373321853
25275591813088,25276815360029
25276820689585,25276815360029
25276820689585,25277050157580
25276820689585,25277256868031
25277321072574,25277256868031
25277321072574,25277551545835
25277321072574,25277721867071
25277321072574,25277868633754
25277321072574,25278019355220
25277321072574,25278193998199
25277321072574,25278737982440
25278740401241,25278737982440
25278740401241,25278949563259
25278740401241,25279156801341
25279159122574,25279156801341
25279159122574,25279342606794
25279159122574,25279497362799
25279159122574,25279626967054
25279159122574,25279774338207
25279159122574,25279926104257
25280030462398,25279926104257
25280030462398,25280271489798
25280030462398,25280489157465
25280030462398,25280675293371
25280030462398,25280963884951
25280030462398,25281499076771
25281501124344,25281499076771
25281501124344,25281756778514
25281501124344,25281940307817
25281501124344,25282073375910
25282075917766,25282073375910
25282075917766,25282278791919
25282075917766,25282590330218
25282075917766,25282742523632
25282075917766,25282895043592
25282075917766,25283416608432
25283419047849,25283416608432
25283419047849,25283662765177
25283419047849,25283863722607
25283419047849,25283998144542
25283419047849,25284367723416
25284388092121,25284367723416
25284388092121,25284604369502
25284388092121,25284837054803
25284388092121,25285022451010
25285025175891,25285022451010
25285025175891,25285292293206
25285025175891,25285442862304
25285025175891,25285673783685
25285025175891,25285806757629
25285025175891,25286237778945
25286414035855,25286237778945
25286414035855,25286641601923
25286414035855,25286777235870
25286414035855,25286923230367
25286928895883,25286923230367
25286928895883,25287129871171
25286928895883,25287250647664
25286928895883,25287404792480
25286928895883,25287659172588
25286928895883,25288078255766
25288273738042,25288078255766
25288273738042,25288500922867
25288273738042,25288657932108
25288273738042,25288799704068
25288273738042,25289017092937
25289085770873,25289017092937
25289085770873,25289331589706
25289085770873,25289526240914
25289085770873,25289722620469
25289085770873,25289980923823
25290064983757,25289980923823
25290064983757,25290209412759
25290064983757,25290446098792
25290064983757,25290597037140
25290064983757,25290919570884
25291003478772,25290919570884
25291003478772,25291274912899
25291003478772,25291516261228
25291003478772,25291697332112
25291003478772,25291920419904
25291945170295,25291920419904
25291945170295,25292160550144
25291945170295,25292330446647
25291945170295,25292457375623
25291945170295,25292837446741
25292856546500,25292837446741
25292856546500,25293083880823
25292856546500,25293238331208
25292856546500,25293446650327
25292856546500,25293730632994
25292856546500,25293935294106
25293780909518,25293935294106
25293780909518,25294169542547
25293780909518,25294356618019
25294359125501,25294356618019
25294359125501,25294549230483
25294359125501,25294703425199
25294359125501,25294866326738
25294359125501,25295169398530
25295174600282,25295169398530
25295174600282,25295393176392
25295174600282,25295651883405
25295174600282,25295827022298
25295174600282,25295973724695
25295174600282,25296326626115
25296475447534,25296326626115
25296475447534,25296704872794
25296475447534,25296842078300
25296475447534,25296993408968
25296475447534,25297380929482
25297403609547,25297380929482
25297403609547,25297593303710
25297403609547,25297778669374
25297403609547,25297948530945
25297403609547,25298276862809
25298374367863,25298276862809
25298374367863,25298619123782
25298374367863,25298775164539
25298374367863,25298911746031
25298914952297,25298911746031
25298914952297,25299117887645
25298914952297,25299294759992
25298914952297,25299454549010
25298914952297,25299832929178
25298914952297,25300181277769
25300196475797,25300181277769
25300196475797,25300455985477
25300196475797,25300639087756
25300196475797,25300837636298
25300196475797,25301157384411
25301160019877,25301157384411
25301160019877,25301395304491
25301160019877,25301532206281
25301160019877,25301765734225
25301160019877,25302012790464
25302075653449,25302012790464
25302075653449,25302254276871
25302075653449,25302512571489
25302075653449,25302701156294
25302075653449,25303075358844
25303077467954,25303075358844
25303077467954,25303259971313
25303077467954,25303400493708
25303077467954,25303616641923
25303077467954,25303812559964
25303909963335,25303812559964
25303909963335,25304227630246
25303909963335,25304359451373
25303909963335,25304555322937
25303909963335,25304716465847
25304835684921,25304716465847
25304835684921,25305059944091
25304835684921,25305205026268
25304835684921,25305387136143
25304835684921,25305716602224
25305719060240,25305716602224
25305719060240,25305883522193
25305719060240,25306050783897
25305719060240,25306232814271
25305719060240,25306541946537
25306543769140,25306541946537
25306543769140,25306803576604
25306543769140,25306939267741
25306543769140,25307154629132
25306543769140,25307514165249
25307519062148,25307514165249
25307519062148,25307712489642
25307519062148,25307931470451
25307519062148,25308105572292
25307519062148,25308535643529
25308848149286,25308535643529
25308848149286,25309066093914
25308848149286,25309237227335
25308848149286,25309416121248
25309418942842,25309416121248
25309418942842,25309629723938
25309418942842,25309751827284
25309418942842,25309928195316
25309418942842,25310152217208
25309418942842,25310741603120
25310743561131,25310741603120
25310743561131,25311044156651
25310743561131,25311197379005
25310743561131,25311339996951
25311341934487,25311339996951
25311341934487,25311538901908
25311341934487,25311757936716
25311341934487,25311938272671
25311341934487,25312255665041
25311341934487,25312676898043
25312693574425,25312676898043
25312693574425,25312925979259
25312693574425,25313061065887
25312693574425,25313185218006
25312693574425,25313652046675
25313655031408,25313652046675
25313655031408,25313866199301
25313655031408,25314122635139
25313655031408,25314301357313
25313655031408,25314585750808
25314589742126,25314585750808
25314589742126,25314757027238
25314589742126,25314978850859
25314589742126,25315146469838
25315148749327,25315146469838
25315148749327,25315342167833
25315148749327,25315486634481
25315148749327,25315719996789
25315148749327,25316081041380
25316154132891,25316081041380
25316154132891,25316383363061
25316154132891,25316578062045
25316154132891,25316777215877
25316154132891,25317054325620
25316154132891,25317446138589
25317484896660,25317446138589
25317484896660,25317722526025
25317484896660,25317883633493
25317484896660,25318092303110
25317484896660,25318455818124
25318491657332,25318455818124
25318491657332,25318696301759
25318491657332,25318871756446
25318491657332,25319093245093
25319095442875,25319093245093
25319095442875,25319279334790
25319095442875,25319504165747
25319095442875,25319707789311
25319095442875,25320044934852
25319095442875,25320403375030
25320470851196,25320403375030
25320470851196,25320745439238
25320470851196,25320982245051
25320470851196,25321168872299
25320470851196,25321517715529
25321524170718,25321517715529
25321524170718,25321734207010
25321524170718,25321919618691
25321524170718,25322074100807
25321524170718,25322439395844
25322443245263,25322439395844
25322443245263,25322629132531
25322443245263,25322777217959
25322443245263,25323012580554
25322443245263,25323215727031
25323280469228,25323215727031
25323280469228,25323545408456
25323280469228,25323761246299
25323280469228,25323893251835
25323280469228,25324116304280
25324152311337,25324116304280
25324152311337,25324372252725
25324152311337,25324719440623
25324152311337,25324871277260
25324152311337,25325203120834
25325205077868,25325203120834
25325205077868,25325414658382
25325205077868,25325628209441
25325205077868,25325812335216
25325205077868,25325946052806
25325948426820,25325946052806
25325948426820,25326127933503
25325948426820,25326258624804
25325948426820,25326449958513
25325948426820,25326912108568
25327008965794,25326912108568
25327008965794,25327200911895
25327008965794,25327509206966
25327008965794,25327681547145
25327008965794,25327825880016
25327953761851,25327825880016
25327953761851,25328183553875
25327953761851,25328353592582
25327953761851,25328602824386
25327953761851,25328768364091
25328819089020,25328768364091
25328819089020,25329055541087
25328819089020,25329254161540
25328819089020,25329405889387
25329407385372,25329405889387
25329407385372,25329556407786
25329407385372,25329719049660
25329407385372,25329888505905
25329407385372,25330165924277
25329407385372,25330647325289
25330649498259,25330647325289
25330649498259,25330898707631
25330649498259,25331022043469
25330649498259,25331144765764
25330649498259,25331507591605
25331509679435,25331507591605
25331509679435,25331691149730
25331509679435,25331962606269
25331982755338,25331962606269
25331982755338,25332175740658
25331982755338,25332337354813
25331982755338,25332500392903
25331982755338,25332661962230
25331982755338,25332943064495
25331982755338,25333245308320
25333382547028,25333245308320
25333382547028,25333660721222
25333382547028,25333895211540
25333382547028,25334015262756
25333382547028,25334353944128
25334356815173,25334353944128
25334356815173,25334582049780
25334356815173,25334952524081
25334356815173,25335133779902
25334356815173,25335657530249
25335659835865,25335657530249
25335659835865,25335846239724
25335659835865,25336093295031
25336134190169,25336093295031
25336134190169,25336272186765
25336134190169,25336484322491
25336134190169,25336642329136
25336134190169,25336787871504
25336134190169,25336995390025
25336134190169,25337392723239
25337447600722,25337392723239
25337447600722,25337644482130
25337447600722,25337908828696
25337447600722,25338151636102
25337447600722,25338445406942
25338448733293,25338445406942
25338448733293,25338659447966
25338448733293,25338844197231
25338448733293,25338996120436
25338998236555,25338996120436
25338998236555,25339213328335
25338998236555,25339369025556
25338998236555,25339497515732
25338998236555,25339754323807
25338998236555,25340136165731
25340206571601,25340136165731
25340206571601,25340504870311
25340206571601,25340745243095
25340206571601,25340881513766
25340206571601,25341153368551
25341245675368,25341153368551
25341245675368,25341431098797
25341245675368,25341659093084
25341245675368,25341860451954
25341245675368,25342160426987
25342238784776,25342160426987
25342238784776,25342483396354
25342238784776,25342748823598
25342238784776,25342951468969
25342238784776,25343196336119
25343205561610,25343196336119
25343205561610,25343416608862
25343205561610,25343641527688
25343205561610,25343887419468
25343205561610,25344276515431
25344280015001,25344276515431
25344280015001,25344500461812
25344280015001,25344651137967
25344280015001,25344818618948
25344820355044,25344818618948
25344820355044,25345076804378
25344820355044,25345256554730
25344820355044,25345455923205
25344820355044,25345604792790
25344820355044,25345959303136
25346027896256,25345959303136
25346027896256,25346301323293
25346027896256,25346477539834
25346027896256,25346643774976
25346027896256,25346960451484
25346962322593,25346960451484
25346962322593,25347195642309
25346962322593,25347403162687
25346962322593,25347563190737
25346962322593,25347701716678
25347844186356,25347701716678
25347844186356,25348089655552
25347844186356,25348214832370
25347844186356,25348403309666
25347844186356,25348826177673
25348828075063,25348826177673
25348828075063,25349074202353
25348828075063,25349877607201
25348828075063,25350037468250
25350045329386,25350037468250
25350045329386,25350322328985
25350045329386,25350489229205
25350045329386,25350656390918
25350045329386,25350897430051
25350045329386,25351420831990
25351422983860,25351420831990
25351422983860,25351646264838
25351422983860,25351803281788
25351422983860,25352046297037
25351422983860,25352273321632
25352486376345,25352273321632
25352486376345,25352753058106
25352486376345,25352883907729
25352486376345,25353057201068
25352486376345,25353312885361
25353314489110,25353312885361
25353314489110,25353508692028
25353314489110,25353726078903
25353750911852,25353726078903
25353750911852,25353973261938
25353750911852,25354182638629
25353750911852,25354346556375
25353750911852,25354516954911
25353750911852,25354708088996
25353750911852,25355035123873
25355073266413,25355035123873
25355073266413,25355310775202
25355073266413,25355464820058
25355073266413,25355763083607
25355767095658,25355763083607
25355767095658,25355901960893
25355767095658,25356072232629
25355767095658,25356258531297
25355767095658,25356442192138
25355767095658,25356932043117
25356937605786,25356932043117
25356937605786,25357136844489
25356937605786,25357286693403
25356937605786,25357452380738
25356937605786,25357726464365
25357859271321,25357726464365
25357859271321,25358076443811
25357859271321,25358285076838
25357859271321,25358472353752
25357859271321,25358816572650
25358820052129,25358816572650
25358820052129,25359066299938
25358820052129,25359233247270
25358820052129,25359410974668
25358820052129,25359648636342
25359738101641,25359648636342
25359738101641,25360006374667
25359738101641,25360229059868
25359738101641,25360409515582
25359738101641,25360688446416
25360733044320,25360688446416
25360733044320,25361014242409
25360733044320,25361265745057
25360733044320,25361434954146
25361437865877,25361434954146
25361437865877,25361643406210
25361437865877,25361775812521
25361437865877,25361959439139
25361437865877,25362156983541
25361437865877,25362571237979
25361437865877,25362887546896
25362718484132,25362887546896
25362718484132,25363193134637
25362718484132,25363362084699
25362718484132,25363585751080
25363607876669,25363585751080
25363607876669,25363874529963
25363607876669,25364152143889
25363607876669,25364307847124
25363607876669,25364439375786
25364441881451,25364439375786
25364441881451,25364655297680
25364441881451,25364803848288
25364441881451,25364961103610
25364441881451,25365461257362
25365464284413,25365461257362
25365464284413,25365709378360
25365464284413,25365881012849
25365464284413,25366071211884
25365464284413,25366347175567
25366437894014,25366347175567
25366437894014,25366762478680
25366437894014,25366919127906
25366437894014,25367071107465
25367073752034,25367071107465
25367073752034,25367260041547
25367073752034,25367402797858
25367073752034,25367569211711
25367073752034,25367730727827
25367861301196,25367730727827
25367861301196,25368071566202
25367861301196,25368241103714
25367861301196,25368350817122
25367861301196,25368770502802
25367861301196,25369068563360
25369153382646,25369068563360
25369153382646,25369376384502
25369153382646,25369683691930
25369688119518,25369683691930
25369688119518,25369922118492
25369688119518,25370088382753
25369688119518,25370261732890
25369688119518,25370406062493
25369688119518,25370591258003
25369688119518,25370912078614
25370960549230,25370912078614
25370960549230,25371246427982
25370960549230,25371452268740
25370960549230,25371617265632
25370960549230,25371839666395
25371860134739,25371839666395
25371860134739,25372037245303
25371860134739,25372221188428
25371860134739,25372468068863
25371860134739,25372616840304
25372769738506,25372616840304
25372769738506,25372952777525
25372769738506,25373111176875
25372769738506,25373360254443
25372769738506,25373538806845
25373645566840,25373538806845
25373645566840,25373865621357
25373645566840,25374073252514
25373645566840,25374265968766
25373645566840,25374630219306
25374632710068,25374630219306
25374632710068,25374837458091
25374632710068,25375006089220
25374632710068,25375253094280
25375255371811,25375253094280
25375255371811,25375516353325
25375255371811,25375699753783
25375255371811,25375848278394
25375255371811,25376005915306
25375255371811,25376388999885
25376409600539,25376388999885
25376409600539,25376664278581
25376409600539,25376848533265
25376409600539,25377061608478
25377064878223,25377061608478
25377064878223,25377250640488
25377064878223,25377417854075
25377064878223,25377567487313
25377064878223,25377892647064
25377064878223,25378351784400
25378528060379,25378351784400
25378528060379,25378695908302
25378528060379,25378895423620
25378528060379,25379074167572
25379075976538,25379074167572
25379075976538,25379205127103
25379075976538,25379357273006
25379075976538,25379523444328
25379075976538,25379710906496
25379075976538,25380159809850
25380234751340,25380159809850
25380234751340,25380453111578
25380234751340,25380618595618
25380234751340,25380830824129
25380871770010,25380830824129
25380871770010,25381018066595
25380871770010,25381141072492
25380871770010,25381342953654
25380871770010,25381570378386
25380871770010,25381998694483
25382375357691,25381998694483
25382375357691,25382578245434
25382375357691,25382709360418
25382375357691,25382866645551
25382375357691,25383244315788
25383365998246,25383244315788
25383365998246,25383613322936
25383365998246,25383757571029
25383365998246,25383957638787
25383365998246,25384207480615
25384338068526,25384207480615
25384338068526,25384513253528
25384338068526,25384778357182
25384338068526,25384970753848
25384338068526,25385273690273
25384338068526,25385487075910
25385321302190,25385487075910
25385321302190,25385631597714
25385321302190,25385841313599
25385321302190,25386159904232
25386358729614,25386159904232
25386358729614,25386529664570
25386358729614,25386688113223
25386358729614,25386832866922
25386358729614,25387016358488
25386834895541,25387016358488
25386834895541,25387267445320
25386834895541,25387417470037
25386834895541,25387701335011
25386834895541,25388141678545
25388250074182,25388141678545
25388250074182,25388434699330
25388250074182,25388681379086
25388250074182,25388886173772
25388250074182,25389166350768
25389314924431,25389166350768
25389314924431,25389758663287
25389314924431,25389889519470
25389314924431,25390016932667
25389314924431,25390515760567
25390546028200,25390515760567
25390546028200,25390793260281
25390546028200,25391016117212
25390546028200,25391164049977
25390546028200,25391408666787
25391469113627,25391408666787
25391469113627,25391703756473
25391469113627,25391883053171
25391469113627,25392072122644
25391469113627,25392309479524
25392326386987,25392309479524
25392326386987,25392545365433
25392326386987,25392744821391
25392326386987,25392914640394
25392326386987,25393151813147
25393195856611,25393151813147
25393195856611,25393400112512
25393195856611,25393673623392
25393195856611,25393839904399
25393195856611,25394172234250
25394174147809,25394172234250
25394174147809,25394383313145
25394174147809,25394520932475
25394174147809,25394749304908
25394174147809,25395080997771
25395151351359,25395080997771
25395151351359,25395313200479
25395151351359,25395536706096
25395151351359,25395675381661
25395884631005,25395675381661
25395884631005,25396034300608
25395884631005,25396220373224
25395884631005,25396371593762
25395884631005,25396567545292
25396583025978,25396567545292
25396583025978,25396840013475
25396583025978,25397082480806
25396583025978,25397324503050
25396583025978,25397532269101
25396583025978,25398014294581
25398189057901,25398014294581
25398189057901,25398430926411
25398189057901,25398564441691
25398189057901,25398696839480
25398189057901,25399033264843
25399035564086,25399033264843
25399035564086,25399245380329
25399035564086,25399437158730
25399035564086,25399640283598
25399641527314,25399640283598
25399641527314,25399825378321
25399641527314,25400051407624
25399641527314,25400177266658
25399641527314,25400410138081
25399641527314,25400888455561
25400891255441,25400888455561
25400891255441,25401058755840
25400891255441,25401323603244
25400891255441,25401490398618
25400891255441,25401801727750
25401808631315,25401801727750
25401808631315,25401999023271
25401808631315,25402257300414
25401808631315,25402445786408
25401808631315,25402746676250
25402757235321,25402746676250
25402757235321,25403050763776
25402757235321,25403609392312
25402757235321,25403792890086
25402757235321,25403912387543
25403913782751,25403912387543
25403913782751,25404137875128
25403913782751,25404341432051
25403913782751,25404505485822
25403913782751,25404795813002
25404850812429,25404795813002
25404850812429,25405052281481
25404850812429,25405264693555
25404850812429,25405414040186
25404850812429,25405863566950
25405865137578,25405863566950
25405865137578,25406075050223
25405865137578,25406268249471
25405865137578,25406411603538
25405865137578,25406776345331
25406836965093,25406776345331
25406836965093,25407082426018
25406836965093,25407234328133
25406836965093,25407474830707
25407477855101,25407474830707
25407477855101,25407641131435
25407477855101,25407788595636
25407477855101,25408018261489
25407477855101,25408181506294
25407477855101,25408749439323
25408751720398,25408749439323
25408751720398,25408957545444
25408751720398,25409102706590
25408751720398,25409257843593
25408751720398,25409557625420
25409667697470,25409557625420
25409667697470,25409879946178
25409667697470,25410038172485
25409667697470,25410275220950
25409667697470,25410540825252
25410579115096,25410540825252
25410579115096,25410787926949
25410579115096,25410974539950
25410579115096,25411262671017
25410579115096,25411593131479
25411595216054,25411593131479
25411595216054,25411796369923
25411595216054,25412129392119
25411595216054,25412346636657
25411595216054,25412510150765
25412512623531,25412510150765
25412512623531,25412672361087
25412512623531,25412843324813
25412512623531,25413103441028
25412512623531,25413601248977
25413603314514,25413601248977
25413603314514,25413816879480
25413603314514,25413972286685
25413603314514,25414115130710
25414118053658,25414115130710
25414118053658,25414314466906
25414118053658,25414501430642
25414118053658,25414701221178
25414118053658,25414899276503
25414118053658,25415395190857
25415599834220,25415395190857
25415599834220,25415782080053
25415599834220,25415937452585
25415599834220,25416103920856
25415599834220,25416285064109
25416341249716,25416285064109
25416341249716,25416587955390
25416341249716,25416823632795
25416341249716,25416975972952
25416341249716,25417272713233
25417284478156,25417272713233
25417284478156,25417540650422
25417284478156,25417667093049
25417284478156,25417833456039
25417836942928,25417833456039
25417836942928,25418043209552
25417836942928,25418185538131
25417836942928,25418336865246
25417836942928,25418652795807
25417836942928,25419072332761
25419145569828,25419072332761
25419145569828,25419372092413
25419145569828,25419584138728
25419145569828,25419754863971
25419145569828,25420092901055
25420095049178,25420092901055
25420095049178,25420293738602
25420095049178,25420478449464
25420095049178,25420621712633
25420095049178,25421015287920
25421017664643,25421015287920
25421017664643,25421307162957
25421017664643,25421501888923
25421017664643,25421643036637
25421017664643,25421894135722
25421896343053,25421894135722
25421896343053,25422108968919
25421896343053,25422314824299
25421896343053,25422515041362
25421896343053,25422901800426
25422911374476,25422901800426
25422911374476,25423078857855
25422911374476,25423288775807
25422911374476,25423485535004
25422911374476,25423782499619
25423791104629,25423782499619
25423791104629,25423993319280
25423791104629,25424230557591
25423791104629,25424410299428
25423791104629,25424614939298
25424685300697,25424614939298
25424685300697,25424884035837
25424685300697,25425139900729
25424685300697,25425309089740
25424685300697,25425627719866
25425630155043,25425627719866
25425630155043,25425843780366
25425630155043,25426113342328
25425630155043,25426286294787
25426289021070,25426286294787
25426289021070,25426590538924
25426289021070,25426721977152
25426289021070,25426873704493
25426289021070,25427038837181
25426289021070,25427419970702
25427429120446,25427419970702
25427429120446,25427660208653
25427429120446,25427852188220
25427429120446,25428029674888
25427429120446,25428331272422
25428334284407,25428331272422
25428334284407,25428556336017
25428334284407,25428719817748
25428334284407,25428894284859
25428896967452,25428894284859
25428896967452,25429150263040
25428896967452,25429319937515
25428896967452,25429491042422
25428896967452,25429645254010
25428896967452,25430098809679
25430101525199,25430098809679
25430101525199,25430398358963
25430101525199,25430591873806
25430101525199,25430791810455
25430101525199,25430936192583
25431050015709,25430936192583
25431050015709,25431293180504
25431050015709,25431444224633
25431050015709,25431617182396
25431619294136,25431617182396
25431619294136,25431874937433
25431619294136,25432051049446
25431619294136,25432230164888
25431619294136,25432448961898
25431619294136,25432850062369
25432918822521,25432850062369
25432918822521,25433169539127
25432918822521,25433418562898
25432918822521,25433610243214
25432918822521,25433896410612
25433899134879,25433896410612
25433899134879,25434181000405
25433899134879,25434337758511
25433899134879,25434498628136
25433899134879,25434765023795
25434768183978,25434765023795
25434768183978,25434984119048
25434768183978,25435145696325
25434768183978,25435302351574
25434768183978,25435689667527
25435747765054,25435689667527
25435747765054,25435920343936
25435747765054,25436139266876
25435747765054,25436384203217
25435747765054,25436700090587
25436743824656,25436700090587
25436743824656,25437079319205
25436743824656,25437253534929
25436743824656,25437471801376
25436743824656,25437636693464
25437692747564,25437636693464
25437692747564,25437944487965
25437692747564,25438075318654
25437692747564,25438618107299
25437692747564,25439093536230
25439095678533,25439093536230
25439095678533,25439370682097
25439095678533,25439538002405
25439095678533,25439708890890
25439095678533,25439975753358
25440121432609,25439975753358
25440121432609,25440350413304
25440121432609,25440494154314
25440121432609,25440722206128
25440121432609,25440884959768
25441037472859,25440884959768
25441037472859,25441260633773
25441037472859,25441527414220
25441037472859,25441680124120
25441037472859,25442004970936
25442008541097,25442004970936
25442008541097,25442242228769
25442008541097,25442369357999
25442008541097,25442625704881
25442008541097,25442830672494
25442884969923,25442830672494
25442884969923,25443129464418
25442884969923,25443291721680
25442884969923,25443536248065
25442884969923,25443819218570
25443820429098,25443819218570
25443820429098,25444022627557
25443820429098,25444265216095
25443820429098,25444450246252
25443820429098,25444727126694
25444730531891,25444727126694
25444730531891,25444951215700
25444730531891,25446070155003
25444730531891,25446269937107
25444730531891,25446588642344
25446591445505,25446588642344
25446591445505,25446786156753
25446591445505,25447029288687
25446591445505,25447232901224
25446591445505,25447480235584
25447484268878,25447480235584
25447484268878,25447695954338
25447484268878,25447946727803
25447484268878,25448124075208
25447484268878,25448462350182
25448464864377,25448462350182
25448464864377,25448684222773
25448464864377,25448828667378
25448464864377,25449085417059
25449087611929,25449085417059
25449087611929,25449325382184
25449087611929,25449504121215
25449087611929,25449692147883
25449087611929,25449884814250
25449886227278,25449884814250
25449886227278,25450112312246
25449886227278,25450373441498
25449886227278,25450598347141
25449886227278,25450765403146
25449886227278,25451333177208
25451335989539,25451333177208
25451335989539,25451524414886
25451335989539,25451652860756
25451335989539,25451846339265
25451335989539,25452129815257
25452137503589,25452129815257
25452137503589,25452330884832
25452137503589,25452463090203
25452137503589,25452674843261
25452137503589,25453097267964
25452137503589,25453253462462
25453099370625,25453253462462
25453099370625,25453402382109
25453099370625,25453634799352
25453637944514,25453634799352
25453637944514,25453861237082
25453637944514,25454008419761
25453637944514,25454151283933
25453637944514,25454430906182
25453637944514,25454923997788
25454930882894,25454923997788
25454930882894,25455190240297
25454930882894,25455416885531
25454930882894,25455556661362
25454930882894,25455974367885
25455986437333,25455974367885
25455986437333,25456263763071
25455986437333,25456416619942
25455986437333,25456570373060
25455986437333,25456919263855
25456922348287,25456919263855
25456922348287,25457162039086
25456922348287,25457397460901
25456922348287,25457545839798
25457548906019,25457545839798
25457548906019,25457765616144
25457548906019,25457920630990
25457548906019,25458040123626
25457548906019,25458222512682
25457548906019,25458562786812
25458602965123,25458562786812
25458602965123,25458862424235
25458602965123,25459067844340
25458602965123,25459339980803
25458602965123,25459538389352
25459540314542,25459538389352
25459540314542,25459772241450
25459540314542,25459959068151
25459540314542,25460178229114
25459540314542,25460444885919
25460454974186,25460444885919
25460454974186,25460676139900
25460454974186,25460864213763
25460454974186,25461011567352
25460454974186,25461344781408
25461349591017,25461344781408
25461349591017,25461589872422
25461349591017,25461758904939
25461349591017,25461904285733
25461906800385,25461904285733
25461906800385,25462075085924
25461906800385,25462285561253
25461906800385,25462501277284
25461906800385,25462744304139
25461906800385,25463186737332
25463188868374,25463186737332
25463188868374,25463447601484
25463188868374,25463659017398
25463188868374,25463806068842
25463188868374,25464064646562
25464075474618,25464064646562
25464075474618,25464303120902
25464075474618,25464514000547
25464075474618,25464676249732
25464075474618,25465035060785
25465052817179,25465035060785
25465052817179,25465317356248
25465052817179,25465528828215
25465052817179,25465720180746
25465052817179,25466359655630
25466362072863,25466359655630
25466362072863,25466589804600
25466362072863,25466862480288
25466362072863,25467008118059
25466362072863,25467219107486
25467367874739,25467219107486
25467367874739,25467616311319
25467367874739,25467733450935
25467367874739,25467883966773
25467886882793,25467883966773
25467886882793,25468035922787
25467886882793,25468191303765
25467886882793,25468411687971
25467886882793,25468676880512
25467886882793,25469124835195
25469151224764,25469124835195
25469151224764,25469375386577
25469151224764,25469574456400
25469151224764,25469760079621
25469151224764,25470077423522
25470091814547,25470077423522
25470091814547,25470320320201
25470091814547,25470480011711
25470091814547,25470722902341
25470091814547,25470987391303
25470998407584,25470987391303
25470998407584,25471266437942
25470998407584,25471411547682
25470998407584,25471595251545
25471597086071,25471595251545
25471597086071,25471830177871
25471597086071,25471997923201
25471597086071,25472166882901
25471597086071,25472418631476
25471597086071,25472934790738
25472958221357,25472934790738
25472958221357,25473148300517
25472958221357,25473385584461
25472958221357,25473578663490
25472958221357,25474014201283
25474016999194,25474014201283
25474016999194,25474211301477
25474016999194,25474414150405
25474016999194,25474576644181
25474016999194,25474932115272
25474934725401,25474932115272
25474934725401,25475087776660
25474934725401,25475336760304
25474934725401,25475502962271
25474934725401,25475828695653
25475840588586,25475828695653
25475840588586,25476019184784
25475840588586,25476273450529
25475840588586,25476403229864
25475840588586,25476738297035
25476770339761,25476738297035
25476770339761,25476978268847
25476770339761,25477223994933
25476770339761,25477388165651
25476770339761,25477631125285
25477636669471,25477631125285
25477636669471,25477791506886
25477636669471,25477928656979
25477636669471,25478136701388
25478164322531,25478136701388
25478164322531,25478411066228
25478164322531,25478607727597
25478164322531,25478821102529
25478164322531,25478973189734
25478164322531,25479450801316
25479457386837,25479450801316
25479457386837,25479683061889
25479457386837,25480007126461
25479457386837,25480185778765
25479457386837,25480340025723
25480394632366,25480340025723
25480394632366,25480632746594
25480394632366,25480788836858
25480394632366,25481002366253
25481004361859,25481002366253
25481004361859,25481239394252
25481004361859,25481413168493
25481004361859,25481546871029
25481004361859,25481678320663
25481687980880,25481678320663
25481687980880,25481914458912
25481687980880,25482193209215
25481687980880,25482379885949
25481687980880,25482648211379
25481687980880,25482956790219
25483040596415,25482956790219
25483040596415,25483325112223
25483040596415,25483471330309
25483040596415,25483608824240
25483040596415,25483946020639
25484398302208,25483946020639
25484398302208,25484652291108
25484398302208,25484809479934
25484398302208,25484920621504
25484398302208,25485308710644
25485335660685,25485308710644
25485335660685,25485592147139
25485335660685,25485752363493
25485335660685,25485900827937
25485335660685,25486290162348
25486366187899,25486290162348
25486366187899,25486645315826
25486366187899,25486800388315
25486366187899,25487025771705
25486366187899,25487152463344
25487294978181,25487152463344
25487294978181,25487495313389
25487294978181,25487663361773
25487294978181,25487865522433
25487294978181,25488134817706
25488207788602,25488134817706
25488207788602,25488443730216
25488207788602,25488675639893
25488207788602,25488850818816
25488853496511,25488850818816
25488853496511,25489070141795
25488853496511,25489238837768
25488853496511,25489386144695
25488853496511,25489550032990
25488853496511,25490119539691
25490121670057,25490119539691
25490121670057,25490311051378
25490121670057,25490473760694
25490121670057,25490603374466
25490606206132,25490603374466
25490606206132,25490858564479
25490606206132,25490999919088
25490606206132,25491189596957
25490606206132,25491480120918
25490606206132,25491939774360
25491987218801,25491939774360
25491987218801,25492278472376
25491987218801,25492406110971
25491987218801,25492554328142
25491987218801,25492920221856
25492924128223,25492920221856
25492924128223,25493248373202
25492924128223,25493410462739
25492924128223,25493540619359
25492924128223,25493773423628
25493878623914,25493773423628
25493878623914,25494072224904
25493878623914,25494290550380
25493878623914,25494435236077
25493878623914,25494698823953
25494745600463,25494698823953
25494745600463,25494924194534
25494745600463,25495114557694
25494745600463,25495311516767
25495318327247,25495311516767
25495318327247,25495624450665
25495318327247,25495797370310
25495318327247,25495998843282
25495318327247,25496146926145
25495318327247,25496544452440
25496596990762,25496544452440
25496596990762,25496847591727
25496596990762,25497011221226
25496596990762,25497169203192
25496596990762,25497533668854
25497537230558,25497533668854
25497537230558,25497806312399
25497537230558,25497931926861
25497537230558,25498094681909
25497537230558,25498370569294
25498373245484,25498370569294
25498373245484,25498589531355
25498373245484,25498750242893
25498373245484,25498943348129
25498946710973,25498943348129
25498946710973,25499100931488
25498946710973,25499251245848
25498946710973,25499406945072
25498946710973,25499609530175
25499683227268,25499609530175
25499683227268,25499904747485
25499683227268,25500038177985
25499683227268,25500275405343
25499683227268,25500570387210
25499683227268,25500954988175
25501007643841,25500954988175
25501007643841,25501245272136
25501007643841,25501447796498
25501007643841,25501614148527
25501007643841,25501938051903
25501939622743,25501938051903
25501939622743,25502206292216
25501939622743,25502335666002
25501939622743,25502549149213
25502553332596,25502549149213
25502553332596,25502778371765
25502553332596,25502922056419
25502553332596,25503113866813
25502553332596,25503276304953
25502553332596,25503763419412
25503768580065,25503763419412
25503768580065,25504028513060
25503768580065,25504171854869
25503768580065,25504308992100
25503768580065,25504669648692
25504674067330,25504669648692
25504674067330,25504943550912
25504674067330,25505095801471
25504674067330,25505277510709
25505279415213,25505277510709
25505279415213,25505484191995
25505279415213,25505639342007
25505279415213,25505828584244
25505279415213,25506029041955
25505279415213,25506400177564
25506423107960,25506400177564
25506423107960,25506649619951
25506423107960,25506780811689
25506423107960,25506981737669
25506423107960,25507311037037
25507511189497,25507311037037
25507511189497,25507744861476
25507511189497,25507900063839
25507511189497,25508040926209
25507511189497,25508243826969
25508296756904,25508243826969
25508296756904,25508556217836
25508296756904,25508789715807
25508296756904,25508950914863
25508296756904,25509217394760
25509334196511,25509217394760
25509334196511,25509612189417
25509334196511,25509756279122
25509334196511,25509904256768
25509334196511,25510206869319
25510294461935,25510206869319
25510294461935,25510453266775
25510294461935,25510732674815
25510294461935,25510892680975
25510294461935,25511118465779
25511120878774,25511118465779
25511120878774,25511347427927
25511120878774,25511557930316
25511120878774,25511820463254
25511120878774,25512065609695
25512068457266,25512065609695
25512068457266,25512293592305
25512068457266,25512448620887
25512068457266,25512639915371
25512068457266,25513075730996
25513077162946,25513075730996
25513077162946,25513348983366
25513077162946,25513599226853
25513077162946,25513769167117
25513077162946,25513913602937
25514001284684,25513913602937
25514001284684,25514190281791
25514001284684,25514332761805
25514001284684,25514556286729
25514001284684,25514852267726
25514880735053,25514852267726
25514880735053,25515067373627
25514880735053,25515265581097
25514880735053,25515455485951
25514880735053,25515691117805
25515758713309,25515691117805
25515758713309,25515991162445
25515758713309,25516231163704
25515758713309,25516425805827
25516428059287,25516425805827
25516428059287,25516627179401
25516428059287,25516816943543
25516428059287,25517039713367
25516428059287,25517305934001
25516428059287,25517688489554
25517706795399,25517688489554
25517706795399,25517885506130
25517706795399,25518057694584
25517706795399,25518273353059
25517706795399,25518667461195
25518685141137,25518667461195
25518685141137,25518914205605
25518685141137,25519071826472
25518685141137,25519239343412
25519240563775,25519239343412
25519240563775,25519413798957
25519240563775,25519544985971
25519240563775,25519743239161
25519240563775,25519996784088
25519240563775,25520454613528
25520555186239,25520454613528
25520555186239,25520753243896
25520555186239,25520902133183
25520555186239,25521114511799
25520555186239,25521379766903
25521473405627,25521379766903
25521473405627,25521628727835
25521473405627,25521851035546
25521473405627,25522059169619
25521473405627,25522275328903
25522339422746,25522275328903
25522339422746,25522658149089
25522339422746,25522872054683
25522339422746,25523042847434
25523045509260,25523042847434
25523045509260,25523227238114
25523045509260,25523366273696
25523045509260,25523575177950
25523045509260,25523720128313
25523045509260,25524118789015
25524274933451,25524118789015
25524274933451,25524458983051
25524274933451,25524598743096
25524274933451,25524861212229
25524863255026,25524861212229
25524863255026,25525048488865
25524863255026,25525188179079
25524863255026,25525342841903
25524863255026,25525524838645
25526020179863,25525524838645
25526020179863,25526257862500
25526020179863,25526469732188
25526020179863,25526668223351
25526020179863,25526841226596
25526020179863,25527116065325
25527145321258,25527116065325
25527145321258,25527432441248
25527145321258,25527642760846
25527145321258,25527842055307
25527844578264,25527842055307
25527844578264,25528022563016
25527844578264,25528185249833
25527844578264,25528413853565
25527844578264,25528544827276
25527844578264,25528916465360
25529014552507,25528916465360
25529014552507,25529211593532
25529014552507,25529344462442
25529014552507,25529566596061
25529014552507,25529948198860
25530033378010,25529948198860
25530033378010,25530258028122
25530033378010,25530714563713
25530033378010,25530862890732
25530033378010,25531263153062
25531268250132,25531263153062
25531268250132,25531518071220
25531268250132,25531653978009
25531268250132,25531912605066
25531268250132,25532098828090
25532135737675,25532098828090
25532135737675,25532419638358
25532135737675,25532553202401
25532135737675,25532712202177
25532135737675,25532970566592
25533089644651,25532970566592
25533089644651,25533344144687
25533089644651,25533509013086
25533089644651,25533664460988
25533089644651,25533962270242
25534010514580,25533962270242
25534010514580,25534250739202
25534010514580,25534401018034
25534010514580,25534602223571
25534010514580,25534801314197
25534892115159,25534801314197
25534892115159,25535203323703
25534892115159,25535359547259
25535377815689,25535359547259
25535377815689,25535599160753
25535377815689,25535739532416
25535377815689,25535888050659
25535377815689,25536115771460
25535377815689,25536278635746
25535377815689,25536599233665
25536695668281,25536599233665
25536695668281,25537007266381
25536695668281,25537163090898
25536695668281,25537330693334
25536695668281,25537743766749
25537752422275,25537743766749
25537752422275,25538031362379
25537752422275,25538298124315
25537752422275,25538490984509
25538509710132,25538490984509
25538509710132,25538646915670
25538509710132,25538815301746
25538509710132,25539016886458
25538509710132,25539159306293
25538509710132,25539566458733
25539678280591,25539566458733
25539678280591,25539875823931
25539678280591,25540052806497
25539678280591,25540240888840
25540244358338,25540240888840
25540244358338,25540486210543
25540244358338,25540654399893
25540244358338,25540881030193
25540244358338,25541046657408
25540244358338,25541601834592
25541610113006,25541601834592
25541610113006,25541777461105
25541610113006,25541981102670
25541610113006,25542144161152
25542146454975,25542144161152
25542146454975,25542371432464
25542146454975,25542544609275
25542146454975,25542800380993
25542146454975,25542970271822
25542146454975,25543378083000
25543420218782,25543378083000
25543420218782,25543591198826
25543420218782,25543775505200
25543420218782,25543987753461
25543420218782,25544414764979
25544417093342,25544414764979
25544417093342,25544674645832
25544417093342,25544813876834
25544417093342,25545024173242
25544417093342,25545275153690
25545277057991,25545275153690
25545277057991,25545471079940
25545277057991,25545562872868
25545277057991,25545810050537
25545277057991,25546067816034
25546136654980,25546067816034
25546136654980,25546297256686
25546136654980,25546564359961
25546136654980,25546801923084
25546136654980,25547015828208
25547059668175,25547015828208
25547059668175,25547312336068
25547059668175,25547453264103
25547059668175,25547664232505
25547059668175,25547995039614
25548129794355,25547995039614
25548129794355,25548364212859
25548129794355,25548617444322
25548129794355,25548784604750
25548787613418,25548784604750
25548787613418,25548995605797
25548787613418,25549158583577
25548787613418,25549402291889
25548787613418,25549558492627
25548787613418,25549975602853
25549988826939,25549975602853
25549988826939,25550205260052
25549988826939,25550397208140
25549988826939,25550548078402
25550550751627,25550548078402
25550550751627,25550765200259
25550550751627,25550922305319
25550550751627,25551107442014
25550550751627,25551427185259
25550550751627,25551792879871
25551839525592,25551792879871
25551839525592,25552139202314
25551839525592,25552302586644
25551839525592,25552476691933
25551839525592,25552708141748
25552746198167,25552708141748
25552746198167,25553025163467
25552746198167,25553188180889
25552746198167,25553361106919
25553365577532,25553361106919
25553365577532,25553669430056
25553365577532,25553859945090
25553365577532,25554016191013
25553365577532,25554177717484
25553365577532,25554512290914
25554550993035,25554512290914
25554550993035,25554849137630
25554550993035,25554979030511
25554550993035,25555129327676
25554550993035,25555434809656
25555627780371,25555434809656
25555627780371,25555824084322
25555627780371,25555948046935
25555627780371,25556129204787
25555627780371,25556544047592
25556546258580,25556544047592
25556546258580,25556757222453
25556546258580,25556892372334
25556546258580,25557153103113
25556546258580,25557423063151
25557511320004,25557423063151
25557511320004,25557745587400
25557511320004,25557940833204
25557511320004,25558076272589
25557511320004,25558435390184
25558501652969,25558435390184
25558501652969,25558761718961
25558501652969,25558973829016
25558501652969,25559130382767
25558501652969,25559511436834
25559655617214,25559511436834
25559655617214,25559846165395
25559655617214,25560003219670
25559655617214,25560194726636
25559655617214,25560579751993
25560580987036,25560579751993
25560580987036,25560766261995
25560580987036,25561014481498
25560580987036,25561195549686
25561197639306,25561195549686
25561197639306,25561403410930
25561197639306,25561536629902
25561197639306,25561725823871
25561197639306,25561998110303
25561197639306,25562426733582
25562464087349,25562426733582
25562464087349,25562729925419
25562464087349,25562847783185
25562464087349,25563051579113
25563053660358,25563051579113
25563053660358,25563274947854
25563053660358,25563455329577
25563053660358,25563643752733
25563053660358,25563916737704
25563053660358,25564326729702
25564382138347,25564326729702
25564382138347,25564612972444
25564382138347,25564866163319
25564382138347,25565037085364
25564382138347,25565234636350
25565236863002,25565234636350
25565236863002,25565511149733
25565236863002,25565741669968
25565236863002,25565903205932
25565236863002,25566133665054
25566171724305,25566133665054
25566171724305,25566441064770
25566171724305,25566565983193
25566171724305,25566692668306
25566171724305,25567053473193
25567172246100,25567053473193
25567172246100,25567402223788
25567172246100,25567544566023
25567172246100,25567774950189
25567777463901,25567774950189
25567777463901,25568035838198
25567777463901,25568189918648
25567777463901,25568395650521
25567777463901,25568531158618
25567777463901,25569055262823
25569124749333,25569055262823
25569124749333,25569357521953
25569124749333,25569542157881
25569124749333,25569803336282
25569124749333,25570066066269
25570155329334,25570066066269
25570155329334,25570372895403
25570155329334,25570570460324
25570155329334,25570746385276
25570749621372,25570746385276
25570749621372,25570908841352
25570749621372,25571068209533
25570749621372,25571234230438
25570749621372,25571478178078
25570749621372,25571857812993
25571976341481,25571857812993
25571976341481,25572165318698
25571976341481,25572344981855
25571976341481,25572633452159
25571976341481,25572845981055
25572950925277,25572845981055
25572950925277,25573210430524
25572950925277,25573359128977
25572950925277,25573498208100
25572950925277,25573773096146
25573824026989,25573773096146
25573824026989,25574025971726
25573824026989,25574228706001
25573824026989,25574384797850
25574416195073,25574384797850
25574416195073,25574629804528
25574416195073,25574801088885
25574416195073,25575008388556
25574416195073,25575271168044
25575360091105,25575271168044
25575360091105,25575593294256
25575360091105,25575751183901
25575360091105,25575879408297
25575360091105,25576251557458
25575360091105,25576645650356
25576717871302,25576645650356
25576717871302,25576941804968
25576717871302,25577146130441
25576717871302,25577282410062
25577419757070,25577282410062
25577419757070,25577601927993
25577419757070,25577791037464
25577419757070,25577965973311
25577419757070,25578262829793
25577419757070,25578612954224
25578672913107,25578612954224
25578672913107,25578919234385
25578672913107,25579065927540
25578672913107,25579515285531
25578672913107,25580042089277
25580044558880,25580042089277
25580044558880,25580349370101
25580044558880,25580539728140
25580044558880,25580688902154
25580044558880,25580852074390
25580947658116,25580852074390
25580947658116,25581128811523
25580947658116,25581330255200
25580947658116,25581550813076
25581555579232,25581550813076
25581555579232,25581806719420
25581555579232,25581972560650
25581555579232,25582168075834
25581555579232,25582457927837
25581555579232,25582790530411
25582859777079,25582790530411
25582859777079,25583063847534
25582859777079,25583266450054
25582859777079,25583415437836
25582859777079,25583755925320
25583777529251,25583755925320
25583777529251,25584102586734
25583777529251,25584280907509
25583777529251,25584518082687
25583777529251,25584723880949
25584732679372,25584723880949
25584732679372,25584920700982
25584732679372,25585085688397
25584732679372,25585228818752
25585230064070,25585228818752
25585230064070,25585420299818
25585230064070,25585952137055
25585230064070,25586115958037
25585230064070,25586388940810
25585230064070,25586848393003
25586850572836,25586848393003
25586850572836,25587050375558
25586850572836,25587341848787
25586850572836,25587503208875
25587505746064,25587503208875
25587505746064,25587713477937
25587505746064,25587931112905
25587505746064,25588093827038
25587505746064,25588262237621
25587505746064,25588614732440
25588674860478,25588614732440
25588674860478,25588916262731
25588674860478,25589077324461
25588674860478,25589270348050
25588674860478,25589650233492
25589653745617,25589650233492
25589653745617,25589907099539
25589653745617,25590029561622
25589653745617,25590228195795
25589653745617,25590500439550
25590508263894,25590500439550
25590508263894,25590762348568
25590508263894,25590929161868
25590508263894,25591172391128
25591174817980,25591172391128
25591174817980,25591428092628
25591174817980,25591629790805
25591174817980,25591783690649
25591174817980,25591917353871
25591918364839,25591917353871
25591918364839,25592128121758
25591918364839,25592323587302
25591918364839,25592459137829
25591918364839,25592841208220
25591918364839,25593319532429
25593322430955,25593319532429
25593322430955,25593563100910
25593322430955,25593766017247
25593322430955,25593951738832
25593322430955,25594245736344
25593322430955,25594431909442
25594256895155,25594431909442
25594256895155,25594632592571
25594256895155,25594863861958
25594256895155,25595032951864
25594256895155,25595363720555
25595160157544,25595363720555
25595160157544,25595539271608
25595160157544,25595727502276
25595730061446,25595727502276
25595730061446,25595968858053
25595730061446,25596162547467
25595730061446,25596369135079
25595730061446,25596567154245
25595730061446,25596950067695
25596974706857,25596950067695
25596974706857,25597204241878
25596974706857,25597365741030
25596974706857,25597612787263
25596974706857,25597878619465
25597925111663,25597878619465
25597925111663,25598187704743
25597925111663,25598446673886
25597925111663,25598640081897
25597925111663,25598995710964
25597925111663,25599193970163
25598998451362,25599193970163
25598998451362,25599370594793
25598998451362,25599587361073
25599404359585,25599587361073
25599404359585,25599734903973
25599404359585,25599908849306
25599404359585,25600084288146
25599404359585,25600286488433
25599404359585,25600677372479
25600751822378,25600677372479
25600751822378,25600966748508
25600751822378,25601121796850
25600751822378,25601305258019
25601307499767,25601305258019
25601307499767,25601474427395
25601307499767,25601713591631
25601307499767,25601901986239
25601307499767,25602097427674
25601307499767,25602488950209
25601307499767,25603019366830
25602809286314,25603019366830
25602809286314,25603196278601
25602809286314,25603390998918
25603392281613,25603390998918
25603392281613,25603608170561
25603392281613,25603817951998
25603392281613,25603964147858
25603392281613,25604139627153
25603392281613,25604448542728
25604520742130,25604448542728
25604520742130,25604803209049
25604520742130,25605001403996
25604520742130,25605250858293
25604520742130,25605487292326
25605491458048,25605487292326
25605491458048,25605711694098
25605491458048,25605871432643
25605491458048,25606035586519
25605491458048,25606240429603
25606036919410,25606240429603
25606036919410,25606451259763
25606036919410,25606629530079
25606036919410,25606796625496
25606036919410,25607207941066
25607210401366,25607207941066
25607210401366,25607387518076
25607210401366,25607542546951
25607210401366,25607727885977
25607210401366,25607999467922
25608070901242,25607999467922
25608070901242,25608288157154
25608070901242,25608558371737
25608070901242,25608791228972
25608070901242,25608967840672
25608991970811,25608967840672
25608991970811,25609209531053
25608991970811,25609378038933
25608991970811,25609561171894
25608991970811,25609872356339
25609918225728,25609872356339
25609918225728,25610149116298
25609918225728,25610405974657
25609918225728,25610504841397
25609918225728,25611199528297
25611202383761,25611199528297
25611202383761,25611394482779
25611202383761,25611620584221
25611202383761,25611810988809
25611202383761,25612110028237
25612119468511,25612110028237
25612119468511,25612350518797
25612119468511,25612514625998
25612119468511,25612753329755
25612757771068,25612753329755
25612757771068,25612940333487
25612757771068,25613097103574
25612757771068,25613274237883
25612757771068,25613523864107
25612757771068,25613913813493
25613938079419,25613913813493
25613938079419,25614113760107
25613938079419,25614398448006
25613938079419,25614556739670
25613938079419,25614841259697
25614844511269,25614841259697
25614844511269,25615075128369
25614844511269,25615218411884
25615263553935,25615218411884
25615263553935,25615427475506
25615263553935,25615587602525
25615263553935,25615726157053
25615263553935,25615865487979
25615263553935,25616117576779
25615263553935,25616634953766
25616637297797,25616634953766
25616637297797,25616895693982
25616637297797,25617037337105
25616637297797,25617259208852
25616637297797,25617532977386
25616637297797,25617691734764
25617546087473,25617691734764
25617546087473,25617950815180
25617546087473,25618140454099
25617546087473,25618518253569
25618520179404,25618518253569
25618520179404,25618735287455
25618520179404,25618947284595
25618520179404,25619102411092
25618520179404,25619429563326
25619504881701,25619429563326
25619504881701,25619765174505
25619504881701,25619952095633
25619504881701,25620166972714
25619504881701,25620566313543
25619504881701,25620744245969
25620569349200,25620744245969
25620569349200,25620901882947
25620569349200,25621069750351
25620569349200,25621480292082
25621486403262,25621480292082
25621486403262,25621660616205
25621486403262,25621834302968
25621486403262,25622081700872
25621486403262,25622229258447
25622083707857,25622229258447
25622083707857,25622401313051
25622083707857,25622559839733
25622083707857,25622884783990
25622083707857,25623287202379
25623288594550,25623287202379
25623288594550,25623514932763
25623288594550,25623676382741
25623288594550,25623840366289
25623843339444,25623840366289
25623843339444,25624057949519
25623843339444,25624201561119
25623843339444,25624360379730
25623843339444,25624580130515
25623843339444,25625072252085
25625074829047,25625072252085
25625074829047,25625287257322
25625074829047,25625475480168
25625074829047,25625690557108
25625692993344,25625690557108
25625692993344,25625907395676
25625692993344,25626067947790
25625692993344,25626281803629
25625692993344,25626585022812
25625692993344,25626968407425
25626979541919,25626968407425
25626979541919,25627213345135
25626979541919,25627367425231
25626979541919,25627514086401
25626979541919,25627741084065
25626979541919,25627887071085
