25138422973999,25139254929848
25138422973999,25139716525457
25139720539323,25139716525457
25139720539323,25139874448310
25139720539323,25140016411121
25139720539323,25140243713806
25139720539323,25140512361851
25140548136105,25140512361851
25140548136105,25140792952102
25140548136105,25141017346200
25140548136105,25141146595751
25140548136105,25141516011048
25141705215513,25141516011048
25141705215513,25141948854108
25141705215513,25142129562128
25141705215513,25142352440216
25141705215513,25142543854590
25142546703268,25142543854590
25142546703268,25142786226837
25142546703268,25142942154313
25142546703268,25143141889517
25142546703268,25143549306386
25143578800630,25143549306386
25143578800630,25143793609301
25143578800630,25143939381537
25143578800630,25144130518819
25143578800630,25144456720888
25144495520743,25144456720888
25144495520743,25144784823158
25144495520743,25144981651532
25144495520743,25145145239082
25145148889584,25145145239082
25145148889584,25145319546292
25145148889584,25145466868863
25145148889584,25145702229641
25145148889584,25145894347911
25145148889584,25146252091255
25146281961134,25146252091255
25146281961134,25146507885040
25146281961134,25146690411987
25146281961134,25146945917502
25146948465502,25146945917502
25146948465502,25147185278393
25146948465502,25147391766589
25146948465502,25147644874265
25146948465502,25147813995619
25147817079370,25147813995619
25147817079370,25147984523791
25147817079370,25148167636422
25147817079370,25148355333460
25147817079370,25148717042899
25147817079370,25149099343069
25149158870377,25149099343069
25149158870377,25149478273647
25149158870377,25149664603908
25149158870377,25149837314451
25149158870377,25150003966976
25150036545999,25150003966976
25150036545999,25150274475402
25150036545999,25150460229881
25150036545999,25150740775345
25150036545999,25151027977777
25151029738710,25151027977777
25151029738710,25151292372087
25151029738710,25151552627947
25151029738710,25151735538554
25151029738710,25151928474390
25151029738710,25152116908464
25151959621303,25152116908464
25151959621303,25152344167775
25151959621303,25152519747638
25151959621303,25152968584049
25152971866961,25152968584049
25152971866961,25153258555791
25152971866961,25153474927657
25152971866961,25153694392126
25152971866961,25153939249256
25153941816778,25153939249256
25153941816778,25154201070343
25153941816778,25154342563761
25153941816778,25154581820865
25154583589091,25154581820865
25154583589091,25154733580808
25154583589091,25154923225401
25154583589091,25155074476696
25154583589091,25155403822349
25154583589091,25155861337471
25155863381151,25155861337471
25155863381151,25156123624903
25155863381151,25156383652622
25155863381151,25156532893759
25155863381151,25156774411685
25155863381151,25156950914839
25156780933230,25156950914839
25156780933230,25157236202163
25156780933230,25157407544038
25157408952489,25157407544038
25157408952489,25157613836832
25157408952489,25157813074517
25157408952489,25157979766699
25157408952489,25158134255038
25157408952489,25158564504599
25158572613003,25158564504599
25158572613003,25158902090489
25158572613003,25159090587830
25158572613003,25159299409078
25158572613003,25159566543909
25159567721231,25159566543909
25159567721231,25159847873229
25159567721231,25160052800944
25159567721231,25160291095563
25159567721231,25160450373966
25160454932215,25160450373966
25160454932215,25160676245900
25160454932215,25160852198516
25160454932215,25160998668579
25161000213130,25160998668579
25161000213130,25161197388325
25161000213130,25161337299847
25161000213130,25161511502670
25161000213130,25161693141174
25161000213130,25162001906552
25162094373978,25162001906552
25162094373978,25162364521662
25162094373978,25162510187804
25162094373978,25162714618088
25162094373978,25162973045214
25163070657954,25162973045214
25163070657954,25163372555706
25163070657954,25163543040278
25163070657954,25163692972936
25163070657954,25164109916480
25164327540519,25164109916480
25164327540519,25164624505104
25164327540519,25164870083169
25164327540519,25165439376054
25164327540519,25165674789636
25165677885253,25165674789636
25165677885253,25165844293755
25165677885253,25166039492422
25165677885253,25166184489072
25165677885253,25166353909680
25166427462411,25166353909680
25166427462411,25166643420501
25166427462411,25166873342075
25166427462411,25167055663687
25167057721138,25167055663687
25167057721138,25167344642436
25167057721138,25167539171344
25167057721138,25167697363428
25167057721138,25167829878221
25167057721138,25168329467730
25168334318650,25168329467730
25168334318650,25168553923893
25168334318650,25168757068554
25168334318650,25168914314431
25168919759836,25168914314431
25168919759836,25169162397097
25168919759836,25169324473313
25168919759836,25169475523716
25168919759836,25169636812527
25168919759836,25170061070800
25170063160609,25170061070800
25170063160609,25170297436877
25170063160609,25170479499487
25170063160609,25170689614669
25170063160609,25170945426021
25171033805156,25170945426021
25171033805156,25171262239597
25171033805156,25171457675981
25171033805156,25171656203594
25171033805156,25171916102801
25171950473936,25171916102801
25171950473936,25172200971116
25171950473936,25172397205633
25172427270252,25172397205633
25172427270252,25172603688116
25172427270252,25172732423999
25172427270252,25172939427947
25172427270252,25173105618102
25172427270252,25173263230354
25172427270252,25173809224152
25172427270252,25173998832332
25173838809133,25173998832332
25173838809133,25174210981599
25173838809133,25174388742334
25173838809133,25174682723769
25174771519252,25174682723769
25174771519252,25175019220561
25174771519252,25175230285910
25174771519252,25175439600856
25175441796570,25175439600856
25175441796570,25175656608283
25175441796570,25175792963929
25175441796570,25175933349460
25175441796570,25176141148065
25175441796570,25176663224309
25176665287391,25176663224309
25176665287391,25176881217279
25176665287391,25177036850409
25176665287391,25177167134785
25176665287391,25177438103480
25177510753013,25177438103480
25177510753013,25177769207741
25177510753013,25177940742747
25177510753013,25178070457081
25178072470848,25178070457081
25178072470848,25178342744689
25178072470848,25178527965905
25178072470848,25178716755834
25178072470848,25178855412105
25178868682390,25178855412105
25178868682390,25179064320880
25178868682390,25179305734562
25178868682390,25179518899781
25178868682390,25179685506093
25178868682390,25180189532413
25180250637195,25180189532413
25180250637195,25180537471984
25180250637195,25180719138721
25180250637195,25180969695982
25180976093925,25180969695982
25180976093925,25181156243212
25180976093925,25181308948260
25180976093925,25181485210460
25180976093925,25181633592208
25180976093925,25182144456658
25182158978060,25182144456658
25182158978060,25182435505977
25182158978060,25182581289213
25182158978060,25182777270913
25182158978060,25183078825530
25183102566532,25183078825530
25183102566532,25183315608638
25183102566532,25183499858035
25183102566532,25183702330949
25183102566532,25183952147072
25184033740168,25183952147072
25184033740168,25184202405447
25184033740168,25184399260190
25184033740168,25184601151203
25184612466363,25184601151203
25184612466363,25184823211208
25184612466363,25185018171530
25184612466363,25185250302472
25184612466363,25185410756284
25184612466363,25185889359816
25186094426890,25185889359816
25186094426890,25186338394794
25186094426890,25186492780629
25186094426890,25186661840948
25186094426890,25186907598484
25186943339981,25186907598484
25186943339981,25187144922720
25186943339981,25187352074778
25186943339981,25187504275688
25186943339981,25187869597545
25187872182752,25187869597545
25187872182752,25188049104138
25187872182752,25188230599713
25187872182752,25188469386425
25187872182752,25188755487925
25188759898076,25188755487925
25188759898076,25189062020850
25188759898076,25189292689126
25188759898076,25189474336541
25188759898076,25189666849546
25189676826627,25189666849546
25189676826627,25189858146106
25189676826627,25190050185106
25189676826627,25190195103181
25190197408369,25190195103181
25190197408369,25190458369974
25190197408369,25190624585809
25190197408369,25190776213232
25190197408369,25191073177883
25190197408369,25191539712734
25191544917443,25191539712734
25191544917443,25191760175918
25191544917443,25191942565981
25191544917443,25192158380465
25191544917443,25192345055084
25192494714693,25192345055084
25192494714693,25192628063915
25192494714693,25192874469049
25192494714693,25193096725586
25192494714693,25193349081087
25193509666474,25193349081087
25193509666474,25193701676990
25193509666474,25193898313291
25193509666474,25194050326595
25194053241291,25194050326595
25194053241291,25194304395636
25194053241291,25194457430113
25194053241291,25194617785483
25194053241291,25194856746420
25194872862917,25194856746420
25194872862917,25195139328168
25194872862917,25195315164281
25194872862917,25195468535404
25194872862917,25195814610398
25195818639630,25195814610398
25195818639630,25196031945277
25195818639630,25196193775677
25195818639630,25196363899878
25195818639630,25196684845192
25195818639630,25197168432102
25197170799501,25197168432102
25197170799501,25197421431614
25197170799501,25197638968618
25197170799501,25197822542619
25197170799501,25197981678794
25198106400854,25197981678794
25198106400854,25198335374827
25198106400854,25198525424687
25198106400854,25198715608703
25198106400854,25199009189218
25199022483550,25199009189218
25199022483550,25199235538388
25199022483550,25199400049241
25199022483550,25199617436663
25199022483550,25199911282644
25199956368785,25199911282644
25199956368785,25200231710460
25199956368785,25200384947240
25199956368785,25200538024353
25199956368785,25200841317343
25200958297185,25200841317343
25200958297185,25201276461885
25200958297185,25201444232643
25200958297185,25201613275435
25200958297185,25201850288532
25201852914577,25201850288532
25201852914577,25202054919895
25201852914577,25202243365003
25201852914577,25202421823373
25201852914577,25202750168666
25202845335952,25202750168666
25202845335952,25202995061248
25202845335952,25203499559897
25202845335952,25203657597433
25203659376000,25203657597433
25203659376000,25203804957517
25203659376000,25204010794052
25203659376000,25204192130152
25203659376000,25204448882691
25203659376000,25204915925040
25204945121791,25204915925040
25204945121791,25205168241677
25204945121791,25205352794494
25204945121791,25205546602372
25204945121791,25205871197434
25205975839269,25205871197434
25205975839269,25206133472656
25205975839269,25206426085268
25205975839269,25206591534622
25205975839269,25207011883528
25207014900855,25207011883528
25207014900855,25207238192492
25207014900855,25207482049973
25207014900855,25207623951461
25207627082956,25207623951461
25207627082956,25207837867372
25207627082956,25207976497249
25207627082956,25208177996590
25207627082956,25208414554849
25207627082956,25208823624006
25208825916615,25208823624006
25208825916615,25209087349755
25208825916615,25209234252481
25209256892516,25209234252481
25209256892516,25209402162068
25209256892516,25209611136751
25209256892516,25209766135642
25209256892516,25209890317007
25209256892516,25210119658601
25209256892516,25210643431713
25210698074620,25210643431713
25210698074620,25210900460592
25210698074620,25211131183024
25210698074620,25211316084044
25210698074620,25211756268789
25211758078472,25211756268789
25211758078472,25211977605607
25211758078472,25212126656199
25211758078472,25212307479637
25212310602097,25212307479637
25212310602097,25212558097888
25212310602097,25212740630110
25212310602097,25212902443022
25212310602097,25213141115745
25212310602097,25213560951067
25213563543588,25213560951067
25213563543588,25213871068131
25213563543588,25214022432652
25213563543588,25214214343136
25213563543588,25214360423127
25214361723117,25214360423127
25214361723117,25214544326024
25214361723117,25214701002070
25214361723117,25214881270138
25214361723117,25215392067396
25215394897055,25215392067396
25215394897055,25215633632443
25215394897055,25215795300260
25215394897055,25215999602678
25215394897055,25216280261667
25216323200992,25216280261667
25216323200992,25216608304623
25216323200992,25216877299793
25216323200992,25217067087255
25216323200992,25217204069884
25216323200992,25217339815031
25217343831011,25217339815031
25217343831011,25217556742908
25217343831011,25217718718891
25217719891866,25217718718891
25217719891866,25217876209283
25217719891866,25218070647876
25217719891866,25218221448600
25217719891866,25218682839591
25217719891866,25218836373493
25218684608324,25218836373493
25218684608324,25219136971716
25218684608324,25219310261167
25218684608324,25219498588453
25218684608324,25220053533743
25218684608324,25220225055858
25220056756640,25220225055858
25220056756640,25220402798219
25220056756640,25220567236772
25220572423964,25220567236772
25220572423964,25220824627701
25220572423964,25221002403989
25220572423964,25221165346344
25220572423964,25221464219872
25220572423964,25221992103829
25221994850974,25221992103829
25221994850974,25222448931832
25221994850974,25222583083120
25221994850974,25222788700580
25221994850974,25222956737741
25222790681580,25222956737741
25222790681580,25223092178920
25222790681580,25223283592243
25222790681580,25223533950004
25222790681580,25223907155827
25223999241474,25223907155827
25223999241474,25224242969273
25223999241474,25224439669286
25223999241474,25224589984040
25223999241474,25224755368790
25224592219071,25224755368790
25224592219071,25224896389069
25224592219071,25225060937884
25224592219071,25225353702009
25224592219071,25225837366748
25225863154017,25225837366748
25225863154017,25226061221854
25225863154017,25226246029315
25225863154017,25226400186212
25225863154017,25226711905287
25226800109388,25226711905287
25226800109388,25227018080909
25226800109388,25227182346699
25226800109388,25227354887556
25226800109388,25227874800889
25227877205272,25227874800889
25227877205272,25228120226162
25227877205272,25228314969543
25227877205272,25228464351990
25227877205272,25228670303944
25228747608502,25228670303944
25228747608502,25229005341129
25228747608502,25229170373375
25228747608502,25229379907074
25229383902399,25229379907074
25229383902399,25229578916684
25229383902399,25229717115971
25229383902399,25229884190131
25229383902399,25230141789051
25229383902399,25230736386551
25229383902399,25231006296415
25230824249739,25231006296415
25230824249739,25231286369557
25230824249739,25231443329165
25230824249739,25231802345862
25231805016017,25231802345862
25231805016017,25232036044314
25231805016017,25232172420196
25231805016017,25232308132667
25231805016017,25232598996276
25232605967721,25232598996276
25232605967721,25232837605989
25232605967721,25233049818741
25232605967721,25233224879237
25233227031656,25233224879237
25233227031656,25233411271350
25233227031656,25233557313014
25233227031656,25233716438104
25233227031656,25233958401004
25233227031656,25234435637849
25234456543234,25234435637849
25234456543234,25234658453648
25234456543234,25234919678809
25234456543234,25235115713898
25234456543234,25235335417267
25235385561337,25235335417267
25235385561337,25235649598315
25235385561337,25235824643399
25235385561337,25235954341299
25235385561337,25236334548595
25236550085598,25236334548595
25236550085598,25236774396013
25236550085598,25236909162901
25236550085598,25237087074995
25237088300797,25237087074995
25237088300797,25237268577456
25237088300797,25237396737301
25237088300797,25237596206744
25237088300797,25237836445002
25237088300797,25238150384089
25238287970320,25238150384089
25238287970320,25238472075981
25238287970320,25238662874328
25238287970320,25238873426135
25238287970320,25239202166695
25239211414834,25239202166695
25239211414834,25239429554748
25239211414834,25239610891462
25239211414834,25239818066143
25239211414834,25240254447681
25240278684530,25240254447681
25240278684530,25240501115775
25240278684530,25240719457882
25240278684530,25240880839224
25240278684530,25241061047124
25240884013286,25241061047124
25240884013286,25241215068633
25240884013286,25241399471186
25240884013286,25241744328247
25240884013286,25242126204687
25242337444878,25242126204687
25242337444878,25242574121169
25242337444878,25242756921766
25242337444878,25242915170345
25242337444878,25243038911058
25242337444878,25243218633277
25243040818063,25243218633277
25243040818063,25243414260961
25243040818063,25243587341309
25243040818063,25243927318758
25243960479659,25243927318758
25243960479659,25244165275405
25243960479659,25244401162677
25243960479659,25244564272015
25243960479659,25244805191540
25243960479659,25245088509268
25244907155740,25245088509268
25244907155740,25245381146423
25244907155740,25245661529324
25244907155740,25245833057830
25245835851968,25245833057830
25245835851968,25246108257980
25245835851968,25246284491900
25245835851968,25246471870000
25246474650129,25246471870000
25246474650129,25246670674149
25246474650129,25246812043619
25246474650129,25246972745063
25246474650129,25247317513144
25246474650129,25247666790493
25247708236990,25247666790493
25247708236990,25247883934549
25247708236990,25248076658506
25247708236990,25248233264193
25248235619424,25248233264193
25248235619424,25248456393106
25248235619424,25248625469322
25248235619424,25248764549471
25248235619424,25249095105228
25248235619424,25249442501282
25249533097025,25249442501282
25249533097025,25249746728819
25249533097025,25249996297309
25249533097025,25250183304937
25249533097025,25250478222518
25250492335684,25250478222518
25250492335684,25250719457516
25250492335684,25250913073322
25250492335684,25251099833765
25251102728574,25251099833765
25251102728574,25251315761731
25251102728574,25251457349512
25251102728574,25251613531955
25251102728574,25251980822119
25252068659060,25251980822119
25252068659060,25252256443989
25252068659060,25252521523024
25252068659060,25252702833880
25252068659060,25252985201237
25252068659060,25253489645778
25253598936075,25253489645778
25253598936075,25253805754780
25253598936075,25253989288933
25253598936075,25254161471516
25254162834517,25254161471516
25254162834517,25254370922566
25254162834517,25254570556443
25254162834517,25254750107274
25254162834517,25254944647318
25254162834517,25255307365991
25255315418197,25255307365991
25255315418197,25255578975446
25255315418197,25255771354408
25255315418197,25255921628849
25255315418197,25256347478460
25256349430151,25256347478460
25256349430151,25256610260473
25256349430151,25256792324329
25256349430151,25256974429055
25256349430151,25257273303969
25257274562041,25257273303969
25257274562041,25257486218835
25257274562041,25257727925920
25257274562041,25257924790932
25257928310209,25257924790932
25257928310209,25258141261301
25257928310209,25258339652621
25257928310209,25258477321936
25257928310209,25258723621646
25257928310209,25259142066033
25259143791406,25259142066033
25259143791406,25259397528781
25259143791406,25259522249031
25259143791406,25259713380087
25259143791406,25259992192901
25260104301911,25259992192901
25260104301911,25260344470290
25260104301911,25260548792441
25260104301911,25260747434311
25260104301911,25261090799768
25261093580534,25261090799768
25261093580534,25261323369693
25261093580534,25261515519999
25261093580534,25261694669132
25261093580534,25261932700902
25261972845886,25261932700902
25261972845886,25262240092599
25261972845886,25262437848679
25261972845886,25262612661563
25262614543831,25262612661563
25262614543831,25262805450618
25262614543831,25262983285495
25262614543831,25263153148777
25262614543831,25263483148413
25262614543831,25263890055810
25263892573804,25263890055810
25263892573804,25264106798556
25263892573804,25264250072213
25263892573804,25264408100656
25264533748310,25264408100656
25264533748310,25264702776558
25264533748310,25264841668275
25264533748310,25265023757879
25264533748310,25265167272937
25264533748310,25265690293030
25265920063167,25265690293030
25265920063167,25266081208963
25265920063167,25266259427867
25265920063167,25266422342250
25265920063167,25266572803001
25266632254645,25266572803001
25266632254645,25266858670270
25266632254645,25267068707399
25266632254645,25267212520821
25267215600787,25267212520821
25267215600787,25267424290868
25267215600787,25267582642961
25267215600787,25267740385916
25267215600787,25268016314468
25267215600787,25268377229941
25268488304681,25268377229941
25268488304681,25268711820680
25268488304681,25268876066524
25268488304681,25269012528733
25269016995652,25269012528733
25269016995652,25269259218118
25269016995652,25269455160306
25269016995652,25269620074449
25269016995652,25269977379903
25269016995652,25270295723787
25270391517646,25270295723787
25270391517646,25270627917302
25270391517646,25270867971936
25270391517646,25271046988795
25270391517646,25271315001321
25271317826267,25271315001321
25271317826267,25271561088609
25271317826267,25271762836447
25271317826267,25271903385712
25271317826267,25272215180069
25272217839650,25272215180069
25272217839650,25272499240451
25272217839650,25272642184000
25272217839650,25272857665271
25272217839650,25273059601611
25273121082896,25273059601611
25273121082896,25273406088159
25273121082896,25273546886683
25273586829560,25273546886683
25273586829560,25273766493004
25273586829560,25273920863610
25273586829560,25274079335656
25273586829560,25274278488902
25273586829560,25274455226345
25273586829560,25274935827758
25274945709684,25274935827758
25274945709684,25275177412315
25274945709684,25275366550516
25274945709684,25275597200330
25274945709684,25275885757480
25275965986801,25275885757480
25275965986801,25276249078137
25275965986801,25276397079508
25275965986801,25276570767655
25275965986801,25276774874873
25276808759784,25276774874873
25276808759784,25277036165516
25276808759784,25277291855242
25276808759784,25277479506653
25276808759784,25277776317436
25277778586395,25277776317436
25277778586395,25277998621841
25277778586395,25278193961684
25277778586395,25278390454932
25278393244440,25278390454932
25278393244440,25278608844758
25278393244440,25278740041291
25278393244440,25278960538121
25278393244440,25279199116475
25278393244440,25279562597827
25279595245810,25279562597827
25279595245810,25279784760990
25279595245810,25279987312300
25279595245810,25280232430314
25279595245810,25280503999524
25280507338473,25280503999524
25280507338473,25280685732133
25280507338473,25280821819280
25280507338473,25281000444135
25280507338473,25281272998142
25281314126563,25281272998142
25281314126563,25281502089871
25281314126563,25281723619783
25281314126563,25281920106209
25281314126563,25282082699868
25282176590053,25282082699868
25282176590053,25282462069946
25282176590053,25282637432453
25282176590053,25282882448793
25282176590053,25283145259781
25283147905740,25283145259781
25283147905740,25283383234959
25283147905740,25283566619663
25283147905740,25283716430364
25283147905740,25284153489276
25284155808565,25284153489276
25284155808565,25284383780769
25284155808565,25284564119794
25284155808565,25284776029777
25284155808565,25284966440072
25285134838460,25284966440072
25285134838460,25285355424834
25285134838460,25285482182207
25285134838460,25285694336812
25285134838460,25285840166309
25285876336986,25285840166309
25285876336986,25286148764511
25285876336986,25286315223180
25285876336986,25286496505865
25285876336986,25286759720628
25286856185996,25286759720628
25286856185996,25287078481586
25286856185996,25287242041818
25286856185996,25287501038209
25286856185996,25287802494180
25287836448153,25287802494180
25287836448153,25288071421132
25287836448153,25288259986990
25287836448153,25288604401729
25287836448153,25288800781360
25288803319912,25288800781360
25288803319912,25289043405456
25288803319912,25289218357552
25288803319912,25289401098469
25289402831725,25289401098469
25289402831725,25289590298210
25289402831725,25289749843679
25289402831725,25289951472566
25289402831725,25290120831648
25289402831725,25290569970656
25290573737908,25290569970656
25290573737908,25290838818600
25290573737908,25290964577579
25290573737908,25291103556308
25290573737908,25291539370194
25291543651036,25291539370194
25291543651036,25291787277014
25291543651036,25291960907747
25291543651036,25292161888956
25291543651036,25292373083677
25292439964067,25292373083677
25292439964067,25292686422396
25292439964067,25292852918572
25292439964067,25293035195784
25292439964067,25293325323822
25293408195986,25293325323822
25293408195986,25293666239743
25293408195986,25293859173336
25293408195986,25294074207212
25294078020642,25294074207212
25294078020642,25294241401716
25294078020642,25294401719278
25294078020642,25294578795528
25294078020642,25294711333022
25294078020642,25295138343567
25295214082001,25295138343567
25295214082001,25295455633593
25295214082001,25295663499101
25295214082001,25295840783100
25295214082001,25296096422099
25296098503561,25296096422099
25296098503561,25296299731348
25296098503561,25296540142375
25296098503561,25296694186621
25296098503561,25297088638123
25297091122774,25297088638123
25297091122774,25297295388523
25297091122774,25297480202425
25297091122774,25297639297771
25297641874864,25297639297771
25297641874864,25297790793825
25297641874864,25297977694817
25297641874864,25298137730656
25297641874864,25298393284732
25297641874864,25298872272737
25298878382217,25298872272737
25298878382217,25299133243704
25298878382217,25299310251852
25298878382217,25299461778546
25299463879739,25299461778546
25299463879739,25299717907578
25299463879739,25299907225934
25299463879739,25300095410454
25299463879739,25300244197982
25299463879739,25300664721364
25300679673325,25300664721364
25300679673325,25300962455114
25300679673325,25301201803288
25300679673325,25301376823343
25300679673325,25301726383198
25301728778421,25301726383198
25301728778421,25301933561632
25301728778421,25302155344706
25301728778421,25302341072155
25301728778421,25302464303112
25302620220149,25302464303112
25302620220149,25302858229632
25302620220149,25303041823328
25302620220149,25303212431295
25302620220149,25303525581815
25303540979570,25303525581815
25303540979570,25303766851766
25303540979570,25303900073228
25303540979570,25304129464224
25304134897680,25304129464224
25304134897680,25304332024360
25304134897680,25304608385620
25304134897680,25304753273581
25304134897680,25304916259126
25304134897680,25305301186740
25305436744182,25305301186740
25305436744182,25305693164881
25305436744182,25305948337102
25305436744182,25306065386100
25305436744182,25306341360203
25306453436379,25306341360203
25306453436379,25306695700724
25306453436379,25306918337886
25306453436379,25307066243342
25306453436379,25307420688695
25307489596738,25307420688695
25307489596738,25307814304697
25307489596738,25307939966711
25307489596738,25308071097225
25307489596738,25308659270641
25308815117094,25308659270641
25308815117094,25309066261547
25308815117094,25309244186796
25308815117094,25309369960374
25309371444371,25309369960374
25309371444371,25309640872594
25309371444371,25309773598661
25309371444371,25309948986777
25309371444371,25310143466981
25309371444371,25310568843010
25310584385948,25310568843010
25310584385948,25310777123534
25310584385948,25311053419207
25310584385948,25311238672795
25311061328566,25311238672795
25311061328566,25311427464753
25311061328566,25311585522594
25311061328566,25311760208720
25311061328566,25312002553039
25311061328566,25312377233867
25312379832786,25312377233867
25312379832786,25312637847771
25312379832786,25312817310923
25312379832786,25312985239656
25312379832786,25313376398491
25313378895900,25313376398491
25313378895900,25313650229366
25313378895900,25313922741789
25313378895900,25314091190709
25313378895900,25314256361734
25314263121885,25314256361734
25314263121885,25314415277408
25314263121885,25314677139286
25314263121885,25314847293114
25314263121885,25315179212770
25315183127214,25315179212770
25315183127214,25315341655062
25315183127214,25315591364135
25315183127214,25315759401283
25315761424895,25315759401283
25315761424895,25315944396144
25315761424895,25316110650313
25315761424895,25316320482773
25315761424895,25316495436573
25315761424895,25316883400105
25316918288080,25316883400105
25316918288080,25317095215961
25316918288080,25317290941652
25316918288080,25317499208703
25317500809460,25317499208703
25317500809460,25317704557326
25317500809460,25317900961842
25317500809460,25318072314606
25317500809460,25318297410801
25317500809460,25318731031701
25318761585248,25318731031701
25318761585248,25319025221682
25318761585248,25319224909824
25318761585248,25319410372562
25318761585248,25319596991781
25319643446181,25319596991781
25319643446181,25319893271338
25319643446181,25320085359823
25319643446181,25320232118434
25319643446181,25320522356350
25320529924208,25320522356350
25320529924208,25320743754080
25320529924208,25320944161864
25320529924208,25321148478287
25320529924208,25321406941698
25321499522396,25321406941698
25321499522396,25321774506453
25321499522396,25322021300159
25321499522396,25322189935792
25321499522396,25322467302368
25322469228746,25322467302368
25322469228746,25322714304678
25322469228746,25322870719117
25322469228746,25323032347265
25322469228746,25323316304908
25323336979296,25323316304908
25323336979296,25323533654668
25323336979296,25323802965311
25323336979296,25323975111422
25323336979296,25324220492009
25324248278900,25324220492009
25324248278900,25324420369420
25324248278900,25324727298697
25324248278900,25324894068150
25324896626267,25324894068150
25324896626267,25325027094084
25324896626267,25325176770614
25324896626267,25325383987859
25324896626267,25325537275271
25324896626267,25325960267492
25326008356522,25325960267492
25326008356522,25326190070657
25326008356522,25326339240277
25326008356522,25326602650285
25326008356522,25326872019605
25326921981463,25326872019605
25326921981463,25327130825972
25326921981463,25327293411530
25326921981463,25327615135526
25327618330413,25327615135526
25327618330413,25327784839267
25327618330413,25327968020876
25327618330413,25328139289957
25327618330413,25328419290689
25327618330413,25328804823150
25328911220664,25328804823150
25328911220664,25329173390381
25328911220664,25329323181857
25328911220664,25329525057109
25328911220664,25329915834436
25329917049497,25329915834436
25329917049497,25330074088558
25329917049497,25330227531493
25329917049497,25330453561299
25329917049497,25330704032776
25330705735069,25330704032776
25330705735069,25330879316860
25330705735069,25331120331101
25330705735069,25331301509691
25330705735069,25331528076146
25331530481279,25331528076146
25331530481279,25331754265528
25331530481279,25331966363468
25331530481279,25332140834171
25331530481279,25332535413142
25332537879194,25332535413142
25332537879194,25332707853336
25332537879194,25332945257239
25332537879194,25333106294642
25332537879194,25333380099141
25333392120035,25333380099141
25333392120035,25333639855820
25333392120035,25333884244440
25333392120035,25334049544138
25333392120035,25334291345011
25334318404722,25334291345011
25334318404722,25334612233218
25334318404722,25334997361836
25334318404722,25335182262216
25334318404722,25335399786854
25335401074426,25335399786854
25335401074426,25335629557877
25335401074426,25335784212800
25335401074426,25336032226759
25335401074426,25336421374183
25336427196014,25336421374183
25336427196014,25336632222918
25336427196014,25336796259574
25336427196014,25336963272350
25336427196014,25337328299126
25337336139823,25337328299126
25337336139823,25337538269099
25337336139823,25337671764172
25337336139823,25337913480533
25337336139823,25338188189909
25338204027601,25338188189909
25338204027601,25338450694304
25338204027601,25338612525467
25338204027601,25338784986867
25338204027601,25339118452315
25339173531576,25339118452315
25339173531576,25339373599585
25339173531576,25339517847905
25339173531576,25339765382129
25339173531576,25340009090819
25340243659700,25340009090819
25340243659700,25340471216972
25340243659700,25340633344735
25340243659700,25340786134183
25340243659700,25340973073321
25340975393573,25340973073321
25340975393573,25341114574835
25340975393573,25341272371150
25340975393573,25341442486218
25340975393573,25341757209922
25341851426124,25341757209922
25341851426124,25342045434830
25341851426124,25342252210046
25341851426124,25342483182883
25341851426124,25342747660183
25342756691147,25342747660183
25342756691147,25342976514468
25342756691147,25343196295633
25342756691147,25343385736062
25343387675821,25343385736062
25343387675821,25343614868670
25343387675821,25343781649188
25343387675821,25343972188077
25343387675821,25344155324906
25343387675821,25344563184991
25343387675821,25344987660044
25344744910800,25344987660044
25344744910800,25345108229089
25344744910800,25345263440978
25345266135822,25345263440978
25345266135822,25345489063497
25345266135822,25345683674503
25345266135822,25345878517990
25345266135822,25346031093077
25345266135822,25346463879659
25346511090447,25346463879659
25346511090447,25346823536822
25346511090447,25346962462890
25346511090447,25347140304188
25347142745347,25347140304188
25347142745347,25347369092292
25347142745347,25347531968714
25347142745347,25347695561449
25347142745347,25347900237673
25347142745347,25348337198414
25348360603581,25348337198414
25348360603581,25348632262753
25348360603581,25348822583544
25348360603581,25349018340074
25348360603581,25349462942563
25349871301954,25349462942563
25349871301954,25350202786478
25349871301954,25350357150786
25349871301954,25350538224645
25349871301954,25350694208331
25350794089086,25350694208331
25350794089086,25350997833018
25350794089086,25351259852026
25350794089086,25351387680298
25351391662914,25351387680298
25351391662914,25351663190519
25351391662914,25351806867904
25351391662914,25351970343011
25351391662914,25352230406975
25352231737367,25352230406975
25352231737367,25352455580650
25352231737367,25352650678496
25352231737367,25352861808551
25352231737367,25353055362626
25352231737367,25353475311378
25353520124064,25353475311378
25353520124064,25353732346042
25353520124064,25353982803131
25353520124064,25354130521029
25353520124064,25354463530923
25354465903679,25354463530923
25354465903679,25354683058321
25354465903679,25354859452431
25354861779775,25354859452431
25354861779775,25355061431612
25354861779775,25355236038655
25354861779775,25355440438351
25354861779775,25355632215548
25354861779775,25355795290294
25354861779775,25356089063358
25356095379872,25356089063358
25356095379872,25356294502301
25356095379872,25356463330688
25356095379872,25356729212681
25356095379872,25356939140640
25357021081172,25356939140640
25357021081172,25357203597734
25357021081172,25357370136879
25357021081172,25357608721357
25357021081172,25357874804896
25357946912382,25357874804896
25357946912382,25358186191642
25357946912382,25358461504562
25357946912382,25358648248816
25357946912382,25358918735717
25358922165406,25358918735717
25358922165406,25359117065838
25358922165406,25359271757644
25358922165406,25359427834800
25358922165406,25359770098577
25359860129998,25359770098577
25359860129998,25360112528447
25359860129998,25360243810416
25359860129998,25360402769273
25360411283308,25360402769273
25360411283308,25360591357875
25360411283308,25360718066189
25360411283308,25360938847744
25360411283308,25361227250968
25360411283308,25361715038474
25361718574859,25361715038474
25361718574859,25361956906370
25361718574859,25362134232759
25361718574859,25362327178614
25362328973672,25362327178614
25362328973672,25362513985146
25362328973672,25362706202387
25362328973672,25362886946665
25362328973672,25363123018732
25362328973672,25363639992507
25363642402468,25363639992507
25363642402468,25363904292490
25363642402468,25364072760167
25363642402468,25364252883933
25364255344142,25364252883933
25364255344142,25364440471242
25364255344142,25364599751663
25364255344142,25364780844113
25364255344142,25364961149250
25364255344142,25365471613392
25365488657251,25365471613392
25365488657251,25365734736551
25365488657251,25365939017160
25365488657251,25366117473408
25365488657251,25366469340086
25366507543939,25366469340086
25366507543939,25366772015887
25366507543939,25366990944022
25366507543939,25367179677932
25367181779124,25367179677932
25367181779124,25367386758101
25367181779124,25367585990737
25367181779124,25367730724513
25367181779124,25367885034078
25367181779124,25368210224465
25368367611769,25368210224465
25368367611769,25368589489638
25368367611769,25368753842854
25368367611769,25368976295218
25368367611769,25369234184106
25369365046832,25369234184106
25369365046832,25369662817786
25369365046832,25369881639494
25369365046832,25370089693662
25369365046832,25370396504009
25370398796059,25370396504009
25370398796059,25370595401205
25370398796059,25370899977487
25370398796059,25371096468561
25370398796059,25371264181669
25371315686076,25371264181669
25371315686076,25371580408298
25371315686076,25371706199751
25371315686076,25371863657582
25371873100919,25371863657582
25371873100919,25372101223888
25371873100919,25372236728805
25371873100919,25372445622193
25371873100919,25372706329783
25372709681626,25372706329783
25372709681626,25372892260591
25372709681626,25373071224803
25372709681626,25373296596412
25372709681626,25373592282844
25372709681626,25373988118634
25374019449459,25373988118634
25374019449459,25374207206502
25374019449459,25374419781811
25374019449459,25374605078031
25374019449459,25374948821490
25374952756665,25374948821490
25374952756665,25375257241412
25374952756665,25375509001508
25374952756665,25375679741163
25374952756665,25375832309119
25375834373651,25375832309119
25375834373651,25376019044726
25375834373651,25376199207588
25375834373651,25376407149303
25375834373651,25376872960409
25376874472374,25376872960409
25376874472374,25377126263295
25376874472374,25377304589033
25376874472374,25377440226148
25376874472374,25377786221693
25378015934173,25377786221693
25378015934173,25378223024212
25378015934173,25378373243463
25378015934173,25378546120252
25378015934173,25378696374802
25378739673208,25378696374802
25378739673208,25378922513516
25378739673208,25379145339268
25378739673208,25379342813794
25379346800318,25379342813794
25379346800318,25379530260901
25379346800318,25379673350283
25379346800318,25379861289042
25379346800318,25380015437077
25379346800318,25380501228254
25380613683093,25380501228254
25380613683093,25380905346156
25380613683093,25381130416854
25380613683093,25381286379603
25381288212557,25381286379603
25381288212557,25381587390082
25381288212557,25381801271226
25381288212557,25381918414590
25381288212557,25382038213305
25381288212557,25382603876654
25382704340881,25382603876654
25382704340881,25382961475418
25382704340881,25383141280725
25383185526164,25383141280725
25383185526164,25383357204863
25383185526164,25383538371909
25383185526164,25383719800261
25383185526164,25383845747667
25383185526164,25384029319739
25384136492213,25384029319739
25384136492213,25384388844533
25384136492213,25384551325777
25384136492213,25384724875377
25384136492213,25384987289866
25384136492213,25385599059603
25385600567245,25385599059603
25385600567245,25385842561839
25385600567245,25386006618269
25385600567245,25386206766858
25386209175538,25386206766858
25386209175538,25386354930799
25386209175538,25386491156717
25386209175538,25386686362629
25386209175538,25386982680957
25386209175538,25387386499164
25387387749649,25387386499164
25387387749649,25387591109653
25387387749649,25387752507650
25387387749649,25387955160967
25387387749649,25388193299952
25388238949200,25388193299952
25388238949200,25388506170870
25388238949200,25388676476789
25388238949200,25388826274541
25388238949200,25389180164074
25389244070493,25389180164074
25389244070493,25389364677209
25389244070493,25389554197449
25389244070493,25390008298760
25390152102355,25390008298760
25390152102355,25390386173871
25390152102355,25390545669322
25390152102355,25390768439433
25390152102355,25391028135249
25390152102355,25391418144573
25391520073060,25391418144573
25391520073060,25391717143372
25391520073060,25392069190726
25391520073060,25392251080584
25391520073060,25392480659188
25392489680542,25392480659188
25392489680542,25392753362029
25392489680542,25392946827274
25392489680542,25393107096102
25392489680542,25393471760779
25393637163948,25393471760779
25393637163948,25393849767937
25393637163948,25394032081113
25393637163948,25394172364177
25393637163948,25394367303051
25394443145455,25394367303051
25394443145455,25394664187740
25394443145455,25394966165454
25394443145455,25395120791636
25394443145455,25395265969982
25395122662430,25395265969982
25395122662430,25395412516833
25395122662430,25395526538963
25395122662430,25395914390756
25395122662430,25396141170254
25396224718591,25396141170254
25396224718591,25396424719660
25396224718591,25396684350724
25396224718591,25396845447209
25396224718591,25397182229754
25397240905537,25397182229754
25397240905537,25397457924948
25397240905537,25397644422836
25397240905537,25397816255957
25397240905537,25398097327019
25398183453656,25398097327019
25398183453656,25398408240794
25398183453656,25398660120563
25398183453656,25398800273944
25398183453656,25399019244832
25399059195593,25399019244832
25399059195593,25399310223123
25399059195593,25399536990992
25399059195593,25399717915732
25399059195593,25400104381484
25400108149041,25400104381484
25400108149041,25400289771299
25400108149041,25400456290007
25400108149041,25400627805707
25400108149041,25401026218598
25401028184626,25401026218598
25401028184626,25401237792172
25401028184626,25401475265758
25401028184626,25401664999842
25401028184626,25401916248489
25401919186997,25401916248489
25401919186997,25402143224872
25401919186997,25402313899751
25401919186997,25402539033068
25401919186997,25402762116281
25402813874437,25402762116281
25402813874437,25403032535423
25402813874437,25403219746267
25402813874437,25403368686356
25402813874437,25404091588501
25404096962040,25404091588501
25404096962040,25404360135569
25404096962040,25404528638014
25404096962040,25404724090369
25404096962040,25404930659361
25405031407257,25404930659361
25405031407257,25405337771291
25405031407257,25405491525183
25405031407257,25405673269546
25405031407257,25406120782197
25406124137922,25406120782197
25406124137922,25406374971659
25406124137922,25406529976723
25406124137922,25406684859449
25406124137922,25406972691408
25406989376724,25406972691408
25406989376724,25407206929356
25406989376724,25407470230200
25406989376724,25407661548601
25406989376724,25407930193192
25407933304601,25407930193192
25407933304601,25408160962778
25407933304601,25408313379502
25407933304601,25408561664739
25407933304601,25408729012166
25408730758980,25408729012166
25408730758980,25408966376054
25408730758980,25409197822277
25408730758980,25409406052666
25408730758980,25409580940803
25409663707153,25409580940803
25409663707153,25409900675195
25409663707153,25410112514589
25409663707153,25410306446321
25409663707153,25410621713081
25410647599955,25410621713081
25410647599955,25410894182696
25410647599955,25411118916542
25410647599955,25411310256818
25410647599955,25411599292439
25411601160826,25411599292439
25411601160826,25411860606660
25411601160826,25412118134345
25411601160826,25412307032942
25412308695521,25412307032942
25412308695521,25412498074520
25412308695521,25412683138581
25412308695521,25412872318365
25412308695521,25413097793425
25413105778296,25413097793425
25413105778296,25413333054447
25413105778296,25413514140579
25413105778296,25413759755865
25413105778296,25414001760057
25413105778296,25414407250196
25414409616031,25414407250196
25414409616031,25414643079564
25414409616031,25414823321756
25414409616031,25415007464026
25415009653617,25415007464026
25415009653617,25415223642529
25415009653617,25415375870311
25415009653617,25415513213617
25415009653617,25415827765510
25415009653617,25416237945644
25416267231306,25416237945644
25416267231306,25416582073557
25416267231306,25416771759710
25416267231306,25416915248008
25416267231306,25417248367296
25417282192171,25417248367296
25417282192171,25417552747022
25417282192171,25417707296271
25417282192171,25417837987908
25417282192171,25418272749557
25418345260748,25418272749557
25418345260748,25418609714566
25418345260748,25418749508169
25418345260748,25418899263003
25418345260748,25419122654145
25419155895126,25419122654145
25419155895126,25419372357320
25419155895126,25419577414709
25419155895126,25419720806604
25419722749143,25419720806604
25419722749143,25419878154570
25419722749143,25420030290334
25419722749143,25420215271677
25419722749143,25420477271433
25419722749143,25421007220482
25421009442224,25421007220482
25421009442224,25421268100310
25421009442224,25421409322616
25421009442224,25421603896340
25421009442224,25421801202981
25421901941571,25421801202981
25421901941571,25422215174713
25421901941571,25422376318435
25421901941571,25422519386533
25421901941571,25422807911574
25422811509979,25422807911574
25422811509979,25423004922753
25422811509979,25423211805869
25422811509979,25423400278336
25422811509979,25423731874565
25423738555288,25423731874565
25423738555288,25423910299434
25423738555288,25424147903670
25423738555288,25424319519479
25424323694421,25424319519479
25424323694421,25424517971091
25424323694421,25424693387061
25424323694421,25424845381235
25424323694421,25425053156413
25424323694421,25425447669540
25424323694421,25425626299653
25425458701535,25425626299653
25425458701535,25425853363113
25425458701535,25426056802795
25425458701535,25426344184748
25426371991310,25426344184748
25426371991310,25426653109616
25426371991310,25426830364441
25426371991310,25427003096127
25426371991310,25427350291176
25427351772186,25427350291176
25427351772186,25427580644719
25427351772186,25427776833759
25427351772186,25427939916643
25427959992146,25427939916643
25427959992146,25428160976593
25427959992146,25428353349992
25427959992146,25428552725775
25427959992146,25428724936090
25428797093937,25428724936090
25428797093937,25429017216125
25428797093937,25429165275546
25428797093937,25429374550311
25428797093937,25429646368072
25428797093937,25430097628589
25430125789998,25430097628589
25430125789998,25430389517376
25430125789998,25430598829178
25430125789998,25430807877257
25430125789998,25430952164760
25430954777963,25430952164760
25430954777963,25431102843445
25430954777963,25431300286868
25430954777963,25431600926563
25431610460498,25431600926563
25431610460498,25431881348393
25431610460498,25432034747306
25431610460498,25432217365070
25431610460498,25432536268534
25431610460498,25432857910001
25432962712649,25432857910001
25432962712649,25433203829704
25432962712649,25433371652733
25432962712649,25433574502933
25432962712649,25433901028704
25433921099221,25433901028704
25433921099221,25434173460107
25433921099221,25434330489007
25433921099221,25434495857326
25433921099221,25434881930046
25434885028982,25434881930046
25434885028982,25435087942342
25434885028982,25435296251987
25434885028982,25435459084412
25434885028982,25435802129546
25435805395011,25435802129546
25435805395011,25436062285305
25435805395011,25436248957148
25435805395011,25436410383711
25435805395011,25436572403870
25436574980689,25436572403870
25436574980689,25436779141728
25436574980689,25436997229477
25436574980689,25437243845198
25437245432444,25437243845198
25437245432444,25437504912857
25437245432444,25437690103185
25437245432444,25437791906437
25437245432444,25437981077267
25437245432444,25438262873369
25438605470337,25438262873369
25438605470337,25438872591902
25438605470337,25439098068320
25438605470337,25439336268174
25438605470337,25439475891754
25439580082176,25439475891754
25439580082176,25439778033112
25439580082176,25439949298658
25439580082176,25440083715795
25439580082176,25440536155534
25440538865785,25440536155534
25440538865785,25440737881403
25440538865785,25440884984563
25440538865785,25441072742381
25440538865785,25441322477990
25441324726296,25441322477990
25441324726296,25441609448112
25441324726296,25441808527869
25441324726296,25441996457311
25441998755847,25441996457311
25441998755847,25442211473213
25441998755847,25442377064719
25441998755847,25442581571143
25441998755847,25442817091094
25441998755847,25443174462463
25443283492494,25443174462463
25443283492494,25443492626185
25443283492494,25443682173665
25443283492494,25443838427017
25443840513549,25443838427017
25443840513549,25444034057124
25443840513549,25444195878094
25443840513549,25444369523410
25443840513549,25444498182578
25443840513549,25445321023754
25446066932314,25445321023754
25446066932314,25446308942102
25446066932314,25446469756005
25446066932314,25446591460830
25446066932314,25446801142333
25446917532092,25446801142333
25446917532092,25447113594004
25446917532092,25447273177362
25446917532092,25447470197159
25446917532092,25447930385892
25447931534196,25447930385892
25447931534196,25448118995864
25447931534196,25448266879206
25447931534196,25448470358462
25447931534196,25448754913425
25448823643327,25448754913425
25448823643327,25449046415927
25448823643327,25449267530286
25448823643327,25449428043501
25449429610579,25449428043501
25449429610579,25449692420487
25449429610579,25449864177437
25449429610579,25450071891902
25449429610579,25450237742269
25450342730136,25450237742269
25450342730136,25450560751293
25450342730136,25450751974973
25450342730136,25450957086374
25450342730136,25451336707006
25450342730136,25451782700386
25451910275687,25451782700386
25451910275687,25452145449543
25451910275687,25452307738181
25451910275687,25452451285682
25451910275687,25452825374201
25452886028627,25452825374201
25452886028627,25453065228289
25452886028627,25453333159412
25452886028627,25453455083360
25452886028627,25453883975525
25453887028179,25453883975525
25453887028179,25454119230754
25453887028179,25454265670678
25453887028179,25454387134461
25454428861671,25454387134461
25454428861671,25454718202759
25454428861671,25454899877844
25454428861671,25455065977757
25454428861671,25455356190864
25454428861671,25455741225846
25455743346611,25455741225846
25455743346611,25455992753299
25455743346611,25456147902007
25455743346611,25456298522300
25455743346611,25456653407670
25456656392461,25456653407670
25456656392461,25456877495892
25456656392461,25457032012729
25456656392461,25457207163420
25456656392461,25457517255736
25457617427121,25457517255736
25457617427121,25457804118964
25457617427121,25458034776300
25457617427121,25458162208719
25457617427121,25458591648741
25458594430806,25458591648741
25458594430806,25458807293625
25458594430806,25459057293452
25458594430806,25459307438169
25458594430806,25459424654403
25459432797851,25459424654403
25459432797851,25459654883783
25459432797851,25459828476640
25459432797851,25460062454568
25459432797851,25460329129174
25460406530937,25460329129174
25460406530937,25460674319917
25460406530937,25460882111974
25460406530937,25461083643981
25461085710350,25461083643981
25461085710350,25461259956358
25461085710350,25461400618704
25461085710350,25461592320554
25461085710350,25461759709627
25461085710350,25462297188031
25462459660349,25462297188031
25462459660349,25462649571723
25462459660349,25462828129321
25462459660349,25463006410756
25463008290388,25463006410756
25463008290388,25463208293072
25463008290388,25463443130860
25463008290388,25463564702980
25463008290388,25463788159712
25463008290388,25464076277325
25464086922981,25464076277325
25464086922981,25464283964276
25464086922981,25464505093183
25464086922981,25464713406900
25464086922981,25464989334455
25465035047313,25464989334455
25465035047313,25465324829716
25465035047313,25465491446649
25465035047313,25465729447798
25465035047313,25466347856139
25466350873061,25466347856139
25466350873061,25466522037491
25466350873061,25466667862429
25466350873061,25466855321876
25466350873061,25467094907159
25467180603580,25467094907159
25467180603580,25467379273907
25467180603580,25467647929966
25467180603580,25467867341212
25467871813737,25467867341212
25467871813737,25468067238891
25467871813737,25468206398321
25467871813737,25468422529039
25467871813737,25468668326851
25467871813737,25469145448042
25469147957985,25469145448042
25469147957985,25469383400759
25469147957985,25469556582920
25469147957985,25469786262425
25469147957985,25469995152408
25470096734199,25469995152408
25470096734199,25470311502713
25470096734199,25470512230501
25470096734199,25470747398107
25470096734199,25471074110194
25470096734199,25471271424121
25471080803901,25471271424121
25471080803901,25471417629175
25471080803901,25471656207019
25471080803901,25471836316948
25471968746799,25471836316948
25471968746799,25472206157438
25471968746799,25472312943999
25471968746799,25472536615764
25472539402040,25472536615764
25472539402040,25472717116697
25472539402040,25472838234124
25472539402040,25472976226619
25472539402040,25473258095241
25473315087835,25473258095241
25473315087835,25473538244934
25473315087835,25473692659759
25473315087835,25473891482466
25473315087835,25474224491172
25474264156617,25474224491172
25474264156617,25474487921882
25474264156617,25474650042070
25474264156617,25474804309018
25474264156617,25475074218932
25475118197082,25475074218932
25475118197082,25475355587350
25475118197082,25475514088372
25475118197082,25475663644856
25475118197082,25476020829452
25476027819961,25476020829452
25476027819961,25476261584764
25476027819961,25476497031392
25476027819961,25476678402857
25476027819961,25476927176046
25476968610782,25476927176046
25476968610782,25477233225557
25476968610782,25477415736506
25476968610782,25477560569271
25476968610782,25477916977202
25476968610782,25478289446012
25478366488111,25478289446012
25478366488111,25478624188195
25478366488111,25478824224801
25478366488111,25479063110632
25478366488111,25479230739730
25479067221534,25479230739730
25479067221534,25479399122487
25479067221534,25479575947446
25479067221534,25479948300007
25479067221534,25480192285777
25480273993817,25480192285777
25480273993817,25480485248800
25480273993817,25480711708585
25480273993817,25480908818473
25480912607972,25480908818473
25480912607972,25481130326268
25480912607972,25481308620129
25480912607972,25481485333787
25480912607972,25481672684706
25480912607972,25482185852782
25482188096607,25482185852782
25482188096607,25482433764631
25482188096607,25482677519046
25482188096607,25482878320931
25482188096607,25483004247370
25482188096607,25483143895799
25483145684151,25483143895799
25483145684151,25483370336089
25483145684151,25483546118961
25483145684151,25483803975929
25483145684151,25484299651381
25483806284150,25484299651381
25483806284150,25484544432737
25483806284150,25484681458545
25483806284150,25485102285278
25485111429309,25485102285278
25485111429309,25485298122519
25485111429309,25485489896691
25485111429309,25485625738217
25485111429309,25485976359846
25485978410449,25485976359846
25485978410449,25486212371709
25485978410449,25486444882193
25485978410449,25486631100197
25485978410449,25486920661102
25485978410449,25487108045842
25486923838961,25487108045842
25486923838961,25487289088829
25486923838961,25487507109816
25486923838961,25487706962191
25487790041891,25487706962191
25487790041891,25487961208901
25487790041891,25488213245419
25487790041891,25488429089737
25487790041891,25488629310510
25488909228723,25488629310510
25488909228723,25489100440958
25488909228723,25489290953724
25488909228723,25489461208491
25488909228723,25489691138154
25489742278536,25489691138154
25489742278536,25489968281919
25489742278536,25490115719284
25489742278536,25490254930683
25489742278536,25490610270375
25490724308885,25490610270375
25490724308885,25490987227715
25490724308885,25491111384026
25490724308885,25491218837122
25491219953798,25491218837122
25491219953798,25491421467024
25491219953798,25491549001643
25491219953798,25491708272988
25491219953798,25492017855827
25491219953798,25492448017914
25492549681337,25492448017914
25492549681337,25492775042609
25492549681337,25492935240920
25492549681337,25493146474099
25493149872051,25493146474099
25493149872051,25493384073828
25493149872051,25493540646213
25493149872051,25493727071086
25493149872051,25493873436981
25493149872051,25494358426481
25494392944213,25494358426481
25494392944213,25494647406769
25494392944213,25494784319270
25494392944213,25494911624305
25494392944213,25495253083869
25495374520884,25495253083869
25495374520884,25495625669996
25495374520884,25495808592029
25495374520884,25495982672302
25495374520884,25496329454503
25496331821381,25496329454503
25496331821381,25496543508747
25496331821381,25496777144525
25496331821381,25496929053777
25496930972210,25496929053777
25496930972210,25497126923076
25496930972210,25497335409527
25496930972210,25497486335418
25496930972210,25497821263126
25496930972210,25498178199761
25498229819318,25498178199761
25498229819318,25498393856836
25498229819318,25498588309708
25498229819318,25498791803616
25498794393645,25498791803616
25498794393645,25499021942639
25498794393645,25499172771106
25498794393645,25499314763962
25498794393645,25499505576927
25498794393645,25499960988517
25500025379680,25499960988517
25500025379680,25500289016781
25500025379680,25500446808341
25500025379680,25500622911825
25500025379680,25500910874048
25500945717428,25500910874048
25500945717428,25501195276230
25500945717428,25501321141753
25500945717428,25501535727021
25500945717428,25501771269247
25501900987861,25501771269247
25501900987861,25502077884601
25501900987861,25502221585737
25501900987861,25502411096454
25501900987861,25502798820733
25502917544784,25502798820733
25502917544784,25503167293131
25502917544784,25503346801110
25502917544784,25503561552105
25502917544784,25503855572205
25503857507038,25503855572205
25503857507038,25504094895783
25503857507038,25504244707469
25503857507038,25504452754650
25503857507038,25504718712956
25504719975656,25504718712956
25504719975656,25504887570971
25504719975656,25505044221966
25504719975656,25505229252988
25504719975656,25505774347108
25505777015741,25505774347108
25505777015741,25506035606617
25505777015741,25506158285561
25505777015741,25506397068138
25505777015741,25506689083335
25505777015741,25506874714846
25506877398966,25506874714846
25506877398966,25507056826603
25506877398966,25507208140387
25506877398966,25507418558469
25507511840989,25507418558469
25507511840989,25507742642138
25507511840989,25507982221992
25507511840989,25508153220122
25507511840989,25508467851086
25508470761632,25508467851086
25508470761632,25508674222240
25508470761632,25508817588868
25508470761632,25508974203121
25508978872815,25508974203121
25508978872815,25509243992017
25508978872815,25509398484254
25508978872815,25509570800232
25508978872815,25509750152348
25508978872815,25510242281279
25510315263632,25510242281279
25510315263632,25510544229899
25510315263632,25510732848224
25510315263632,25510897146396
25510315263632,25511260468328
25511263904407,25511260468328
25511263904407,25511510783173
25511263904407,25511685133503
25511263904407,25511825343872
25511263904407,25512265859921
25512268472754,25512265859921
25512268472754,25512490753611
25512268472754,25512671416164
25512268472754,25512838673791
25512268472754,25513322951378
25513325441305,25513322951378
25513325441305,25513577119005
25513325441305,25513755483374
25513325441305,25513879106523
25513881042461,25513879106523
25513881042461,25514035641703
25513881042461,25514192269172
25513881042461,25514352127418
25513881042461,25514528873265
25513881042461,25514867614049
25514910231120,25514867614049
25514910231120,25515238855182
25514910231120,25515395153769
25514910231120,25515565210676
25514910231120,25515776668904
25515817123944,25515776668904
25515817123944,25516075942234
25515817123944,25516220351636
25515817123944,25516420517851
25516423175483,25516420517851
25516423175483,25516639279944
25516423175483,25516826092972
25516423175483,25517016786337
25516423175483,25517343341347
25516423175483,25517580914143
25517741784072,25517580914143
25517741784072,25517965522387
25517741784072,25518108699354
25517741784072,25518234877283
25518238139423,25518234877283
25518238139423,25518476144174
25518238139423,25518619917112
25518238139423,25518804949250
25518238139423,25519093786272
25518238139423,25519521853973
25519532096701,25519521853973
25519532096701,25519762320089
25519532096701,25520014498943
25519532096701,25520141161264
25519532096701,25520394378000
25520452316557,25520394378000
25520452316557,25520604984448
25520452316557,25520841331339
25520452316557,25520986851278
25520990020667,25520986851278
25520990020667,25521228749170
25520990020667,25521355202923
25520990020667,25521511661516
25520990020667,25521718944983
25520990020667,25522234868212
25522313612019,25522234868212
25522313612019,25522600425063
25522313612019,25522786723976
25522313612019,25522929928805
25522313612019,25523127254973
25523150749004,25523127254973
25523150749004,25523364963404
25523150749004,25523561848986
25523150749004,25523724113225
25523150749004,25524041993266
25524050570068,25524041993266
25524050570068,25524275032089
25524050570068,25524465221514
25524050570068,25524619198479
25524050570068,25525063236471
25525065927931,25525063236471
25525065927931,25525345353980
25525065927931,25525509175284
25525065927931,25525627976416
25525065927931,25526135012633
25526194663359,25526135012633
25526194663359,25526525086295
25526194663359,25526669823952
25526194663359,25526811666482
25526194663359,25527170051281
25527171440614,25527170051281
25527171440614,25527422239796
25527171440614,25527681836333
25527171440614,25527821840795
25527171440614,25528034394811
25528128543595,25528034394811
25528128543595,25528436293191
25528128543595,25528665806402
25528128543595,25528844314810
25528846504811,25528844314810
25528846504811,25528992237818
25528846504811,25529182990058
25528846504811,25529345724232
25528846504811,25529469857295
25528846504811,25530003907545
25530005766869,25530003907545
25530005766869,25530174218428
25530005766869,25530710576296
25530005766869,25530857851391
25530859913905,25530857851391
25530859913905,25531027353382
25530859913905,25531242607130
25530859913905,25531497067702
25530859913905,25531650036860
25530859913905,25531980886152
25532096022219,25531980886152
25532096022219,25532322201516
25532096022219,25532475503274
25532096022219,25532691281824
25532096022219,25533064557328
25533076727009,25533064557328
25533076727009,25533325940444
25533076727009,25533467282383
25533076727009,25533647454124
25533650201731,25533647454124
25533650201731,25533903564693
25533650201731,25534092609276
25533650201731,25534274684588
25533650201731,25534541167884
25533650201731,25534907077350
25534956383813,25534907077350
25534956383813,25535179602791
25534956383813,25535405086641
25534956383813,25535605181138
25534956383813,25535834279724
25535906112533,25535834279724
25535906112533,25536129920587
25535906112533,25536328542852
25535906112533,25536528807028
25535906112533,25536748421226
25536832015835,25536748421226
25536832015835,25537048350401
25536832015835,25537242227288
25536832015835,25537428342012
25536832015835,25537755237774
25537771321835,25537755237774
25537771321835,25538033402613
25537771321835,25538295668519
25537771321835,25538498778335
25537771321835,25538706119402
25538713750607,25538706119402
25538713750607,25539003818364
25538713750607,25539147181738
25538713750607,25539348220348
25538713750607,25539725981745
25539734730984,25539725981745
25539734730984,25539958064701
25539734730984,25540186524737
25539734730984,25540385139187
25540387218499,25540385139187
25540387218499,25540635411885
25540387218499,25540826551058
25540387218499,25541003055086
25540387218499,25541146728427
25540387218499,25541591073288
25541611577578,25541591073288
25541611577578,25541936257659
25541611577578,25542066975512
25541611577578,25542216836296
25541611577578,25542539270558
25542568952718,25542539270558
25542568952718,25542787575204
25542568952718,25542971840234
25542568952718,25543163232451
25542568952718,25543467287134
25543487718997,25543467287134
25543487718997,25543725290490
25543487718997,25543949547478
25543487718997,25544100152105
25543487718997,25544420684266
25544422261768,25544420684266
25544422261768,25544696286866
25544422261768,25544877330128
25544422261768,25545054244169
25544422261768,25545254774887
25545257273952,25545254774887
25545257273952,25545816242065
25545257273952,25545968177990
25545257273952,25546110846702
25545257273952,25546503433538
25546551889890,25546503433538
25546551889890,25546836781481
25546551889890,25547000333699
25546551889890,25547271098131
25546551889890,25547513914184
25547515727057,25547513914184
25547515727057,25547711644791
25547515727057,25547902937282
25547515727057,25548109772609
25547515727057,25548241826132
25548251582620,25548241826132
25548251582620,25548480893196
25548251582620,25548640072470
25548251582620,25548825757170
25548828254316,25548825757170
25548828254316,25549113458958
25548828254316,25549310243407
25548828254316,25549467564191
25548828254316,25549593873765
25548828254316,25549997097909
25550039905929,25549997097909
25550039905929,25550290447881
25550039905929,25550485395258
25550039905929,25550636364733
25550640870521,25550636364733
25550640870521,25550844299173
25550640870521,25551026267739
25550640870521,25551228263414
25550640870521,25551414245481
25550640870521,25551879973842
25551883910801,25551879973842
25551883910801,25552136905528
25551883910801,25552301094674
25552312232598,25552301094674
25552312232598,25552567434790
25552312232598,25552731875225
25552312232598,25552918115305
25552312232598,25553033879560
25552312232598,25553207133409
25552312232598,25553659448295
25553662347985,25553659448295
25553662347985,25553858179026
25553662347985,25554020347896
25553662347985,25554162264695
25553662347985,25554416535089
25553662347985,25554724988862
25554533193023,25554724988862
25554533193023,25554917886903
25554533193023,25555028654022
25554533193023,25555434482841
25555452385193,25555434482841
25555452385193,25555665380711
25555452385193,25555841566313
25555452385193,25556004434136
25555452385193,25556398216867
25556400454683,25556398216867
25556400454683,25556649188962
25556400454683,25556848699995
25556400454683,25556991382987
25556400454683,25557230917178
25557232950544,25557230917178
25557232950544,25557528943024
25557232950544,25557652248131
25557232950544,25557801412683
25557232950544,25558118582625
25558168580072,25558118582625
25558168580072,25558375149576
25558168580072,25558547770596
25558168580072,25558770017948
25558771802873,25558770017948
25558771802873,25558962950102
25558771802873,25559130271917
25558771802873,25559260905037
25558771802873,25559593038993
25558771802873,25560092291171
25560094587052,25560092291171
25560094587052,25560314132886
25560094587052,25560459136727
25560094587052,25560581879936
25560094587052,25561007305194
25561014491748,25561007305194
25561014491748,25561206456442
25561014491748,25561510217735
25561014491748,25561731903112
25561014491748,25561891099498
25561960847682,25561891099498
25561960847682,25562235232417
25561960847682,25562419920080
25561960847682,25562678271587
25561960847682,25562843204493
25562844631328,25562843204493
25562844631328,25563029691788
25562844631328,25563278196075
25562844631328,25563455214906
25562844631328,25563747776933
25563750924993,25563747776933
25563750924993,25563922199528
25563750924993,25564138157365
25563750924993,25564351075325
25564356708802,25564351075325
25564356708802,25564524248670
25564356708802,25564633874488
25564356708802,25564872316805
25564356708802,25565087277209
25564356708802,25565739966824
25565743146879,25565739966824
25565743146879,25565935333846
25565743146879,25566076186195
25565743146879,25566244224536
25565743146879,25566657259895
25566672768129,25566657259895
25566672768129,25566915543875
25566672768129,25567111857831
25566672768129,25567244965818
25566672768129,25567641262574
25566672768129,25567851699766
25567644246429,25567851699766
25567644246429,25568007267066
25567644246429,25568129207994
25567644246429,25568440046462
25568492123870,25568440046462
25568492123870,25568736241840
25568492123870,25568879204854
25568492123870,25569052319878
25568492123870,25569265274565
25569054701818,25569265274565
25569054701818,25569412256882
25569054701818,25569571714785
25569054701818,25569801371857
25569054701818,25570170313226
25570177138138,25570170313226
25570177138138,25570410123002
25570177138138,25570570323019
25570177138138,25570800913739
25570177138138,25571190884397
25570177138138,25571360606659
25571193378748,25571360606659
25571193378748,25571560936801
25571193378748,25571763454785
25571765577072,25571763454785
25571765577072,25571992022101
25571765577072,25572157418845
25571765577072,25572328283604
25571765577072,25572639228547
25571765577072,25572978082302
25573072875560,25572978082302
25573072875560,25573301293543
25573072875560,25573490753173
25573072875560,25573653713674
25573072875560,25574060786263
25574063683968,25574060786263
25574063683968,25574324607329
25574063683968,25574459672438
25574063683968,25574685784767
25574703635628,25574685784767
25574703635628,25574898042440
25574703635628,25575076824890
25574703635628,25575211655875
25574703635628,25575400837732
25574703635628,25575788993610
25575891436439,25575788993610
25575891436439,25576127329542
25575891436439,25576286416804
25575891436439,25576475569711
25575891436439,25576808265662
25576810804074,25576808265662
25576810804074,25577075289756
25576810804074,25577236117462
25576810804074,25577403315354
25576810804074,25577717189183
25577818190225,25577717189183
25577818190225,25578035343404
25577818190225,25578276109002
25577818190225,25578469684076
25577818190225,25578717420523
25578803066955,25578717420523
25578803066955,25579074672242
25578803066955,25579505625577
25578803066955,25579681464470
25578803066955,25580171194051
25580173064978,25580171194051
25580173064978,25580410173194
25580173064978,25580559537737
25580574681243,25580559537737
25580574681243,25580759071504
25580574681243,25580904379702
25580574681243,25581024040246
25580574681243,25581175702083
25580574681243,25581451374541
25581455214745,25581451374541
25581455214745,25581750022135
25581455214745,25581880441050
25581455214745,25582019216199
25581455214745,25582344258367
25581455214745,25582518880090
25582347910222,25582518880090
25582347910222,25582823305816
25582347910222,25582952867545
25582347910222,25583290134305
25582347910222,25583672362378
25583674566106,25583672362378
25583674566106,25583932363449
25583674566106,25584117061821
25583674566106,25584261941262
25583674566106,25584717676077
25584719834308,25584717676077
25584719834308,25584905969536
25584719834308,25585036390632
25584719834308,25585203211807
25584719834308,25585516605488
25585921744992,25585516605488
25585921744992,25586175159366
25585921744992,25586419156164
25585921744992,25586564979571
25585921744992,25586849343597
25586852776669,25586849343597
25586852776669,25587134811434
25586852776669,25587286724122
25586852776669,25587446465397
25586852776669,25587713355044
25587716093585,25587713355044
25587716093585,25587963469911
25587716093585,25588100965336
25587716093585,25588296429272
25587716093585,25588737025174
25588739070654,25588737025174
25588739070654,25588926951295
25588739070654,25589056646383
25588739070654,25589236756053
25588739070654,25589628818146
25589631131692,25589628818146
25589631131692,25589827060953
25589631131692,25590017337954
25589631131692,25590150221791
25589631131692,25590496492866
25590498191034,25590496492866
25590498191034,25590763988100
25590498191034,25590920254297
25590498191034,25591073323744
25590498191034,25591423267370
25591443759635,25591423267370
25591443759635,25591652794338
25591443759635,25591866874989
25591443759635,25592031870700
25592033165513,25592031870700
25592033165513,25592266765422
25592033165513,25592460300703
25592033165513,25592627294686
25592033165513,25592877239651
25592033165513,25593270244358
25593308434080,25593270244358
25593308434080,25593582435100
25593308434080,25593769147762
25593308434080,25593944284358
25593308434080,25594122200786
25594206129983,25594122200786
25594206129983,25594451166005
25594206129983,25594625871673
25594206129983,25594841209356
25594206129983,25595061116895
25595158955243,25595061116895
25595158955243,25595386468427
25595158955243,25595521043069
25595158955243,25595697991654
25595158955243,25596170037938
25596171990746,25596170037938
25596171990746,25596381582411
25596171990746,25596581361795
25596171990746,25596754652131
25596756892349,25596754652131
25596756892349,25596944693583
25596756892349,25597127559620
25596756892349,25597268990316
25596756892349,25597595492752
25596756892349,25598040168955
25598041429507,25598040168955
25598041429507,25598241389020
25598041429507,25598407073092
25598041429507,25598582363692
25598041429507,25598880547325
25598990204605,25598880547325
25598990204605,25599203318483
25598990204605,25599369312212
25598990204605,25599583922775
25598990204605,25599883371582
25599915656463,25599883371582
25599915656463,25600097966397
25599915656463,25600409123452
25599915656463,25600628288372
25599915656463,25600797859267
25600842680051,25600797859267
25600842680051,25601109968936
25600842680051,25601321203533
25600842680051,25601494545741
25600842680051,25601813515412
25601826734856,25601813515412
25601826734856,25602024269949
25601826734856,25602161048114
25601826734856,25602374445909
25602376186315,25602374445909
25602376186315,25602640117742
25602376186315,25602784540079
25602376186315,25602947391342
25602376186315,25603082014760
25602376186315,25603589458499
25603591567945,25603589458499
25603591567945,25603799503342
25603591567945,25603954194853
25603591567945,25604138372494
25603591567945,25604495485405
25604539899884,25604495485405
25604539899884,25604769556307
25604539899884,25605010624931
25604539899884,25605199606587
25604539899884,25605489015783
25605546571824,25605489015783
25605546571824,25605796672847
25605546571824,25606012362899
25605546571824,25606206299353
25605546571824,25606471772167
25606474087293,25606471772167
25606474087293,25606695069159
25606474087293,25606857334412
25606474087293,25607003210110
25606474087293,25607503219535
25607505232743,25607503219535
25607505232743,25607713650027
25607505232743,25607867823930
25607505232743,25608016799258
25608032546676,25608016799258
25608032546676,25608277357159
25608032546676,25608479775204
25608032546676,25608623426459
25608032546676,25608930399490
25608032546676,25609402061654
25609439460197,25609402061654
25609439460197,25609704471238
25609439460197,25609921021406
25609439460197,25610109486412
25609439460197,25610410311867
25610411946257,25610410311867
25610411946257,25610811194298
25610411946257,25611019184838
25610411946257,25611191257736
25610411946257,25611654827374
25611668521013,25611654827374
25611668521013,25611937158952
25611668521013,25612096224744
25611668521013,25612289615297
25611668521013,25612748869870
25612752086558,25612748869870
25612752086558,25612921525429
25612752086558,25613100432951
25612752086558,25613288325065
25612752086558,25613529835312
25613587816121,25613529835312
25613587816121,25613796438892
25613587816121,25613960792557
25613587816121,25614158400860
25613587816121,25614453413801
25614455442929,25614453413801
25614455442929,25614699632076
25614455442929,25614848979594
25614915190992,25614848979594
25614915190992,25615086805708
25614915190992,25615249860293
25614915190992,25615412734432
25614915190992,25615542125268
25614915190992,25615701568823
25614915190992,25616154127552
25616239653695,25616154127552
25616239653695,25616474429957
25616239653695,25616676091649
25616239653695,25616870123543
25616872226579,25616870123543
25616872226579,25617029666907
25616872226579,25617195226066
25616872226579,25617370179338
25616872226579,25617617777449
25616872226579,25617981317536
25618084594983,25617981317536
25618084594983,25618274053842
25618084594983,25618503410118
25618084594983,25618738232251
25618084594983,25619024731549
25619042243644,25619024731549
25619042243644,25619290387685
25619042243644,25619516637937
25619042243644,25619710483554
25619042243644,25619910812437
25619985461692,25619910812437
25619985461692,25620254490947
25619985461692,25620440730224
25619985461692,25620674509457
25619985461692,25620837266802
25620894149914,25620837266802
25620894149914,25621100041519
25620894149914,25621437323427
25620894149914,25621629660409
25620894149914,25621808422319
25621856508538,25621808422319
25621856508538,25622147433267
25621856508538,25622326554428
25621856508538,25622468066644
25621856508538,25622835934365
25622885091703,25622835934365
25622885091703,25623102214854
25622885091703,25623279286837
25622885091703,25623471257174
25623473427394,25623471257174
25623473427394,25623678014031
25623473427394,25623841237697
25623473427394,25624022493901
25623473427394,25624278987537
25623473427394,25624709114784
25624807633585,25624709114784
25624807633585,25624994241591
25624807633585,25625137934981
25624807633585,25625377268915
25624807633585,25625568734376
25625665941391,25625568734376
25625665941391,25625828099723
25625665941391,25626081548038
25625665941391,25626271645756
25625665941391,25626590573689
25625665941391,25626840116213
