25138436224714,25139300011672
25138436224714,25139775079332
25139780160793,25139775079332
25139780160793,25139990622912
25139780160793,25140165420362
25139780160793,25140353158306
25139780160793,25140717075055
25140755677523,25140717075055
25140755677523,25141048204113
25140755677523,25141258524586
25140755677523,25141443886886
25140755677523,25141673101543
25141676951866,25141673101543
25141676951866,25141936721277
25141676951866,25142100743493
25141676951866,25142328227639
25141676951866,25142534194632
25142569777145,25142534194632
25142569777145,25142760983057
25142569777145,25142950318266
25142569777145,25143141786666
25142569777145,25143541642887
25143544817655,25143541642887
25143544817655,25143811584768
25143544817655,25143953935957
25143544817655,25144176448718
25143544817655,25144456819610
25144473013659,25144456819610
25144473013659,25144737269544
25144473013659,25144983619437
25144473013659,25145163164697
25144473013659,25145453534776
25145455952600,25145453534776
25145455952600,25145705597181
25145455952600,25145870984476
25145455952600,25146037932504
25145455952600,25146363055225
25146395599288,25146363055225
25146395599288,25146600135927
25146395599288,25146778936134
25146395599288,25146955839374
25146395599288,25147373047566
25146395599288,25147602305427
25147396192788,25147602305427
25147396192788,25147923361520
25147396192788,25148112686642
25147396192788,25148335326251
25148374135634,25148335326251
25148374135634,25148639980389
25148374135634,25148854458134
25148374135634,25149058239975
25149350925185,25149058239975
25149350925185,25149346183561
25149350925185,25149644685778
25149350925185,25149842913801
25149350925185,25150026703737
25150028141198,25150026703737
25150028141198,25150209604577
25150028141198,25150370464514
25150028141198,25150637819467
25150028141198,25150827880099
25150830384823,25150827880099
25150830384823,25151029858455
25150830384823,25151246596764
25150830384823,25151380120242
25150830384823,25151551580292
25150830384823,25151926941028
25151950266448,25151926941028
25151950266448,25152192017008
25151950266448,25152344120793
25151950266448,25152494104711
25151950266448,25152901273329
25152959862754,25152901273329
25152959862754,25153255419093
25152959862754,25153458276453
25153460537325,25153458276453
25153460537325,25153682440298
25153460537325,25153828639651
25153460537325,25153968481795
25153460537325,25154141702711
25153460537325,25154297865845
25153460537325,25154747899181
25154750177638,25154747899181
25154750177638,25154954088078
25154750177638,25155188808393
25154750177638,25155361838185
25155364547830,25155361838185
25155364547830,25155554613879
25155364547830,25155687308721
25155364547830,25155864040754
25155364547830,25156111056729
25155364547830,25156571490333
25156633385399,25156571490333
25156633385399,25156855199940
25156633385399,25157059344198
25156633385399,25157275647686
25156633385399,25157479342069
25157604145866,25157479342069
25157604145866,25157955886158
25157604145866,25158138353089
25157604145866,25158317220830
25157604145866,25158565573523
25158576914949,25158565573523
25158576914949,25158903058002
25158576914949,25159108433962
25158576914949,25159339547807
25158576914949,25159494167789
25159558682605,25159494167789
25159558682605,25159853603025
25159558682605,25160090387716
25159558682605,25160276153308
25160277971836,25160276153308
25160277971836,25160445383504
25160277971836,25160636717280
25160277971836,25160791978525
25160277971836,25160929498128
25160277971836,25161374380260
25161572555687,25161374380260
25161572555687,25161818294007
25161572555687,25161963180589
25161572555687,25162099344614
25161572555687,25162404806522
25162498234983,25162404806522
25162498234983,25162734423794
25162498234983,25162916405875
25162498234983,25163100316563
25162498234983,25163398915765
25163402418596,25163398915765
25163402418596,25163574416458
25163402418596,25164109566729
25163402418596,25164243269939
25163402418596,25164669507041
25164671478202,25164669507041
25164671478202,25164859640950
25164671478202,25165400449435
25164671478202,25165636553622
25164671478202,25165836467613
25165839071128,25165836467613
25165839071128,25166025258434
25165839071128,25166220877782
25165839071128,25166355303199
25165839071128,25166764852373
25166767290078,25166764852373
25166767290078,25166970390962
25166767290078,25167266227519
25166767290078,25167519310604
25167523497208,25167519310604
25167523497208,25167787706082
25167523497208,25167990936052
25167523497208,25168146835665
25167523497208,25168347680588
25167523497208,25168552803281
25168572963428,25168552803281
25168572963428,25168787589067
25168572963428,25169085115299
25168572963428,25169222075478
25169225229587,25169222075478
25169225229587,25169446497114
25169225229587,25169568370283
25169225229587,25169764758843
25169225229587,25169936111056
25169941632303,25169936111056
25169941632303,25170149318646
25169941632303,25170361272525
25169941632303,25170513199653
25169941632303,25170882944098
25169941632303,25171289619827
25171391699287,25171289619827
25171391699287,25171613189012
25171391699287,25171785131625
25171391699287,25171988992281
25171391699287,25172321877174
25172386568742,25172321877174
25172386568742,25172647828974
25172386568742,25172938571722
25172386568742,25173119262940
25172386568742,25173277293555
25173280079761,25173277293555
25173280079761,25173471530983
25173280079761,25173691749362
25173280079761,25173851022791
25173280079761,25174182233313
25173280079761,25174415188193
25174242151884,25174415188193
25174242151884,25174575373823
25174242151884,25174822184632
25174242151884,25175115624753
25175161922389,25175115624753
25175161922389,25175446295807
25175161922389,25175630349188
25175161922389,25175778984934
25175161922389,25176022669723
25176131394521,25176022669723
25176131394521,25176390975362
25176131394521,25176516410895
25176131394521,25176738224109
25176743133221,25176738224109
25176743133221,25176957312595
25176743133221,25177131837281
25176743133221,25177300174275
25176743133221,25177547832676
25176743133221,25177954217642
25178048230862,25177954217642
25178048230862,25178345871459
25178048230862,25178500455466
25178048230862,25178705274931
25178048230862,25179018621175
25178048230862,25179207338852
25179019752619,25179207338852
25179019752619,25179410648503
25179019752619,25179584299881
25179019752619,25179775718662
25179988604155,25179775718662
25179988604155,25180209529020
25179988604155,25180356877701
25179988604155,25180532601335
25179988604155,25180675390081
25180734489795,25180675390081
25180734489795,25180992175655
25180734489795,25181159625971
25180734489795,25181317338752
25180734489795,25181628989232
25181696688323,25181628989232
25181696688323,25181947876485
25181696688323,25182092153749
25181696688323,25182241242700
25181696688323,25182572020132
25182574110386,25182572020132
25182574110386,25182835415289
25182574110386,25182990887271
25182574110386,25183172238836
25182574110386,25183454451689
25183525201745,25183454451689
25183525201745,25183685441192
25183525201745,25183952515259
25183525201745,25184093772827
25184095161791,25184093772827
25184095161791,25184351197216
25184095161791,25184497085437
25184095161791,25184685124146
25184095161791,25184965545254
25184095161791,25185371482663
25185424771714,25185371482663
25185424771714,25185641632094
25185424771714,25185780467673
25185424771714,25185985610214
25185424771714,25186338419606
25186340917997,25186338419606
25186340917997,25186536354319
25186340917997,25186727203306
25186340917997,25186917267579
25186340917997,25187320906111
25187322525899,25187320906111
25187322525899,25187486382015
25187322525899,25187638110155
25187322525899,25187873844589
25187322525899,25188259330927
25188260871530,25188259330927
25188260871530,25188474158599
25188260871530,25188624201419
25188260871530,25188816789543
25188260871530,25189286165786
25189290414277,25189286165786
25189290414277,25189540233195
25189290414277,25189707360147
25189290414277,25189846443181
25189290414277,25190014314135
25190140770082,25190014314135
25190140770082,25190353895268
25190140770082,25190522063787
25190140770082,25190664175381
25190666563233,25190664175381
25190666563233,25190886806738
25190666563233,25191053376550
25190666563233,25191251258135
25190666563233,25191470858628
25190666563233,25191875403285
25191931886571,25191875403285
25191931886571,25192180858153
25191931886571,25192352202706
25191931886571,25192499658874
25191931886571,25192841306047
25192960968371,25192841306047
25192960968371,25193203251178
25192960968371,25193349702516
25192960968371,25193551615412
25193553151982,25193551615412
25193553151982,25193765991010
25193553151982,25193907949283
25193553151982,25194088181193
25193553151982,25194297225698
25193553151982,25194729381700
25194864296329,25194729381700
25194864296329,25195139057063
25194864296329,25195285363885
25194864296329,25195485139769
25194864296329,25195776963149
25195821942551,25195776963149
25195821942551,25196019551018
25195821942551,25196316144287
25195821942551,25196483351809
25195821942551,25196778643535
25196782146382,25196778643535
25196782146382,25196974917202
25196782146382,25197168606412
25196782146382,25197380667609
25197383245046,25197380667609
25197383245046,25197515134938
25197383245046,25197672285467
25197383245046,25197904308726
25197383245046,25198100922150
25197383245046,25198616398645
25198622889564,25198616398645
25198622889564,25198801367794
25198622889564,25199037592536
25198622889564,25199204176671
25198622889564,25199521811077
25199525411422,25199521811077
25199525411422,25199785986880
25199525411422,25199963326532
25199525411422,25200158857096
25199525411422,25200295303906
25200488486388,25200295303906
25200488486388,25200742282703
25200488486388,25200941327393
25200488486388,25201156876105
25201159083056,25201156876105
25201159083056,25201359012819
25201159083056,25201485465631
25201159083056,25201624647860
25201159083056,25201918754446
25201159083056,25202388914958
25202402092376,25202388914958
25202402092376,25202629383755
25202402092376,25202814067959
25202402092376,25202977839667
25202402092376,25203084032202
25202980280296,25203084032202
25202980280296,25203616831594
25202980280296,25203788458579
25202980280296,25204235654914
25202980280296,25204527963874
25204604932158,25204527963874
25204604932158,25204898629620
25204604932158,25205050831771
25204604932158,25205252197478
25204604932158,25205564045998
25205565979789,25205564045998
25205565979789,25205821290406
25205565979789,25206016502355
25205565979789,25206221360495
25205565979789,25206465098347
25206483482045,25206465098347
25206483482045,25206708842645
25206483482045,25206853308319
25206483482045,25207051393870
25206483482045,25207457274312
25207482396946,25207457274312
25207482396946,25207722252135
25207482396946,25207975090700
25207482396946,25208143381459
25208147327558,25208143381459
25208147327558,25208304346737
25208147327558,25208484948265
25208147327558,25208670447958
25208147327558,25208864525764
25208147327558,25209261983563
25209318313819,25209261983563
25209318313819,25209544930834
25209318313819,25209767750348
25209318313819,25209892880462
25209318313819,25210248112987
25210330699561,25210248112987
25210330699561,25210541379080
25210330699561,25210775232353
25210330699561,25210955605331
25210330699561,25211324794261
25211508935135,25211324794261
25211508935135,25211671950090
25211508935135,25211814444219
25211508935135,25212002641044
25212005839699,25212002641044
25212005839699,25212142940729
25212005839699,25212340293100
25212005839699,25212544444751
25212005839699,25212723217639
25212005839699,25213091041528
25213155377699,25213091041528
25213155377699,25213348771343
25213155377699,25213646394105
25213155377699,25213876691156
25213879592670,25213876691156
25213879592670,25214073267865
25213879592670,25214242156742
25213879592670,25214372838418
25213879592670,25214526154838
25213879592670,25214922163608
25214995334694,25214922163608
25214995334694,25215194022306
25214995334694,25215420405433
25214995334694,25215615703494
25214995334694,25215832574499
25215879818085,25215832574499
25215879818085,25216141130761
25215879818085,25216343195585
25215879818085,25216610398120
25215879818085,25216852620443
25216871760552,25216852620443
25216871760552,25217098125523
25216871760552,25217241238510
25216871760552,25217447271174
25216871760552,25217801708819
25217872055999,25217801708819
25217872055999,25218085867457
25217872055999,25218251411772
25217872055999,25218409490334
25217872055999,25218757536413
25218861391438,25218757536413
25218861391438,25219142454892
25218861391438,25219289930539
25218861391438,25219468308859
25218861391438,25219760415924
25219858856392,25219760415924
25219858856392,25220109856528
25219858856392,25220267266232
25219858856392,25220513133530
25220516919872,25220513133530
25220516919872,25220685392314
25220516919872,25220847123227
25220516919872,25221004015205
25220516919872,25221311206114
25220516919872,25221702115739
25221713635656,25221702115739
25221713635656,25221992149254
25221713635656,25222481622904
25221713635656,25222685627367
25222688070847,25222685627367
25222688070847,25222878164766
25222688070847,25223025410728
25222688070847,25223179327391
25222688070847,25223391628182
25222688070847,25223932951759
25223966737955,25223932951759
25223966737955,25224244571277
25223966737955,25224414624511
25223966737955,25224558699888
25223966737955,25224860106768
25224948753665,25224860106768
25224948753665,25225157378044
25224948753665,25225312783643
25224948753665,25225533460860
25224948753665,25225821079628
25225844738336,25225821079628
25225844738336,25226029209175
25225844738336,25226240137666
25225844738336,25226400186215
25225844738336,25226718570319
25226944435289,25226718570319
25226944435289,25227109357300
25226944435289,25227265262944
25226944435289,25227493723994
25226944435289,25227711902625
25227714583903,25227711902625
25227714583903,25227962604231
25227714583903,25228142768608
25227714583903,25228325221682
25227714583903,25228499441052
25227714583903,25228670199952
25228671997799,25228670199952
25228671997799,25228843926732
25228671997799,25229005173487
25229007749960,25229005173487
25229007749960,25229151790250
25229007749960,25229326630509
25229007749960,25229501585200
25229007749960,25229881645326
25229884491223,25229881645326
25229884491223,25230035071841
25229884491223,25230214727030
25229884491223,25230283904999
25229884491223,25230853577987
25229884491223,25231242271632
25231281917667,25231242271632
25231281917667,25231546545576
25231281917667,25231785543953
25231281917667,25231945796184
25231281917667,25232152932113
25232310310665,25232152932113
25232310310665,25232599567539
25232310310665,25232825380233
25232310310665,25233007377164
25232310310665,25233259719464
25233273772066,25233259719464
25233273772066,25233531063598
25233273772066,25233759988916
25233273772066,25233944267064
25233273772066,25234162250453
25234226713595,25234162250453
25234226713595,25234470064292
25234226713595,25234679352190
25234681547832,25234679352190
25234681547832,25234959838716
25234681547832,25235111810297
25234681547832,25235304970287
25234681547832,25235455262924
25234681547832,25235628215566
25234681547832,25236105869655
25236111153570,25236105869655
25236111153570,25236310067284
25236111153570,25236471263565
25236111153570,25236694263291
25236111153570,25237015193858
25237062288201,25237015193858
25237062288201,25237292243337
25237062288201,25237483176460
25237062288201,25237679443250
25237062288201,25238026119020
25238196711901,25238026119020
25238196711901,25238429789497
25238196711901,25238597222295
25238196711901,25238754931438
25238196711901,25238949260173
25238952163120,25238949260173
25238952163120,25239137360519
25238952163120,25239314383628
25238952163120,25239492524810
25238952163120,25239712154018
25239835935811,25239712154018
25239835935811,25240037778319
25239835935811,25240249638683
25239835935811,25240401286389
25239835935811,25240773131356
25240830697710,25240773131356
25240830697710,25241046689253
25240830697710,25241217089035
25240830697710,25241417146123
25240830697710,25241733229503
25241755750052,25241733229503
25241755750052,25241920991476
25241755750052,25242135769894
25241755750052,25242353540155
25242355779377,25242353540155
25242355779377,25242544116131
25242355779377,25242714648295
25242355779377,25242868549926
25242355779377,25243122355705
25243124790022,25243122355705
25243124790022,25243408075662
25243124790022,25243570799143
25243124790022,25243745246154
25243124790022,25244050039223
25243124790022,25244565495306
25244570209954,25244565495306
25244570209954,25244771089527
25244570209954,25244900533066
25244570209954,25245040296742
25244570209954,25245380320355
25245385149723,25245380320355
25245385149723,25245578967200
25245385149723,25245735330952
25245385149723,25245953092580
25245385149723,25246215839748
25246287708517,25246215839748
25246287708517,25246444379731
25246287708517,25246662346835
25246287708517,25246853823757
25246854927700,25246853823757
25246854927700,25247100286746
25246854927700,25247317444052
25246854927700,25247497295386
25246854927700,25247650228890
25246854927700,25248297296502
25248299784603,25248297296502
25248299784603,25248496999619
25248299784603,25248652809577
25248299784603,25248835080454
25248853055134,25248835080454
25248853055134,25249085406190
25248853055134,25249243135837
25248853055134,25249408718879
25248853055134,25249586126482
25248853055134,25250017467287
25250042830308,25250017467287
25250042830308,25250312385488
25250042830308,25250462379015
25250042830308,25250613174504
25250042830308,25250980951709
25251022052705,25250980951709
25251022052705,25251169043669
25251022052705,25251423106982
25251022052705,25251579284912
25251022052705,25251886858592
25251988695143,25251886858592
25251988695143,25252196441537
25251988695143,25252377501566
25251988695143,25252552738047
25251988695143,25252890338926
25252988453363,25252890338926
25252988453363,25253243884632
25252988453363,25253379065179
25252988453363,25253623437634
25252988453363,25253910621811
25253978300548,25253910621811
25253978300548,25254226782955
25253978300548,25254384563193
25253978300548,25254590611428
25253978300548,25254942175373
25254944194959,25254942175373
25254944194959,25255158119007
25254944194959,25255291544800
25254944194959,25255536087120
25254944194959,25255744722522
25255877413083,25255744722522
25255877413083,25256111340308
25255877413083,25256221151446
25255877413083,25256376317078
25255877413083,25256792221734
25256795190153,25256792221734
25256795190153,25257042612039
25256795190153,25257168257629
25256795190153,25257382280519
25257384554410,25257382280519
25257384554410,25257641046800
25257384554410,25257776073067
25257384554410,25257962214081
25257384554410,25258295340996
25257384554410,25258542218456
25258742466936,25258542218456
25258742466936,25258905195003
25258742466936,25259113463416
25258742466936,25259254738939
25258742466936,25259538833101
25259665935754,25259538833101
25259665935754,25259857336535
25259665935754,25259983298826
25259665935754,25260162880692
25260165408774,25260162880692
25260165408774,25260386795330
25260165408774,25260594537509
25260165408774,25260773777268
25260165408774,25261099250999
25260165408774,25261515570745
25261517446195,25261515570745
25261517446195,25261764625762
25261517446195,25261934189006
25261517446195,25262110885678
25261517446195,25262508523885
25262510142725,25262508523885
25262510142725,25262681282281
25262510142725,25262865143288
25262510142725,25263038245816
25262510142725,25263314213259
25263327040608,25263314213259
25263327040608,25263532331976
25263327040608,25263796805867
25263327040608,25264015790528
25263327040608,25264179928091
25264336778071,25264179928091
25264336778071,25264589631035
25264336778071,25264751905721
25264336778071,25264970608672
25264336778071,25265214167277
25265293964681,25265214167277
25265293964681,25265509410085
25265293964681,25265775493372
25265293964681,25265947927505
25265293964681,25266224400433
25266227976495,25266224400433
25266227976495,25266413741683
25266227976495,25266630418172
25266227976495,25266849609554
25266227976495,25267143002002
25267264154858,25267143002002
25267264154858,25267438689672
25267264154858,25267545404448
25267264154858,25267695322746
25267264154858,25268059938839
25268060920256,25268059938839
25268060920256,25268308119261
25268060920256,25268490350781
25268492360549,25268490350781
25268492360549,25268699433935
25268492360549,25268831158971
25268492360549,25268988208359
25268492360549,25269203622883
25268492360549,25269379955861
25268492360549,25269827671682
25269830334478,25269827671682
25269830334478,25270016203341
25269830334478,25270259602961
25269830334478,25270455508674
25269830334478,25270665411643
25270852647196,25270665411643
25270852647196,25271059065563
25270852647196,25271230886925
25270852647196,25271403376076
25270852647196,25271752127640
25271754168210,25271752127640
25271754168210,25272033191319
25271754168210,25272191285059
25271754168210,25272386290514
25271754168210,25272550634951
25272553536946,25272550634951
25272553536946,25272741558356
25272553536946,25272887841923
25272553536946,25273058911706
25272553536946,25273670808250
25272553536946,25273871290277
25273672638334,25273871290277
25273672638334,25274057715708
25273672638334,25274205583797
25274208812949,25274205583797
25274208812949,25274424821620
25274208812949,25274554919629
25274208812949,25274762066248
25274208812949,25275012376348
25275060341216,25275012376348
25275060341216,25275309203077
25275060341216,25275593105850
25275060341216,25275799432337
25275060341216,25275964986701
25275060341216,25276440103668
25276578780941,25276440103668
25276578780941,25276801181013
25276578780941,25276991227373
25277064175856,25276991227373
25277064175856,25277275503890
25277064175856,25277441977874
25277064175856,25277594494933
25277064175856,25277775000373
25277064175856,25277974726043
25278034898797,25277974726043
25278034898797,25278256848965
25278034898797,25278397232280
25278034898797,25278570235348
25278034898797,25278922201009
25278924359677,25278922201009
25278924359677,25279183980339
25278924359677,25279351165469
25278924359677,25279514330358
25278924359677,25279750073375
25278924359677,25280258867865
25280295955877,25280258867865
25280295955877,25280503380351
25280295955877,25280685734868
25280295955877,25280932774325
25280295955877,25281262769573
25281267734672,25281262769573
25281267734672,25281503548745
25281267734672,25281728655898
25281267734672,25281956275628
25281267734672,25282226610848
25281267734672,25282411122852
25282229022691,25282411122852
25282229022691,25282630525119
25282229022691,25282872083289
25282229022691,25283117179114
25283185257156,25283117179114
25283185257156,25283433449273
25283185257156,25283700559087
25283185257156,25283879392933
25283185257156,25284058321165
25284090111839,25284058321165
25284090111839,25284414806986
25284090111839,25284614192149
25284616409069,25284614192149
25284616409069,25284818108310
25284616409069,25284978953420
25284616409069,25285181469632
25284616409069,25285316961286
25284616409069,25285469223516
25284616409069,25285927132688
25285962483040,25285927132688
25285962483040,25286165354419
25285962483040,25286314476375
25285962483040,25286574093007
25285962483040,25286867661347
25286870846595,25286867661347
25286870846595,25287074225682
25286870846595,25287238506420
25286870846595,25287507904246
25286870846595,25287750432117
25287752813730,25287750432117
25287752813730,25288024047664
25287752813730,25288199878206
25287752813730,25288335252987
25287752813730,25288610058903
25288337015066,25288610058903
25288337015066,25288796167099
25288337015066,25289037632273
25288337015066,25289246930939
25288337015066,25289633063532
25289682144318,25289633063532
25289682144318,25289931394784
25289682144318,25290173673586
25289682144318,25290428617321
25289682144318,25290583935450
25290655315571,25290583935450
25290655315571,25290846880216
25290655315571,25291004864131
25290655315571,25291127162197
25291128448338,25291127162197
25291128448338,25291339180818
25291128448338,25291658438855
25291128448338,25291790601374
25291128448338,25291966203790
25291978658844,25291966203790
25291978658844,25292202215077
25291978658844,25292373115691
25291978658844,25292517575612
25291978658844,25292850114117
25291978658844,25293245186553
25293331763324,25293245186553
25293331763324,25293574287087
25293331763324,25293724519052
25293331763324,25293987920377
25293331763324,25294270475771
25294274020978,25294270475771
25294274020978,25294488263477
25294274020978,25294651383140
25294274020978,25294789064760
25294274020978,25295270111360
25295273815554,25295270111360
25295273815554,25295470770626
25295273815554,25295627287808
25295273815554,25295818705208
25295273815554,25296095223087
25296297891693,25296095223087
25296297891693,25296517486957
25296297891693,25296673915788
25296297891693,25296842655319
25296297891693,25297017049002
25296297891693,25297206425324
25297019185614,25297206425324
25297019185614,25297426614585
25297019185614,25297594426634
25297019185614,25298095186010
25298097879654,25298095186010
25298097879654,25298274422878
25298097879654,25298422494695
25298425211237,25298422494695
25298425211237,25298632972956
25298425211237,25298823663053
25298425211237,25299001227582
25298425211237,25299159105194
25298425211237,25299323609086
25298425211237,25299705148005
25299729603946,25299705148005
25299729603946,25299949362025
25299729603946,25300121214605
25299729603946,25300277384621
25299729603946,25300645732403
25299729603946,25300855193569
25300648791389,25300855193569
25300648791389,25301116210763
25300648791389,25301261568318
25300648791389,25301529169745
25301593410723,25301529169745
25301593410723,25301826375467
25301593410723,25302029979269
25301593410723,25302243665919
25301593410723,25302526168722
25302529121579,25302526168722
25302529121579,25302752481716
25302529121579,25302923493386
25302529121579,25303134371464
25302529121579,25303410653636
25303500670382,25303410653636
25303500670382,25303780613272
25303500670382,25303926076376
25303500670382,25304108217831
25304110853651,25304108217831
25304110853651,25304331092757
25304110853651,25304482557511
25304110853651,25304625165166
25304110853651,25304819014034
25304110853651,25305372353431
25305377953358,25305372353431
25305377953358,25305597627942
25305377953358,25305756996635
25305377953358,25305890047397
25305377953358,25306169686804
25306183809782,25306169686804
25306183809782,25306366041783
25306183809782,25306543795645
25306183809782,25306821398186
25306183809782,25306986349205
25307068961351,25306986349205
25307068961351,25307286059141
25307068961351,25307508746058
25307068961351,25307685369876
25307068961351,25308005858395
25307068961351,25308150600681
25308006976121,25308150600681
25308006976121,25308699264605
25308006976121,25308845373045
25308859421763,25308845373045
25308859421763,25309065946125
25308859421763,25309315946279
25308859421763,25309534108122
25308859421763,25309706612408
25309877781714,25309706612408
25309877781714,25310134926028
25309877781714,25310315475547
25309877781714,25310478255503
25309877781714,25310775381529
25309877781714,25311238475795
25311241033419,25311238475795
25311241033419,25311515263371
25311241033419,25311746235607
25311241033419,25311880566995
25311241033419,25312059512572
25311882913451,25312059512572
25311882913451,25312231446306
25311882913451,25312397555138
25311882913451,25312718196640
25311882913451,25313155305832
25313192861347,25313155305832
25313192861347,25313424774732
25313192861347,25313652123408
25313654721552,25313652123408
25313654721552,25313869702429
25313654721552,25314026483816
25313654721552,25314191777144
25313654721552,25314370731088
25313654721552,25314568392082
25313654721552,25314993676313
25315071689218,25314993676313
25315071689218,25315276730379
25315071689218,25315460571430
25315071689218,25315652568653
25315071689218,25315968110369
25316070967015,25315968110369
25316070967015,25316315139445
25316070967015,25316599538847
25316070967015,25316748955317
25316751439586,25316748955317
25316751439586,25317038373118
25316751439586,25317190987898
25316751439586,25317367775060
25316751439586,25317521626262
25316751439586,25317894936214
25317922393142,25317894936214
25317922393142,25318098479782
25317922393142,25318253925997
25317922393142,25318502595052
25317922393142,25318807112074
25318837052135,25318807112074
25318837052135,25319021112782
25318837052135,25319243406487
25318837052135,25319422506353
25318837052135,25319675717313
25319811331486,25319675717313
25319811331486,25320088628373
25319811331486,25320301035625
25319811331486,25320443074067
25319811331486,25320713317617
25320715633721,25320713317617
25320715633721,25320957653395
25320715633721,25321127387937
25320715633721,25321285375847
25321287478028,25321285375847
25321287478028,25321519352170
25321287478028,25321742548798
25321287478028,25321923301119
25321287478028,25322093683926
25321287478028,25322433417366
25322659658937,25322433417366
25322659658937,25322834863147
25322659658937,25322980274263
25322659658937,25323127026319
25322659658937,25323534901887
25323536386971,25323534901887
25323536386971,25323816487158
25323536386971,25324033682347
25323536386971,25324161286347
25324163402279,25324161286347
25324163402279,25324405390144
25324163402279,25324544349926
25324163402279,25324738180353
25324163402279,25324933985800
25325177551370,25324933985800
25325177551370,25325385809037
25325177551370,25325530416228
25325177551370,25325710201506
25325177551370,25325925269579
25325177551370,25326435263408
25326543144768,25326435263408
25326543144768,25326791859073
25326543144768,25326968618468
25326543144768,25327136305082
25326543144768,25327493052230
25327496027349,25327493052230
25327496027349,25327754591708
25327496027349,25327944832258
25327496027349,25328141751813
25327496027349,25328324967767
25328491881116,25328324967767
25328491881116,25328664452148
25328491881116,25328803823334
25328491881116,25328988826572
25328990495335,25328988826572
25328990495335,25329161284139
25328990495335,25329330000497
25328990495335,25329539342767
25328990495335,25329766127357
25328990495335,25330052245719
25330166594576,25330052245719
25330166594576,25330447105056
25330166594576,25330647269495
25330166594576,25330789516132
25330166594576,25330970965916
25331172397221,25330970965916
25331172397221,25331413757523
25331172397221,25331535666812
25331172397221,25331779887253
25331172397221,25332070312846
25332181947472,25332070312846
25332181947472,25332416836225
25332181947472,25332582865069
25332181947472,25332724187359
25332727308210,25332724187359
25332727308210,25332949020837
25332727308210,25333112106376
25332727308210,25333257998552
25332727308210,25333457474864
25332727308210,25333890747602
25333964658932,25333890747602
25333964658932,25334195182933
25333964658932,25334329418418
25333964658932,25334503195492
25334505605522,25334503195492
25334505605522,25334669655839
25334505605522,25334797207710
25334505605522,25335012063889
25334505605522,25335181938743
25334505605522,25335817896309
25335822767273,25335817896309
25335822767273,25336034158914
25335822767273,25336231584587
25335822767273,25336390635481
25336394328052,25336390635481
25336394328052,25336612308988
25336394328052,25336774798210
25336394328052,25336976019800
25336394328052,25337199428137
25336394328052,25337660215259
25337662189292,25337660215259
25337662189292,25337934944762
25337662189292,25338103477752
25337662189292,25338264386853
25337662189292,25338616270514
25338617953767,25338616270514
25338617953767,25338789656840
25338617953767,25338939205170
25338617953767,25339149088310
25338617953767,25339426536382
25339490276332,25339426536382
25339490276332,25339749952167
25339490276332,25339927084098
25339490276332,25340088589791
25339490276332,25340477482566
25340479534705,25340477482566
25340479534705,25340684616959
25340479534705,25340851464056
25340479534705,25340998252513
25340479534705,25341331987074
25341335047596,25341331987074
25341335047596,25341552328920
25341335047596,25341744409383
25341335047596,25341887013511
25341335047596,25342146690367
25342205167815,25342146690367
25342205167815,25342482184777
25342205167815,25342719223664
25342205167815,25342926650184
25342205167815,25343196230601
25343198411585,25343196230601
25343198411585,25343443215196
25343198411585,25343633059526
25343198411585,25343811396569
25343198411585,25344133734020
25344155095558,25344133734020
25344155095558,25344326163294
25344155095558,25344535581516
25344155095558,25344651085599
25344730120480,25344651085599
25344730120480,25344972162311
25344730120480,25345148199147
25344730120480,25345292139988
25344730120480,25345678496087
25345680649067,25345678496087
25345680649067,25345887769982
25345680649067,25346062285815
25345680649067,25346331615702
25345680649067,25346723206962
25345680649067,25346950417393
25347143910414,25346950417393
25347143910414,25347419224945
25347143910414,25347576106593
25347143910414,25347720562014
25347143910414,25348115631815
25348117511889,25348115631815
25348117511889,25348368036028
25348117511889,25348556064870
25348117511889,25348713784333
25348117511889,25349054302054
25349056530916,25349054302054
25349056530916,25349822169478
25349056530916,25349945342368
25349056530916,25350218023202
25349056530916,25350524893757
25350560161943,25350524893757
25350560161943,25350700278522
25350560161943,25350919921538
25350560161943,25351102204380
25350560161943,25351416853439
25351442629156,25351416853439
25351442629156,25351616994075
25351442629156,25351817888712
25351442629156,25352046331160
25352048095678,25352046331160
25352048095678,25352196088334
25352048095678,25352349753997
25352048095678,25352529824477
25352048095678,25352752986780
25352048095678,25353251171042
25353319500869,25353251171042
25353319500869,25353533991020
25353319500869,25353725247227
25353319500869,25353904513493
25353319500869,25354158515648
25354264300535,25354158515648
25354264300535,25354471819842
25354264300535,25354690488399
25354264300535,25354858510540
25354264300535,25355131437352
25355214231056,25355131437352
25355214231056,25355452538678
25355214231056,25355648967447
25355214231056,25355809256412
25355214231056,25356073938456
25356198061996,25356073938456
25356198061996,25356418953174
25356198061996,25356593393929
25356198061996,25356752229202
25356198061996,25356997097990
25357059407869,25356997097990
25357059407869,25357296876719
25357059407869,25357472300073
25357059407869,25357648381454
25357059407869,25357877926329
25357946863881,25357877926329
25357946863881,25358184299270
25357946863881,25358431565683
25357946863881,25358636202857
25357946863881,25358781990817
25357946863881,25359167742995
25358983365403,25359167742995
25358983365403,25359279928489
25358983365403,25359424207584
25359426378235,25359424207584
25359426378235,25359633876576
25359426378235,25359772382723
25359426378235,25360019995890
25359426378235,25360291307981
25359426378235,25360685793416
25360783128833,25360685793416
25360783128833,25361043323560
25360783128833,25361232560408
25360783128833,25361443428218
25360783128833,25361588245579
25361707475776,25361588245579
25361707475776,25361948165564
25361707475776,25362122217950
25361707475776,25362270254459
25362273659590,25362270254459
25362273659590,25362502057261
25362273659590,25362657427695
25362273659590,25362827334482
25362273659590,25363211483238
25362273659590,25363474254308
25363619975653,25363474254308
25363619975653,25363873086338
25363619975653,25364127706216
25363619975653,25364314848674
25363619975653,25364535202986
25364536915781,25364535202986
25364536915781,25364764708308
25364536915781,25364963726320
25364536915781,25365142133376
25365144146994,25365142133376
25365144146994,25365308466707
25365144146994,25365470599985
25365144146994,25365701876434
25365144146994,25365896033643
25365144146994,25366347865964
25366349181388,25366347865964
25366349181388,25366582591895
25366349181388,25366771936714
25366349181388,25366994117750
25366349181388,25367258802174
25367389645503,25367258802174
25367389645503,25367692660873
25367389645503,25367852119994
25367389645503,25368071322374
25367389645503,25368243187449
25368320705987,25368243187449
25368320705987,25368545509698
25368320705987,25368781472862
25368320705987,25368979510507
25368320705987,25369380805453
25368320705987,25369674044244
25369382952418,25369674044244
25369382952418,25369884332519
25369382952418,25370073230593
25369382952418,25370238372862
25369382952418,25370402613161
25370404560972,25370402613161
25370404560972,25370621342623
25370404560972,25370791970963
25370404560972,25371116330333
25371137107081,25371116330333
25371137107081,25371416501815
25371137107081,25371690351301
25371137107081,25371835656312
25371137107081,25372093308943
25372140527367,25372093308943
25372140527367,25372457611986
25372140527367,25372598214324
25372140527367,25372735117429
25372140527367,25372999995820
25373062764905,25372999995820
25373062764905,25373318370585
25373062764905,25373507966723
25373062764905,25373704714097
25373062764905,25373911870512
25373913180181,25373911870512
25373913180181,25374111624216
25373913180181,25374297412917
25373913180181,25374451252335
25373913180181,25374821824053
25373913180181,25375007099882
25374824348301,25375007099882
25374824348301,25375229308466
25374824348301,25375461311417
25374824348301,25375709387922
25374824348301,25375898596313
25375747467033,25375898596313
25375747467033,25376110450881
25375747467033,25376287317851
25375747467033,25376826852591
25376831916639,25376826852591
25376831916639,25377010884847
25376831916639,25377242922840
25376831916639,25377421218465
25376831916639,25377829610904
25377899288120,25377829610904
25377899288120,25378116795030
25377899288120,25378323333301
25377899288120,25378451794611
25378460371757,25378451794611
25378460371757,25378661359163
25378460371757,25378860952197
25378460371757,25379025304571
25378460371757,25379369785841
25378460371757,25379713875529
25379717024065,25379713875529
25379717024065,25379972826921
25379717024065,25380144092621
25379717024065,25380348787828
25379717024065,25380563229568
25380616246007,25380563229568
25380616246007,25380913352827
25380616246007,25381136528185
25380616246007,25381354223269
25380616246007,25381597408526
25381598823966,25381597408526
25381598823966,25381843212597
25381598823966,25382021145525
25381598823966,25382378735902
25382380920401,25382378735902
25382380920401,25382562253579
25382380920401,25382855679529
25382380920401,25383045911833
25382380920401,25383228619456
25382380920401,25383645134558
25383738947615,25383645134558
25383738947615,25384003621098
25383738947615,25384155923679
25383738947615,25384357037533
25384361583472,25384357037533
25384361583472,25384546455632
25384361583472,25384723627553
25384361583472,25384926751315
25384361583472,25385176658125
25384361583472,25385490033610
25385552898564,25385490033610
25385552898564,25385834467755
25385552898564,25386134555298
25385552898564,25386293704124
25385552898564,25386480110885
25386483797847,25386480110885
25386483797847,25386703066287
25386483797847,25386840431373
25386483797847,25387003807620
25386483797847,25387478617459
25387481832654,25387478617459
25387481832654,25387695636288
25387481832654,25387894235223
25387481832654,25388032411359
25387481832654,25388274365337
25388374859129,25388274365337
25388374859129,25388668021647
25388374859129,25388859220827
25388374859129,25389033963029
25388374859129,25389319158361
25388374859129,25389500559441
25389328962136,25389500559441
25389328962136,25389989156257
25389328962136,25390168256605
25389328962136,25390459950246
25390612951824,25390459950246
25390612951824,25390830789693
25390612951824,25391077485733
25390612951824,25391216469389
25391218019387,25391216469389
25391218019387,25391413582628
25391218019387,25391582158315
25391218019387,25391792714442
25391218019387,25392059153764
25391218019387,25392404224264
25392485801908,25392404224264
25392485801908,25392751888248
25392485801908,25392897802869
25392485801908,25393059672777
25392485801908,25393407739949
25393514256600,25393407739949
25393514256600,25393743951611
25393514256600,25393917740725
25393514256600,25394067559243
25394069614884,25394067559243
25394069614884,25394239884864
25394069614884,25394498876728
25394069614884,25394661266562
25394069614884,25394941592974
25394069614884,25395330489131
25395398101910,25395330489131
25395398101910,25395649920632
25395398101910,25395871591685
25395398101910,25396007086365
25395398101910,25396332648379
25396425587150,25396332648379
25396425587150,25396696548204
25396425587150,25396879596938
25396425587150,25397045469862
25397047476988,25397045469862
25397047476988,25397285265357
25397047476988,25397421313609
25397047476988,25397602190232
25397047476988,25397819187967
25397848537125,25397819187967
25397848537125,25398047599889
25397848537125,25398228001612
25397848537125,25398446972301
25397848537125,25398804537041
25397848537125,25399193849311
25399196795661,25399193849311
25399196795661,25399384248947
25399196795661,25399560334441
25399196795661,25399845568242
25399196795661,25400082937878
25400085779845,25400082937878
25400085779845,25400324531673
25400085779845,25400482707711
25400085779845,25400698358434
25400085779845,25400946053941
25401018545608,25400946053941
25401018545608,25401235646589
25401018545608,25401488992115
25401018545608,25401666655769
25401018545608,25401850744179
25401956166277,25401850744179
25401956166277,25402231091680
25401956166277,25402433459603
25401956166277,25402639225184
25401956166277,25402762204402
25402850876959,25402762204402
25402850876959,25403162595238
25402850876959,25403283921691
25402850876959,25403366904593
25403517034577,25403366904593
25403517034577,25403740158925
25403517034577,25403990820165
25403517034577,25404185231289
25403517034577,25404388529615
25403517034577,25404933045643
25405043998319,25404933045643
25405043998319,25405237680967
25405043998319,25405376469565
25405043998319,25405575105462
25405043998319,25405892285651
25405894613609,25405892285651
25405894613609,25406112388759
25405894613609,25406371091168
25405894613609,25406567250623
25406570133713,25406567250623
25406570133713,25406716477088
25406570133713,25406873670908
25406570133713,25407050831433
25406570133713,25407282330062
25406570133713,25407783764739
25407787395469,25407783764739
25407787395469,25407988124661
25407787395469,25408144964060
25407787395469,25408355037226
25407787395469,25408762455336
25408764767341,25408762455336
25408764767341,25409009164377
25408764767341,25409201001035
25408764767341,25409379418133
25409383019064,25409379418133
25409383019064,25409580677196
25409383019064,25409764563561
25409383019064,25409919192798
25409383019064,25410083901169
25410086246978,25410083901169
25410086246978,25410310287066
25410086246978,25410482511518
25410086246978,25410652711958
25410086246978,25410884719286
25410086246978,25411394520202
25411397361120,25411394520202
25411397361120,25411592452138
25411397361120,25411849030629
25411397361120,25411979029327
25411983754362,25411979029327
25411983754362,25412144504318
25411983754362,25412324993225
25411983754362,25412513523992
25411983754362,25412682189448
25411983754362,25413094539662
25413109962970,25413094539662
25413109962970,25413352061811
25413109962970,25413599361032
25413109962970,25413816184232
25413109962970,25413970071694
25414078884901,25413970071694
25414078884901,25414318038461
25414078884901,25414617423908
25414078884901,25414784200222
25414822853419,25414784200222
25414822853419,25414961472364
25414822853419,25415150455097
25414822853419,25415290061513
25414822853419,25415479930689
25414822853419,25415872247292
25416047132635,25415872247292
25416047132635,25416208295571
25416047132635,25416362761246
25416047132635,25416602234751
25416606427347,25416602234751
25416606427347,25416858928861
25416606427347,25417005480517
25416606427347,25417186558284
25416606427347,25417360584599
25416606427347,25417769809030
25416606427347,25418160184169
25417973151586,25418160184169
25417973151586,25418309126924
25417973151586,25418465324496
25418467505943,25418465324496
25418467505943,25418669973977
25418467505943,25418819244425
25418467505943,25418978324852
25418467505943,25419337726977
25418467505943,25419731137772
25419786207749,25419731137772
25419786207749,25420019647591
25419786207749,25420246733803
25419786207749,25420420322086
25419786207749,25420587230539
25420621681303,25420587230539
25420621681303,25420809329312
25420621681303,25421038717732
25420621681303,25421271303115
25420621681303,25421508974081
25421699230109,25421508974081
25421699230109,25421921917711
25421699230109,25422109202502
25421699230109,25422268716255
25421699230109,25422518033103
25421699230109,25422708916816
25422520035705,25422708916816
25422520035705,25422828944093
25422520035705,25423063591403
25422520035705,25423375469740
25422520035705,25423608623554
25423461484874,25423608623554
25423461484874,25423887618511
25423461484874,25424059627452
25423461484874,25424284184781
25424378315715,25424284184781
25424378315715,25424602335050
25424378315715,25424768577866
25424378315715,25424903204389
25424905022831,25424903204389
25424905022831,25425156713512
25424905022831,25425316886166
25424905022831,25425497941553
25424905022831,25425815800858
25425837077289,25425815800858
25425837077289,25426055140133
25425837077289,25426220617024
25425837077289,25426391727425
25425837077289,25426837921477
25425837077289,25427175172713
25427226618521,25427175172713
25427226618521,25427447830982
25427226618521,25427606587713
25427226618521,25427806298944
25427809736368,25427806298944
25427809736368,25428055018772
25427809736368,25428202290161
25427809736368,25428347899141
25427809736368,25428604303759
25427809736368,25429005371076
25429139340747,25429005371076
25429139340747,25429368919401
25429139340747,25429529627789
25429139340747,25429672342895
25429139340747,25430091103591
25430094741978,25430091103591
25430094741978,25430303088055
25430094741978,25430439624033
25430094741978,25430604476590
25430094741978,25431028218245
25431049835100,25431028218245
25431049835100,25431279580413
25431049835100,25431407522781
25431049835100,25431635492695
25431049835100,25431859179702
25431942421308,25431859179702
25431942421308,25432181791930
25431942421308,25432341465988
25431942421308,25432476325921
25431942421308,25432815667631
25432870111939,25432815667631
25432870111939,25433089028868
25432870111939,25433280094290
25432870111939,25433446925556
25432870111939,25433863300330
25433866924735,25433863300330
25433866924735,25434097253072
25433866924735,25434260902623
25433866924735,25434428268230
25433866924735,25434842656791
25434845412806,25434842656791
25434845412806,25435099258938
25434845412806,25435268174000
25434845412806,25435401278210
25434845412806,25435776846249
25435802153507,25435776846249
25435802153507,25436045213362
25435802153507,25436191340740
25435802153507,25436416457109
25436418795502,25436416457109
25436418795502,25436577646968
25436418795502,25436748313944
25436418795502,25436947308175
25436418795502,25437235332528
25436418795502,25437595089176
25437696139964,25437595089176
25437696139964,25437938526074
25437696139964,25438093825767
25437696139964,25438616156349
25437696139964,25438811390732
25438618026055,25438811390732
25438618026055,25438947225897
25438618026055,25439107990241
25438618026055,25439454192649
25438618026055,25439769594541
25439957185542,25439769594541
25439957185542,25440201847624
25439957185542,25440366560308
25439957185542,25440524443536
25439957185542,25440743533634
25440745672354,25440743533634
25440745672354,25440924716107
25440745672354,25441198236711
25440745672354,25441362548257
25440745672354,25441795175576
25441799325362,25441795175576
25441799325362,25442031800695
25441799325362,25442201614445
25442204952689,25442201614445
25442204952689,25442367016800
25442204952689,25442531693113
25442204952689,25442701412493
25442204952689,25442873152409
25442204952689,25443111303372
25442204952689,25443592372695
25442204952689,25443754984232
25443594512779,25443754984232
25443594512779,25444041877802
25443594512779,25444236084894
25443594512779,25444477697311
25444582954240,25444477697311
25444582954240,25444787087463
25444582954240,25446042554425
25444582954240,25446187199194
25446188414001,25446187199194
25446188414001,25446374647042
25446188414001,25446544073769
25446188414001,25446713430821
25446188414001,25447023627274
25447026393149,25447023627274
25447026393149,25447287066590
25447026393149,25447511213706
25447026393149,25447716514138
25447026393149,25447867199291
25447026393149,25448228405310
25448265127199,25448228405310
25448265127199,25448462982013
25448265127199,25448650411034
25448265127199,25448784518020
25448265127199,25449159261724
25449163214411,25449159261724
25449163214411,25449393436537
25449163214411,25449556919438
25449163214411,25449721802943
25449163214411,25450093206451
25450095928414,25450093206451
25450095928414,25450356589265
25450095928414,25450553375955
25450095928414,25450713742897
25450095928414,25450873607710
25450950154065,25450873607710
25450950154065,25451147398421
25450950154065,25451341638472
25450950154065,25451451254572
25450950154065,25451745816750
25451838623326,25451745816750
25451838623326,25452122019518
25451838623326,25452290419253
25451838623326,25452417892911
25451838623326,25452752068849
25452754294749,25452752068849
25452754294749,25452968035857
25452754294749,25453137041664
25452754294749,25453330685743
25452754294749,25453529139782
25453608734049,25453529139782
25453608734049,25453890987013
25453608734049,25454111230466
25453608734049,25454279018546
25453608734049,25454482653505
25454515857421,25454482653505
25454515857421,25454761149841
25454515857421,25454977809338
25454515857421,25455145626630
25455148539522,25455145626630
25455148539522,25455367923147
25455148539522,25455568856122
25455148539522,25455743811468
25455148539522,25455926722204
25455148539522,25456356805145
25456447394212,25456356805145
25456447394212,25456711641024
25456447394212,25456906083964
25456447394212,25457074145520
25456447394212,25457408515981
25457425560367,25457408515981
25457425560367,25457591133130
25457425560367,25457803162867
25457425560367,25457978469009
25457425560367,25458305490410
25458368666734,25458305490410
25458368666734,25458613422545
25458368666734,25458847809356
25458368666734,25459050043580
25458368666734,25459347705423
25459366816166,25459347705423
25459366816166,25459612946817
25459366816166,25459773550080
25459366816166,25459946474220
25459366816166,25460246132109
25460282880801,25460246132109
25460282880801,25460517551530
25460282880801,25460755029398
25460282880801,25460915073441
25460917292616,25460915073441
25460917292616,25461155126902
25460917292616,25461293172184
25460917292616,25461567087200
25460917292616,25461758979455
25461779966131,25461758979455
25461779966131,25462076522614
25461779966131,25462283638401
25461779966131,25462493692070
25461779966131,25462668696273
25461779966131,25463036289702
25463113997912,25463036289702
25463113997912,25463443149551
25463113997912,25463574816743
25463113997912,25463786092060
25463113997912,25463978590376
25464053192093,25463978590376
25464053192093,25464307552351
25464053192093,25464497662788
25464053192093,25464653386322
25464053192093,25465043099080
25465052806284,25465043099080
25465052806284,25465328966614
25465052806284,25465504751278
25465507098972,25465504751278
25465507098972,25465730498167
25465507098972,25465886736076
25465507098972,25466368996922
25465507098972,25466587095962
25465507098972,25466855235397
25465507098972,25467303037735
25467304867627,25467303037735
25467304867627,25467506820704
25467304867627,25467736173911
25467304867627,25467950776673
25467304867627,25468215955035
25468243090922,25468215955035
25468243090922,25468484604523
25468243090922,25468673686537
25468243090922,25468872252710
25468874281775,25468872252710
25468874281775,25469132187243
25468874281775,25469364278928
25468874281775,25469539801987
25468874281775,25469693299027
25469697063796,25469693299027
25469697063796,25469901957153
25469697063796,25470038081099
25469697063796,25470203057424
25469697063796,25470444587426
25470669331231,25470444587426
25470669331231,25470822799487
25470669331231,25470995227444
25470669331231,25471170351490
25470669331231,25471358469654
25470669331231,25471764524133
25471847106234,25471764524133
25471847106234,25472074112367
25471847106234,25472257103332
25471847106234,25472412183406
25471847106234,25472657300097
25472781408470,25472657300097
25472781408470,25472961947074
25472781408470,25473384138074
25472781408470,25473570287306
25472781408470,25473743235719
25473746658387,25473743235719
25473746658387,25473991472839
25473746658387,25474157813474
25473746658387,25474302077668
25473746658387,25474666521947
25474670763510,25474666521947
25474670763510,25474908204828
25474670763510,25475087911022
25474670763510,25475280275625
25474670763510,25475480273865
25475569729862,25475480273865
25475569729862,25475809311068
25475569729862,25475963703204
25475569729862,25476161402949
25475569729862,25476494805752
25476725374407,25476494805752
25476725374407,25476891167962
25476725374407,25477019826950
25476725374407,25477226138010
25476725374407,25477491380505
25477508911835,25477491380505
25477508911835,25477720418554
25477508911835,25477920633003
25477508911835,25478107668261
25477508911835,25478411527623
25478419118765,25478411527623
25478419118765,25478652840617
25478419118765,25478871743690
25478419118765,25479021237278
25478419118765,25479446962311
25479449868720,25479446962311
25479449868720,25479741427264
25479449868720,25479943801814
25479946815082,25479943801814
25479946815082,25480118688576
25479946815082,25480226364025
25479946815082,25480459115508
25479946815082,25480617915080
25479946815082,25480781327402
25479946815082,25481180112333
25481230708037,25481180112333
25481230708037,25481456572791
25481230708037,25481673174035
25481676138152,25481673174035
25481676138152,25481932535239
25481676138152,25482068650220
25481676138152,25482206110266
25481676138152,25482399002376
25481676138152,25482682352750
25481676138152,25482939517409
25483082420510,25482939517409
25483082420510,25483291071383
25483082420510,25483474479743
25483082420510,25483658407096
25483082420510,25484309454165
25484319677964,25484309454165
25484319677964,25484524071114
25484319677964,25484673371527
25484319677964,25484891958989
25484319677964,25485146219050
25485201624692,25485146219050
25485201624692,25485397035742
25485201624692,25485576155279
25485201624692,25485779179867
25485201624692,25486112524030
25486114244649,25486112524030
25486114244649,25486334193841
25486114244649,25486476449643
25486114244649,25486696719145
25486114244649,25486914546265
25486975883351,25486914546265
25486975883351,25487227984895
25486975883351,25487495320171
25486975883351,25487672264967
25486975883351,25487870428865
25487872944849,25487870428865
25487872944849,25488060596994
25487872944849,25488232331239
25487872944849,25488447566775
25487872944849,25488763209392
25488783001949,25488763209392
25488783001949,25488980374580
25488783001949,25489107893878
25488783001949,25489299993237
25488783001949,25489672107315
25489711523683,25489672107315
25489711523683,25489970754733
25489711523683,25490121282204
25489711523683,25490273350272
25489711523683,25490531093875
25490897159786,25490531093875
25490897159786,25491056887527
25490897159786,25491218873423
25490897159786,25491406494362
25491408661493,25491406494362
25491408661493,25491542700725
25491408661493,25491671646510
25491408661493,25491836648666
25491408661493,25492058612993
25492060125945,25492058612993
25492060125945,25492259694591
25492060125945,25492463099815
25492060125945,25492610844019
25492060125945,25492853501046
25492060125945,25493273971503
25493426994551,25493273971503
25493426994551,25493559471283
25493426994551,25493798647653
25493426994551,25493934017252
25493426994551,25494280138602
25494358867202,25494280138602
25494358867202,25494628205238
25494358867202,25494803177912
25494358867202,25495050709141
25494358867202,25495271036312
25495354474462,25495271036312
25495354474462,25495610993765
25495354474462,25495799739553
25495354474462,25495952459523
25495354474462,25496359742500
25496402712673,25496359742500
25496402712673,25496616619341
25496402712673,25496793025520
25496402712673,25497004406387
25496402712673,25497355398828
25497386872810,25497355398828
25497386872810,25497600930049
25497386872810,25497815028052
25497386872810,25498028159049
25497386872810,25498326246526
25498329729271,25498326246526
25498329729271,25498555513466
25498329729271,25498826420989
25498329729271,25498981109786
25498329729271,25499226979924
25499233044053,25499226979924
25499233044053,25499411270429
25499233044053,25499594239553
25499233044053,25499751810023
25499753557382,25499751810023
25499753557382,25499947618528
25499753557382,25500147203396
25499753557382,25500311416907
25499753557382,25500571954816
25499753557382,25500999941049
25501204670661,25500999941049
25501204670661,25501440296085
25501204670661,25501595241692
25501204670661,25501738202477
25501900471274,25501738202477
25501900471274,25501893629355
25501900471274,25502186030458
25501900471274,25502331650574
25501900471274,25502564215158
25501900471274,25502920593123
25502994492589,25502920593123
25502994492589,25503288276126
25502994492589,25503463716928
25502994492589,25503710036861
25503712861395,25503710036861
25503712861395,25503981408897
25503712861395,25504157964521
25503712861395,25504342426378
25503712861395,25504507652524
25503712861395,25504678068297
25504509462970,25504678068297
25504509462970,25504847173271
25504509462970,25505036889682
25504509462970,25505367477285
25505368568770,25505367477285
25505368568770,25505538297023
25505368568770,25505785400160
25505368568770,25505999228335
25505368568770,25506281544306
25505368568770,25506586377556
25506683988508,25506586377556
25506683988508,25506871385274
25506683988508,25507035162815
25506683988508,25507242304282
25506683988508,25507636017554
25507662567392,25507636017554
25507662567392,25507878480690
25507662567392,25508040921749
25507662567392,25508220591010
25507662567392,25508557777856
25508560814427,25508557777856
25508560814427,25508779866623
25508560814427,25508948407046
25508560814427,25509144357992
25509146937197,25509144357992
25509146937197,25509296831604
25509146937197,25509440909801
25509146937197,25509633921147
25509146937197,25509883844879
25509911716610,25509883844879
25509911716610,25510094167558
25509911716610,25510349699724
25509911716610,25510528943306
25509911716610,25510737196979
25509911716610,25511262020769
25511265223905,25511262020769
25511265223905,25511529269776
25511265223905,25511704996812
25511265223905,25511849252538
25511265223905,25512298965819
25512301246091,25512298965819
25512301246091,25512549277884
25512301246091,25512725924375
25512301246091,25512861311530
25512301246091,25513071720379
25513073463808,25513071720379
25513073463808,25513324091491
25513073463808,25513444052452
25513073463808,25513703445411
25513073463808,25514007149805
25514028339032,25514007149805
25514028339032,25514317480323
25514028339032,25514506328298
25514028339032,25514714126012
25514028339032,25514956225471
25514995027871,25514956225471
25514995027871,25515267726032
25514995027871,25515420926502
25514995027871,25515603488648
25514995027871,25515890401354
25515905427658,25515890401354
25515905427658,25516135055190
25515905427658,25516284112653
25515905427658,25516447477532
25516449218386,25516447477532
25516449218386,25516656972992
25516449218386,25516844054428
25516449218386,25517092036292
25516449218386,25517223340574
25516449218386,25517608164460
25517707619173,25517608164460
25517707619173,25517973831443
25517707619173,25518131739400
25517707619173,25518295071639
25517707619173,25518620239969
25518707227926,25518620239969
25518707227926,25518890517578
25518707227926,25519069284873
25518707227926,25519229122727
25518707227926,25519572813257
25519667247185,25519572813257
25519667247185,25519902634185
25519667247185,25520114770551
25519667247185,25520283383859
25519667247185,25520481972230
25520564427970,25520481972230
25520564427970,25520817233500
25520564427970,25521037996829
25520564427970,25521221149055
25520564427970,25521504292716
25521519895301,25521504292716
25521519895301,25521719953351
25521519895301,25521896061673
25521519895301,25522076353868
25522079511535,25522076353868
25522079511535,25522337167004
25522079511535,25522606780807
25522079511535,25522867293508
25522079511535,25523066807914
25522079511535,25523341319735
25523416671803,25523341319735
25523416671803,25523645351811
25523416671803,25523843537725
25523416671803,25524020316805
25523416671803,25524254144208
25524298090202,25524254144208
25524298090202,25524549239329
25524298090202,25524751633029
25524298090202,25524992166373
25524298090202,25525343185702
25525347608044,25525343185702
25525347608044,25525521436152
25525347608044,25525913503788
25525347608044,25526073773337
25525347608044,25526228146123
25526262398317,25526228146123
25526262398317,25526486262167
25526262398317,25526651298388
25526262398317,25526887976414
25526262398317,25527154971201
25527156818643,25527154971201
25527156818643,25527347335611
25527156818643,25527678228563
25527156818643,25527828466547
25527831317751,25527828466547
25527831317751,25528042137602
25527831317751,25528202639996
25527831317751,25528444223234
25527831317751,25528596085674
25528600365812,25528596085674
25528600365812,25528830189787
25528600365812,25528993121440
25528600365812,25529112496333
25528600365812,25529458115121
25529460321384,25529458115121
25529460321384,25529690243900
25529460321384,25529986829974
25529460321384,25530181245280
25529460321384,25530305197704
25529460321384,25530957552431
25531056249200,25530957552431
25531056249200,25531258658694
25531056249200,25531511323268
25531056249200,25531684934202
25531056249200,25532073217219
25532092582829,25532073217219
25532092582829,25532315472309
25532092582829,25532472068826
25532092582829,25532685830527
25532092582829,25532993962294
25533020413789,25532993962294
25533020413789,25533188000088
25533020413789,25533455126553
25533020413789,25533642244624
25533644262649,25533642244624
25533644262649,25533910720854
25533644262649,25534127065290
25533644262649,25534281661505
25533644262649,25534451792852
25533644262649,25534820831048
25534863217334,25534820831048
25534863217334,25535112158312
25534863217334,25535339726398
25534863217334,25535529374329
25535532717126,25535529374329
25535532717126,25535757138633
25535532717126,25535936655852
25535532717126,25536125255141
25535532717126,25536305132360
25536317740466,25536305132360
25536317740466,25536562382684
25536317740466,25536729227120
25536317740466,25536939221516
25536317740466,25537171974110
25536317740466,25537639839015
25537648491320,25537639839015
25537648491320,25537810497340
25537648491320,25538050530247
25537648491320,25538243091944
25538245430828,25538243091944
25538245430828,25538449829304
25538245430828,25538608488354
25538245430828,25538751296637
25538245430828,25539003323122
25538245430828,25539280074531
25539424759254,25539280074531
25539424759254,25539720025161
25539424759254,25539982378236
25539424759254,25540171559498
25539424759254,25540316859885
25540321159022,25540316859885
25540321159022,25540627817271
25540321159022,25540801200029
25540321159022,25540957563380
25540321159022,25541274483124
25541287982848,25541274483124
25541287982848,25541469176440
25541287982848,25541622170728
25541287982848,25541778702797
25541287982848,25542158299098
25542218981702,25542158299098
25542218981702,25542488447168
25542218981702,25542691417623
25542218981702,25542878432605
25542218981702,25543160240038
25543163695945,25543160240038
25543163695945,25543356347458
25543163695945,25543469041300
25543163695945,25543729838047
25543163695945,25544061994609
25543163695945,25544249919738
25544064850608,25544249919738
25544064850608,25544419358650
25544064850608,25544668277870
25544064850608,25544895869380
25545011942920,25544895869380
25545011942920,25545193057575
25545011942920,25545471161905
25545011942920,25545823270994
25545011942920,25546338798676
25546339940589,25546338798676
25546339940589,25546506663339
25546339940589,25546648223616
25546339940589,25546826415489
25546339940589,25546994987238
25547065391969,25546994987238
25547065391969,25547271350584
25547065391969,25547516496972
25547065391969,25547713094557
25547065391969,25548002273668
25548016724613,25548002273668
25548016724613,25548252418544
25548016724613,25548472553956
25548016724613,25548608918930
25548016724613,25549106133881
25549138870213,25549106133881
25549138870213,25549419985185
25549138870213,25549543833391
25549138870213,25549716733333
25549138870213,25550076279627
25550078348877,25550076279627
25550078348877,25550286212197
25550078348877,25550438266931
25550078348877,25550732233857
25550078348877,25551033322180
25551036239385,25551033322180
25551036239385,25551303662715
25551036239385,25551456136629
25551036239385,25551605758729
25551036239385,25551905899778
25551908432742,25551905899778
25551908432742,25552108244439
25551908432742,25552299874436
25551908432742,25552549381024
25551908432742,25552812532998
25552819278279,25552812532998
25552819278279,25552999607672
25552819278279,25553207650277
25552819278279,25553373799778
25553376820535,25553373799778
25553376820535,25553677477938
25553376820535,25553871310922
25553376820535,25554025099952
25553376820535,25554198823748
25553376820535,25554636963263
25554639989972,25554636963263
25554639989972,25554857802812
25554639989972,25555009404462
25554639989972,25555255240866
25554639989972,25555541968634
25555543821182,25555541968634
25555543821182,25555781060151
25555543821182,25555928830614
25555543821182,25556146368403
25555543821182,25556383413857
25556398027445,25556383413857
25556398027445,25556630142912
25556398027445,25556858098519
25556398027445,25557023662847
25557024816091,25557023662847
25557024816091,25557209209309
25557024816091,25557360089294
25557024816091,25557557914510
25557024816091,25557717564996
25557024816091,25558034207693
25558197790464,25558034207693
25558197790464,25558437442926
25558197790464,25558623885721
25558197790464,25558786256169
25558197790464,25559082535763
25559114193046,25559082535763
25559114193046,25559369548661
25559114193046,25559563564201
25559114193046,25559693644535
25559695578609,25559693644535
25559695578609,25559867599370
25559695578609,25560002946442
25559695578609,25560155622204
25559695578609,25560581337066
25559695578609,25561009514330
25561018779528,25561009514330
25561018779528,25561256431768
25561018779528,25561479287060
25561018779528,25561669935544
25561018779528,25561999631665
25562002334076,25561999631665
25562002334076,25562223163538
25562002334076,25562409781110
25562002334076,25562602371272
25562603941516,25562602371272
25562603941516,25562743982081
25562603941516,25562994130999
25562603941516,25563155098326
25562603941516,25563490333255
25562603941516,25563780745151
25563847878346,25563780745151
25563847878346,25564132230676
25563847878346,25564329768441
25563847878346,25564494404646
25563847878346,25564852458058
25564937086421,25564852458058
25564937086421,25565097019162
25564937086421,25565233093721
25564937086421,25565486946520
25564937086421,25565715862530
25565719172332,25565715862530
25565719172332,25565950248067
25565719172332,25566068971218
25565719172332,25566230215248
25565719172332,25566521874772
25566523909251,25566521874772
25566523909251,25566690595430
25566523909251,25566921349112
25566523909251,25567097489871
25566523909251,25567378848224
25567407453154,25567378848224
25567407453154,25567648685830
25567407453154,25567842066062
25567407453154,25568017735152
25568020140685,25568017735152
25568020140685,25568204930055
25568020140685,25568435046981
25568020140685,25568598187683
25568020140685,25568870202909
25568872304640,25568870202909
25568872304640,25569050829663
25568872304640,25569201179858
25568872304640,25569374838205
25568872304640,25569619339598
25569659967324,25569619339598
25569659967324,25569895474109
25569659967324,25570146074491
25569659967324,25570293775793
25569659967324,25570653086598
25570655891441,25570653086598
25570655891441,25570886883051
25570655891441,25571062039405
25570655891441,25571263708790
25570655891441,25571461316645
25570655891441,25571867045782
25571880628610,25571867045782
25571880628610,25572044681672
25571880628610,25572273902008
25571880628610,25572425494970
25572428817989,25572425494970
25572428817989,25572692989756
25572428817989,25572853835721
25572428817989,25572978418452
25572428817989,25573192404628
25572428817989,25573596044887
25573685585630,25573596044887
25573685585630,25573871701336
25573685585630,25574103269794
25573685585630,25574239127549
25573685585630,25574662283064
25574666249930,25574662283064
25574666249930,25574888560919
25574666249930,25575077259398
25574666249930,25575244940431
25574666249930,25575607100099
25575610839846,25575607100099
25575610839846,25575759097304
25575610839846,25575907314144
25575610839846,25576070752339
25575610839846,25576475321799
25576477534170,25576475321799
25576477534170,25576687873275
25576477534170,25576932105704
25576477534170,25577144699467
25576477534170,25577344652083
25577374806803,25577344652083
25577374806803,25577576429808
25577374806803,25577815952542
25577374806803,25577990092969
25577374806803,25578301060620
25578349363973,25578301060620
25578349363973,25578545422273
25578349363973,25578720822186
25578349363973,25578853363591
25578855413258,25578853363591
25578855413258,25579022985092
25578855413258,25579523830620
25578855413258,25579750037169
25578855413258,25579976112427
25580064294780,25579976112427
25580064294780,25580389073945
25580064294780,25580586308546
25580064294780,25580775145960
25580064294780,25581000236105
25580064294780,25581407073713
25581499756303,25581407073713
25581499756303,25581764319494
25581499756303,25581933834051
25581499756303,25582160224918
25581499756303,25582408581980
25582475989824,25582408581980
25582475989824,25582750133281
25582475989824,25582906166223
25582475989824,25583138294253
25583144787177,25583138294253
25583144787177,25583328077085
25583144787177,25583467757743
25583144787177,25583658181881
25583144787177,25583957782772
25583144787177,25584299284099
25584357388094,25584299284099
25584357388094,25584535118249
25584357388094,25584726610317
25584357388094,25584991575484
25584993201937,25584991575484
25584993201937,25585182459173
25584993201937,25585317671388
25584993201937,25585462251356
25584993201937,25585953795635
25584993201937,25586156130161
25586158146650,25586156130161
25586158146650,25586307889716
25586158146650,25586446026613
25586158146650,25586602491379
25586158146650,25587196272312
25587202223389,25587196272312
25587202223389,25587426993012
25587202223389,25587581022192
25587202223389,25587772749157
25587202223389,25588071894804
25588133893624,25588071894804
25588133893624,25588391036089
25588133893624,25588555144720
25588133893624,25588720259005
25588133893624,25588952948329
25589049762446,25588952948329
25589049762446,25589290093810
25589049762446,25589495509418
25589520935546,25589495509418
25589520935546,25589770250326
25589520935546,25589907194874
25589520935546,25590028095538
25589520935546,25590235718063
25589520935546,25590490781370
25589520935546,25590919920500
25590947376397,25590919920500
25590947376397,25591224000059
25590947376397,25591422267312
25590947376397,25591671521991
25591673922347,25591671521991
25591673922347,25591898171678
25591673922347,25592044249949
25591673922347,25592192858864
25591673922347,25592348806284
25591673922347,25592800252475
25592846831919,25592800252475
25592846831919,25593136521877
25592846831919,25593293623053
25592846831919,25593449249609
25592846831919,25593669954172
25593717823575,25593669954172
25593717823575,25593966430718
25593717823575,25594115529594
25593717823575,25594280164527
25593717823575,25594625981342
25594627725648,25594625981342
25594627725648,25594859080912
25594627725648,25595032143278
25594627725648,25595155807836
25595159511164,25595155807836
25595159511164,25595411440426
25595159511164,25595573273346
25595159511164,25595728418681
25595159511164,25596159207338
25595159511164,25596549184497
25596551589428,25596549184497
25596551589428,25596727235036
25596551589428,25596920277844
25596551589428,25597061246461
25596551589428,25597380856058
25597398658381,25597380856058
25597398658381,25597658299129
25597398658381,25597881400438
25597398658381,25598135889388
25597398658381,25598344467038
25597398658381,25598559717453
25598365866448,25598559717453
25598365866448,25598744869973
25598365866448,25598886210413
25598365866448,25599042143765
25598887937460,25599042143765
25598887937460,25599291188829
25598887937460,25599505592026
25598887937460,25599769903387
25599798948076,25599769903387
25599798948076,25600084269946
25599798948076,25600290620356
25599798948076,25600458797116
25599798948076,25600686861523
25599798948076,25601065945632
25601126265015,25601065945632
25601126265015,25601363272917
25601126265015,25601582945755
25601126265015,25601725372748
25601731578190,25601725372748
25601731578190,25601967236899
25601731578190,25602126057632
25601731578190,25602320271124
25601731578190,25602608227792
25601731578190,25603006205165
25603034781271,25603006205165
25603034781271,25603272960693
25603034781271,25603612357307
25603034781271,25603795979086
25603034781271,25603935076504
25603938113809,25603935076504
25603938113809,25604164282325
25603938113809,25604324397963
25603938113809,25604506601465
25603938113809,25604780809600
25604805939351,25604780809600
25604805939351,25605038805251
25604805939351,25605293250542
25605296408118,25605293250542
25605296408118,25605478214611
25605296408118,25605642311906
25605296408118,25605796276019
25605296408118,25606034240580
25605296408118,25606248346419
25605296408118,25606601318191
25606648187303,25606601318191
25606648187303,25606922689694
25606648187303,25607087820232
25606648187303,25607231943071
25606648187303,25607498412269
25607502175149,25607498412269
25607502175149,25607740981273
25607502175149,25608018268080
25607502175149,25608187398505
25608190145894,25608187398505
25608190145894,25608467993619
25608190145894,25608644827324
25608190145894,25608783816742
25608190145894,25608917759901
25608190145894,25609381077213
25609510000093,25609381077213
25609510000093,25609725545407
25609510000093,25609908806334
25609510000093,25610132470846
25609510000093,25610404859113
25610768587644,25610404859113
25610768587644,25610984204860
25610768587644,25611104933696
25610768587644,25611221052248
25610768587644,25611620502671
25611622850811,25611620502671
25611622850811,25611927001691
25611622850811,25612090978802
25611622850811,25612291735301
25612294186275,25612291735301
25612294186275,25612435134820
25612294186275,25612584923310
25612294186275,25612759769884
25612294186275,25612921339108
25612294186275,25613154897024
25613251990126,25613154897024
25613251990126,25613489698553
25613251990126,25613712258793
25613251990126,25613867068840
25613251990126,25614226705643
25614267567906,25614226705643
25614267567906,25614545420452
25614267567906,25614719298922
25614267567906,25614881070422
25614267567906,25615314204761
25615320714069,25615314204761
25615320714069,25615521163545
25615320714069,25615700710987
25615320714069,25615835967253
25615838688763,25615835967253
25615838688763,25616108253328
25615838688763,25616249148642
25615838688763,25616459851895
25615838688763,25616606377709
25615838688763,25617101293713
25617186967778,25617101293713
25617186967778,25617411777568
25617186967778,25617659561408
25617186967778,25617812623953
25617186967778,25618135724846
25618207123858,25618135724846
25618207123858,25618471448783
25618207123858,25618687458622
25618207123858,25618850903144
25618853070118,25618850903144
25618853070118,25619010816853
25618853070118,25619164222349
25618853070118,25619330538134
25618853070118,25619529595966
25619596328585,25619529595966
25619596328585,25619834249040
25619596328585,25620026025270
25619596328585,25620239880671
25619596328585,25620444074087
25620456492087,25620444074087
25620456492087,25620669994877
25620456492087,25620835211969
25620456492087,25621066261621
25620456492087,25621319201232
25620456492087,25621667979683
25621792406712,25621667979683
25621792406712,25622067732671
25621792406712,25622251075653
25621792406712,25622460487210
25621792406712,25622638512828
25622702051260,25622638512828
25622702051260,25622916700141
25622702051260,25623124321862
25622702051260,25623298838754
25622702051260,25623463511876
25623300863190,25623463511876
25623300863190,25623690976202
25623300863190,25623880412032
25623300863190,25624176625414
25623300863190,25624568506533
25624588692383,25624568506533
25624588692383,25624718265101
25624588692383,25624984554301
25624588692383,25625154405551
25625157721047,25625154405551
25625157721047,25625402985530
25625157721047,25625568109707
25625157721047,25625699088763
25625157721047,25625986384864
25625157721047,25626353457886
25626413030800,25626353457886
25626413030800,25626613257384
25626413030800,25626833293535
25626413030800,25626983950585
25626413030800,25627220332027
25627222276479,25627220332027
25627222276479,25627459055906
25627222276479,25627593386102
25627222276479,25627708328874
25627222276479,25627881150578
25627222276479,25628027071973
