28207396077493,28207809110638
28207876371742,28207809110638
28207876371742,28208049483865
28207876371742,28208248492941
28207876371742,28208444951586
28207876371742,28208749357515
28207876371742,28209253559862
28209263424449,28209253559862
28209263424449,28209464075199
28209263424449,28209655857623
28209263424449,28209894217929
28209263424449,28210190099964
28210193219950,28210190099964
28210193219950,28210390371299
28210193219950,28210581107709
28210193219950,28210829292844
28210193219950,28211100601976
28211172203003,28211100601976
28211172203003,28211422345266
28211172203003,28211611816016
28211648952170,28211611816016
28211648952170,28211867829857
28211648952170,28212248388429
28211648952170,28212401377416
28211648952170,28212563061802
28211648952170,28212804529084
28211648952170,28212917229936
28212926123571,28212917229936
28212926123571,28213181138830
28212926123571,28213332389236
28212926123571,28213569453826
28212926123571,28213831474027
28213875762462,28213831474027
28213875762462,28214073756198
28213875762462,28214362890707
28213875762462,28214505531076
28213875762462,28214889757474
28213875762462,28215072325579
28214892830981,28215072325579
28214892830981,28215238230682
28214892830981,28215497336778
28214892830981,28215760339489
28215761504851,28215760339489
28215761504851,28215953839652
28215761504851,28216177535816
28215761504851,28216314851862
28216318990315,28216314851862
28216318990315,28216544374889
28216318990315,28216693350418
28216318990315,28216832599028
28216318990315,28217039893911
28217161202606,28217039893911
28217161202606,28217394210950
28217161202606,28217658460938
28217161202606,28217848375305
28217161202606,28218061515849
28218108540808,28218061515849
28218108540808,28218363174038
28218108540808,28218603477199
28218108540808,28218843284173
28218108540808,28219085208681
28218108540808,28219436588817
28219559423041,28219436588817
28219559423041,28219863952290
28219559423041,28220165971994
28219559423041,28220334170313
28219559423041,28220495377992
28220499045574,28220495377992
28220499045574,28220762248882
28220499045574,28220980524196
28220499045574,28221173175205
28221175032871,28221173175205
28221175032871,28221438695350
28221175032871,28221687265083
28221175032871,28221890666550
28221175032871,28222039872150
28221175032871,28222287088117
28222332907694,28222287088117
28222332907694,28222570198061
28222332907694,28222710231099
28222332907694,28222902662031
28222332907694,28223213809520
28223284300555,28223213809520
28223284300555,28223542647383
28223284300555,28223719303174
28223284300555,28223916254906
28223917482190,28223916254906
28223917482190,28224106242958
28223917482190,28224235281308
28223917482190,28224388862431
28223917482190,28224701381658
28223917482190,28225211725846
28225356182379,28225211725846
28225356182379,28225592348420
28225356182379,28225749485708
28225356182379,28225955378371
28225960547166,28225955378371
28225960547166,28226152233187
28225960547166,28226323079966
28225960547166,28226523995271
28225960547166,28226798272364
28225960547166,28227216965501
28227312234353,28227216965501
28227312234353,28227596072238
28227312234353,28227769367906
28227312234353,28227934878887
28227312234353,28228302930259
28228305323500,28228302930259
28228305323500,28228569271273
28228305323500,28228810787195
28228305323500,28229009080096
28228305323500,28229192848473
28229361840567,28229192848473
28229361840567,28229581547657
28229361840567,28229738507563
28229361840567,28229924988837
28229361840567,28230181423545
28230184866712,28230181423545
28230184866712,28230409363118
28230184866712,28230651448014
28230184866712,28230890935998
28230184866712,28231131330705
28231170685031,28231131330705
28231170685031,28231480280052
28231170685031,28231678495326
28231170685031,28231866158490
28231170685031,28232107477688
28232166892269,28232107477688
28232166892269,28232465911132
28232166892269,28232602255867
28232166892269,28232739404322
28232741549170,28232739404322
28232741549170,28232910244226
28232741549170,28233103000718
28232741549170,28233323401203
28232741549170,28233722578400
28232741549170,28234002171062
28234116576174,28234002171062
28234116576174,28234354780194
28234116576174,28234511967382
28234116576174,28234706927597
28234116576174,28234984636238
28235085685111,28234984636238
28235085685111,28235384257986
28235085685111,28235602188365
28235085685111,28235816661298
28235085685111,28235997883091
28236080228620,28235997883091
28236080228620,28236253204009
28236080228620,28236421235417
28236080228620,28236627746270
28236080228620,28236914708785
28236917230629,28236914708785
28236917230629,28237136905801
28236917230629,28237332463484
28236917230629,28237538747514
28236917230629,28237819039056
28237866204834,28237819039056
28237866204834,28238075634337
28237866204834,28238286711578
28237866204834,28238477892573
28237866204834,28238783067134
28238785946599,28238783067134
28238785946599,28239061949163
28238785946599,28239280492628
28238785946599,28239464393238
28238785946599,28239594505726
28239596329538,28239594505726
28239596329538,28239839556590
28239596329538,28240068501905
28239596329538,28240245437430
28240246846188,28240245437430
28240246846188,28240401272890
28240246846188,28240575715846
28240246846188,28240727027920
28240246846188,28240980821631
28240246846188,28241348742674
28241408772104,28241348742674
28241408772104,28241674667342
28241408772104,28241912911795
28241408772104,28242177250270
28241408772104,28242361165095
28242376395447,28242361165095
28242376395447,28242599204780
28242376395447,28242751773157
28242376395447,28242936716223
28242376395447,28243388578351
28243391673122,28243388578351
28243391673122,28243682686697
28243391673122,28243806146891
28243391673122,28243937694112
28243951515915,28243937694112
28243951515915,28244178943041
28243951515915,28244434718769
28243951515915,28244644352038
28243951515915,28244857505807
28243951515915,28245167965269
28245240277858,28245167965269
28245240277858,28245480603284
28245240277858,28245653794663
28245240277858,28245890220921
28245240277858,28246177730491
28246197953204,28246177730491
28246197953204,28246319682905
28246197953204,28246553498553
28246197953204,28246712454331
28246197953204,28247113330681
28247210477726,28247113330681
28247210477726,28247520496991
28247210477726,28247687065334
28247210477726,28247815183637
28247210477726,28248059724772
28248115522111,28248059724772
28248115522111,28248404624125
28248115522111,28248551233867
28248115522111,28248738341496
28248115522111,28249085542706
28249087636986,28249085542706
28249087636986,28249293752843
28249087636986,28249563407408
28249087636986,28249744310248
28249746453212,28249744310248
28249746453212,28249993939976
28249746453212,28250133119614
28249746453212,28250320819777
28249746453212,28250478895715
28250513979570,28250478895715
28250513979570,28250777995322
28250513979570,28250947135730
28250513979570,28251112907366
28250513979570,28251454446573
28250513979570,28251879594964
28252115738936,28251879594964
28252115738936,28252276968945
28252115738936,28252862444395
28252115738936,28253039670554
28253042739766,28253039670554
28253042739766,28253311411780
28253042739766,28253438659150
28253042739766,28253596401406
28253042739766,28253761917529
28253042739766,28254175822365
28254249206297,28254175822365
28254249206297,28254497071027
28254249206297,28254706144095
28254249206297,28254932163447
28254934523448,28254932163447
28254934523448,28255190755467
28254934523448,28255382435108
28254934523448,28255541851343
28254934523448,28255696942732
28254934523448,28256204928379
28256207846615,28256204928379
28256207846615,28256385350500
28256207846615,28256551506051
28256207846615,28256713689808
28256716404788,28256713689808
28256716404788,28256893384759
28256716404788,28257069231584
28256716404788,28257240049370
28256716404788,28257497492614
28256716404788,28258016291838
28258018666790,28258016291838
28258018666790,28258199230233
28258018666790,28258368495603
28258018666790,28258644475239
28258018666790,28258858590885
28258962454246,28258858590885
28258962454246,28259226439941
28258962454246,28259409259524
28258962454246,28259630590510
28258962454246,28259778274209
28259895969487,28259778274209
28259895969487,28260192321823
28259895969487,28260423118036
28259895969487,28260611110471
28260613801114,28260611110471
28260613801114,28260817566068
28260613801114,28260979381651
28260613801114,28261149581381
28260613801114,28261302232784
28260613801114,28261835306093
28261899457530,28261835306093
28261899457530,28262194595778
28261899457530,28262450856263
28261899457530,28262673557131
28261899457530,28262984399127
28262986612942,28262984399127
28262986612942,28263246762759
28262986612942,28263414696066
28262986612942,28263604170856
28263606397520,28263604170856
28263606397520,28263818847610
28263606397520,28263962307541
28263606397520,28264187694939
28263606397520,28264345180696
28263606397520,28264852374560
28264867365720,28264852374560
28264867365720,28265135449819
28264867365720,28265318096015
28264867365720,28265468315509
28264867365720,28265640979113
28265725507246,28265640979113
28265725507246,28265977032169
28265725507246,28266108536806
28265725507246,28266370936357
28266373750630,28266370936357
28266373750630,28266596386257
28266373750630,28266736291672
28266373750630,28266911421332
28266373750630,28267145862606
28266373750630,28267597302679
28267608724902,28267597302679
28267608724902,28267812351765
28267608724902,28267985504305
28267608724902,28268211337310
28267608724902,28268580165477
28268596663173,28268580165477
28268596663173,28268832401845
28268596663173,28269113743083
28268596663173,28269267635054
28269269932078,28269267635054
28269269932078,28269460346397
28269269932078,28269659468878
28269269932078,28269831248254
28269269932078,28269952366436
28269269932078,28270402335132
28270464345469,28270402335132
28270464345469,28270701654765
28270464345469,28270897936478
28270464345469,28271103708621
28270464345469,28271468537441
28271470107077,28271468537441
28271470107077,28271708512555
28271470107077,28271997775822
28271470107077,28272137818937
28271470107077,28272376445162
28272500859051,28272376445162
28272500859051,28272784106790
28272500859051,28272994548101
28272500859051,28273159558278
28272500859051,28273393382616
28273479058023,28273393382616
28273479058023,28273731844341
28273479058023,28273908025290
28273479058023,28274123418384
28273479058023,28274511828026
28274514239661,28274511828026
28274514239661,28274724480027
28274514239661,28274877605664
28274514239661,28275130566291
28274514239661,28275576089807
28275577555220,28275576089807
28275577555220,28275861328051
28275577555220,28276030959908
28275577555220,28276263085154
28275577555220,28276499349253
28276553273370,28276499349253
28276553273370,28276757914240
28276553273370,28276900990209
28276553273370,28277109989332
28276553273370,28277420347020
28277561398981,28277420347020
28277561398981,28277817212280
28277561398981,28277951001600
28277561398981,28278140454007
28277561398981,28278406388713
28278477822070,28278406388713
28278477822070,28278687240350
28278477822070,28278966339079
28278477822070,28279137460897
28279139531210,28279137460897
28279139531210,28279354378066
28279139531210,28279520918229
28279139531210,28279702633309
28279139531210,28279911301985
28279916266938,28279911301985
28279916266938,28280167622380
28279916266938,28280308992151
28279916266938,28280471776015
28279916266938,28280911136052
28279916266938,28281269743668
28281470109141,28281269743668
28281470109141,28281631686327
28281470109141,28281806100111
28281470109141,28281975053678
28281470109141,28282264357650
28282357972540,28282264357650
28282357972540,28282595332123
28282357972540,28282806644280
28282357972540,28283001328448
28282357972540,28283279879178
28283283563968,28283279879178
28283283563968,28283506352474
28283283563968,28283664898329
28283283563968,28283885077971
28283283563968,28284323057301
28284329836996,28284323057301
28284329836996,28284529728275
28284329836996,28284682705834
28284329836996,28284872643103
28284875984964,28284872643103
28284875984964,28285054263076
28284875984964,28285222209127
28284875984964,28285365161344
28284875984964,28285563299117
28284875984964,28285991408919
28286052985120,28285991408919
28286052985120,28286278842771
28286052985120,28286440331075
28286052985120,28286624397226
28286052985120,28286868439088
28287016782040,28286868439088
28287016782040,28287253606854
28287016782040,28287419508550
28287016782040,28287606707676
28287016782040,28287897130151
28287016782040,28288228162071
28288024193879,28288228162071
28288024193879,28288374202627
28288024193879,28288648252881
28288024193879,28288909538975
28288964216341,28288909538975
28288964216341,28289246290721
28288964216341,28289456952057
28288964216341,28289636520551
28288964216341,28289928947615
28289944337373,28289928947615
28289944337373,28290503257520
28289944337373,28290681344979
28289944337373,28290854374538
28289944337373,28291019779494
28291023820406,28291019779494
28291023820406,28291264363094
28291023820406,28291432435468
28291023820406,28291666464289
28291023820406,28291928060481
28292065257980,28291928060481
28292065257980,28292248419694
28292065257980,28292418758860
28292065257980,28292607133937
28292613871221,28292607133937
28292613871221,28292841096104
28292613871221,28293026798296
28292613871221,28293218993001
28292613871221,28293364847769
28292613871221,28293842456246
28293879822930,28293842456246
28293879822930,28294128923825
28293879822930,28294365454449
28293879822930,28294597906899
28293879822930,28294880423499
28294882935075,28294880423499
28294882935075,28295096380614
28294882935075,28295281384306
28294882935075,28295534392876
28295537333650,28295534392876
28295537333650,28295778326627
28295537333650,28295930590653
28295537333650,28296094132397
28295537333650,28296229570743
28296293787962,28296229570743
28296293787962,28296466590789
28296293787962,28296625848014
28296293787962,28296849388136
28296293787962,28297141249448
28296293787962,28297639930630
28297661179608,28297639930630
28297661179608,28297858156113
28297661179608,28298026788378
28297661179608,28298228375152
28297661179608,28298713037011
28298802305113,28298713037011
28298802305113,28299023250499
28298802305113,28299184292513
28298802305113,28299349981024
28298802305113,28299580175732
28299587308300,28299580175732
28299587308300,28299812095892
28299587308300,28300013365901
28299587308300,28300196824895
28299587308300,28300504011623
28300574924996,28300504011623
28300574924996,28300852200110
28300574924996,28301018306948
28300574924996,28301216320460
28300574924996,28301595739960
28301599017335,28301595739960
28301599017335,28301820706151
28301599017335,28301970369616
28301599017335,28302129442656
28302132956635,28302129442656
28302132956635,28302308434909
28302132956635,28302504068344
28302132956635,28302688246557
28302132956635,28302827995674
28302830449204,28302827995674
28302830449204,28303070354710
28302830449204,28303225620725
28302830449204,28303427913959
28302830449204,28303732879844
28302830449204,28304250763255
28304257235057,28304250763255
28304257235057,28304481888116
28304257235057,28304753060749
28304257235057,28304905944919
28304911850293,28304905944919
28304911850293,28305154629463
28304911850293,28305333278719
28304911850293,28305502462410
28304911850293,28305671399462
28304911850293,28306037268066
28306151222494,28306037268066
28306151222494,28306439340024
28306151222494,28306673985299
28306151222494,28306808610914
28306151222494,28307248662234
28307411334609,28307248662234
28307411334609,28307703234409
28307411334609,28307859284585
28307411334609,28308027512550
28307411334609,28308368074625
28308370829535,28308368074625
28308370829535,28308630577524
28308370829535,28308788888858
28308806149335,28308788888858
28308806149335,28309022701841
28308806149335,28309152271512
28308806149335,28309312147808
28308806149335,28309546880405
28308806149335,28309834435194
28309837985015,28309834435194
28309837985015,28310087638497
28309837985015,28310249713906
28309837985015,28310472014312
28309837985015,28310671664202
28309837985015,28311118362486
28311161771075,28311118362486
28311161771075,28311399602008
28311161771075,28311611741154
28311161771075,28311795974904
28311798456541,28311795974904
28311798456541,28312006561975
28311798456541,28312150524109
28311798456541,28312324026300
28311798456541,28312511815860
28311798456541,28313007921256
28313010900940,28313007921256
28313010900940,28313236556846
28313010900940,28313560471520
28313010900940,28313747341328
28313010900940,28313908532333
28313986021737,28313908532333
28313986021737,28314273241431
28313986021737,28314567777814
28313986021737,28314750962302
28314753131048,28314750962302
28314753131048,28314915846567
28314753131048,28315105251033
28314753131048,28315249796656
28314753131048,28315454435374
28314753131048,28315813379492
28315870807715,28315813379492
28315870807715,28316082569475
28315870807715,28316365451738
28315870807715,28316557601789
28315870807715,28316740049490
28316806475805,28316740049490
28316806475805,28317038391534
28316806475805,28317243399388
28317269383220,28317243399388
28317269383220,28317551847061
28317269383220,28317701988523
28317269383220,28317904052084
28317269383220,28318072747352
28317269383220,28318241210320
28317269383220,28318583470948
28318618977479,28318583470948
28318618977479,28318927392752
28318618977479,28319083402748
28318618977479,28319278629953
28318618977479,28319532993287
28319634387684,28319532993287
28319634387684,28319919985599
28319634387684,28320153317055
28319634387684,28320347685872
28319634387684,28320664523811
28320667435209,28320664523811
28320667435209,28320939335974
28320667435209,28321197774643
28320667435209,28321389315603
28320667435209,28321537116105
28321567359407,28321537116105
28321567359407,28321791986011
28321567359407,28321986378936
28321567359407,28322118832728
28321567359407,28322578822684
28322580996806,28322578822684
28322580996806,28322804350754
28322580996806,28322960197500
28322580996806,28323126712923
28323128242817,28323126712923
28323128242817,28323584868941
28323128242817,28323806932602
28323128242817,28323962116311
28323128242817,28324115472700
28324116506182,28324115472700
28324116506182,28324333366592
28324116506182,28324478356665
28324116506182,28324669154238
28324116506182,28325082306418
28324116506182,28325494086203
28325574784801,28325494086203
28325574784801,28325837499485
28325574784801,28325990137143
28325574784801,28326115612528
28325574784801,28326491593970
28326574827615,28326491593970
28326574827615,28326818405898
28326574827615,28326973307731
28326574827615,28327146804470
28326574827615,28327447394408
28327477795618,28327447394408
28327477795618,28327725991562
28327477795618,28327909713277
28327477795618,28328080864210
28327477795618,28328300081888
28328431796748,28328300081888
28328431796748,28328652579186
28328431796748,28328795385308
28328431796748,28329073132137
28328431796748,28329324500762
28328431796748,28329656227839
28329444022893,28329656227839
28329444022893,28329929614468
28329444022893,28330082230704
28329444022893,28330341657735
28330442614682,28330341657735
28330442614682,28330673484616
28330442614682,28330864522404
28330442614682,28331001442749
28330442614682,28331331315239
28331376968457,28331331315239
28331376968457,28331552908223
28331376968457,28331737858100
28331376968457,28331927473356
28331376968457,28332300286069
28332304246667,28332300286069
28332304246667,28332501096734
28332304246667,28332654261996
28332304246667,28332823167041
28332304246667,28333230838294
28333231911757,28333230838294
28333231911757,28333399629941
28333231911757,28333642510425
28333231911757,28333874987099
28333877252853,28333874987099
28333877252853,28334084378760
28333877252853,28334250233338
28333877252853,28334390037141
28333877252853,28334654512359
28333877252853,28335065257831
28335071770082,28335065257831
28335071770082,28335304558743
28335071770082,28335488719166
28335071770082,28335638802538
28335071770082,28336038730652
28336084744325,28336038730652
28336084744325,28336309358013
28336084744325,28336463360950
28336084744325,28336626399074
28336084744325,28336820840899
28336630942867,28336820840899
28336630942867,28336978046187
28336630942867,28337190297912
28336630942867,28337560165682
28336630942867,28337851181251
28338013635099,28337851181251
28338013635099,28338212196282
28338013635099,28338428106571
28338013635099,28338665858355
28338667727959,28338665858355
28338667727959,28338830124789
28338667727959,28338987242390
28338667727959,28339175610596
28338667727959,28339473380349
28338667727959,28339876695904
28339902264154,28339876695904
28339902264154,28340157274160
28339902264154,28340352259260
28339902264154,28340561634742
28339902264154,28340827059015
28340862189040,28340827059015
28340862189040,28341079448360
28340862189040,28341292677449
28340862189040,28341538940570
28340862189040,28341838369623
28341864605772,28341838369623
28341864605772,28342127184578
28341864605772,28342298699514
28341864605772,28342480691755
28341864605772,28342812619288
28341864605772,28343014054194
28342855591726,28343014054194
28342855591726,28343225876936
28342855591726,28343380459745
28342855591726,28343657754449
28343745001486,28343657754449
28343745001486,28343962326421
28343745001486,28344102271901
28343745001486,28344299290067
28343745001486,28344588956074
28344670239104,28344588956074
28344670239104,28344944307757
28344670239104,28345108086424
28344670239104,28345281225045
28344670239104,28345496436531
28345579421031,28345496436531
28345579421031,28345850737552
28345579421031,28346056647822
28345579421031,28346220861578
28345579421031,28346410405599
28346511925608,28346410405599
28346511925608,28346737847576
28346511925608,28346946288510
28346511925608,28347172268443
28346511925608,28347326105710
28347380914446,28347326105710
28347380914446,28347671724629
28347380914446,28347851651167
28347380914446,28348359382308
28347380914446,28348537348446
28348652847533,28348537348446
28348652847533,28348923309687
28348652847533,28349119353336
28348652847533,28349266413587
28349269084260,28349266413587
28349269084260,28349412777693
28349269084260,28349647146993
28349269084260,28349822858629
28349269084260,28350147930769
28349269084260,28350647577014
28350651817203,28350647577014
28350651817203,28350840870042
28350651817203,28351081314819
28350651817203,28351275476021
28350651817203,28351712139177
28351713439901,28351712139177
28351713439901,28351964246342
28351713439901,28352119684560
28351713439901,28352263630449
28351713439901,28352695325963
28352711348928,28352695325963
28352711348928,28353012767597
28352711348928,28353200257019
28352711348928,28353408233502
28352711348928,28353532508613
28353631762873,28353532508613
28353631762873,28353881420222
28353631762873,28354027214715
28353631762873,28354185951277
28354188184355,28354185951277
28354188184355,28354423533171
28354188184355,28354698841712
28354188184355,28354886289291
28354188184355,28355078098363
28354188184355,28355597133079
28355704920572,28355597133079
28355704920572,28355889251239
28355704920572,28356068089618
28355704920572,28356222480425
28355704920572,28356390709956
28356223707681,28356390709956
28356223707681,28356608702900
28356223707681,28356782765801
28356223707681,28357045927395
28357136084736,28357045927395
28357136084736,28357404955166
28357136084736,28357550851190
28357136084736,28357690143689
28357136084736,28358013782235
28357136084736,28358503237568
28357136084736,28358703974582
28358538783613,28358703974582
28358538783613,28358914309557
28358538783613,28359129851667
28358538783613,28359390050216
28359546302711,28359390050216
28359546302711,28359771160686
28359546302711,28360009134760
28359546302711,28360181740817
28360184823683,28360181740817
28360184823683,28360405321577
28360184823683,28360545689931
28360184823683,28360686237959
28360184823683,28360891667297
28360184823683,28361337864863
28361349053441,28361337864863
28361349053441,28361575291633
28361349053441,28361862798858
28361349053441,28362012465640
28361349053441,28362208912937
28362290435010,28362208912937
28362290435010,28362525240624
28362290435010,28362737222413
28362290435010,28362925410625
28362290435010,28363240452056
28363326044612,28363240452056
28363326044612,28363562533686
28363326044612,28363797235107
28363326044612,28364007949477
28363326044612,28364239316905
28364271280349,28364239316905
28364271280349,28364497799420
28364271280349,28364669146324
28364271280349,28364834109854
28364271280349,28365329319532
28365349423159,28365329319532
28365349423159,28365559626662
28365349423159,28365750369213
28365349423159,28365964870137
28365349423159,28366234141555
28366346943869,28366234141555
28366346943869,28366567430495
28366346943869,28366778182084
28366346943869,28366945734156
28366346943869,28367184929273
28367204632629,28367184929273
28367204632629,28367464549741
28367204632629,28367666432676
28367204632629,28367818200640
28367204632629,28367986440122
28367989111669,28367986440122
28367989111669,28368170382560
28367989111669,28368377922954
28367989111669,28368628027436
28368631482942,28368628027436
28368631482942,28368868725954
28368631482942,28369066792704
28368631482942,28369212526867
28368631482942,28369416470163
28368631482942,28369943965906
28369945630896,28369943965906
28369945630896,28370178704543
28369945630896,28370360451347
28369945630896,28370501658350
28369945630896,28370718634021
28370761782852,28370718634021
28370761782852,28371093947806
28370761782852,28371291355404
28370761782852,28371476739503
28370761782852,28371641490764
28371680882189,28371641490764
28371680882189,28371942687771
28371680882189,28372168983335
28371680882189,28372331809851
28372333919927,28372331809851
28372333919927,28372607772210
28372333919927,28372846847087
28372333919927,28372970729188
28372333919927,28373142752117
28372333919927,28373527086054
28373607968754,28373527086054
28373607968754,28373836790664
28373607968754,28374131389759
28373607968754,28374316371712
28373607968754,28374549560381
28374644733939,28374549560381
28374644733939,28374896509794
28374644733939,28375077135178
28374644733939,28375276399983
28374644733939,28375552458181
28375601020363,28375552458181
28375601020363,28375879377594
28375601020363,28376053866690
28375601020363,28376265174288
28375601020363,28376553338404
28376569786467,28376553338404
28376569786467,28376812019908
28376569786467,28377037584481
28376569786467,28377209828175
28377212039783,28377209828175
28377212039783,28377374903016
28377212039783,28377524770021
28377212039783,28377778673773
28377212039783,28377962798420
28378105375814,28377962798420
28378105375814,28378323456660
28378105375814,28378484424373
28378105375814,28378609890346
28378105375814,28379088734930
28378105375814,28379373212229
28379445977348,28379373212229
28379445977348,28379690548734
28379445977348,28379880618890
28379898409532,28379880618890
28379898409532,28380087264189
28379898409532,28380240484275
28379898409532,28380423681468
28379898409532,28380572262414
28379898409532,28380751298282
28379898409532,28381096367199
28381117759681,28381096367199
28381117759681,28381383921166
28381117759681,28381619658848
28381117759681,28381834471034
28381117759681,28382147356133
28382149413866,28382147356133
28382149413866,28382377183471
28382149413866,28382608465655
28382149413866,28382795272058
28382149413866,28382972183484
28382975132569,28382972183484
28382975132569,28383170414640
28382975132569,28383400090965
28382975132569,28383550358035
28383553630995,28383550358035
28383553630995,28383864091358
28383553630995,28384073527408
28383553630995,28384219371587
28383553630995,28384376469277
28383553630995,28384840348419
28384845591548,28384840348419
28384845591548,28385044749931
28384845591548,28385221806389
28384845591548,28385412220388
28384845591548,28385597270160
28385682045814,28385597270160
28385682045814,28385915286789
28385682045814,28386129692319
28385682045814,28386319700295
28386321851592,28386319700295
28386321851592,28386591840750
28386321851592,28386748586765
28386321851592,28386927801028
28386321851592,28387173251064
28386321851592,28387636261905
28387639087284,28387636261905
28387639087284,28387810632276
28387639087284,28388080566585
28387639087284,28388241289594
28387639087284,28388412522064
28388465600166,28388412522064
28388465600166,28388669048332
28388465600166,28388833031165
28388465600166,28389022067052
28388465600166,28389347475424
28389414756715,28389347475424
28389414756715,28389663487135
28389414756715,28389818997153
28389414756715,28390025371095
28390032823662,28390025371095
28390032823662,28390260228286
28390032823662,28390395697171
28390032823662,28390591879715
28390032823662,28390849030005
28390032823662,28391256438069
28391312715302,28391256438069
28391312715302,28391483828238
28391312715302,28391943212523
28391312715302,28392182109662
28391312715302,28392444462707
28392500300723,28392444462707
28392500300723,28392689238741
28392500300723,28392899556872
28392500300723,28393027101863
28392500300723,28393496483155
28393498858764,28393496483155
28393498858764,28393805502447
28393498858764,28393990179249
28393498858764,28394152117815
28393498858764,28394316356313
28394321443679,28394316356313
28394321443679,28394545826262
28394321443679,28394717406564
28394321443679,28394898826323
28394321443679,28395272291654
28395275703951,28395272291654
28395275703951,28395486904481
28395275703951,28395611048364
28395275703951,28395770099975
28395275703951,28395973213510
28396091563162,28395973213510
28396091563162,28396292422848
28396091563162,28396445483122
28396091563162,28396798245147
28396091563162,28396996424340
28397000493993,28396996424340
28397000493993,28397237157505
28397000493993,28397426511604
28397000493993,28397663473482
28397000493993,28397914277051
28397916823930,28397914277051
28397916823930,28398142366781
28397916823930,28398335225638
28397916823930,28398494259996
28398496444352,28398494259996
28398496444352,28398648683362
28398496444352,28398815172013
28398496444352,28399012747058
28398496444352,28399294316361
28398496444352,28399832165309
28399836732860,28399832165309
28399836732860,28400070373033
28399836732860,28400251324158
28399836732860,28400442302959
28399836732860,28400629016038
28400965292245,28400629016038
28400965292245,28401129868802
28400965292245,28401334127605
28400965292245,28401503600714
28400965292245,28401735295486
28401736632000,28401735295486
28401736632000,28401953120274
28401736632000,28402157091597
28401736632000,28402386667361
28401736632000,28402652959991
28402724973571,28402652959991
28402724973571,28402952369403
28402724973571,28403144763088
28403172729825,28403144763088
28403172729825,28403403356035
28403172729825,28403586226962
28403172729825,28403764430916
28403172729825,28403918108233
28403172729825,28404067822422
28403172729825,28404436976355
28404550567644,28404436976355
28404550567644,28404764226260
28404550567644,28404958317686
28404550567644,28405248645069
28404550567644,28405470440432
28405520185482,28405470440432
28405520185482,28405747339703
28405520185482,28406001560899
28405520185482,28406220264621
28406223889880,28406220264621
28406223889880,28406452324067
28406223889880,28406599428820
28406223889880,28406747088118
28406223889880,28406910608046
28406914020582,28406910608046
28406914020582,28407257613063
28406914020582,28407378178889
28406914020582,28407571448326
28406914020582,28407811877775
28406914020582,28408212943562
28408266963425,28408212943562
28408266963425,28408489189063
28408266963425,28408662850949
28408266963425,28408852703846
28408266963425,28409125419728
28409143515614,28409125419728
28409143515614,28409392948337
28409143515614,28409590500390
28409143515614,28409779629728
28409143515614,28410059499713
28410125936366,28410059499713
28410125936366,28410331736772
28410125936366,28410481707045
28410125936366,28410732339920
28410125936366,28411072617463
28411074800027,28411072617463
28411074800027,28411359048683
28411074800027,28411510778851
28411074800027,28411697320461
28411074800027,28412050210582
28412053843064,28412050210582
28412053843064,28412275255097
28412053843064,28412432793383
28412053843064,28412632634215
28412053843064,28412946547925
28412948916207,28412946547925
28412948916207,28413202051647
28412948916207,28413350382869
28412948916207,28413565534473
28412948916207,28413754397987
28413852393339,28413754397987
28413852393339,28414039763520
28413852393339,28414275132048
28413852393339,28414408648315
28413852393339,28414835510559
28414879370137,28414835510559
28414879370137,28415049294017
28414879370137,28415240315024
28414879370137,28415471237989
28415474591372,28415471237989
28415474591372,28415680214197
28415474591372,28415854144294
28415474591372,28416082204590
28415474591372,28416278024203
28416292121374,28416278024203
28416292121374,28416497260649
28416292121374,28416762481731
28416292121374,28416915290566
28416292121374,28417207756643
28416292121374,28417682502949
28417684773964,28417682502949
28417684773964,28417874854757
28417684773964,28418067940698
28417684773964,28418226700684
28417684773964,28418616877982
28418618657016,28418616877982
28418618657016,28418891038509
28418618657016,28419056386665
28418618657016,28419246979854
28418618657016,28419416021266
28419456565134,28419416021266
28419456565134,28419760429509
28419456565134,28419909351688
28419456565134,28420071632634
28420073802515,28420071632634
28420073802515,28420255113406
28420073802515,28420385225082
28420073802515,28420579284384
28420073802515,28420784277924
28420073802515,28421236022102
28421284260188,28421236022102
28421284260188,28421558463513
28421284260188,28421810479345
28421284260188,28422034953793
28421284260188,28422356278036
28422371599448,28422356278036
28422371599448,28422599508474
28422371599448,28422868614865
28422371599448,28423004436876
28422371599448,28423386458038
28423392986668,28423386458038
28423392986668,28423636279639
28423392986668,28423792316531
28423392986668,28423975933169
28423392986668,28424249332849
28424252205477,28424249332849
28424252205477,28424515229935
28424252205477,28424754305239
28424252205477,28424930659872
28424252205477,28425165197237
28425169446331,28425165197237
28425169446331,28425377911727
28425169446331,28425592986948
28425169446331,28425751034138
28425169446331,28426029976613
28425169446331,28426287552634
28426089158972,28426287552634
28426089158972,28426482833610
28426089158972,28426682307397
28426685751541,28426682307397
28426685751541,28426864410185
28426685751541,28427018341513
28426685751541,28427225701377
28426685751541,28427494809229
28426685751541,28427976211578
28428004035575,28427976211578
28428004035575,28428221206056
28428004035575,28428379736489
28428004035575,28428524049176
28428525694663,28428524049176
28428525694663,28428773197884
28428525694663,28428945185640
28428525694663,28429112911464
28428525694663,28429355076059
28428525694663,28429892831753
28430104466169,28429892831753
28430104466169,28430278066832
28430104466169,28430797504143
28430104466169,28430926828726
28430104466169,28431209855662
28431216580017,28431209855662
28431216580017,28431381316162
28431216580017,28431659235833
28431216580017,28431821001591
28431216580017,28432025227492
28432027921049,28432025227492
28432027921049,28432222301068
28432027921049,28432382959159
28432027921049,28432670350632
28432672062390,28432670350632
28432672062390,28432910796322
28432672062390,28433058442879
28432672062390,28433246243428
28432672062390,28433363408553
28432672062390,28433858447104
28433863377565,28433858447104
28433863377565,28434168125329
28433863377565,28434381438518
28433863377565,28434583501091
28433863377565,28434858308711
28434874830049,28434858308711
28434874830049,28435128705290
28434874830049,28435321587498
28434874830049,28435512964855
28434874830049,28435742842305
28435800948115,28435742842305
28435800948115,28436097382324
28435800948115,28436273485021
28435800948115,28436519527733
28435800948115,28436761099600
28436841363497,28436761099600
28436841363497,28437064291958
28436841363497,28437244783821
28436841363497,28437482310763
28436841363497,28437851731888
28437875260231,28437851731888
28437875260231,28438045730688
28437875260231,28438287247009
28437875260231,28438467449292
28438469751951,28438467449292
28438469751951,28438647281481
28438469751951,28438859668603
28438469751951,28439010250609
28438469751951,28439259640158
28439342707059,28439259640158
28439342707059,28439587293207
28439342707059,28439811342293
28439342707059,28439999085703
28439342707059,28440221050765
28440224422101,28440221050765
28440224422101,28440415368365
28440224422101,28440594554919
28440224422101,28440822180617
28440224422101,28441108368452
28441112438424,28441108368452
28441112438424,28441301042604
28441112438424,28441500711983
28441112438424,28441737165514
28441112438424,28442022291720
28441112438424,28442450288164
28442486345132,28442450288164
28442486345132,28442754367780
28442486345132,28442963647775
28442486345132,28443144254508
28443147281797,28443144254508
28443147281797,28443309032767
28443147281797,28443433719939
28443147281797,28443681099449
28443147281797,28443899238426
28443927990732,28443899238426
28443927990732,28444164280196
28443927990732,28444373406355
28443927990732,28444578810269
28443927990732,28444871259400
28443927990732,28445234266845
28445265547093,28445234266845
28445265547093,28445408715103
28445265547093,28445638545541
28445265547093,28445812402998
28445265547093,28446097944986
28446100460790,28446097944986
28446100460790,28446322075288
28446100460790,28446499544254
28446100460790,28446693167383
28446100460790,28447029387092
28447033032789,28447029387092
28447033032789,28447276474227
28447033032789,28447459356875
28447033032789,28447705992019
28447033032789,28447935384301
28447936796877,28447935384301
28447936796877,28448143025323
28447936796877,28448352103951
28447936796877,28448495623166
28447936796877,28448839976968
28448911395213,28448839976968
28448911395213,28449231441879
28448911395213,28449422315336
28448911395213,28449636169423
28449638434075,28449636169423
28449638434075,28449829379020
28449638434075,28450716168043
28449638434075,28450876189652
28449638434075,28451030132326
28449638434075,28451493189993
28451495433155,28451493189993
28451495433155,28451710976352
28451495433155,28451877249459
28451898714814,28451877249459
28451898714814,28452202160563
28451898714814,28452360317880
28451898714814,28452514928482
28451898714814,28452701049692
28451898714814,28452863639216
28451898714814,28453293080535
28453332765399,28453293080535
28453332765399,28453651454877
28453332765399,28453819157519
28453332765399,28453949911133
28453332765399,28454309449698
28454312153244,28454309449698
28454312153244,28454530547399
28454312153244,28454731700953
28454312153244,28454899578139
28454312153244,28455167714456
28455203179346,28455167714456
28455203179346,28455406246986
28455203179346,28455593655844
28455203179346,28455811742614
28455816717385,28455811742614
28455816717385,28456018680051
28455816717385,28456188266672
28455816717385,28456404138138
28455816717385,28456636353227
28455816717385,28457116038006
28457119086126,28457116038006
28457119086126,28457367513689
28457119086126,28457576848565
28457119086126,28457768330578
28457119086126,28457925900684
28458027965386,28457925900684
28458027965386,28458270627797
28458027965386,28458470098254
28458027965386,28458642290665
28458027965386,28458965846168
28458027965386,28459170941961
28458987989694,28459170941961
28458987989694,28459366322972
28458987989694,28459555181432
28458987989694,28460019588922
28460022097426,28460019588922
28460022097426,28460269657261
28460022097426,28460448302120
28460022097426,28460595062612
28460022097426,28460789499840
28460867386540,28460789499840
28460867386540,28461106706608
28460867386540,28461362234405
28460867386540,28461547772505
28460867386540,28461782362331
28461792259170,28461782362331
28461792259170,28462027374041
28461792259170,28462188613098
28461792259170,28462369927455
28462372511309,28462369927455
28462372511309,28462593059251
28462372511309,28462792381147
28462372511309,28462985760670
28462372511309,28463201264546
28463221252549,28463201264546
28463221252549,28463469974392
28463221252549,28463592517343
28463221252549,28463718342229
28463221252549,28464172480826
28463221252549,28464624647924
28464680371163,28464624647924
28464680371163,28464918474619
28464680371163,28465147890805
28464680371163,28465292911664
28464680371163,28465611929494
28465741890592,28465611929494
28465741890592,28465943776284
28465741890592,28466104612498
28465741890592,28466294970402
28465741890592,28466649518540
28466653314541,28466649518540
28466653314541,28466839842493
28466653314541,28467039430394
28466653314541,28467234412326
28466653314541,28467497246874
28466653314541,28467686636101
28467500078215,28467686636101
28467500078215,28467872584427
28467500078215,28468093343583
28467500078215,28468356531533
28468357852153,28468356531533
28468357852153,28468637782085
28468357852153,28468803774521
28468357852153,28468953296061
28468357852153,28469275292225
28469276986887,28469275292225
28469276986887,28469536559613
28469276986887,28469722845076
28469276986887,28469893807247
28469896881850,28469893807247
28469896881850,28470089920387
28469896881850,28470256728007
28469896881850,28470447022087
28469896881850,28470667983890
28469896881850,28471188334816
28471190799636,28471188334816
28471190799636,28471514110266
28471190799636,28471670513372
28471190799636,28471815182393
28471190799636,28472062096119
28472230480659,28472062096119
28472230480659,28472395629948
28472230480659,28472582932326
28472230480659,28472817190892
28472230480659,28473022913460
28472866833920,28473022913460
28472866833920,28473208755985
28472866833920,28473363765828
28472866833920,28473487893661
28472866833920,28474126642285
28474129261114,28474126642285
28474129261114,28474323569832
28474129261114,28474460650124
28474129261114,28474613404416
28474129261114,28475052694229
28475054804173,28475052694229
28475054804173,28475301312721
28475054804173,28475562254112
28475054804173,28475749329913
28475054804173,28475964106805
28476053503972,28475964106805
28476053503972,28476264302255
28476053503972,28476449333041
28476053503972,28476673312284
28476676529824,28476673312284
28476676529824,28476869488912
28476676529824,28477020266521
28476676529824,28477211556418
28476676529824,28477421310029
28476676529824,28477869888927
28477923868416,28477869888927
28477923868416,28478170166105
28477923868416,28478337361343
28477923868416,28478559361213
28477923868416,28478840243319
28478900347188,28478840243319
28478900347188,28479058083852
28478900347188,28479300142053
28478900347188,28479455198419
28479457570239,28479455198419
28479457570239,28479720936438
28479457570239,28479895591108
28479457570239,28480100060331
28479457570239,28480268578201
28479457570239,28480802411459
28480803818019,28480802411459
28480803818019,28481003138103
28480803818019,28481291816827
28480803818019,28481467733759
28480803818019,28481748111891
28481770357180,28481748111891
28481770357180,28482061933381
28481770357180,28482197112209
28481770357180,28482379510746
28481770357180,28482816039827
28482824866918,28482816039827
28482824866918,28483039025161
28482824866918,28483205999461
28482824866918,28483334179304
28482824866918,28483583350885
28483609318495,28483583350885
28483609318495,28483796749583
28483609318495,28484030488478
28483609318495,28484209233179
28483609318495,28484529211823
28484549561879,28484529211823
28484549561879,28484820017999
28484549561879,28484991335714
28484549561879,28485130383162
28484549561879,28485515403576
28485617925420,28485515403576
28485617925420,28485865396545
28485617925420,28486057377457
28485617925420,28486214699194
28485617925420,28486515213209
28486538978341,28486515213209
28486538978341,28486712520385
28486538978341,28486917899955
28486538978341,28487140129607
28487142431037,28487140129607
28487142431037,28487357478111
28487142431037,28487528899567
28487142431037,28487717297425
28487142431037,28487863987222
28487142431037,28488324345933
28488398759581,28488324345933
28488398759581,28488647713881
28488398759581,28488816571339
28488398759581,28488961167636
28488398759581,28489329247935
28489331778369,28489329247935
28489331778369,28489492377004
28489331778369,28489804495199
28489331778369,28489978546881
28489331778369,28490170068640
28490208492932,28490170068640
28490208492932,28490449996809
28490208492932,28490564036600
28490208492932,28490663251206
28490208492932,28491396275909
28491397583599,28491396275909
28491397583599,28491561407367
28491397583599,28491750431442
28491397583599,28491925256409
28491928739785,28491925256409
28491928739785,28492127365231
28491928739785,28492271387224
28491928739785,28492456019120
28491928739785,28492798592570
28492802474459,28492798592570
28492802474459,28493050683422
28492802474459,28493240147744
28492802474459,28493423820293
28492802474459,28493615526140
28493653228151,28493615526140
28493653228151,28493879748196
28493653228151,28494085296696
28493653228151,28494318641453
28493653228151,28494582473972
28494590768335,28494582473972
28494590768335,28494865121577
28494590768335,28495009991315
28494590768335,28495142679957
28494590768335,28495580353583
28494590768335,28495913405736
28496085907939,28495913405736
28496085907939,28496269092013
28496085907939,28496424068619
28496085907939,28496597891059
28496085907939,28497025512066
28497027032503,28497025512066
28497027032503,28497290077318
28497027032503,28497546491680
28497027032503,28497718970307
28497721142850,28497718970307
28497721142850,28497904912451
28497721142850,28498085680084
28497721142850,28498286845768
28497721142850,28498541133742
28497721142850,28498846418398
28498944681759,28498846418398
28498944681759,28499187597220
28498944681759,28499324072255
28498944681759,28499612529439
28498944681759,28499774066361
28499615363802,28499774066361
28499615363802,28499943693087
28499615363802,28500122315384
28499615363802,28500386777913
28499615363802,28500709406586
28500880191589,28500709406586
28500880191589,28501130928995
28500880191589,28501450870329
28500880191589,28501596542222
28500880191589,28501754237309
28501757169089,28501754237309
28501757169089,28502013658669
28501757169089,28502125990652
28501757169089,28502255656742
28502257532493,28502255656742
28502257532493,28502525654243
28502257532493,28502716877835
28502257532493,28502913444932
28502257532493,28503125118051
28502257532493,28503654537168
28503690292076,28503654537168
28503690292076,28503925269067
28503690292076,28504140691881
28503690292076,28504352786443
28503690292076,28504608198956
28504678659852,28504608198956
28504678659852,28504985689442
28504678659852,28505206974276
28504678659852,28505356455451
28504678659852,28505523225080
28505687072288,28505523225080
28505687072288,28505985819635
28505687072288,28506234695172
28505687072288,28506424289547
28506427293055,28506424289547
28506427293055,28506608557053
28506427293055,28506809587217
28506427293055,28506932377735
28506427293055,28507080266463
28506427293055,28507461168382
28507508086350,28507461168382
28507508086350,28507762691106
28507508086350,28507951306992
28507508086350,28508183363349
28507508086350,28508353130787
28508430759822,28508353130787
28508430759822,28508641780563
28508430759822,28508869346546
28508430759822,28509050848277
28508430759822,28509254968585
28509313932198,28509254968585
28509313932198,28509599862468
28509313932198,28509819118033
28509313932198,28509962287427
28509313932198,28510346165192
28510368276391,28510346165192
28510368276391,28510624194130
28510368276391,28510808258033
28510368276391,28511003317877
28510368276391,28511251664952
28511266087346,28511251664952
28511266087346,28511519712842
28511266087346,28511690327312
28511266087346,28511882897856
28511266087346,28512096586495
28512141948896,28512096586495
28512141948896,28512326706054
28512141948896,28512589744931
28512141948896,28512764651103
28512141948896,28512989551506
28513044930595,28512989551506
28513044930595,28513284095351
28513044930595,28513455156887
28513044930595,28513610202972
28513044930595,28514010364113
28514012822899,28514010364113
28514012822899,28514247481163
28514012822899,28514370401749
28514012822899,28514612067762
28514614126935,28514612067762
28514614126935,28514768455257
28514614126935,28514913465855
28514614126935,28515095630465
28514614126935,28515378066654
28514614126935,28515819589891
28515834535600,28515819589891
28515834535600,28516073628801
28515834535600,28516263884962
28515834535600,28516411180517
28515834535600,28516846387025
28516848824534,28516846387025
28516848824534,28517083905462
28516848824534,28517205784353
28516848824534,28517435253300
28516848824534,28517832912092
28517837568548,28517832912092
28517837568548,28518126785813
28517837568548,28518284092181
28517837568548,28518422341899
28517837568548,28518829908069
28518835390385,28518829908069
28518835390385,28519040081791
28518835390385,28519235951871
28518835390385,28519471246002
28518835390385,28519727520592
28519759417416,28519727520592
28519759417416,28519964794349
28519759417416,28520149216936
28519759417416,28520343030619
28519759417416,28520623244142
28520762390060,28520623244142
28520762390060,28520974097217
28520762390060,28521176283162
28520762390060,28521346403269
28520762390060,28521754482408
28521758047175,28521754482408
28521758047175,28521972458439
28521758047175,28522177061680
28521758047175,28522367870582
28521758047175,28522504593336
28522742646555,28522504593336
28522742646555,28523060391672
28522742646555,28523218297616
28522742646555,28523416405685
28523419276553,28523416405685
28523419276553,28523698460573
28523419276553,28523886024383
28523419276553,28524032849049
28523419276553,28524209887923
28524253058666,28524209887923
28524253058666,28524473021045
28524253058666,28524678311500
28524253058666,28524821914504
28524253058666,28525042068792
28525053127668,28525042068792
28525053127668,28525291201433
28525053127668,28525452703275
28525053127668,28525727426855
28525053127668,28525969232434
28525053127668,28526507237889
28526509431546,28526507237889
28526509431546,28526733425618
28526509431546,28526952848516
28526509431546,28527115102522
28527117264562,28527115102522
28527117264562,28527305361503
28527117264562,28527487151364
28527117264562,28527669287050
28527117264562,28527850380373
28527117264562,28528320106629
28528382348375,28528320106629
28528382348375,28528595208843
28528382348375,28528814380525
28528382348375,28529014934757
28529018362310,28529014934757
28529018362310,28529215773443
28529018362310,28529395117570
28529018362310,28529566407952
28529018362310,28529779391002
28529018362310,28530324629474
28530326976307,28530324629474
28530326976307,28530571388346
28530326976307,28530766197798
28530326976307,28530902656689
28530326976307,28531237682935
28531270788464,28531237682935
28531270788464,28531533514411
28531270788464,28531708688003
28531270788464,28531852572154
28531270788464,28532216222843
28532218021396,28532216222843
28532218021396,28532432717620
28532218021396,28532611964608
28532218021396,28532778381464
28532218021396,28533079609481
28533105239853,28533079609481
28533105239853,28533355193707
28533105239853,28533513705857
28533105239853,28533672048347
28533674298012,28533672048347
28533674298012,28533840973163
28533674298012,28533992842431
28533674298012,28534138474315
28533674298012,28534397489286
28533674298012,28535179434988
28535329728425,28535179434988
28535329728425,28535613331071
28535329728425,28535767611131
28535329728425,28535929347482
28535329728425,28536346408509
28535329728425,28536511292652
28536348362896,28536511292652
28536348362896,28536668151723
28536348362896,28536872529285
28536875938169,28536872529285
28536875938169,28537071887279
28536875938169,28537259403369
28536875938169,28537423052990
28536875938169,28537572205430
28536875938169,28538155150708
28538157167194,28538155150708
28538157167194,28538404090487
28538157167194,28538561277827
28538157167194,28538709162843
28538157167194,28539043518766
28539135904529,28539043518766
28539135904529,28539397445788
28539135904529,28539522401737
28539135904529,28539709082095
28539135904529,28540033940222
28540142195107,28540033940222
28540142195107,28540360956339
28540142195107,28540531060348
28540142195107,28540797420163
28540142195107,28541157291368
28540142195107,28541357897664
28541159570043,28541357897664
28541159570043,28541570435554
28541159570043,28541677048665
28541159570043,28542039163716
28542118831312,28542039163716
28542118831312,28542342527629
28542118831312,28542549909329
28542118831312,28542823349507
28542118831312,28543153317999
28543167379698,28543153317999
28543167379698,28543362182310
28543167379698,28544007098162
28543167379698,28544210229682
28543167379698,28544486366954
28544496221024,28544486366954
28544496221024,28544739605133
28544496221024,28544888690389
28544496221024,28545079071350
28545083163155,28545079071350
28545083163155,28545311294159
28545083163155,28545535502666
28545083163155,28545729440806
28545083163155,28545939281702
28545083163155,28546358663623
28546363381774,28546358663623
28546363381774,28546544601125
28546363381774,28546798051453
28546363381774,28546995293497
28546363381774,28547224569553
28547308148148,28547224569553
28547308148148,28547559831091
28547308148148,28547751385043
28547308148148,28547907290496
28547308148148,28548212517289
28548370161848,28548212517289
28548370161848,28548631614918
28548370161848,28548838203654
28548370161848,28548983908811
28548370161848,28549316824867
28549378471351,28549316824867
28549378471351,28549624730863
28549378471351,28549836814312
28549378471351,28549998429563
28549378471351,28550327092542
28550330283772,28550327092542
28550330283772,28550534367153
28550330283772,28550727267921
28550330283772,28550989980723
28550992886554,28550989980723
28550992886554,28551168956369
28550992886554,28551335255124
28550992886554,28551512891613
28550992886554,28551775444602
28550992886554,28552260073628
28550992886554,28552538592826
28552262597505,28552538592826
28552262597505,28552757286847
28552262597505,28552954146656
28552262597505,28553285906299
28553289451178,28553285906299
28553289451178,28553517855632
28553289451178,28553714272514
28553289451178,28553921470865
28553289451178,28554087966080
28554196088971,28554087966080
28554196088971,28554445868801
28554196088971,28554626946748
28554196088971,28554794104822
28554196088971,28555029046405
28555136314187,28555029046405
28555136314187,28555370309085
28555136314187,28555586704052
28555136314187,28555752308808
28555754770663,28555752308808
28555754770663,28555996930903
28555754770663,28556125422414
28555754770663,28556308474518
28555754770663,28556547094939
28555754770663,28557055950494
28557088849552,28557055950494
28557088849552,28557349461628
28557088849552,28557519924784
28557088849552,28557679830218
28557088849552,28558073019983
28558076324910,28558073019983
28558076324910,28558294145168
28558076324910,28558452225568
28558076324910,28558631161224
28558634131295,28558631161224
28558634131295,28558818874940
28558634131295,28559008133981
28558634131295,28559195405460
28558634131295,28559401243249
28559494719652,28559401243249
28559494719652,28559708223061
28559494719652,28559889311529
28559494719652,28560150969131
28559494719652,28560437961381
28560454899672,28560437961381
28560454899672,28560715383494
28560454899672,28560912747133
28560454899672,28561170288517
28560454899672,28561309279645
28560454899672,28561820908177
28561848179755,28561820908177
28561848179755,28562035819916
28561848179755,28562256380625
28561848179755,28562423577816
28561848179755,28562720383153
28562814264651,28562720383153
28562814264651,28563030104811
28562814264651,28563262303011
28562814264651,28563435572230
28562814264651,28563707513730
28563754835975,28563707513730
28563754835975,28563962393185
28563754835975,28564146584488
28563754835975,28564323639384
28563754835975,28564811704129
28564814228758,28564811704129
28564814228758,28565058998269
28564814228758,28565231432274
28564814228758,28565421371657
28564814228758,28565587555182
28565589295612,28565587555182
28565589295612,28565820317808
28565589295612,28566033326426
28565589295612,28566329227016
28565589295612,28566517232880
28566519717313,28566517232880
28566519717313,28566807302912
28566519717313,28567050582959
28566519717313,28567259278329
28566519717313,28567412829128
28567465208893,28567412829128
28567465208893,28567645162020
28567465208893,28567857084446
28567465208893,28568071525836
28568073576205,28568071525836
28568073576205,28568283483516
28568073576205,28568494571316
28568073576205,28568611041792
28568073576205,28568788961130
28568073576205,28569234652770
28569449708407,28569234652770
28569449708407,28569757254486
28569449708407,28569941554961
28569449708407,28570114727529
28569449708407,28570341584305
28570343952867,28570341584305
28570343952867,28570626317180
28570343952867,28570852958096
28570343952867,28571070066362
28570343952867,28571328448740
28571331862894,28571328448740
28571331862894,28571621815873
28571331862894,28571812177288
28571331862894,28571945318375
28571948395299,28571945318375
28571948395299,28572153560539
28571948395299,28572333215391
28571948395299,28572514623976
28571948395299,28572753309778
28571948395299,28573129444755
28573290273288,28573129444755
28573290273288,28573522956268
28573290273288,28573783412204
28573290273288,28573964339947
28573290273288,28574174061392
28574236487039,28574174061392
28574236487039,28574482608622
28574236487039,28574776192776
28574236487039,28574952369130
28574236487039,28575167547469
28575170529122,28575167547469
28575170529122,28575415757344
28575170529122,28575533035930
28575170529122,28575678927881
28575680791939,28575678927881
28575680791939,28575877294390
28575680791939,28576072750778
28575680791939,28576222266942
28575680791939,28576581308067
28577015883082,28576581308067
28577015883082,28577198101738
28577015883082,28577379828360
28577015883082,28577558112898
28577015883082,28577771551997
28577015883082,28578034366458
28578037162657,28578034366458
28578037162657,28578232781608
28578037162657,28578385277696
28578037162657,28578562575976
28578037162657,28579052985719
28579055687144,28579052985719
28579055687144,28579284253593
28579055687144,28579465289269
28579055687144,28579647472110
28579055687144,28579808084797
28579901091989,28579808084797
28579901091989,28580128535872
28579901091989,28580320700475
28579901091989,28580492456327
28579901091989,28580695676945
28580773391974,28580695676945
28580773391974,28581059446056
28580773391974,28581350974000
28580773391974,28581527209438
28580773391974,28581693795733
28581822177007,28581693795733
28581822177007,28582034487589
28581822177007,28582235603939
28581822177007,28582501374949
28581822177007,28582714438689
28582729568219,28582714438689
28582729568219,28582949709581
28582729568219,28583181819638
28582729568219,28583358487186
28582729568219,28583598200884
28583705557848,28583598200884
28583705557848,28583908463802
28583705557848,28584094015246
28583705557848,28584297329327
28583705557848,28584600000489
28584620975673,28584600000489
28584620975673,28584856981945
28584620975673,28585007914085
28584620975673,28585191753536
28585195163427,28585191753536
28585195163427,28585387390138
28585195163427,28585550217394
28585195163427,28585726858635
28585195163427,28586008307432
28585195163427,28586424214217
28586498714697,28586424214217
28586498714697,28586750680189
28586498714697,28587027023963
28586498714697,28587172066729
28586498714697,28587383816760
28587504514904,28587383816760
28587504514904,28587730344776
28587504514904,28587883502086
28587504514904,28588060214505
28587504514904,28588437101979
28588439662236,28588437101979
28588439662236,28588647885419
28588439662236,28588941385991
28588439662236,28589128320501
28588439662236,28589280312544
28589130664918,28589280312544
28589130664918,28589441611646
28589130664918,28589620202439
28589130664918,28589771700212
28589130664918,28590517669361
28590620934239,28590517669361
28590620934239,28590837324601
28590620934239,28591043018384
28590620934239,28591222232540
28591223827859,28591222232540
28591223827859,28591356828279
28591223827859,28591529087657
28591223827859,28591761253973
28591223827859,28591994969416
28591223827859,28592513206174
28591223827859,28592707491355
28592516045291,28592707491355
28592516045291,28592880204411
28592516045291,28593088736768
28592516045291,28593331225485
28593368504432,28593331225485
28593368504432,28593609082558
28593368504432,28593849011097
28593368504432,28594020033733
28593368504432,28594308629143
28593368504432,28594535172868
28594323689836,28594535172868
28594323689836,28594699751214
28594323689836,28594933227487
28594936238969,28594933227487
28594936238969,28595077784959
28594936238969,28595214159930
28594936238969,28595438827837
28594936238969,28595623579819
28594936238969,28596110096761
28594936238969,28596302746143
28596144746287,28596302746143
28596144746287,28596498247060
28596144746287,28596697989832
28596144746287,28597018341718
28597020602702,28597018341718
28597020602702,28597282463030
28597020602702,28597456427208
28597020602702,28597660195008
28597020602702,28597972909857
28598123121072,28597972909857
28598123121072,28598372346786
28598123121072,28598567551948
28598123121072,28598743808905
28598123121072,28599119410273
28599126022941,28599119410273
28599126022941,28599352925700
28599126022941,28599503173785
28599126022941,28599692640133
28599126022941,28600070371529
28600073624419,28600070371529
28600073624419,28600246669549
28600073624419,28600418728460
28600073624419,28600600896226
28600604246583,28600600896226
28600604246583,28600848661535
28600604246583,28601029944389
28600604246583,28601215321049
28600604246583,28601485148593
28600604246583,28601898929497
28601930769049,28601898929497
28601930769049,28602196223234
28601930769049,28602368696878
28601930769049,28602524476894
28601930769049,28602863395627
28602932476305,28602863395627
28602932476305,28603180750983
28602932476305,28603331657199
28602932476305,28603536315170
28602932476305,28603806362900
28603847917615,28603806362900
28603847917615,28604066841203
28603847917615,28604273580387
28603847917615,28604423923908
28603847917615,28604631980942
28604426090274,28604631980942
28604426090274,28604809284540
28604426090274,28604966801020
28604426090274,28605220988443
28605292461573,28605220988443
28605292461573,28605517793018
28605292461573,28605772998653
28605292461573,28605940250075
28605292461573,28606162579250
28605292461573,28606591517522
28606722915378,28606591517522
28606722915378,28606908251179
28606722915378,28607062488323
28606722915378,28607283344269
28607286783620,28607283344269
28607286783620,28607452266259
28607286783620,28607584836475
28607286783620,28607748398007
28607286783620,28607957646626
28607286783620,28608482523748
28608485988758,28608482523748
28608485988758,28608864566168
28608485988758,28609043769195
28608485988758,28609187371235
28608485988758,28609739383209
28609934087021,28609739383209
28609934087021,28610094278689
28609934087021,28610272040773
28609934087021,28610458275062
28609934087021,28610681523063
28610683332106,28610681523063
28610683332106,28610923865416
28610683332106,28611049248901
28610683332106,28611207402625
28610683332106,28611650134581
28611662628789,28611650134581
28611662628789,28611874325260
28611662628789,28612132238699
28611662628789,28612296496294
28611662628789,28612519581390
28612528522684,28612519581390
28612528522684,28612779969296
28612528522684,28612983392056
28612528522684,28613201348227
28612528522684,28613407349363
28613495047343,28613407349363
28613495047343,28613789415128
28613495047343,28613940326100
28613495047343,28614063415229
28614066166345,28614063415229
28614066166345,28614265757967
28614066166345,28614473770205
28614066166345,28614718921190
28614066166345,28614892964666
28614066166345,28615322515413
28615360380420,28615322515413
28615360380420,28615607302210
28615360380420,28615756389741
28615360380420,28615977976181
28615360380420,28616264980967
28616308026587,28616264980967
28616308026587,28616548318722
28616308026587,28616776708632
28616308026587,28616957767365
28616308026587,28617339159997
28617341091329,28617339159997
28617341091329,28617600154388
28617341091329,28617826058373
28617341091329,28617973166229
28617974981525,28617973166229
28617974981525,28618138080707
28617974981525,28618276984367
28617974981525,28618384799197
28617974981525,28618683843043
28617974981525,28619078345038
28619092659764,28619078345038
28619092659764,28619333265459
28619092659764,28619576018734
28619092659764,28619712028209
28619092659764,28620017474143
28620153592906,28620017474143
28620153592906,28620353362217
28620153592906,28620509548908
28620153592906,28620673417058
28620153592906,28621053241500
28621056039259,28621053241500
28621056039259,28621266327407
28621056039259,28621501565294
28621056039259,28621657056315
28621056039259,28621941236545
28622056798107,28621941236545
28622056798107,28622230088871
28622056798107,28622486926115
28622056798107,28622627400961
28622056798107,28623000253779
28623003055273,28623000253779
28623003055273,28623288278987
28623003055273,28623412570801
28623003055273,28623587864093
28623589819096,28623587864093
28623589819096,28623757880944
28623589819096,28623913113117
28623589819096,28624048984130
28623589819096,28624258933492
28623589819096,28624713740435
28625128616125,28624713740435
28625128616125,28625386933303
28625128616125,28625553857543
28625128616125,28625681715276
28625128616125,28626043304554
28626152890668,28626043304554
28626152890668,28626404723342
28626152890668,28626540791732
28626152890668,28626703721688
28626152890668,28627152191219
28627154104584,28627152191219
28627154104584,28627463332307
28627154104584,28627634267382
28627154104584,28627812854053
28627154104584,28628092877562
28628155823833,28628092877562
28628155823833,28628527100327
28628155823833,28628671542228
28628155823833,28628813149284
28628155823833,28629017584809
28629044825104,28629017584809
28629044825104,28629302497560
28629044825104,28629440098750
28629044825104,28629611177291
28629044825104,28630038049745
28630039741188,28630038049745
28630039741188,28630245706574
28630039741188,28630441248745
28630039741188,28630642744239
28630039741188,28630803246061
28630898958038,28630803246061
28630898958038,28631232599090
28630898958038,28631380930558
28630898958038,28631601446492
28630898958038,28631819249445
28630898958038,28632073535715
28631881550446,28632073535715
28631881550446,28632269456081
28631881550446,28632438367035
28631881550446,28632836087646
28632839150215,28632836087646
28632839150215,28633019933568
28632839150215,28633260958782
28632839150215,28633485580332
28632839150215,28633758375422
28633792095967,28633758375422
28633792095967,28634021171321
28633792095967,28634248297301
28633792095967,28634485902060
28633792095967,28634652148922
28634717833225,28634652148922
28634717833225,28635004964843
28634717833225,28635212376848
28634717833225,28635348777080
28634717833225,28635648821858
28635753782932,28635648821858
28635753782932,28635992924991
28635753782932,28636155390110
28635753782932,28636370569967
28635753782932,28636689282406
28636832529036,28636689282406
28636832529036,28637109334312
28636832529036,28637260190208
28636832529036,28637412303443
28637414393147,28637412303443
28637414393147,28637598402858
28637414393147,28637776155347
28637414393147,28637964709752
28637414393147,28638295411689
28637414393147,28638705983043
28638761879296,28638705983043
28638761879296,28639035425729
28638761879296,28639227695107
28638761879296,28639398519949
28638761879296,28639766339803
28639769371939,28639766339803
28639769371939,28640020154558
28639769371939,28640180775380
28639769371939,28640386612803
28639769371939,28640636161285
28640755839883,28640636161285
28640755839883,28641053595801
28640755839883,28641303357173
28641307174150,28641303357173
28641307174150,28641498432772
28641307174150,28641637402801
28641307174150,28641784130493
28641307174150,28641972344373
28641307174150,28642204235442
28641307174150,28642652484852
28642679975244,28642652484852
28642679975244,28642849255405
28642679975244,28643032028295
28642679975244,28643238915461
28642679975244,28643641038183
28643748661814,28643641038183
28643748661814,28643940034915
28643748661814,28644138311912
28643748661814,28644320674625
28643748661814,28644654977365
28644692812756,28644654977365
28644692812756,28644966529370
28644692812756,28645137242621
28644692812756,28645318617024
28644692812756,28645582531589
28645650649550,28645582531589
28645650649550,28645914106873
28645650649550,28646115670914
28645650649550,28646295930697
28645650649550,28646580530399
28646701012282,28646580530399
28646701012282,28646890447650
28646701012282,28647133389317
28646701012282,28647290829142
28646701012282,28647512595085
28647565601306,28647512595085
28647565601306,28647815355115
28647565601306,28647988291559
28647565601306,28648133102576
28647565601306,28648530251083
28648587498618,28648530251083
28648587498618,28648733278796
28648587498618,28648938810729
28648587498618,28649150821915
28648587498618,28649400032486
28649403186617,28649400032486
28649403186617,28649711797228
28649403186617,28649862082226
28649403186617,28650043827948
28649403186617,28650369853448
28650464854835,28650369853448
28650464854835,28650757832469
28650464854835,28650906816861
28650464854835,28651105122609
28651108889673,28651105122609
28651108889673,28651364493129
28651108889673,28651474452757
28651108889673,28651840819375
28651108889673,28652210227130
28651108889673,28652755153734
28652758538386,28652755153734
28652758538386,28652935265450
28652758538386,28653142425949
28652758538386,28653350292014
28652758538386,28653547928758
28653586694551,28653547928758
28653586694551,28653797340974
28653586694551,28654023209326
28653586694551,28654265111197
28653586694551,28654537430798
28654594635016,28654537430798
28654594635016,28654849231064
28654594635016,28655057317348
28654594635016,28655221313019
28655223583730,28655221313019
28655223583730,28655456034954
28655223583730,28655629198314
28655223583730,28655806784902
28655223583730,28656075397989
28655223583730,28656461025135
28656552547049,28656461025135
28656552547049,28656877293672
28656552547049,28657022496889
28656552547049,28657206247569
28656552547049,28657587213197
28657595299218,28657587213197
28657595299218,28657823506206
28657595299218,28657981970783
28657595299218,28658161537233
28657595299218,28658435806595
28657595299218,28658700691730
28658511648263,28658700691730
28658511648263,28658897563036
28658511648263,28659075201448
28658511648263,28659574176320
28659577335852,28659574176320
28659577335852,28659837404049
28659577335852,28659988642758
28659577335852,28660168501514
28660172532946,28660168501514
28660172532946,28660331466890
28660172532946,28660525038821
28660172532946,28660737034767
28660172532946,28660958871350
28660172532946,28661348157841
28661361153884,28661348157841
28661361153884,28661540793341
28661361153884,28661752380227
28661361153884,28661929656795
28661932183240,28661929656795
28661932183240,28662233927521
28661932183240,28662374480256
28661932183240,28662569789163
28661932183240,28662726054574
28661932183240,28663273177759
28663275814519,28663273177759
28663275814519,28663490483370
28663275814519,28663649398880
28663275814519,28663877468462
28663275814519,28664149227431
28664252835210,28664149227431
28664252835210,28664485593731
28664252835210,28664673450577
28664252835210,28664840060901
28664252835210,28665252534983
28665255494248,28665252534983
28665255494248,28665794639301
28665255494248,28665989054825
28665255494248,28666145697457
28666152383421,28666145697457
28666152383421,28666416042991
28666152383421,28666583545961
28666152383421,28666780978567
28666152383421,28667057847281
28666152383421,28667464657882
28667578637085,28667464657882
28667578637085,28667804143858
28667578637085,28668029581964
28667578637085,28668169793387
28667578637085,28668406871414
28668475548720,28668406871414
28668475548720,28668710817097
28668475548720,28668881547334
28668475548720,28669099816544
28669102676130,28669099816544
28669102676130,28669373141488
28669102676130,28669565449856
28669102676130,28669749372140
28669102676130,28669913054700
28669102676130,28670322718050
28670325848773,28670322718050
28670325848773,28670547486543
28670325848773,28670738754767
28670325848773,28670994857609
28670997903226,28670994857609
28670997903226,28671258765018
28670997903226,28671437532469
28670997903226,28671590626939
28670997903226,28671743529138
28670997903226,28672114174527
28672115845617,28672114174527
28672115845617,28672363362253
28672115845617,28672588177021
28672115845617,28672841224773
28672115845617,28673030201104
28673032248263,28673030201104
28673032248263,28673320815773
28673032248263,28673511312982
28673032248263,28673754949402
28673032248263,28673986059138
28673988978158,28673986059138
28673988978158,28674175234823
28673988978158,28674347053033
28673988978158,28674542800340
28673988978158,28674828323995
28674964275179,28674828323995
28674964275179,28675237853233
28674964275179,28675505741585
28674964275179,28675690440203
28674964275179,28675850289406
28675873377274,28675850289406
28675873377274,28676104090765
28675873377274,28676235254244
28675873377274,28676437367438
28675873377274,28676749856476
28676803570773,28676749856476
28676803570773,28677084519683
28676803570773,28677308472429
28676803570773,28677490393361
28676803570773,28677870499167
28677872190405,28677870499167
28677872190405,28678101352051
28677872190405,28678275899430
28677872190405,28678424197883
28677872190405,28678685476108
28678732777932,28678685476108
28678732777932,28678902138614
28678732777932,28679078304111
28678732777932,28679269268998
28678732777932,28679709513013
28679878707555,28679709513013
28679878707555,28680083621423
28679878707555,28680263517658
28679878707555,28680440568833
28679878707555,28680755398287
28680804771399,28680755398287
28680804771399,28681032796730
28680804771399,28681289374649
28680804771399,28681479343082
28680804771399,28681818395119
28681828708143,28681818395119
28681828708143,28682104525528
28681828708143,28682276779074
28682279653296,28682276779074
28682279653296,28682490400460
28682279653296,28682655155325
28682279653296,28682856648237
28682279653296,28683007401600
28682279653296,28683185897478
28682279653296,28683615410821
28683629238512,28683615410821
28683629238512,28683850518297
28683629238512,28684025136349
28683629238512,28684200440068
28684204668564,28684200440068
28684204668564,28684424313652
28684204668564,28684589383906
28684204668564,28684771583523
28684204668564,28685161516080
28684204668564,28685405438143
28685485144502,28685405438143
28685485144502,28685750681719
28685485144502,28685912494021
28685485144502,28686118227432
28685485144502,28686512168477
28686514704668,28686512168477
28686514704668,28686780587971
28686514704668,28687044352625
28686514704668,28687228167643
28687231104410,28687228167643
28687231104410,28687500790414
28687231104410,28687750717929
28687231104410,28687922311468
28687231104410,28688059442920
28687231104410,28688371515409
28688374258780,28688371515409
28688374258780,28688584670221
28688374258780,28688812496249
28688374258780,28689013488916
28688374258780,28689357637315
28689360643415,28689357637315
28689360643415,28689563729248
28689360643415,28689756934860
28689360643415,28689904891080
28689360643415,28690171496216
28690174091239,28690171496216
28690174091239,28690389710812
28690174091239,28690629570105
28690174091239,28690832276370
28690174091239,28691079237975
28691104590789,28691079237975
28691104590789,28691267905415
28691104590789,28691473878578
28691104590789,28691769784525
28691104590789,28691982240820
28692020466713,28691982240820
28692020466713,28692297313476
28692020466713,28692457519421
28692020466713,28692618993157
28692622164768,28692618993157
28692622164768,28692777950270
28692622164768,28692976118875
28692622164768,28693243154026
28692622164768,28693500094997
28692622164768,28694383047509
28694385677269,28694383047509
28694385677269,28694598257020
28694385677269,28694712656496
28694385677269,28694854704120
28694856849734,28694854704120
28694856849734,28695030537652
28694856849734,28695181127316
28694856849734,28695334028355
28694856849734,28695591437698
28694856849734,28696096842831
28696151867935,28696096842831
28696151867935,28696465579163
28696151867935,28696716701893
28696151867935,28696866384281
28696869287323,28696866384281
28696869287323,28697109664742
28696869287323,28697272377046
28696869287323,28697473765245
28696869287323,28697669846730
28696869287323,28698183384832
28698194098908,28698183384832
28698194098908,28698451640397
28698194098908,28698645953848
28698194098908,28698801326526
28698194098908,28698985903721
28698194098908,28699148560569
