22601428330403,22602114724703
22601428330403,22602408267652
22601428330403,22602671705803
22602675520877,22602671705803
22602675520877,22603016274737
22602675520877,22603245023282
22602675520877,22603435200564
22602675520877,22603642011947
22603645228564,22603642011947
22603645228564,22603798260592
22603645228564,22604030040394
22603645228564,22604211285733
22603645228564,22604424936176
22604426850620,22604424936176
22604426850620,22604557640586
22604426850620,22604883403173
22604426850620,22605115887801
22604426850620,22605316226663
22605431595119,22605316226663
22605431595119,22605703720653
22605431595119,22605911314352
22605431595119,22606052767652
22606055527439,22606052767652
22606055527439,22606222781265
22606055527439,22606410089058
22606055527439,22606553400239
22606055527439,22607020702791
22606055527439,22607491137344
22607555938138,22607491137344
22607555938138,22607780284796
22607555938138,22607940283016
22607555938138,22608137379158
22608141915364,22608137379158
22608141915364,22608333753670
22608141915364,22608484298317
22608141915364,22608674647649
22608141915364,22608856145105
22608970225441,22608856145105
22608970225441,22609219430662
22608970225441,22609468362741
22608970225441,22609598093837
22608970225441,22609871692167
22608970225441,22610258634631
22610295817900,22610258634631
22610295817900,22610625371188
22610295817900,22610786225839
22610295817900,22611009700861
22610295817900,22611288744107
22611291339644,22611288744107
22611291339644,22611563640332
22611291339644,22611736457396
22611291339644,22611918491608
22611291339644,22612061165327
22611291339644,22612312981778
22612115208862,22612312981778
22612115208862,22612588259548
22612115208862,22612741689617
22612115208862,22613062619869
22613064645893,22613062619869
22613064645893,22613452685676
22613064645893,22613594336565
22613064645893,22613799405215
22613851418409,22613799405215
22613851418409,22614104407503
22613851418409,22614295893945
22613851418409,22614530411313
22613851418409,22614706527460
22613851418409,22615212775838
22615215346189,22615212775838
22615215346189,22615408393519
22615215346189,22615635639840
22615215346189,22615794400634
22615215346189,22616112328633
22616114325899,22616112328633
22616114325899,22616325866977
22616114325899,22616559474552
22616114325899,22616803651133
22616114325899,22616975288758
22617077761232,22616975288758
22617077761232,22617297565186
22617077761232,22617481704574
22617077761232,22617636118570
22617077761232,22618021319016
22618044570002,22618021319016
22618044570002,22618243247443
22618044570002,22618413879538
22618044570002,22618689359793
22618044570002,22618989561443
22619035258237,22618989561443
22619035258237,22619228420021
22619035258237,22619470471002
22619035258237,22619622550698
22619035258237,22619943064696
22619950174424,22619943064696
22619950174424,22620152508067
22619950174424,22620351602117
22619950174424,22620564497272
22619950174424,22621077431837
22621081771465,22621077431837
22621081771465,22621267489487
22621081771465,22621433876440
22621081771465,22621599673598
22621081771465,22621853990198
22621895638256,22621853990198
22621895638256,22622135319765
22621895638256,22622356044952
22621895638256,22622564552147
22621895638256,22622833520969
22622871409994,22622833520969
22622871409994,22623076660571
22622871409994,22623289087506
22622871409994,22623529820501
22622871409994,22623739131045
22623759870461,22623739131045
22623759870461,22623986358359
22623759870461,22624259500353
22623759870461,22624443812660
22623759870461,22624637627501
22624705827147,22624637627501
22624705827147,22624961117043
22624705827147,22625230922494
22624705827147,22625406608302
22624705827147,22625668773963
22625672329361,22625668773963
22625672329361,22625898342483
22625672329361,22626045049229
22625672329361,22626236496081
22626239474282,22626236496081
22626239474282,22626459341538
22626239474282,22626641033734
22626239474282,22626830483297
22626239474282,22627070940647
22626239474282,22627470158180
22626239474282,22627794278474
22627565694275,22627794278474
22627565694275,22627943343125
22627565694275,22628184656707
22628187950362,22628184656707
22628187950362,22628629842778
22628187950362,22628842135200
22628187950362,22629034283415
22628187950362,22629188206547
22628187950362,22629754335391
22629760217786,22629754335391
22629760217786,22630026158270
22629760217786,22630218288522
22629760217786,22630387758807
22629760217786,22630571018803
22630647205121,22630571018803
22630647205121,22630988296508
22630647205121,22631156996150
22630647205121,22631326987852
22630647205121,22631533216801
22631637470641,22631533216801
22631637470641,22631915708174
22631637470641,22632096511609
22631637470641,22632256210809
22632258914044,22632256210809
22632258914044,22632500218993
22632258914044,22632683651065
22632258914044,22632891164908
22632258914044,22633072766134
22632258914044,22633470774353
22633545832506,22633470774353
22633545832506,22633727265410
22633545832506,22633975204850
22633545832506,22634109661099
22633545832506,22634610046961
22634613049799,22634610046961
22634613049799,22634825066386
22634613049799,22634994104592
22634613049799,22635119515239
22634613049799,22635482943682
22635600533792,22635482943682
22635600533792,22635832410725
22635600533792,22636003453145
22635600533792,22636237709709
22636240217724,22636237709709
22636240217724,22636463408755
22636240217724,22636709795755
22636240217724,22636843894764
22636240217724,22637025643992
22636240217724,22637526881355
22637530323749,22637526881355
22637530323749,22637745135965
22637530323749,22637868538727
22637530323749,22638035313830
22637530323749,22638267984349
22638412672305,22638267984349
22638412672305,22638608430475
22638412672305,22638848825841
22638412672305,22639080449184
22638412672305,22639237408919
22639239038174,22639237408919
22639239038174,22639515410719
22639239038174,22639635333140
22639239038174,22639773025387
22639239038174,22640226727965
22639239038174,22640530549591
22640377488488,22640530549591
22640377488488,22640693369849
22640377488488,22640849038626
22640851578258,22640849038626
22640851578258,22641030285939
22640851578258,22641246583125
22640851578258,22641397725403
22640851578258,22641628152003
22640851578258,22642014691174
22642070900826,22642014691174
22642070900826,22642251967341
22642070900826,22642463327694
22642070900826,22642686286089
22642070900826,22643037162902
22643044789182,22643037162902
22643044789182,22643279860872
22643044789182,22643433000839
22643044789182,22643663223313
22643665742571,22643663223313
22643665742571,22643854121344
22643665742571,22643967223773
22643665742571,22644163481364
22643665742571,22644435090069
22644497330816,22644435090069
22644497330816,22644730087025
22644497330816,22644901842397
22644497330816,22645070172714
22644497330816,22645450017816
22645452763627,22645450017816
22645452763627,22645722932458
22645452763627,22645910974096
22645452763627,22646110043293
22645452763627,22646363114817
22646366428130,22646363114817
22646366428130,22646592982807
22646366428130,22646756921185
22646366428130,22647011325895
22646366428130,22647279064530
22646366428130,22648042266615
22648110382831,22648042266615
22648110382831,22648360629589
22648110382831,22648576363062
22648578978140,22648576363062
22648578978140,22648795219915
22648578978140,22648956258119
22648578978140,22649124637477
22648578978140,22649272191342
22648578978140,22649393323718
22648578978140,22649880660140
22649883950217,22649880660140
22649883950217,22650143767616
22649883950217,22650292998433
22649883950217,22650459415742
22649883950217,22650811608914
22650814388064,22650811608914
22650814388064,22651050864734
22650814388064,22651307623796
22650814388064,22651467058126
22650814388064,22651674918168
22651679013691,22651674918168
22651679013691,22651918862765
22651679013691,22652062522768
22651679013691,22652231284600
22651679013691,22652427696254
22652234368058,22652427696254
22652234368058,22652579063413
22652234368058,22652722359521
22652234368058,22653017717920
22652234368058,22653491952099
22653508510720,22653491952099
22653508510720,22653756710744
22653508510720,22653910693284
22653508510720,22654149515375
22653508510720,22654570996557
22654573152501,22654570996557
22654573152501,22654771277661
22654573152501,22654942066359
22654573152501,22655073980315
22655077565933,22655073980315
22655077565933,22655275020302
22655077565933,22655478499047
22655077565933,22655649349688
22655077565933,22655960476995
22655963300298,22655960476995
22655963300298,22656227100422
22655963300298,22656425427222
22655963300298,22656602119407
22655963300298,22656880511999
22656882861940,22656880511999
22656882861940,22657060974809
22656882861940,22657250261302
22656882861940,22657422397493
22656882861940,22657667936917
22656882861940,22658059576589
22658063118453,22658059576589
22658063118453,22658292373088
22658063118453,22658476716281
22658063118453,22658663612030
22658063118453,22658946439263
22658978341949,22658946439263
22658978341949,22659195675137
22658978341949,22659336075975
22658978341949,22659585467526
22658978341949,22659832794708
22659934953706,22659832794708
22659934953706,22660158329634
22659934953706,22660368247791
22659934953706,22660498702397
22659934953706,22660888095242
22659934953706,22661105326940
22660890048461,22661105326940
22660890048461,22661252095458
22660890048461,22661402838288
22660890048461,22661662001021
22661693495488,22661662001021
22661693495488,22661917855674
22661693495488,22662193980617
22661693495488,22662365528208
22661693495488,22662578224772
22662905237501,22662578224772
22662905237501,22663056313840
22662905237501,22663209343492
22662905237501,22663371428758
22662905237501,22663686543423
22663714094830,22663686543423
22663714094830,22663971215642
22663714094830,22664186389684
22663714094830,22664457340285
22664465974583,22664457340285
22664465974583,22664646695559
22664465974583,22664843987275
22664465974583,22665003383381
22664465974583,22665186385095
22664465974583,22665617265921
22665650645178,22665617265921
22665650645178,22665909841551
22665650645178,22666030509243
22665650645178,22666235016478
22665650645178,22666482376324
22666530589993,22666482376324
22666530589993,22666688418787
22666530589993,22666909024136
22666530589993,22667139278674
22666530589993,22667394453118
22667482796818,22667394453118
22667482796818,22667792388551
22667482796818,22667917381202
22667482796818,22668107404218
22667482796818,22668394954352
22668536811784,22668394954352
22668536811784,22668720434539
22668536811784,22668962447986
22668536811784,22669139510253
22669141871974,22669139510253
22669141871974,22669340176172
22669141871974,22669509566778
22669141871974,22669663371411
22669141871974,22669926272234
22669141871974,22670590676788
22670602664108,22670590676788
22670602664108,22670813837665
22670602664108,22670981556195
22670602664108,22671150280444
22670602664108,22671331306415
22671401027596,22671331306415
22671401027596,22671950245422
22671401027596,22672117409413
22671401027596,22672250093783
22671401027596,22672575433277
22672650150280,22672575433277
22672650150280,22672929186414
22672650150280,22673066967764
22672650150280,22673237891580
22672650150280,22673583517512
22673588952072,22673583517512
22673588952072,22673818601700
22673588952072,22673997916342
22673588952072,22674223072909
22674225204251,22674223072909
22674225204251,22674402601296
22674225204251,22674590262750
22674225204251,22674728960682
22674225204251,22675160624242
22674225204251,22675366697522
22675507647487,22675366697522
22675507647487,22675772288159
22675507647487,22676022485203
22675507647487,22676199314066
22676203532251,22676199314066
22676203532251,22676388853496
22676203532251,22676637391883
22676203532251,22676769313734
22676203532251,22676932960694
22676203532251,22677299869190
22677391023549,22677299869190
22677391023549,22677677894099
22677391023549,22677817050351
22677391023549,22678057082180
22677391023549,22678291189409
22678490352901,22678291189409
22678490352901,22678739339275
22678490352901,22678865474081
22678490352901,22679085312909
22678490352901,22679366225497
22679392107612,22679366225497
22679392107612,22679583512165
22679392107612,22679856853485
22679392107612,22680016714766
22680019162626,22680016714766
22680019162626,22680338358885
22680019162626,22680500504991
22680019162626,22680637568220
22680019162626,22680769830000
22680019162626,22681234275442
22681359679904,22681234275442
22681359679904,22681570184007
22681359679904,22681756749459
22681359679904,22681965459353
22681972371957,22681965459353
22681972371957,22682204235973
22681972371957,22682384420548
22681972371957,22682535142650
22681972371957,22682693152816
22682713085763,22682693152816
22682713085763,22683008463514
22682713085763,22683151114999
22682713085763,22683286813557
22682713085763,22683551557093
22682713085763,22684072841060
22684088695750,22684072841060
22684088695750,22684282324162
22684088695750,22684408516254
22684088695750,22684562565405
22684088695750,22684897462816
22684913475196,22684897462816
22684913475196,22685120142974
22684913475196,22685391805037
22684913475196,22685579448248
22684913475196,22685763228758
22685870908971,22685763228758
22685870908971,22686122662729
22685870908971,22686409414472
22685870908971,22686584330788
22686587119108,22686584330788
22686587119108,22686753395414
22686587119108,22686925539115
22686587119108,22687103414634
22686587119108,22687300458316
22686587119108,22688072016652
22688074710547,22688072016652
22688074710547,22688311595820
22688074710547,22688471455794
22688074710547,22688631313434
22688074710547,22688923886717
22688930072652,22688923886717
22688930072652,22689127826944
22688930072652,22689336257324
22688930072652,22689490502177
22688930072652,22689792187848
22689860884654,22689792187848
22689860884654,22690103169135
22689860884654,22690245097811
22689860884654,22690430362371
22689860884654,22690865035675
22690867684348,22690865035675
22690867684348,22691126356306
22690867684348,22691243627632
22690867684348,22691421861962
22690867684348,22691609729000
22691742198894,22691609729000
22691742198894,22691922685608
22691742198894,22692125361777
22691742198894,22692325231997
22691742198894,22692672429941
22692675865099,22692672429941
22692675865099,22692946346623
22692675865099,22693109983203
22692675865099,22693314968361
22693318094715,22693314968361
22693318094715,22693540325805
22693318094715,22693675296123
22693318094715,22693827464570
22693318094715,22694086910779
22693318094715,22694549450042
22694551955109,22694549450042
22694551955109,22694773074788
22694551955109,22694974775011
22694551955109,22695153893671
22694551955109,22695428384429
22695524071252,22695428384429
22695524071252,22695771763397
22695524071252,22696046034019
22695524071252,22696230699267
22695524071252,22696422981008
22696425361266,22696422981008
22696425361266,22696594453484
22696425361266,22696925612610
22696425361266,22697091810819
22696425361266,22697299475460
22697301305063,22697299475460
22697301305063,22697510048701
22697301305063,22697655238212
22697301305063,22697950179478
22697952304051,22697950179478
22697952304051,22698106910526
22697952304051,22698245070502
22697952304051,22698420695640
22697952304051,22698676375555
22697952304051,22699024258406
22699097352337,22699024258406
22699097352337,22699360639170
22699097352337,22699528924437
22699097352337,22699691652313
22699097352337,22700163096411
22700165050530,22700163096411
22700165050530,22700439300911
22700165050530,22700657905087
22700165050530,22700822000316
22700165050530,22701017928071
22701053252716,22701017928071
22701053252716,22701237840403
22701053252716,22701452168323
22701053252716,22701643722370
22701053252716,22701943409647
22701983099660,22701943409647
22701983099660,22702223079807
22701983099660,22702380644161
22701983099660,22702546626735
22701983099660,22702834958684
22702860627612,22702834958684
22702860627612,22703018343437
22702860627612,22703265360815
22702860627612,22703458642549
22702860627612,22703757370823
22703773622460,22703757370823
22703773622460,22703948759028
22703773622460,22704185064411
22703773622460,22704374645463
22703773622460,22704581267279
22704640985376,22704581267279
22704640985376,22704871219051
22704640985376,22705088580393
22704640985376,22705259934293
22704640985376,22705553809416
22705557130512,22705553809416
22705557130512,22705823510554
22705557130512,22705996706550
22705557130512,22706128250781
22705557130512,22706517781408
22706520489054,22706517781408
22706520489054,22706742023944
22706520489054,22706899321177
22706520489054,22707047143000
22707049298916,22707047143000
22707049298916,22707285287262
22707049298916,22707534426118
22707049298916,22707675073957
22707049298916,22707911406813
22707049298916,22708308844132
22708310395234,22708308844132
22708310395234,22708561432249
22708310395234,22708767755849
22708310395234,22709007015273
22708310395234,22709184793034
22709267850197,22709184793034
22709267850197,22709538321541
22709267850197,22709722360087
22709267850197,22709952279804
22709267850197,22710132480045
22709955178880,22710132480045
22709955178880,22710326272308
22709955178880,22710802684731
22709955178880,22710924499906
22709955178880,22711302244430
22711361629156,22711302244430
22711361629156,22711567128632
22711361629156,22711786265282
22711361629156,22711933697238
22711937119524,22711933697238
22711937119524,22712161235613
22711937119524,22712322854369
22711937119524,22712468142046
22711937119524,22712703223993
22711937119524,22713206451121
22713309563510,22713206451121
22713309563510,22713585780743
22713309563510,22713746252622
22713309563510,22713948710581
22713309563510,22714259248239
22714314735761,22714259248239
22714314735761,22714544743845
22714314735761,22714781899221
22714314735761,22714932591342
22714314735761,22715253596223
22715258430652,22715253596223
22715258430652,22715463335912
22715258430652,22715620031364
22715258430652,22715808012949
22715258430652,22716139300477
22716197316619,22716139300477
22716197316619,22716375936486
22716197316619,22716632189098
22716197316619,22716811330670
22716197316619,22717156383362
22717159946077,22717156383362
22717159946077,22717350323809
22717159946077,22717541344198
22717159946077,22717779559928
22717159946077,22718026898750
22718069806748,22718026898750
22718069806748,22718306390552
22718069806748,22718551729499
22718069806748,22718690549818
22718069806748,22718953269372
22718966678375,22718953269372
22718966678375,22719192512902
22718966678375,22719374793832
22718966678375,22719602969978
22718966678375,22719883577387
22719901669766,22719883577387
22719901669766,22720099796202
22719901669766,22720345019576
22719901669766,22720502586525
22720504879623,22720502586525
22720504879623,22720734357369
22720504879623,22720905833005
22720504879623,22721062687444
22720504879623,22721295958356
22720504879623,22721705677074
22721749514286,22721705677074
22721749514286,22721957183351
22721749514286,22722178223296
22721749514286,22722345683745
22722350448049,22722345683745
22722350448049,22722546222661
22722350448049,22722721253473
22722350448049,22722910461675
22722350448049,22723114282823
22722350448049,22723630180437
22723633470456,22723630180437
22723633470456,22723901721709
22723633470456,22724060361527
22723633470456,22724226151605
22723633470456,22724400608177
22724437355794,22724400608177
22724437355794,22724669370850
22724437355794,22724850357741
22724437355794,22725041206529
22724437355794,22725328715902
22725404854968,22725328715902
22725404854968,22725596305030
22725404854968,22725849842468
22725404854968,22726055265714
22725404854968,22726249296289
22726057534410,22726249296289
22726057534410,22726390274988
22726057534410,22726548158520
22726057534410,22726803285801
22726057534410,22727307912826
22727326532059,22727307912826
22727326532059,22727500205379
22727326532059,22727709739811
22727326532059,22727928088996
22727326532059,22728246780905
22728248972429,22728246780905
22728248972429,22728423368497
22728248972429,22728711136030
22728248972429,22728852032874
22728248972429,22729139126316
22729176762781,22729139126316
22729176762781,22729428939606
22729176762781,22729609764493
22729176762781,22730005239896
22729176762781,22730362240762
22730386988643,22730362240762
22730386988643,22730628304669
22730386988643,22730792242750
22730386988643,22730916053142
22730386988643,22731369920018
22731374301444,22731369920018
22731374301444,22731658831994
22731374301444,22731800238098
22731374301444,22731961247422
22731374301444,22732373430459
22732375728119,22732373430459
22732375728119,22732585561418
22732375728119,22732854534877
22732375728119,22732991125614
22732375728119,22733350514468
22733399322821,22733350514468
22733399322821,22733643894122
22733399322821,22733777148980
22733399322821,22733908386537
22733911064183,22733908386537
22733911064183,22734146573513
22733911064183,22734278345577
22733911064183,22734438485407
22733911064183,22734782573907
22733911064183,22735177782844
22735180093562,22735177782844
22735180093562,22735406960068
22735180093562,22735651641581
22735180093562,22735809396837
22735180093562,22736093545741
22736101832749,22736093545741
22736101832749,22736366754961
22736101832749,22736504511221
22736101832749,22736684795500
22736687041518,22736684795500
22736687041518,22736874185309
22736687041518,22737127069928
22736687041518,22737283653131
22736687041518,22737481076145
22736687041518,22737888553457
22737957175918,22737888553457
22737957175918,22738234265231
22737957175918,22738435257621
22737957175918,22738688910972
22737957175918,22738870395419
22738691188710,22738870395419
22738691188710,22739000153424
22738691188710,22739148824680
22738691188710,22739356184516
22738691188710,22739849546754
22739901741238,22739849546754
22739901741238,22740104323091
22739901741238,22740419147240
22739901741238,22740577426655
22739901741238,22740810452931
22740864586139,22740810452931
22740864586139,22741113451934
22740864586139,22741275789511
22740864586139,22741441911803
22741444429889,22741441911803
22741444429889,22741632121058
22741444429889,22741864690189
22741444429889,22742046793904
22741444429889,22742265811699
22741444429889,22742677598976
22742707764639,22742677598976
22742707764639,22742937502897
22742707764639,22743198218377
22742707764639,22743392558914
22743395785455,22743392558914
22743395785455,22743580446525
22743395785455,22743738188421
22743395785455,22743923694841
22743395785455,22744052411826
22744055287221,22744052411826
22744055287221,22744255286200
22744055287221,22744388968629
22744055287221,22744553441599
22744055287221,22744891661385
22744908547409,22744891661385
22744908547409,22745149320529
22744908547409,22745361791499
22744908547409,22745561293745
22744908547409,22745783255890
22745845698038,22745783255890
22745845698038,22746032438992
22745845698038,22746287031836
22745845698038,22746554152521
22745845698038,22746777753089
22745845698038,22747150122400
22747240432832,22747150122400
22747240432832,22747489733464
22747240432832,22747668968081
22747240432832,22747812752125
22747240432832,22748210188111
22748255322807,22748210188111
22748255322807,22748494281125
22748255322807,22748714148195
22748255322807,22748891082281
22748255322807,22749211033573
22748255322807,22749507301864
22749308597292,22749507301864
22749308597292,22749707160638
22749308597292,22749870327932
22749308597292,22750209760244
22750287942615,22750209760244
22750287942615,22750484380733
22750287942615,22750710207379
22750287942615,22750879467060
22750881397692,22750879467060
22750881397692,22751121519343
22750881397692,22751267126072
22750881397692,22751410768620
22750881397692,22751715463862
22751790520234,22751715463862
22751790520234,22752003575125
22751790520234,22752223450216
22751790520234,22752467151554
22751790520234,22752730903570
22752759547871,22752730903570
22752759547871,22752996514520
22752759547871,22753140166002
22752759547871,22753262879953
22752759547871,22753648376135
22752759547871,22754163081545
22754211208075,22754163081545
22754211208075,22754458447554
22754211208075,22754610652426
22754211208075,22754867208947
22754211208075,22755154228712
22755157095112,22755154228712
22755157095112,22755415117583
22755157095112,22755620294961
22755157095112,22755881357258
22755157095112,22756071659476
22756141328399,22756071659476
22756141328399,22756399288629
22756141328399,22756587057150
22756141328399,22756758658417
22756141328399,22757037961120
22757039371531,22757037961120
22757039371531,22757236987336
22757039371531,22757383280551
22757039371531,22757605782500
22757608602900,22757605782500
22757608602900,22757800438684
22757608602900,22757960257491
22757608602900,22758149401895
22757608602900,22758393151289
22757608602900,22758862760129
22758904193647,22758862760129
22758904193647,22759101757416
22758904193647,22759327062247
22758904193647,22759499457111
22758904193647,22759780077987
22759781698946,22759780077987
22759781698946,22759999426981
22759781698946,22760198270751
22759781698946,22760449389917
22759781698946,22760705425004
22760707932061,22760705425004
22760707932061,22760925590844
22760707932061,22761089751104
22760707932061,22761283495207
22760707932061,22761485350133
22761566075260,22761485350133
22761566075260,22761838350805
22761566075260,22761976689980
22761566075260,22762206095801
22761566075260,22762428898299
22762450919722,22762428898299
22762450919722,22762636136302
22762450919722,22762945932445
22762450919722,22763103517353
22762450919722,22763393348412
22763395883164,22763393348412
22763395883164,22763664224002
22763395883164,22763829943980
22763395883164,22763997756286
22763395883164,22764224341572
22764292341890,22764224341572
22764292341890,22764495175954
22764292341890,22764633400428
22764292341890,22764863777098
22764292341890,22765063423147
22764872888937,22765063423147
22764872888937,22765214669572
22764872888937,22765405899803
22764872888937,22765557360320
22764872888937,22766214636092
22766222530527,22766214636092
22766222530527,22766439592089
22766222530527,22766587994020
22766222530527,22766753538583
22766222530527,22766958912650
22767196259768,22766958912650
22767196259768,22767386607629
22767196259768,22767584525973
22767196259768,22767784639259
22767196259768,22767904364906
22767907926947,22767904364906
22767907926947,22768108893184
22767907926947,22768306262018
22767907926947,22768575342538
22768577648488,22768575342538
22768577648488,22768889605941
22768577648488,22769060169557
22768577648488,22769210459558
22768577648488,22769405698899
22768577648488,22769611044955
22769685466020,22769611044955
22769685466020,22769929290808
22769685466020,22770089245332
22769685466020,22770347672193
22769685466020,22770807348692
22770809800465,22770807348692
22770809800465,22771049111027
22770809800465,22771230390918
22770809800465,22771352126921
22770809800465,22771786381396
22771788746313,22771786381396
22771788746313,22772025444510
22771788746313,22772188911053
22771788746313,22772340819084
22771788746313,22772676130294
22772680900526,22772676130294
22772680900526,22772960609175
22772680900526,22773165828804
22772680900526,22773323998013
22772680900526,22773546752587
22773550326349,22773546752587
22773550326349,22773757104814
22773550326349,22774052915237
22773550326349,22774239555303
22773550326349,22774438157642
22774524683307,22774438157642
22774524683307,22774773828412
22774524683307,22774960264888
22774524683307,22775170841492
22774524683307,22775463929549
22775466822572,22775463929549
22775466822572,22775628852944
22775466822572,22775805308131
22775466822572,22775959156408
22775961479672,22775959156408
22775961479672,22776170377029
22775961479672,22776315060587
22775961479672,22776476353327
22775961479672,22776874965852
22775961479672,22777335674255
22777339257119,22777335674255
22777339257119,22777529850139
22777339257119,22777690736966
22777339257119,22777878285995
22777339257119,22778129216854
22778136793411,22778129216854
22778136793411,22778379074623
22778136793411,22778537714013
22778136793411,22778670435528
22778750573002,22778670435528
22778750573002,22779014643136
22778750573002,22779159806742
22778750573002,22779320151963
22778750573002,22779668590853
22778750573002,22780169777897
22780172950484,22780169777897
22780172950484,22780398089875
22780172950484,22780551085064
22780172950484,22780709349706
22780172950484,22780899967864
22781430638250,22780899967864
22781430638250,22781679701349
22781430638250,22781844233516
22781430638250,22781995313212
22781430638250,22782311181532
22782431776279,22782311181532
22782431776279,22782695528674
22782431776279,22782868820134
22782431776279,22783021593234
22783023960582,22783021593234
22783023960582,22783201229041
22783023960582,22783368316852
22783023960582,22783556425417
22783023960582,22783797424217
22783861042949,22783797424217
22783861042949,22784057769867
22783861042949,22784201590337
22783861042949,22784389933968
22783861042949,22784634248271
22783861042949,22785239386962
22785241858003,22785239386962
22785241858003,22785481469902
22785241858003,22785689727012
22785241858003,22785861494586
22785864240433,22785861494586
22785864240433,22786042223918
22785864240433,22786211184092
22785864240433,22786596461588
22785864240433,22786938113255
22785864240433,22787440666264
22785864240433,22787659791720
22787493637834,22787659791720
22787493637834,22787831800219
22787493637834,22788087231815
22787493637834,22788343058665
22788532364692,22788343058665
22788532364692,22788791269600
22788532364692,22788955935357
22788532364692,22789191940253
22788532364692,22789499423305
22789502029407,22789499423305
22789502029407,22789674222203
22789502029407,22789861674967
22789502029407,22790096716514
22789502029407,22790307321352
22790430592518,22790307321352
22790430592518,22790642180646
22790430592518,22790780239880
22790430592518,22790998728366
22790430592518,22791317360355
22791319269546,22791317360355
22791319269546,22791547606318
22791319269546,22791718294716
22791319269546,22791902353964
22791319269546,22792190106501
22792308214854,22792190106501
22792308214854,22792554666415
22792308214854,22792770791782
22792308214854,22792951110692
22792308214854,22793224774671
22793230175135,22793224774671
22793230175135,22793442096807
22793230175135,22793683029775
22793230175135,22793857171355
22793230175135,22794102930299
22794190595954,22794102930299
22794190595954,22794469471892
22794190595954,22794666146255
22794190595954,22794809556361
22794190595954,22795186087976
22795187879134,22795186087976
22795187879134,22795380366217
22795187879134,22795665825153
22795187879134,22795816379517
22795821655699,22795816379517
22795821655699,22796019349220
22795821655699,22796188873737
22795821655699,22796384317325
22795821655699,22796647175817
22795821655699,22797038222323
22797084463811,22797038222323
22797084463811,22797319771500
22797084463811,22797445080375
22797084463811,22797645309191
22797084463811,22798019102871
22798021035643,22798019102871
22798021035643,22798212397910
22798021035643,22798474871005
22798021035643,22798650949209
22798021035643,22798948890778
22798973021501,22798948890778
22798973021501,22799202035871
22798973021501,22799327416279
22798973021501,22799452874221
22799454367669,22799452874221
22799454367669,22799726098538
22799454367669,22800002897570
22799454367669,22800155593426
22799454367669,22800398715192
22799454367669,22800742106861
22800889887458,22800742106861
22800889887458,22801108949071
22800889887458,22801249381403
22800889887458,22801401219605
22800889887458,22801756776568
22801777297420,22801756776568
22801777297420,22802037379280
22801777297420,22802279207154
22801777297420,22802471934514
22802474333743,22802471934514
22802474333743,22802709855354
22802474333743,22802887417557
22802474333743,22803042296532
22802474333743,22803241118219
22802474333743,22803556118620
22803694643685,22803556118620
22803694643685,22803944340288
22803694643685,22804181741277
22803694643685,22804343385579
22803694643685,22804693889985
22804788302630,22804693889985
22804788302630,22805006227061
22804788302630,22805228495101
22804788302630,22805419660279
22804788302630,22805781340108
22805912277522,22805781340108
22805912277522,22806176373115
22805912277522,22806393312053
22805912277522,22806575892697
22805912277522,22806723263491
22806845440588,22806723263491
22806845440588,22807060575811
22806845440588,22807291302825
22806845440588,22807484037759
22806845440588,22807764874912
22807880971347,22807764874912
22807880971347,22808079344581
22807880971347,22808216459570
22807880971347,22808428239560
22807880971347,22808689516173
22808874686078,22808689516173
22808874686078,22809147281108
22808874686078,22809332380323
22808874686078,22809507611850
22808874686078,22809927964495
22809932890166,22809927964495
22809932890166,22810185533226
22809932890166,22810385263467
22809932890166,22810571208834
22809932890166,22810857077864
22809932890166,22811088907294
22810893338655,22811088907294
22810893338655,22811404094866
22810893338655,22811852685061
22811854869703,22811852685061
22811854869703,22812044557275
22811854869703,22812202737913
22811854869703,22812368796043
22811854869703,22812565592867
22812597160942,22812565592867
22812597160942,22812806829542
22812597160942,22813055288310
22812597160942,22813238432852
22812597160942,22813560165007
22812597160942,22813838150653
22813967291058,22813838150653
22813967291058,22814165193207
22813967291058,22814369763293
22813967291058,22814548211106
22814550784386,22814548211106
22814550784386,22814795814981
22814550784386,22814986713651
22814550784386,22815176149815
22814550784386,22815379275115
22815545214591,22815379275115
22815545214591,22815794054997
22815545214591,22815971264638
22815545214591,22816174984063
22815545214591,22816396851792
22815545214591,22816834630608
22816901557750,22816834630608
22816901557750,22817127756505
22816901557750,22817289098405
22816901557750,22817429554239
22816901557750,22817927088276
22817940901311,22817927088276
22817940901311,22818193561237
22817940901311,22818326439815
22817940901311,22818505194588
22817940901311,22818862321250
22818952954173,22818862321250
22818952954173,22819206397369
22818952954173,22819372898821
22818952954173,22819592118535
22818952954173,22819846397914
22819856432537,22819846397914
22819856432537,22820075622998
22819856432537,22820234922655
22819856432537,22820376414231
22819856432537,22820698017810
22820734884162,22820698017810
22820734884162,22820940345396
22820734884162,22821148922965
22820734884162,22821333599165
22820734884162,22821594608100
22821625775069,22821594608100
22821625775069,22821878743135
22821625775069,22822129459978
22821625775069,22822305815898
22821625775069,22822443731244
22822446341017,22822443731244
22822446341017,22822679877768
22822446341017,22822824194855
22822446341017,22822997414590
22822446341017,22823435000249
22823437888305,22823435000249
22823437888305,22823676546848
22823437888305,22823822732916
22823437888305,22824006545914
22823437888305,22824328305712
22824351209071,22824328305712
22824351209071,22824602116699
22824351209071,22825047930453
22824351209071,22825267257489
22824351209071,22825585279066
22825590979751,22825585279066
22825590979751,22825791981442
22825590979751,22825948519718
22825590979751,22826094386428
22825590979751,22826337787318
22826408717373,22826337787318
22826408717373,22826597203157
22826408717373,22826887186224
22826408717373,22827068119919
22827070963645,22827068119919
22827070963645,22827333928383
22827070963645,22827530360152
22827070963645,22827704906863
22827070963645,22827893197230
22827070963645,22828183063451
22828186886607,22828183063451
22828186886607,22828425773870
22828186886607,22828672819887
22828186886607,22828852260217
22828855555436,22828852260217
22828855555436,22829082343739
22828855555436,22829238413438
22828855555436,22829438714260
22828855555436,22829637859200
22828855555436,22829922201927
22829978035925,22829922201927
22829978035925,22830208364576
22829978035925,22830455330183
22829978035925,22830634973706
22830637542661,22830634973706
22830637542661,22830857443205
22830637542661,22831040418902
22830637542661,22831225243126
22830637542661,22831436081580
22830637542661,22831748766564
22831770017984,22831748766564
22831770017984,22831990279207
22831770017984,22832219796867
22831770017984,22832362600684
22832365271734,22832362600684
22832365271734,22832674496483
22832365271734,22832814759397
22832365271734,22832960216937
22832365271734,22833166238086
22832365271734,22833413952753
22833700530026,22833413952753
22833700530026,22833940052928
22833700530026,22834078057558
22833700530026,22834277412581
22833700530026,22834424587762
22834435807051,22834424587762
22834435807051,22834619542688
22834435807051,22834819119989
22834435807051,22834943519869
22834435807051,22835452740955
22835455226574,22835452740955
22835455226574,22835685213654
22835455226574,22835937396221
22835455226574,22836091368034
22835455226574,22836296847020
22836301700928,22836296847020
22836301700928,22836560777548
22836301700928,22836700318758
22836301700928,22836818555567
22836301700928,22837240402511
22837242330221,22837240402511
22837242330221,22837479668091
22837242330221,22837667040399
22837242330221,22837802060432
22837242330221,22838157245559
22838161324617,22838157245559
22838161324617,22838380997594
22838161324617,22838554652159
22838161324617,22838685335115
22838161324617,22838842014406
22839140834187,22838842014406
22839140834187,22839372692959
22839140834187,22839545046682
22839140834187,22839697293225
22839140834187,22839982193100
22839983292800,22839982193100
22839983292800,22840200354075
22839983292800,22840448093792
22839983292800,22840624830793
22840627857304,22840624830793
22840627857304,22840963066381
22840627857304,22841163471493
22840627857304,22841352404581
22840627857304,22841495513475
22841497911917,22841495513475
22841497911917,22841659530632
22841497911917,22841831795522
22841497911917,22842041491193
22841497911917,22842245777868
22842300322824,22842245777868
22842300322824,22842547371647
22842300322824,22842743924173
22842300322824,22842934323199
22842300322824,22843172989487
22842300322824,22843626748160
22843628337790,22843626748160
22843628337790,22843893946648
22843628337790,22844046755751
22843628337790,22844276741204
22843628337790,22844591660546
22844594742007,22844591660546
22844594742007,22844795305616
22844594742007,22844969908236
22844594742007,22845223662137
22844594742007,22845529082448
22845531441986,22845529082448
22845531441986,22845751787236
22845531441986,22845903905904
22845531441986,22846325045057
22845531441986,22846517126614
22846613789047,22846517126614
22846613789047,22846828303513
22846613789047,22846997508835
22846613789047,22847157444969
22846613789047,22847459781441
22847559763296,22847459781441
22847559763296,22847863767904
22847559763296,22847984183810
22847559763296,22848127820824
22847559763296,22848483029768
22848520164331,22848483029768
22848520164331,22848784451221
22848520164331,22848968456899
22848520164331,22849103381738
22848520164331,22849368878047
22849473166254,22849368878047
22849473166254,22849732793036
22849473166254,22849940255749
22849473166254,22850102697330
22849473166254,22850384826778
22850455247615,22850384826778
22850455247615,22850699379832
22850455247615,22850915608207
22850455247615,22851117134115
22850455247615,22851280636309
22851491492995,22851280636309
22851491492995,22851732283788
22851491492995,22851883331044
22851491492995,22852036675888
22852039625410,22852036675888
22852039625410,22852237722667
22852039625410,22852358061264
22852039625410,22852518911011
22852039625410,22852702553506
22852039625410,22853090399738
22853320331333,22853090399738
22853320331333,22853536288686
22853320331333,22853687504627
22853320331333,22853867379630
22853869537583,22853867379630
22853869537583,22854033170140
22853869537583,22854185185704
22853869537583,22854396262046
22853869537583,22854551461110
22853869537583,22854966981809
22855044334112,22854966981809
22855044334112,22855294306792
22855044334112,22855432177037
22855044334112,22855595682033
22855044334112,22855994903880
22855998017841,22855994903880
22855998017841,22856193480936
22855998017841,22856320186818
22855998017841,22856457210752
22855998017841,22856871976688
22856950449807,22856871976688
22856950449807,22857175834912
22856950449807,22857355951956
22856950449807,22857558826659
22856950449807,22857765707925
22857854288477,22857765707925
22857854288477,22858085903066
22857854288477,22858251243985
22857854288477,22858458035741
22857854288477,22858784834600
22858832442392,22858784834600
22858832442392,22859030102562
22858832442392,22859268302346
22858832442392,22859472473193
22859475709843,22859472473193
22859475709843,22859698926364
22859475709843,22859886792952
22859475709843,22860044966846
22859475709843,22860194905710
22859475709843,22860708049839
22860709963436,22860708049839
22860709963436,22860873339094
22860709963436,22861079228065
22860709963436,22861282412297
22860709963436,22861611722425
22861614601288,22861611722425
22861614601288,22861831885806
22861614601288,22861960722435
22861614601288,22862130219242
22861614601288,22862512408912
22862514857492,22862512408912
22862514857492,22862735613855
22862514857492,22862878767244
22862514857492,22863114884329
22862514857492,22863406918605
22863411019509,22863406918605
22863411019509,22863654276537
22863411019509,22863797357102
22863411019509,22864080072652
22863411019509,22864442274543
22864446044572,22864442274543
22864446044572,22864682097080
22864446044572,22864827494795
22864446044572,22864964013544
22864968642224,22864964013544
22864968642224,22865155250747
22864968642224,22865324966415
22864968642224,22865496595820
22864968642224,22865633617042
22865718753920,22865633617042
22865718753920,22865993026100
22865718753920,22866152090250
22865718753920,22866293390008
22865718753920,22866613533565
22865718753920,22867115482730
22867118082517,22867115482730
22867118082517,22867308028830
22867118082517,22867443413813
22867118082517,22867627506995
22867630888548,22867627506995
22867630888548,22867816084116
22867630888548,22867961021255
22867630888548,22868097233306
22867630888548,22868331793198
22867630888548,22868853317614
22868866513762,22868853317614
22868866513762,22869106690181
22868866513762,22869309187523
22868866513762,22869478292306
22868866513762,22869771411180
22869774470507,22869771411180
22869774470507,22869975192762
22869774470507,22870172661265
22869774470507,22870337648773
22869774470507,22870686302673
22870699990728,22870686302673
22870699990728,22870962615596
22870699990728,22871143555017
22870699990728,22871340024695
22870699990728,22871697155408
22871699498423,22871697155408
22871699498423,22872019993949
22871699498423,22872168974090
22871699498423,22872372361113
22872374857200,22872372361113
22872374857200,22872528509810
22872374857200,22872696079164
22872374857200,22872863547855
22872374857200,22873092782690
22873135934029,22873092782690
22873135934029,22873370259492
22873135934029,22873551934928
22873135934029,22873660955275
22873135934029,22874045344353
22874091062453,22874045344353
22874091062453,22874262956784
22874091062453,22874461142148
22874091062453,22874618970645
22874091062453,22874995926753
22874091062453,22875379129924
22875399009344,22875379129924
22875399009344,22875638548577
22875399009344,22875799850685
22875399009344,22875918381405
22875919344967,22875918381405
22875919344967,22876132740442
22875919344967,22876386607226
22875919344967,22876543806082
22875919344967,22876888994667
22875919344967,22877207838998
22877210268606,22877207838998
22877210268606,22877406102489
22877210268606,22877621462780
22877210268606,22877787971395
22877888417990,22877787971395
22877888417990,22878097285647
22877888417990,22878251847788
22877888417990,22878456530404
22877888417990,22878746462758
22877888417990,22879087969275
22879101824582,22879087969275
22879101824582,22879292437236
22879101824582,22879498406505
22879101824582,22879634233030
22879101824582,22879961316209
22879964881879,22879961316209
22879964881879,22880299119618
22879964881879,22880436310440
22879964881879,22880620107579
22879964881879,22881039176909
22881069529600,22881039176909
22881069529600,22881393427663
22881069529600,22881562286814
22881069529600,22881760616584
22881762853808,22881760616584
22881762853808,22881928995279
22881762853808,22882062350133
22881762853808,22882267270800
22881762853808,22882573332359
22881762853808,22882888828808
22883005621033,22882888828808
22883005621033,22883249924656
22883005621033,22883452185441
22883005621033,22883625554961
22883005621033,22883857399228
22883999577723,22883857399228
22883999577723,22884217263473
22883999577723,22884374821689
22883999577723,22884577619130
22884580070106,22884577619130
22884580070106,22884713682139
22884580070106,22884886541683
22884580070106,22885105971180
22884580070106,22885303419226
22884580070106,22885820866942
22885823058776,22885820866942
22885823058776,22886055439802
22885823058776,22886202685712
22885823058776,22886412386859
22885823058776,22886621023831
22886654381371,22886621023831
22886654381371,22886839241416
22886654381371,22887030245477
22886654381371,22887235558671
22886654381371,22887623389282
22887625199367,22887623389282
22887625199367,22887860667418
22887625199367,22888024592370
22887625199367,22888340847833
22887625199367,22888535268730
22888557923478,22888535268730
22888557923478,22888785616235
22888557923478,22888965402412
22888557923478,22889162348859
22888557923478,22889371133883
22889696418988,22889371133883
22889696418988,22889932532798
22889696418988,22890096516413
22889696418988,22890258889946
22889696418988,22890635345383
22890703821746,22890635345383
22890703821746,22890994597363
22890703821746,22891166281762
22890703821746,22891364377822
22890703821746,22891613694083
22891640382244,22891613694083
22891640382244,22891936275200
22891640382244,22892156632859
22891640382244,22892318449852
22892320626855,22892318449852
22892320626855,22892555238626
22892320626855,22892726521393
22892320626855,22892871726585
22892320626855,22893023623332
22892320626855,22893589185117
22893635846228,22893589185117
22893635846228,22893856049759
22893635846228,22893981169866
22893635846228,22894200406789
22893635846228,22894362882154
22894202836851,22894362882154
22894202836851,22894675536955
22894202836851,22894837800262
22894202836851,22894956085960
22894202836851,22895403651553
22895477656577,22895403651553
22895477656577,22895729528622
22895477656577,22895901259185
22895477656577,22896037064084
22895477656577,22896396855318
22896399575710,22896396855318
22896399575710,22896627174252
22896399575710,22896837862800
22896399575710,22896992032624
22896994440881,22896992032624
22896994440881,22897196863872
22896994440881,22897324127937
22896994440881,22897502226733
22896994440881,22897824267966
22896994440881,22898332017290
22898335276051,22898332017290
22898335276051,22898554882669
22898335276051,22898792555112
22898335276051,22899016596161
22898335276051,22899209044332
22899211839413,22899209044332
22899211839413,22899461512637
22899211839413,22899583824070
22899211839413,22899715242350
22899211839413,22900032168885
22900177190810,22900032168885
22900177190810,22900405718790
22900177190810,22900567969280
22900177190810,22900724309826
22900177190810,22901197488056
22901200967603,22901197488056
22901200967603,22901395343045
22901200967603,22901516124358
22901200967603,22901663172477
22901200967603,22901973923805
22902111463195,22901973923805
22902111463195,22902306667492
22902111463195,22902494324101
22902111463195,22902687386661
22902689085830,22902687386661
22902689085830,22902904869064
22902689085830,22903087844424
22902689085830,22903301816313
22902689085830,22903485172606
22903487139845,22903485172606
22903487139845,22903689121307
22903487139845,22903955969731
22903487139845,22904150388519
22903487139845,22904350981122
22903487139845,22904791244836
22904873405928,22904791244836
22904873405928,22905132150491
22904873405928,22905287968898
22904873405928,22905473356914
22904873405928,22905623785877
22905475189693,22905623785877
22905475189693,22905782161296
22905475189693,22905981081348
22905475189693,22906221732690
22905475189693,22906736151319
22905475189693,22906977835866
22906749678277,22906977835866
22906749678277,22907155218203
22906749678277,22907301872159
22906749678277,22907675075537
22907784048449,22907675075537
22907784048449,22908007223251
22907784048449,22908169222187
22907784048449,22908381586612
22907784048449,22908677195228
22908681933590,22908677195228
22908681933590,22908916367906
22908681933590,22909125267199
22908681933590,22909304196052
22908681933590,22909589017535
22909610346586,22909589017535
22909610346586,22909827437440
22909610346586,22909968102769
22909610346586,22910158883703
22910160915834,22910158883703
22910160915834,22910316241778
22910160915834,22910474514205
22910160915834,22910706148514
22910160915834,22910993523478
22910160915834,22911390127249
22911472347169,22911390127249
22911472347169,22911696479284
22911472347169,22911886404081
22911472347169,22912122153471
22911472347169,22912363329967
22912467925330,22912363329967
22912467925330,22912650803878
22912467925330,22912879660013
22912467925330,22913059225093
22912467925330,22913397632694
22913452869151,22913397632694
22913452869151,22913698435579
22913452869151,22913887308510
22913894780154,22913887308510
22913894780154,22914069338682
22913894780154,22914234810987
22913894780154,22914375421217
22913894780154,22914541590063
22913894780154,22914853579219
22913894780154,22915191117554
22915298961117,22915191117554
22915298961117,22915470872812
22915298961117,22915708345224
22915298961117,22915859442053
22915298961117,22916194074648
22916418694745,22916194074648
22916418694745,22916626097694
22916418694745,22916806419628
22916418694745,22917030189892
22917032360507,22917030189892
22917032360507,22917171819756
22917032360507,22917315195876
22917032360507,22917493195635
22917032360507,22917646228572
22917032360507,22918023651305
22918061806029,22918023651305
22918061806029,22918286549967
22918061806029,22918552319127
22918061806029,22918744734261
22918061806029,22919083581076
22919206175866,22919083581076
22919206175866,22919444253693
22919206175866,22919647964009
22919206175866,22919840467242
22919206175866,22920206109604
22920209021074,22920206109604
22920209021074,22920419301429
22920209021074,22920613332022
22920209021074,22920792076542
22920209021074,22921080830776
22921084874977,22921080830776
22921084874977,22921352797128
22921084874977,22921578951754
22921084874977,22921785884120
22921788788862,22921785884120
22921788788862,22922069265694
22921788788862,22922273552080
22921788788862,22922406032749
22921788788862,22922590899017
22921788788862,22922824245141
22922957765369,22922824245141
22922957765369,22923171866064
22922957765369,22923373738166
22922957765369,22923520353451
22922957765369,22923865053618
22923889047881,22923865053618
22923889047881,22924160217825
22923889047881,22924322141178
22923889047881,22924439665219
22923889047881,22924854204286
22924876179303,22924854204286
22924876179303,22925049291482
22924876179303,22925214943752
22924876179303,22925383337451
22925385333094,22925383337451
22925385333094,22925598328701
22925385333094,22925842835707
22925385333094,22926030678649
22925385333094,22926314573846
22925385333094,22926661477846
22926727680805,22926661477846
22926727680805,22927001384462
22926727680805,22927204734235
22926727680805,22927432400598
22926727680805,22927694366264
22927699254598,22927694366264
22927699254598,22927918517460
22927699254598,22928084098460
22927699254598,22928233948613
22928235952768,22928233948613
22928235952768,22928470967766
22928235952768,22928614632424
22928235952768,22928822653717
22928235952768,22929103113101
22928235952768,22929580208203
22928235952768,22929774687760
22929587459356,22929774687760
22929587459356,22929988696619
22929587459356,22930167255497
22930168471802,22930167255497
22930168471802,22930413742792
22930168471802,22930552689435
22930168471802,22930797336548
22930168471802,22930983789945
22930168471802,22931369909788
22931393450493,22931369909788
22931393450493,22931593230817
22931393450493,22931778208976
22931393450493,22931949090237
22931393450493,22932280693347
22932381810770,22932280693347
22932381810770,22932624264279
22932381810770,22932795481587
22932381810770,22933053066047
22932381810770,22933329846599
22933344741178,22933329846599
22933344741178,22933555669570
22933344741178,22933732947251
22933344741178,22933973766709
22933344741178,22934309050165
22934345158593,22934309050165
22934345158593,22934548423550
22934345158593,22934744760134
22934345158593,22934959145848
22934964516234,22934959145848
22934964516234,22935134787232
22934964516234,22935303363522
22934964516234,22935469699628
22934964516234,22935722543134
22934964516234,22936149813051
22936169303287,22936149813051
22936169303287,22936381679739
22936169303287,22936518063301
22936169303287,22936717940903
22936169303287,22937155873808
22937158089511,22937155873808
22937158089511,22937370297147
22937158089511,22937513375252
22937158089511,22937691749314
22937158089511,22938002786428
22938007333738,22938002786428
22938007333738,22938275349875
22938007333738,22938661123139
22938007333738,22938863969073
22938007333738,22938998465725
22939000096697,22938998465725
22939000096697,22939245202113
22939000096697,22939378169284
22939000096697,22939527531413
22939529397773,22939527531413
22939529397773,22939763387052
22939529397773,22939989422779
22939529397773,22940140308757
22939529397773,22940292687302
22939529397773,22940743818784
22940746723997,22940743818784
22940746723997,22940994143021
22940746723997,22941182532809
22940746723997,22941365134277
22940746723997,22941712658971
22941715228466,22941712658971
22941715228466,22941932998684
22941715228466,22942086126110
22941715228466,22942248578869
22941715228466,22942625542896
22942683435730,22942625542896
22942683435730,22942916469983
22942683435730,22943077549750
22942683435730,22943337284757
22942683435730,22943618763442
22943620911433,22943618763442
22943620911433,22943791155121
22943620911433,22944051932171
22943620911433,22944201664327
22943620911433,22944511803296
22944519486352,22944511803296
22944519486352,22944701898773
22944519486352,22944894886679
22944519486352,22945116333409
22944519486352,22945318431610
22945435919563,22945318431610
22945435919563,22945615232147
22945435919563,22945821760942
22945435919563,22946084054949
22945435919563,22946354001826
22946390713310,22946354001826
22946390713310,22946612791630
22946390713310,22946850273464
22946390713310,22947009116249
22947011115068,22947009116249
22947011115068,22947218881916
22947011115068,22947357274407
22947011115068,22947513259551
22947011115068,22947839084009
22947011115068,22948472483626
22948476597135,22948472483626
22948476597135,22948707359996
22948476597135,22948883417144
22948476597135,22949071429644
22948476597135,22949245382138
22949304842152,22949245382138
22949304842152,22949560671837
22949304842152,22949734270944
22949304842152,22949897831503
22949304842152,22950229352592
22950246797892,22950229352592
22950246797892,22950448692552
22950246797892,22950654627508
22950246797892,22950888340605
22950246797892,22951181507708
22951208044227,22951181507708
22951208044227,22951481177354
22951208044227,22951630236146
22951208044227,22951777599826
22951208044227,22952153907348
22952159476967,22952153907348
22952159476967,22952362693493
22952159476967,22952691986381
22952159476967,22952899176829
22952159476967,22953212036900
22953213183454,22953212036900
22953213183454,22953474243244
22953213183454,22953625404299
22953213183454,22953798413604
22953213183454,22954185620111
22953213183454,22954350207414
22954186704933,22954350207414
22954186704933,22954568083694
22954186704933,22954816087953
22954818498059,22954816087953
22954818498059,22955048235946
22954818498059,22955178921375
22954818498059,22955326252559
22954818498059,22955588534098
22954818498059,22955975916958
22956069943891,22955975916958
22956069943891,22956283432176
22956069943891,22956526986410
22956069943891,22956716688167
22956069943891,22957096320482
22957099305492,22957096320482
22957099305492,22957303023909
22957099305492,22957522222085
22957099305492,22957730279897
22957099305492,22958064277068
22958067437836,22958064277068
22958067437836,22958303091396
22958067437836,22958519489987
22958067437836,22958791738287
22958793250702,22958791738287
22958793250702,22958985945655
22958793250702,22959125651047
22958793250702,22959325730550
22958793250702,22959541146769
22958793250702,22959947597328
22960003461101,22959947597328
22960003461101,22960239308829
22960003461101,22960452688506
22960003461101,22960640962094
22960003461101,22960927229022
22960929580517,22960927229022
22960929580517,22961128769529
22960929580517,22961331420637
22960929580517,22961406075290
22961724283693,22961406075290
22961724283693,22961958864362
22961724283693,22962132411010
22961724283693,22962269662329
22961724283693,22962526994203
22961724283693,22962951678714
22963021559880,22962951678714
22963021559880,22963207903302
22963021559880,22963434829394
22963021559880,22963574721574
22963021559880,22963940704174
22963975160835,22963940704174
22963975160835,22964215333642
22963975160835,22964462115781
22963975160835,22964588102522
22963975160835,22964766835215
22964843828916,22964766835215
22964843828916,22965036095252
22964843828916,22965294806042
22964843828916,22965474105860
22964843828916,22965776932257
22965831042841,22965776932257
22965831042841,22966022694914
22965831042841,22966238602324
22965831042841,22966382393535
22965831042841,22966756144561
22966769723700,22966756144561
22966769723700,22966930683084
22966769723700,22967168761509
22966769723700,22967335542222
22966769723700,22967677842511
22967680341781,22967677842511
22967680341781,22967967453626
22967680341781,22968154535911
22967680341781,22968316788087
22967680341781,22968451733746
22968318416990,22968451733746
22968318416990,22968560335426
22968318416990,22968715401019
22968318416990,22969242859958
22968318416990,22969442155143
22969273692932,22969442155143
22969273692932,22969622042724
22969273692932,22969798311401
22969273692932,22970013420041
22970028996796,22970013420041
22970028996796,22970263648891
22970028996796,22970441215660
22970028996796,22970621644565
22970028996796,22970873263134
22970028996796,22971441934603
22971444651595,22971441934603
22971444651595,22971703558380
22971444651595,22971874397506
22971444651595,22972029034226
22971444651595,22972409348121
22972412219410,22972409348121
22972412219410,22972633041202
22972412219410,22972802664962
22972412219410,22973001321702
22973003108496,22973001321702
22973003108496,22973216425924
22973003108496,22973411379246
22973003108496,22973561312031
22973003108496,22973714839159
22973785874453,22973714839159
22973785874453,22974001598909
22973785874453,22974234272219
22973785874453,22974388431306
22973785874453,22974635342036
22973785874453,22975167946785
22975172904674,22975167946785
22975172904674,22975391791705
22975172904674,22975555794017
22975172904674,22975731177007
22975172904674,22975955338093
22976002850256,22975955338093
22976002850256,22976241560606
22976002850256,22976384263105
22976002850256,22976602159809
22976002850256,22976771698770
22976821878671,22976771698770
22976821878671,22977046308568
22976821878671,22977205107403
22976821878671,22977346125292
22977349646210,22977346125292
22977349646210,22977565345419
22977349646210,22977712230112
22977349646210,22977890944554
22977349646210,22978269558503
22977349646210,22978679275667
22978718864781,22978679275667
22978718864781,22978933752686
22978718864781,22979075273869
22978718864781,22979274929561
22979278599253,22979274929561
22979278599253,22979470578447
22979278599253,22979974323615
22979278599253,22980160270583
22979278599253,22980400196190
22980436139926,22980400196190
22980436139926,22980671303420
22980436139926,22980908888592
22980436139926,22981120422582
22980436139926,22981306024478
22980436139926,22981802171435
22981805697972,22981802171435
22981805697972,22981971148432
22981805697972,22982099376525
22981805697972,22982288510068
22981805697972,22982597258391
22982675287583,22982597258391
22982675287583,22982946153363
22982675287583,22983075372527
22982675287583,22983373418351
22982675287583,22983536762516
22983377391207,22983536762516
22983377391207,22983714970425
22983377391207,22983897804668
22983377391207,22984102026729
22983377391207,22984535929778
22984560470111,22984535929778
22984560470111,22984750107205
22984560470111,22984931277227
22984560470111,22985094353091
22984560470111,22985525257185
22985528448342,22985525257185
22985528448342,22985805105496
22985528448342,22985964557417
22985528448342,22986125597367
22985528448342,22986399688083
22986414785314,22986399688083
22986414785314,22986600081190
22986414785314,22986748479837
22986414785314,22986890127396
22986891978689,22986890127396
22986891978689,22987135132918
22986891978689,22987343605641
22986891978689,22987575380875
22986891978689,22987820080436
22986891978689,22988172088181
22988307453410,22988172088181
22988307453410,22988540448847
22988307453410,22988706427898
22988307453410,22988908125579
22988307453410,22989290076164
22989344437481,22989290076164
22989344437481,22989662971696
22989344437481,22989916668856
22989344437481,22990063709533
22989344437481,22990293342431
22990302889437,22990293342431
22990302889437,22990528451790
22990302889437,22990660915937
22990302889437,22990907374283
22990302889437,22991093945269
22991170852668,22991093945269
22991170852668,22991431322595
22991170852668,22991630043321
22991170852668,22991847951067
22991851062804,22991847951067
22991851062804,22992282353755
22991851062804,22992505830592
22991851062804,22992682755799
22991851062804,22992844181581
22991851062804,22993148730507
22993150889088,22993148730507
22993150889088,22993328670406
22993150889088,22993490222328
22993150889088,22993715258344
22993150889088,22994046736867
22994077796943,22994046736867
22994077796943,22994332240505
22994077796943,22994544449376
22994077796943,22994688189734
22994077796943,22995073659323
22995078609195,22995073659323
22995078609195,22995360206206
22995078609195,22995568356412
22995078609195,22995769470331
22995078609195,22996017922831
22996019833974,22996017922831
22996019833974,22996250298298
22996019833974,22996398781164
22996019833974,22996599385867
22996601575397,22996599385867
22996601575397,22996854958595
22996601575397,22997018835505
22996601575397,22997175378965
22996601575397,22997364810247
22997496311142,22997364810247
22997496311142,22997751168572
22997496311142,22997921612385
22997496311142,22998088553701
22997496311142,22998468284253
22998477286356,22998468284253
22998477286356,22999049513855
22998477286356,22999244986821
22998477286356,22999442193877
22998477286356,22999677420677
22998477286356,23000094985480
23000133746593,23000094985480
23000133746593,23000410791170
23000133746593,23000627300598
23000133746593,23000816680446
23000133746593,23001182423354
23001185235908,23001182423354
23001185235908,23001492319223
23001185235908,23001678823555
23001185235908,23001875455587
23001185235908,23002128320383
23002169795728,23002128320383
23002169795728,23002449621231
23002169795728,23002648066272
23002169795728,23002820186302
23002169795728,23003022351302
23003080655664,23003022351302
23003080655664,23003329520194
23003080655664,23003539105365
23003080655664,23003771948538
23003080655664,23004004342058
23004116621963,23004004342058
23004116621963,23004341540360
23004116621963,23004505175073
23004116621963,23004659994485
23004116621963,23005006088963
23005048347788,23005006088963
23005048347788,23005265320585
23005048347788,23005427122793
23005466465036,23005427122793
23005466465036,23005661688839
23005466465036,23005834689743
23005466465036,23005975501757
23005466465036,23006128590279
23005466465036,23006360220281
23005466465036,23006543367891
23006363072701,23006543367891
23006363072701,23006805170043
23006363072701,23007010529159
23006363072701,23007289847221
23006363072701,23007695599973
23007757745644,23007695599973
23007757745644,23007978161241
23007757745644,23008198290371
23008200192396,23008198290371
23008200192396,23008366753477
23008200192396,23008505456285
23008200192396,23008647698747
23008200192396,23008803071261
23008200192396,23009105994616
23008200192396,23009509157691
23009521652791,23009509157691
23009521652791,23009746047026
23009521652791,23009879734313
23009521652791,23010034139471
23009521652791,23010357695410
23010387328741,23010357695410
23010387328741,23010582158227
23010387328741,23010837120859
23010387328741,23010979237896
23010983979549,23010979237896
23010983979549,23011192371556
23010983979549,23011337906231
23010983979549,23011505322197
23010983979549,23011818457709
23010983979549,23012260929099
23012264246390,23012260929099
23012264246390,23012476918929
23012264246390,23012673711013
23012264246390,23012912204175
23012914151947,23012912204175
23012914151947,23013102538140
23012914151947,23013225235062
23012914151947,23013421179453
23012914151947,23013647580275
23012914151947,23014046390166
23014088021320,23014046390166
23014088021320,23014322605778
23014088021320,23014638134597
23014088021320,23014822360973
23014088021320,23014987463288
23014994820638,23014987463288
23014994820638,23015270235650
23014994820638,23015428649517
23014994820638,23015745886308
23015752505581,23015745886308
23015752505581,23015952603544
23015752505581,23016075426159
23015752505581,23016257513333
23015752505581,23016480213595
23015752505581,23016955181730
23016960857111,23016955181730
23016960857111,23017177281275
23016960857111,23017329337951
23016960857111,23018159151106
23016960857111,23018367298060
23018448577432,23018367298060
23018448577432,23018687900356
23018448577432,23018874267436
23018448577432,23019072248968
23018448577432,23019340682681
23019428340956,23019340682681
23019428340956,23019703735127
23019428340956,23019877721297
23019428340956,23020019528785
23019428340956,23020378255289
23020388581313,23020378255289
23020388581313,23020737513710
23020388581313,23020904855486
23020388581313,23021079755194
23020388581313,23021260198977
23021299658865,23021260198977
23021299658865,23021509360826
23021299658865,23021703680327
23021299658865,23021834826401
23021838110878,23021834826401
23021838110878,23022065126314
23021838110878,23022210335858
23021838110878,23022347922883
23021838110878,23022670666890
23021838110878,23023196529492
23023198642471,23023196529492
23023198642471,23023400432137
23023198642471,23023642389645
23023198642471,23023788292681
23023792210286,23023788292681
23023792210286,23023975768349
23023792210286,23024132087812
23023792210286,23024320403617
23023792210286,23024474266780
23024549281615,23024474266780
23024549281615,23024790850207
23024549281615,23025015185791
23024549281615,23025186069324
23024549281615,23025391720506
23024549281615,23026135970617
23026137842450,23026135970617
23026137842450,23026425204886
23026137842450,23026602317661
23026137842450,23026763152070
23026137842450,23026984869032
23027063709192,23026984869032
23027063709192,23027303523102
23027063709192,23027520726953
23027063709192,23027685537652
23027063709192,23027982212844
23027983380194,23027982212844
23027983380194,23028200181004
23027983380194,23028409442433
23027983380194,23028577985885
23027983380194,23028911177700
23028914182544,23028911177700
23028914182544,23029137940736
23028914182544,23029438999904
23028914182544,23029582373821
23028914182544,23029758270836
23029811099057,23029758270836
23029811099057,23030053016198
23029811099057,23030225830372
23029811099057,23030393490305
23030395932374,23030393490305
23030395932374,23030616077565
23030395932374,23030753178923
23030395932374,23030948300042
23030395932374,23031214096686
23030395932374,23031604022689
23031740976227,23031604022689
23031740976227,23032031275219
23031740976227,23032317328888
23031740976227,23032475370456
23031740976227,23032684448111
23031740976227,23032846926016
23032848917655,23032846926016
23032848917655,23033007227389
23032848917655,23033160073334
23032848917655,23033498393617
23033533162808,23033498393617
23033533162808,23033741885665
23033533162808,23033978230424
23033533162808,23034165718587
23034168251522,23034165718587
23034168251522,23034345993050
23034168251522,23034490533177
23034168251522,23034660454035
23034168251522,23034830143959
23034168251522,23035347035686
23034168251522,23035562851859
23035374745283,23035562851859
23035374745283,23035690511323
23035374745283,23035853694979
23036048109905,23035853694979
23036048109905,23036257316819
23036048109905,23036404258137
23036048109905,23036604692553
23036048109905,23036943215682
23036048109905,23037251500148
23036048109905,23037664292814
23037666734091,23037664292814
23037666734091,23037868114422
23037666734091,23038030285242
23037666734091,23038236943009
23038307425750,23038236943009
23038307425750,23038490997345
23038307425750,23038716815121
23038307425750,23038936057890
23038307425750,23039250578750
23039273512983,23039250578750
23039273512983,23039500573552
23039273512983,23039639832387
23039273512983,23039816207848
23039273512983,23040236543302
23040238880887,23040236543302
23040238880887,23040435812477
23040238880887,23040600243210
23040238880887,23040762182224
23040771387129,23040762182224
23040771387129,23041023428844
23040771387129,23041224015390
23040771387129,23041401669046
23040771387129,23041571504986
23040771387129,23041992131496
23042120785383,23041992131496
23042120785383,23042312880388
23042120785383,23042553715071
23042120785383,23042745940694
23042120785383,23043038671889
23043046527148,23043038671889
23043046527148,23043209285526
23043046527148,23043473662153
23043046527148,23043618303120
23043046527148,23043968724329
23043971470263,23043968724329
23043971470263,23044232168060
23043971470263,23044401941738
23043971470263,23044557094168
23044558393836,23044557094168
23044558393836,23044732334996
23044558393836,23044896237167
23044558393836,23045037566857
23044558393836,23045295860282
23044558393836,23045686397920
23045690183634,23045686397920
23045690183634,23045896303800
23045690183634,23046065631082
23045690183634,23046311300259
23045690183634,23046537267946
23046606682424,23046537267946
23046606682424,23046864151762
23046606682424,23047035520002
23046606682424,23047205236799
23046606682424,23047625646238
23047631971098,23047625646238
23047631971098,23047846163423
23047631971098,23048033051842
23047631971098,23048256425147
23047631971098,23048523197635
23048547842369,23048523197635
23048547842369,23048730590385
23048547842369,23049030504274
23048547842369,23049203879439
23048547842369,23049447996924
23049451016141,23049447996924
23049451016141,23049649968704
23049451016141,23049800470013
23049451016141,23049981382537
23049984408759,23049981382537
23049984408759,23050139901312
23049984408759,23050286455329
23049984408759,23050474307987
23049984408759,23050769628270
23049984408759,23051261490368
23051398522713,23051261490368
23051398522713,23051569677886
23051398522713,23051686822233
23051398522713,23051946182076
23051398522713,23052223533718
23052257973615,23052223533718
23052257973615,23052716491754
23052257973615,23052914563525
23052257973615,23053172678690
23052257973615,23053385263808
23053485732880,23053385263808
23053485732880,23053685338059
23053485732880,23053871403994
23053485732880,23054071039226
23053485732880,23054403051950
23054409411469,23054403051950
23054409411469,23054564498023
23054409411469,23054858095002
23054409411469,23055049081332
23055052496712,23055049081332
23055052496712,23055283647791
23055052496712,23055430742836
23055052496712,23055615057329
23055052496712,23055898348787
23055052496712,23056394895505
23056397393690,23056394895505
23056397393690,23056623797787
23056397393690,23056767381678
23056397393690,23056990416753
23056397393690,23057602138497
23057606863878,23057602138497
23057606863878,23057840946867
23057606863878,23057996273806
23057606863878,23058153212635
23057606863878,23058369615566
23058477314759,23058369615566
23058477314759,23058660913648
23058477314759,23058875920995
23058477314759,23059068671251
23058477314759,23059386383591
23059394756982,23059386383591
23059394756982,23059639914498
23059394756982,23059831952695
23059394756982,23059987685542
23059394756982,23060278837169
23060349446372,23060278837169
23060349446372,23060654290461
23060349446372,23060849093805
23060349446372,23061089953992
23060349446372,23061301714728
23061358830193,23061301714728
23061358830193,23061646383258
23061358830193,23061825803330
23061358830193,23061968781552
23061358830193,23062417822244
23062443113576,23062417822244
23062443113576,23062689090529
23062443113576,23062868053403
23062443113576,23063028303994
23062443113576,23063491201969
23063493543283,23063491201969
23063493543283,23063688230014
23063493543283,23063906147407
23063493543283,23064098629466
23063493543283,23064427401589
23064475672112,23064427401589
23064475672112,23064723284011
23064475672112,23064875172103
23064475672112,23065083835894
23065086749765,23065083835894
23065086749765,23065288470264
23065086749765,23065445633853
23065086749765,23065606873885
23065086749765,23065915907828
23065086749765,23066404231069
23066408436335,23066404231069
23066408436335,23066615577412
23066408436335,23066812586952
23066408436335,23067019231934
23067021996821,23067019231934
23067021996821,23067238795153
23067021996821,23067393310679
23067021996821,23067552483895
23067021996821,23067830299139
23067021996821,23068364294320
23068366701918,23068364294320
23068366701918,23068587591088
23068366701918,23068831295480
23068366701918,23069013897857
23068366701918,23069760359791
23068366701918,23070083273466
23070086694869,23070083273466
23070086694869,23070301920744
23070086694869,23070494903498
23070086694869,23070679074876
23070686478857,23070679074876
23070686478857,23070981790063
23070686478857,23071185466873
23070686478857,23071345303355
23070686478857,23071601308302
23071688198028,23071601308302
23071688198028,23071965413541
23071688198028,23072080904344
23071688198028,23072264764282
23072267761015,23072264764282
23072267761015,23072489248841
23072267761015,23072667168105
23072267761015,23072840346809
23072267761015,23073064680358
23072267761015,23073450268337
23073507782879,23073450268337
23073507782879,23073773349764
23073507782879,23073962737405
23073507782879,23074146057068
23073507782879,23074481027775
23074482748644,23074481027775
23074482748644,23074751471010
23074482748644,23074893209590
23074482748644,23075029266877
23074482748644,23075478382655
23075481365201,23075478382655
23075481365201,23075822818356
23075481365201,23075953595610
23075481365201,23076111215861
23075481365201,23076461943907
23076483332324,23076461943907
23076483332324,23076771729426
23076483332324,23077014847902
23076483332324,23077195258079
23076483332324,23077489869589
23077491892086,23077489869589
23077491892086,23077773116748
23077491892086,23077967281214
23077491892086,23078169882137
23077491892086,23078322393612
23077491892086,23078486228356
23078489919925,23078486228356
23078489919925,23078763772009
23078489919925,23078917532455
23078920547860,23078917532455
23078920547860,23079127272481
23078920547860,23079347958353
23078920547860,23079529293499
23078920547860,23079740855186
23078920547860,23080126115505
23080158822848,23080126115505
23080158822848,23080371096696
23080158822848,23080676993166
23080158822848,23080814666546
23080158822848,23081123468250
23080158822848,23081303986367
23081190011366,23081303986367
23081190011366,23081508182243
23081190011366,23081768321017
23081801677956,23081768321017
23081801677956,23082104896598
23081801677956,23082223214375
23081801677956,23082400369479
23081801677956,23082727185447
23081801677956,23083114194382
23083372641185,23083114194382
23083372641185,23083615658864
23083372641185,23083772220166
23083372641185,23083958402501
23083372641185,23084126236190
23084129843644,23084126236190
23084129843644,23084375892953
23084129843644,23084603769864
23084129843644,23084755539327
23084129843644,23085061541457
23085092223628,23085061541457
23085092223628,23085331755932
23085092223628,23085593087054
23085092223628,23085776538536
23085092223628,23085947218291
23085952658569,23085947218291
23085952658569,23086215585691
23085952658569,23086364840387
23085952658569,23086510833233
23085952658569,23086831275069
23086839278680,23086831275069
23086839278680,23087039724311
23086839278680,23087286420327
23086839278680,23087526070493
23086839278680,23087770935458
23087795086425,23087770935458
23087795086425,23088016158110
23087795086425,23088253673014
23087795086425,23088424041754
23087795086425,23088727328308
23088749107252,23088727328308
23088749107252,23088981745006
23088749107252,23089184988012
23088749107252,23089343715016
23088749107252,23089731420984
23089901667481,23089731420984
23089901667481,23090053737315
23089901667481,23090189639845
23089901667481,23090375239449
23089901667481,23090559057325
23090633852011,23090559057325
23090633852011,23090938232750
23090633852011,23091091408494
23090633852011,23091251445566
23090633852011,23091595991066
23090633852011,23091760330187
