27195062369144,27196479067039
27195062369144,27196775494691
27195062369144,27197089902572
27197092077266,27197089902572
27197092077266,27197313256008
27197092077266,27197525769294
27197722681487,27197525769294
27197722681487,27198055022060
27197722681487,27198370635104
27197722681487,27198540188867
27197722681487,27198778566127
27197722681487,27198951251259
27198953927486,27198951251259
27198953927486,27199212023384
27198953927486,27199366705783
27199369692416,27199366705783
27199369692416,27199507988734
27199369692416,27199701399639
27199369692416,27199933911096
27199369692416,27200187776717
27199369692416,27200622669260
27200785486147,27200622669260
27200785486147,27201003225618
27200785486147,27201324526280
27200785486147,27201536100379
27200785486147,27201764438361
27201852117900,27201764438361
27201852117900,27202109306056
27201852117900,27202290866468
27201852117900,27202490445176
27202492829695,27202490445176
27202492829695,27202626876977
27202492829695,27202774389890
27202492829695,27202969968862
27202492829695,27203344751542
27202492829695,27203742554740
27203786057763,27203742554740
27203786057763,27204038656706
27203786057763,27204252347000
27203786057763,27204465395230
27203786057763,27204732204758
27204910997863,27204732204758
27204910997863,27205181552833
27204910997863,27205344607415
27204910997863,27205477498158
27204910997863,27205829843802
27205856085638,27205829843802
27205856085638,27206082396647
27205856085638,27206334386072
27205856085638,27206481034588
27205856085638,27206819850023
27206934326463,27206819850023
27206934326463,27207204080696
27206934326463,27207497048371
27206934326463,27207626597382
27206934326463,27207954828377
27207979001641,27207954828377
27207979001641,27208222088431
27207979001641,27208404423747
27207979001641,27208565055289
27207979001641,27208957822564
27208959176026,27208957822564
27208959176026,27209147045051
27208959176026,27209312830139
27208959176026,27209595387733
27209597083701,27209595387733
27209597083701,27209810580664
27209597083701,27209985982506
27209597083701,27210123777536
27209597083701,27210261092017
27209597083701,27211059681498
27211091549329,27211059681498
27211091549329,27211329155930
27211091549329,27211443135537
27211091549329,27211608109670
27211091549329,27211934038611
27212020110259,27211934038611
27212020110259,27212264338028
27212020110259,27212501954298
27212020110259,27212677476783
27212020110259,27212985231557
27213011403965,27212985231557
27213011403965,27213269414787
27213011403965,27213449864967
27213011403965,27213594815698
27213011403965,27214009548971
27214011782904,27214009548971
27214011782904,27214264742017
27214011782904,27214386966891
27214011782904,27214503665490
27214505124138,27214503665490
27214505124138,27214775207054
27214505124138,27214950394436
27214505124138,27215083812090
27214505124138,27215361829748
27214505124138,27215735943999
27215844293973,27215735943999
27215844293973,27216131568965
27215844293973,27216395328569
27215844293973,27216561371478
27215844293973,27216779976016
27216835220380,27216779976016
27216835220380,27217113183267
27216835220380,27217255774079
27216835220380,27217392032550
27216835220380,27217843462524
27217845460328,27217843462524
27217845460328,27218128113108
27217845460328,27218306379370
27217845460328,27218593593437
27217845460328,27218815337950
27218824087982,27218815337950
27218824087982,27219083838206
27218824087982,27219309835634
27218824087982,27219545185547
27218824087982,27219712687409
27219760631961,27219712687409
27219760631961,27220023660232
27219760631961,27220219023662
27219760631961,27220470332325
27220472314786,27220470332325
27220472314786,27220724041747
27220472314786,27220952512461
27220472314786,27221139036778
27220472314786,27221332894410
27220472314786,27221742957461
27221745919765,27221742957461
27221745919765,27221974523718
27221745919765,27222181589757
27221745919765,27222332957478
27221745919765,27222627834235
27222630881603,27222627834235
27222630881603,27222849578356
27222630881603,27223082447098
27222630881603,27223215303786
27222630881603,27223611544231
27223614585569,27223611544231
27223614585569,27223916609465
27223614585569,27224197067161
27223614585569,27224405258063
27223614585569,27224662422801
27224664594434,27224662422801
27224664594434,27224824793549
27224664594434,27225092423142
27224664594434,27225292745909
27224664594434,27225547216662
27225560816686,27225547216662
27225560816686,27226030809308
27225560816686,27226249083619
27225560816686,27226380772414
27225560816686,27226824972937
27226828016314,27226824972937
27226828016314,27227022406947
27226828016314,27227173638978
27226828016314,27227393829128
27227396538608,27227393829128
27227396538608,27227587963284
27227396538608,27227756388959
27227396538608,27227911567985
27227396538608,27228195390698
27227396538608,27228588420062
27228590823440,27228588420062
27228590823440,27228801198277
27228590823440,27228986228769
27228590823440,27229171570844
27229174139390,27229171570844
27229174139390,27229341957883
27229174139390,27229584380772
27229174139390,27229740955311
27229174139390,27230030701662
27229174139390,27230366905950
27230438871940,27230366905950
27230438871940,27230647807372
27230438871940,27230778929221
27230438871940,27231008867276
27230438871940,27231285364869
27231350888956,27231285364869
27231350888956,27231624796798
27231350888956,27231794314557
27231350888956,27231935995405
27231350888956,27232330176116
27232332086198,27232330176116
27232332086198,27232576391436
27232332086198,27232797540363
27232332086198,27232956836745
27232332086198,27233217136946
27233226654702,27233217136946
27233226654702,27233486360281
27233226654702,27233692720309
27233226654702,27233898425157
27233900784048,27233898425157
27233900784048,27234095295969
27233900784048,27234260921256
27233900784048,27234428331420
27233900784048,27234586791939
27233900784048,27235119442444
27235120940321,27235119442444
27235120940321,27235333514422
27235120940321,27235513294197
27235120940321,27235678753256
27235120940321,27236040764815
27236116748741,27236040764815
27236116748741,27236376759613
27236116748741,27236613266975
27236116748741,27236814384500
27236116748741,27237197224813
27237199504832,27237197224813
27237199504832,27237386924909
27237199504832,27237549350951
27237199504832,27237707057542
27237199504832,27237991001161
27237993909500,27237991001161
27237993909500,27238314560584
27237993909500,27238504609957
27237993909500,27238598063212
27237993909500,27239027561578
27239160543087,27239027561578
27239160543087,27239374833450
27239160543087,27239610908198
27239160543087,27239769877604
27239160543087,27240121234227
27240123571236,27240121234227
27240123571236,27240363704310
27240123571236,27240527340608
27240123571236,27240764364697
27240123571236,27241041615263
27241104655048,27241041615263
27241104655048,27241281477676
27241104655048,27241474659797
27241104655048,27241598873439
27241601058750,27241598873439
27241601058750,27241815929720
27241601058750,27241996821744
27241601058750,27242179448411
27241601058750,27242405363776
27241601058750,27242883543006
27242957719619,27242883543006
27242957719619,27243193213792
27242957719619,27243391383652
27242957719619,27243576811747
27242957719619,27243876557295
27243880229475,27243876557295
27243880229475,27244093528398
27243880229475,27244296641466
27243880229475,27244456378375
27243880229475,27244728408804
27244731166363,27244728408804
27244731166363,27244942892836
27244731166363,27245135064808
27244731166363,27245331062116
27244731166363,27245480851817
27245333108456,27245480851817
27245333108456,27245590331109
27245333108456,27245742956930
27245333108456,27246075469394
27246081064219,27246075469394
27246081064219,27246329161099
27246081064219,27246484527037
27246081064219,27246602896288
27246081064219,27246906892533
27246081064219,27247379447470
27247385953394,27247379447470
27247385953394,27247630114426
27247385953394,27247815092548
27247385953394,27247976511563
27247385953394,27248539442112
27248728459009,27248539442112
27248728459009,27248949374023
27248728459009,27249116742318
27248728459009,27249425480712
27249429829680,27249425480712
27249429829680,27249700525654
27249429829680,27249831183339
27249429829680,27249998680748
27249429829680,27250122294974
27249429829680,27250466111772
27250566751791,27250466111772
27250566751791,27250764801780
27250566751791,27250941407712
27250566751791,27251086204663
27250566751791,27251483045397
27251526928439,27251483045397
27251526928439,27251828504055
27251526928439,27252015789937
27251526928439,27252170612826
27251526928439,27252337547540
27252479668636,27252337547540
27252479668636,27252738980429
27252479668636,27252975811466
27252479668636,27253175497276
27252479668636,27253389770920
27253449001786,27253389770920
27253449001786,27253694963157
27253449001786,27253851434001
27253449001786,27254038326216
27253449001786,27254430355465
27254438095596,27254430355465
27254438095596,27254757411694
27254438095596,27254950830830
27254438095596,27255127513455
27254438095596,27255344212324
27255347155200,27255344212324
27255347155200,27255515479200
27255347155200,27255821275026
27255347155200,27255999771003
27255347155200,27256279292992
27256345613189,27256279292992
27256345613189,27256546087600
27256345613189,27256733942267
27256345613189,27256957037315
27256345613189,27257257916149
27257260662912,27257257916149
27257260662912,27257439759777
27257260662912,27257671827726
27257260662912,27257857929586
27257260662912,27258068550244
27257260662912,27258240978973
27258071420877,27258240978973
27258071420877,27258495357369
27258071420877,27258692293221
27258071420877,27258862532317
27258868806435,27258862532317
27258868806435,27259041131430
27258868806435,27259377071782
27258868806435,27259501236271
27258868806435,27259671314988
27259726862062,27259671314988
27259726862062,27259951363816
27259726862062,27260174309345
27259726862062,27260354186175
27259726862062,27260640435116
27260643383684,27260640435116
27260643383684,27260865127488
27260643383684,27260996839537
27260643383684,27261178068881
27260643383684,27261473710164
27261600089641,27261473710164
27261600089641,27261850820211
27261600089641,27261994174680
27261600089641,27262174425920
27261600089641,27262505701747
27262527029763,27262505701747
27262527029763,27262763817026
27262527029763,27263116454886
27262527029763,27263277211537
27262527029763,27263400952078
27263403689978,27263400952078
27263403689978,27263639654735
27263403689978,27263776368626
27263403689978,27263911412303
27263403689978,27264363694088
27264396640000,27264363694088
27264396640000,27264644234639
27264396640000,27264884155786
27264396640000,27265035075828
27265037276389,27265035075828
27265037276389,27265249019460
27265037276389,27265399044943
27265037276389,27265557668346
27265037276389,27265805697789
27265037276389,27266159688608
27266222923745,27266159688608
27266222923745,27266388510967
27266222923745,27266665415402
27266222923745,27266868333140
27266222923745,27267084735851
27267503341669,27267084735851
27267503341669,27267744557254
27267503341669,27267996796519
27267503341669,27268154533541
27268156496371,27268154533541
27268156496371,27268292994771
27268156496371,27268453422149
27268156496371,27268610174767
27268156496371,27268941023818
27268156496371,27269276547403
27269280214297,27269276547403
27269280214297,27269482456066
27269280214297,27269723545628
27269280214297,27269925497759
27269280214297,27270103475680
27270166419604,27270103475680
27270166419604,27270411712165
27270166419604,27270595747720
27270166419604,27270719671569
27270166419604,27271106998708
27271109826026,27271106998708
27271109826026,27271370649037
27271109826026,27271634838073
27271109826026,27271782224440
27271109826026,27272029209636
27272054863211,27272029209636
27272054863211,27272232579343
27272054863211,27272460060005
27272054863211,27272662205346
27272054863211,27272920127213
27273031119729,27272920127213
27273031119729,27273300204018
27273031119729,27273481304966
27273031119729,27273628065389
27273031119729,27273937412121
27273987020143,27273937412121
27273987020143,27274181063253
27273987020143,27274463392141
27273987020143,27274598722018
27274601431444,27274598722018
27274601431444,27274780178473
27274601431444,27274948160882
27274601431444,27275105430683
27274601431444,27275253155661
27274601431444,27275669074459
27275690246240,27275669074459
27275690246240,27275907836051
27275690246240,27276053613168
27275690246240,27276172235628
27276174522768,27276172235628
27276174522768,27276389677374
27276174522768,27276574828130
27276174522768,27276714822927
27276174522768,27277123995487
27276174522768,27277508286547
27277577470717,27277508286547
27277577470717,27277802576717
27277577470717,27278048655293
27277577470717,27278217593971
27277577470717,27278395801608
27278432097560,27278395801608
27278432097560,27278624165321
27278432097560,27278884651299
27278432097560,27279010234785
27278432097560,27279419141808
27279422734803,27279419141808
27279422734803,27279643299998
27279422734803,27279806479129
27279422734803,27280040836613
27279422734803,27280231506182
27280046678339,27280231506182
27280046678339,27280366805571
27280046678339,27280531290012
27280046678339,27280813768402
27280815399324,27280813768402
27280815399324,27281018476598
27280815399324,27281196223949
27280815399324,27281410407598
27280815399324,27281687192427
27280815399324,27282119079623
27282120948017,27282119079623
27282120948017,27282365374639
27282120948017,27282639415732
27282120948017,27282864308486
27282120948017,27283056178882
27283090992191,27283056178882
27283090992191,27283352252080
27283090992191,27283478810049
27283090992191,27283610090288
27283090992191,27284021900532
27284038347965,27284021900532
27284038347965,27284235346065
27284038347965,27284442166589
27284038347965,27284594281755
27284038347965,27284816832184
27284595845374,27284816832184
27284595845374,27284973833518
27284595845374,27285190798809
27284595845374,27285482291791
27284595845374,27285995918989
27285998774190,27285995918989
27285998774190,27286210781670
27285998774190,27286398688671
27285998774190,27286589282539
27285998774190,27286974259210
27287065541402,27286974259210
27287065541402,27287617488248
27287065541402,27287865740489
27287065541402,27288029354704
27287065541402,27288308297124
27288311101407,27288308297124
27288311101407,27288483241640
27288311101407,27288766047964
27288311101407,27288957904228
27288311101407,27289185440138
27288311101407,27289370211446
27289187587909,27289370211446
27289187587909,27289670412557
27289187587909,27289820563002
27289187587909,27289965903811
27290025779256,27289965903811
27290025779256,27290208392938
27290025779256,27290487631847
27290025779256,27290680134015
27290025779256,27290917974171
27290955305129,27290917974171
27290955305129,27291202428663
27290955305129,27291434089943
27290955305129,27291619215527
27290955305129,27291782792591
27291900130156,27291782792591
27291900130156,27292088576969
27291900130156,27292304824168
27291900130156,27292542148641
27291900130156,27292894017935
27292896914340,27292894017935
27292896914340,27293091303799
27292896914340,27293321243830
27292896914340,27293499965536
27293505954671,27293499965536
27293505954671,27293779279022
27293505954671,27293918429431
27293505954671,27294084313991
27293505954671,27294240174538
27294247533563,27294240174538
27294247533563,27294480502817
27294247533563,27294634243488
27294247533563,27294818926917
27294247533563,27295195395627
27295197517338,27295195395627
27295197517338,27295436736515
27295197517338,27295589922991
27295197517338,27295734396178
27295197517338,27296113331310
27295197517338,27296525332512
27296586489234,27296525332512
27296586489234,27296728235432
27296586489234,27296956068859
27296586489234,27297148317962
27296586489234,27297525459541
27297557339941,27297525459541
27297557339941,27297844155048
27297557339941,27298053971459
27297557339941,27298214743807
27297557339941,27298458734327
27298584944654,27298458734327
27298584944654,27298812360025
27298584944654,27298954180607
27298584944654,27299157929309
27298584944654,27299456874862
27299546966363,27299456874862
27299546966363,27299769312479
27299546966363,27299984497527
27299986202072,27299984497527
27299986202072,27300238513402
27299986202072,27300391569922
27299986202072,27300575344930
27299986202072,27300719871583
27299986202072,27300853216965
27300858811324,27300853216965
27300858811324,27301090984993
27300858811324,27301278328329
27300858811324,27301452830136
27300858811324,27301785018227
27300858811324,27302277898361
27302281799914,27302277898361
27302281799914,27302468777745
27302281799914,27302653207884
27302281799914,27302836484603
27302281799914,27303103931939
27303123593285,27303103931939
27303123593285,27303293236138
27303123593285,27303460228544
27303123593285,27303702075277
27303123593285,27303988224326
27304115033815,27303988224326
27304115033815,27304370130712
27304115033815,27304567069547
27304115033815,27304926335546
27304115033815,27305084398466
27305087494066,27305084398466
27305087494066,27305290516042
27305087494066,27305442634301
27305087494066,27305641350214
27305087494066,27305832720638
27305834841883,27305832720638
27305834841883,27306004264509
27305834841883,27306155168583
27305834841883,27306312328308
27305834841883,27306712014642
27306769044187,27306712014642
27306769044187,27307002235587
27306769044187,27307171926609
27306769044187,27307332511594
27306769044187,27307605111364
27307674236094,27307605111364
27307674236094,27307855380649
27307674236094,27308003300791
27307674236094,27308236089222
27307674236094,27308506855212
27308594783121,27308506855212
27308594783121,27308869539285
27308594783121,27309013321850
27308594783121,27309247788612
27308594783121,27309541320656
27309590416596,27309541320656
27309590416596,27309796168258
27309590416596,27310005522715
27309590416596,27310566162164
27309590416596,27310730387913
27310733233731,27310730387913
27310733233731,27310919715291
27310733233731,27311116052888
27310733233731,27311336117587
27310733233731,27311826336941
27311830902616,27311826336941
27311830902616,27312069311848
27311830902616,27312210760299
27311830902616,27312377062043
27312378806479,27312377062043
27312378806479,27312558540689
27312378806479,27312765548573
27312378806479,27312934830089
27312378806479,27313263260079
27312378806479,27313684165286
27313686940064,27313684165286
27313686940064,27313921934702
27313686940064,27314084636075
27313686940064,27314364452717
27313686940064,27314525402003
27314683220579,27314525402003
27314683220579,27314954797806
27314683220579,27315150504478
27314683220579,27315279720550
27315281630994,27315279720550
27315281630994,27315507250304
27315281630994,27315630722761
27315281630994,27315909296961
27315281630994,27316186091561
27316188855765,27316186091561
27316188855765,27316357094998
27316188855765,27316602327092
27316188855765,27316757541571
27316188855765,27317069650220
27316188855765,27317447314278
27317482996049,27317447314278
27317482996049,27317670034837
27317482996049,27317904611234
27317482996049,27318083890313
27317482996049,27318444165238
27318445746512,27318444165238
27318445746512,27318713030386
27318445746512,27318904029543
27318445746512,27319068239726
27318445746512,27319364116581
27319369963534,27319364116581
27319369963534,27319629508201
27319369963534,27319791307939
27319369963534,27319972614432
27319369963534,27320287960293
27320324131361,27320287960293
27320324131361,27320561391931
27320324131361,27320725275747
27320324131361,27320887608179
27320324131361,27321175071252
27321269647423,27321175071252
27321269647423,27321508542719
27321269647423,27321702559853
27321269647423,27321858935232
27321863428154,27321858935232
27321863428154,27322109166518
27321863428154,27322270982845
27321863428154,27322485658456
27321863428154,27322706169737
27321863428154,27323219620884
27323221597728,27323219620884
27323221597728,27323430906348
27323221597728,27323625385307
27323221597728,27323755374894
27323757862420,27323755374894
27323757862420,27324001922484
27323757862420,27324182105301
27323757862420,27324325778848
27323757862420,27324597740336
27323757862420,27325109066828
27325111535702,27325109066828
27325111535702,27325353651456
27325111535702,27325824054227
27325111535702,27325999774532
27325111535702,27326299561226
27326360296905,27326299561226
27326360296905,27326577148394
27326360296905,27326746495756
27326360296905,27326911605859
27326913310941,27326911605859
27326913310941,27327102627471
27326913310941,27327260379562
27326913310941,27327511018690
27326913310941,27327764513897
27326913310941,27328295216736
27328297575666,27328295216736
27328297575666,27328567938349
27328297575666,27328685269571
27328297575666,27328830137283
27328297575666,27329280328330
27329299850289,27329280328330
27329299850289,27329553958283
27329299850289,27329701513185
27329299850289,27329861363107
27329299850289,27330306851129
27330309547571,27330306851129
27330309547571,27330596122191
27330309547571,27330755435473
27330309547571,27330882156215
27330885970801,27330882156215
27330885970801,27331095362904
27330885970801,27331340739153
27330885970801,27331484165730
27330885970801,27331625608728
27330885970801,27332106538075
27332115432794,27332106538075
27332115432794,27332371157751
27332115432794,27332529570012
27332115432794,27332702635411
27332707415145,27332702635411
27332707415145,27332924578496
27332707415145,27333108329736
27332707415145,27333237406078
27332707415145,27333553762391
27332707415145,27334035318325
27334072187186,27334035318325
27334072187186,27334312967731
27334072187186,27334537439821
27334072187186,27334737433054
27334072187186,27334971076672
27335106435984,27334971076672
27335106435984,27335321937224
27335106435984,27335483177813
27335106435984,27335637344162
27335640127413,27335637344162
27335640127413,27335950220205
27335640127413,27336150242856
27335640127413,27336307545153
27335640127413,27336496227530
27335640127413,27336905341261
27336968378780,27336905341261
27336968378780,27337220524921
27336968378780,27337377561949
27336968378780,27337538385576
27337540724603,27337538385576
27337540724603,27337776476712
27337540724603,27337959183631
27337540724603,27338128576660
27337540724603,27338417884919
27338419333598,27338417884919
27338419333598,27338645531247
27338419333598,27338817510436
27338419333598,27339044041971
27338419333598,27339361626623
27338419333598,27339728096317
27339871057428,27339728096317
27339871057428,27340143780050
27339871057428,27340338737296
27339871057428,27340544364121
27340342571054,27340544364121
27340342571054,27340695417885
27340342571054,27340832085377
27340342571054,27341001756761
27340342571054,27341240162857
27341252776914,27341240162857
27341252776914,27341572529786
27341252776914,27341755049253
27341252776914,27341937528509
27341252776914,27342162049904
27341252776914,27342630570180
27342678655321,27342630570180
27342678655321,27342929835123
27342678655321,27343073838049
27342678655321,27343225929762
27342678655321,27343682439899
27343701683076,27343682439899
27343701683076,27343976398504
27343701683076,27344127771347
27343701683076,27344298606196
27343701683076,27344554600483
27344595778187,27344554600483
27344595778187,27344835909437
27344595778187,27344973790897
27344595778187,27345189198305
27345191829643,27345189198305
27345191829643,27345422809518
27345191829643,27345596764881
27345191829643,27345789922351
27345191829643,27346062023431
27346064082069,27346062023431
27346064082069,27346215355384
27346064082069,27346361845382
27346064082069,27346521321946
27346064082069,27346773938630
27346064082069,27347268617637
27347269855983,27347268617637
27347269855983,27347491205018
27347269855983,27347707863773
27347269855983,27347920556350
27347269855983,27348185411435
27348209758490,27348185411435
27348209758490,27348502787825
27348209758490,27348710344139
27348209758490,27348939499735
27348209758490,27349115849201
27349129627806,27349115849201
27349129627806,27349367064566
27349129627806,27349513445835
27349129627806,27349673370908
27349129627806,27350074048627
27350077323935,27350074048627
27350077323935,27350273968165
27350077323935,27350475957775
27350077323935,27350957053026
27350077323935,27351138895488
27351279544823,27351138895488
27351279544823,27351485025713
27351279544823,27351795784666
27351279544823,27351980975500
27351279544823,27352132581619
27352220214811,27352132581619
27352220214811,27352382507285
27352220214811,27352600168001
27352220214811,27352805141379
27352220214811,27353111225458
27353159456537,27353111225458
27353159456537,27353405817356
27353159456537,27353673553528
27353159456537,27353880892983
27353159456537,27354045174986
27354133277041,27354045174986
27354133277041,27354363180058
27354133277041,27354537070350
27354133277041,27354656559321
27354133277041,27355034830915
27355140710338,27355034830915
27355140710338,27355359509947
27355140710338,27355518477449
27355140710338,27355639551413
27355645544647,27355639551413
27355645544647,27355904974993
27355645544647,27356147682760
27355645544647,27356356286657
27355645544647,27356558824950
27355645544647,27356924260876
27357043236864,27356924260876
27357043236864,27357334224421
27357043236864,27357554106802
27357043236864,27357753326411
27357755616985,27357753326411
27357755616985,27357918624774
27357755616985,27358071836967
27357755616985,27358254322907
27357755616985,27358565725144
27357755616985,27358975611016
27359017910720,27358975611016
27359017910720,27359254396647
27359017910720,27359467953654
27359017910720,27359704265273
27359705899484,27359704265273
27359705899484,27359935971148
27359705899484,27360113265826
27359705899484,27360275751696
27359705899484,27360540364792
27359705899484,27360862972574
27360954168729,27360862972574
27360954168729,27361222203770
27360954168729,27361367321702
27360954168729,27361563044755
27360954168729,27361866997883
27361868415175,27361866997883
27361868415175,27362169708133
27361868415175,27362362799754
27361868415175,27362556500361
27361868415175,27362692844854
27362699621853,27362692844854
27362699621853,27362904282342
27362699621853,27363103936074
27362699621853,27363272413392
27362699621853,27363509361268
27363908954862,27363509361268
27363908954862,27364106386810
27363908954862,27364314434198
27363908954862,27364501539762
27363908954862,27364778512435
27364782521238,27364778512435
27364782521238,27364960383797
27364782521238,27365166143988
27364782521238,27365395608173
27364782521238,27365613034334
27365820062333,27365613034334
27365820062333,27366061699225
27365820062333,27366295223893
27365820062333,27366492093065
27365820062333,27366645900169
27366648546733,27366645900169
27366648546733,27366879527004
27366648546733,27367012664709
27366648546733,27367262429798
27367265079054,27367262429798
27367265079054,27367454086487
27367265079054,27367647864978
27367265079054,27367776669981
27367265079054,27367923030477
27367265079054,27368390914846
27367265079054,27368710556666
27368505576415,27368710556666
27368505576415,27368926809247
27368505576415,27369117405830
27368505576415,27369433941126
27369447715268,27369433941126
27369447715268,27369608529060
27369447715268,27369834223842
27369447715268,27369971354667
27369447715268,27370237328925
27370303683387,27370237328925
27370303683387,27370527274812
27370303683387,27370713824404
27370303683387,27370859683700
27370303683387,27371164276864
27371247148676,27371164276864
27371247148676,27371441490343
27371247148676,27371629164806
27371247148676,27371782575274
27371247148676,27372076431205
27372178968789,27372076431205
27372178968789,27372443740768
27372178968789,27372663265275
27372178968789,27372822137236
27372178968789,27373177332535
27373209786752,27373177332535
27373209786752,27373475669743
27373209786752,27373739050018
27373209786752,27373888303518
27373890080251,27373888303518
27373890080251,27374067957016
27373890080251,27374221662757
27373890080251,27374333474534
27373890080251,27374699586891
27373890080251,27375050481161
27375190476450,27375050481161
27375190476450,27375506543909
27375190476450,27375661428616
27375190476450,27375840256723
27375190476450,27376128714405
27376132781346,27376128714405
27376132781346,27376398317942
27376132781346,27376594880843
27376132781346,27376800595752
27376132781346,27376989647005
27377062858454,27376989647005
27377062858454,27377316601106
27377062858454,27377536631834
27377062858454,27377739859416
27377741449325,27377739859416
27377741449325,27377978485433
27377741449325,27378111931883
27377741449325,27378316382803
27377741449325,27378524293085
27377741449325,27378830456804
27378942651032,27378830456804
27378942651032,27379236288884
27378942651032,27379431714523
27378942651032,27379621374407
27378942651032,27379936400264
27379941173898,27379936400264
27379941173898,27380215458191
27379941173898,27380354127848
27379941173898,27380512546736
27379941173898,27380987244577
27380988922418,27380987244577
27380988922418,27381221666666
27380988922418,27381393921060
27380988922418,27381510873430
27381512341041,27381510873430
27381512341041,27381701013567
27381512341041,27381910125347
27381512341041,27382028932323
27381512341041,27382457357132
27381512341041,27382841213106
27381512341041,27383199160795
27382991957506,27383199160795
27382991957506,27383351879542
27382991957506,27383508577767
27383511226019,27383508577767
27383511226019,27383666741263
27383511226019,27383871067194
27383511226019,27384070777388
27383511226019,27384353328530
27384355947604,27384353328530
27384355947604,27384581349861
27384355947604,27384761728462
27384355947604,27384998230843
27384355947604,27385247925441
27384355947604,27385661571219
27385697728559,27385661571219
27385697728559,27385957828206
27385697728559,27386141127832
27385697728559,27386411074795
27385697728559,27386634518901
27386754569073,27386634518901
27386754569073,27386966704629
27386754569073,27387208172738
27386754569073,27387360688288
27386754569073,27387713288221
27387722977531,27387713288221
27387722977531,27387972943508
27387722977531,27388163977379
27387722977531,27388307811591
27387722977531,27388591088990
27388685094863,27388591088990
27388685094863,27388888327058
27388685094863,27389088393621
27388685094863,27389289243900
27388685094863,27389775137869
27389779032908,27389775137869
27389779032908,27390014057443
27389779032908,27390245465802
27389779032908,27390406032064
27390409207842,27390406032064
27390409207842,27390612384261
27390409207842,27390814573534
27390409207842,27390999962771
27390409207842,27391179990398
27390409207842,27391507062354
27391509334110,27391507062354
27391509334110,27391762453965
27391509334110,27391932053197
27391509334110,27392158122284
27391509334110,27392352140584
27392795893291,27392352140584
27392795893291,27393015318493
27392795893291,27393221464998
27393255607976,27393221464998
27393255607976,27393443840906
27393255607976,27393605701772
27393255607976,27393756659394
27393255607976,27393947345443
27393255607976,27394140945921
27393255607976,27394512706232
27394627290233,27394512706232
27394627290233,27394834966458
27394627290233,27395016301162
27394627290233,27395241222061
27395242910046,27395241222061
27395242910046,27395478736059
27395242910046,27395691185840
27395242910046,27395870431564
27395242910046,27396016466161
27395242910046,27396436969546
27396538290220,27396436969546
27396538290220,27396714453741
27396538290220,27396875148956
27396538290220,27397116254449
27396538290220,27397389450961
27397392564319,27397389450961
27397392564319,27397673416293
27397392564319,27397870789623
27397392564319,27398096270872
27397392564319,27398448693521
27398451163456,27398448693521
27398451163456,27398683446411
27398451163456,27398820942939
27398451163456,27398978888776
27398451163456,27399386068097
27399447555187,27399386068097
27399447555187,27399669536490
27399447555187,27399837413844
27399447555187,27399993602676
27399995420971,27399993602676
27399995420971,27400252297670
27399995420971,27400404175016
27399995420971,27400555974012
27399995420971,27400915024970
27399995420971,27401260957012
27401308077969,27401260957012
27401308077969,27401556315396
27401308077969,27401757649124
27401789869795,27401757649124
27401789869795,27402016349359
27401789869795,27402237662583
27401789869795,27402463896371
27401789869795,27402633772458
27401789869795,27402765188854
27401789869795,27403238899855
27403241325755,27403238899855
27403241325755,27403473695745
27403241325755,27403636627611
27403241325755,27403810671661
27403814274996,27403810671661
27403814274996,27404026310582
27403814274996,27404203293911
27403814274996,27404366713122
27403814274996,27404559463347
27403814274996,27405062023860
27405133085340,27405062023860
27405133085340,27405403260513
27405133085340,27405592545234
27405133085340,27405823296572
27405133085340,27406110588185
27406117691526,27406110588185
27406117691526,27406355326961
27406117691526,27406634051241
27406117691526,27406793463550
27406795540745,27406793463550
27406795540745,27406945927349
27406795540745,27407102780123
27406795540745,27407293371907
27406795540745,27407534893889
27406795540745,27407957318959
27408120153192,27407957318959
27408120153192,27408314403873
27408120153192,27408433577334
27408120153192,27408581256611
27408120153192,27408906919632
27408911556859,27408906919632
27408911556859,27409205271286
27408911556859,27409359626872
27408911556859,27409615222540
27408911556859,27409825209779
27409829387199,27409825209779
27409829387199,27410124464263
27409829387199,27410284438435
27409829387199,27410432575785
27410435409297,27410432575785
27410435409297,27410658807096
27410435409297,27410842101460
27410435409297,27411014068860
27410435409297,27411258176081
27410435409297,27411800420467
27411802209047,27411800420467
27411802209047,27412099467004
27411802209047,27412273352186
27411802209047,27412456613455
27412459529013,27412456613455
27412459529013,27412664275291
27412459529013,27412911543326
27412459529013,27413077393926
27412459529013,27413266389620
27412459529013,27413577671725
27413625513402,27413577671725
27413625513402,27413953588564
27413625513402,27414087583355
27413625513402,27414325141682
27413625513402,27414445598573
27414550862889,27414445598573
27414550862889,27414782049591
27414550862889,27414989224357
27414550862889,27415193206980
27414550862889,27415469043790
27415540876597,27415469043790
27415540876597,27415805910476
27415540876597,27415976810431
27415540876597,27416177935585
27415540876597,27416357769145
27416425670726,27416357769145
27416425670726,27416762457083
27416425670726,27416918811038
27416425670726,27417117445411
27416425670726,27417279674531
27417119980023,27417279674531
27417119980023,27417447124018
27417119980023,27417699274678
27417119980023,27417956324421
27417119980023,27418326313799
27418345249957,27418326313799
27418345249957,27418585932162
27418345249957,27418744983543
27418345249957,27418927215335
27418345249957,27419227126203
27419280084688,27419227126203
27419280084688,27419552298833
27419280084688,27419710183737
27419280084688,27419879375770
27419889086697,27419879375770
27419889086697,27420170579856
27419889086697,27420362023622
27419889086697,27420576911316
27419889086697,27420723905458
27419889086697,27421344820695
27421347928828,27421344820695
27421347928828,27421595504641
27421347928828,27421876156452
27421347928828,27422105206431
27421347928828,27422267307906
27421347928828,27422447237029
27422449608600,27422447237029
27422449608600,27422633521761
27422449608600,27422790662412
27422449608600,27423142614005
27422449608600,27423467573796
27423145510254,27423467573796
27423145510254,27423636575681
27423145510254,27423763372145
27423787901340,27423763372145
27423787901340,27424057429829
27423787901340,27424227920808
27423787901340,27424426785328
27423787901340,27424594902064
27423787901340,27425028549422
27425052402955,27425028549422
27425052402955,27425262249359
27425052402955,27425417764063
27425052402955,27425687441386
27425052402955,27425971817979
27426035098475,27425971817979
27426035098475,27426267170636
27426035098475,27426483169091
27426035098475,27426644636516
27426035098475,27426899985333
27426923631015,27426899985333
27426923631015,27427181731802
27426923631015,27427309184711
27426923631015,27427465316301
27426923631015,27427862946050
27427895364554,27427862946050
27427895364554,27428084688917
27427895364554,27428256429782
27427895364554,27428439658819
27427895364554,27428689025525
27428850620821,27428689025525
27428850620821,27429102543688
27428850620821,27429298921748
27428850620821,27429483680564
27428850620821,27429670018236
27428850620821,27429936239495
27429721781890,27429936239495
27429721781890,27430283257862
27429721781890,27430470421609
27429721781890,27430648562137
27430653556353,27430648562137
27430653556353,27430932308525
27430653556353,27431086180979
27430653556353,27431308765676
27430653556353,27431464253508
27431311022342,27431464253508
27431311022342,27431626572522
27431311022342,27431797837761
27431311022342,27431999139300
27431311022342,27432512335000
27432548942114,27432512335000
27432548942114,27432777277830
27432548942114,27432916238239
27432548942114,27433148115074
27432548942114,27433425475424
27433474912883,27433425475424
27433474912883,27433666085746
27433474912883,27433841456082
27433474912883,27434108029822
27433474912883,27434385876384
27434809186757,27434385876384
27434809186757,27435058379259
27434809186757,27435241756245
27434809186757,27435478459867
27434809186757,27435724554557
27435796529633,27435724554557
27435796529633,27436039028310
27435796529633,27436273479486
27435796529633,27436485728837
27435796529633,27436763574245
27436837719415,27436763574245
27436837719415,27437050593393
27436837719415,27437236156723
27436837719415,27437410425433
27436837719415,27437745400098
27437747699372,27437745400098
27437747699372,27438051161958
27437747699372,27438306857828
27437747699372,27438460852025
27437747699372,27438669508458
27438745630418,27438669508458
27438745630418,27439008328501
27438745630418,27439172058250
27438745630418,27439400679489
27438745630418,27439690631408
27439756073653,27439690631408
27439756073653,27439973221311
27439756073653,27440204442564
27439756073653,27440487958411
27439756073653,27440658229566
27440757119462,27440658229566
27440757119462,27441024403761
27440757119462,27441162014664
27440757119462,27441393527318
27440757119462,27441610868869
27441614653939,27441610868869
27441614653939,27441907456080
27441614653939,27442102386141
27441614653939,27442302231666
27441614653939,27442484659158
27442518199526,27442484659158
27442518199526,27442781768322
27442518199526,27442950498446
27442518199526,27443128819772
27442518199526,27443397807088
27443462817081,27443397807088
27443462817081,27443763200267
27443462817081,27443918747505
27443462817081,27444078482544
27444079853050,27444078482544
27444079853050,27444269417774
27444079853050,27444460042261
27444079853050,27444637842206
27444079853050,27444760651772
27444079853050,27445565757378
27445567065834,27445565757378
27445567065834,27445803326054
27445567065834,27446018736671
27445567065834,27446220149800
27445567065834,27446467054456
27446506350476,27446467054456
27446506350476,27446709963625
27446506350476,27446984921546
27446506350476,27447152075802
27447153555721,27447152075802
27447153555721,27447359073544
27447153555721,27447536516692
27447153555721,27447644793803
27447153555721,27447817847101
27447153555721,27448288010680
27448293155125,27448288010680
27448293155125,27448538725270
27448293155125,27448705811316
27448293155125,27448941018507
27448293155125,27449164595524
27449281655992,27449164595524
27449281655992,27449541415252
27449281655992,27449772179397
27449281655992,27449954337758
27449281655992,27450215535554
27450224773691,27450215535554
27450224773691,27450537678765
27450224773691,27450764579943
27450224773691,27450897064944
27450224773691,27451160764995
27451278512068,27451160764995
27451278512068,27451538182287
27451278512068,27451736190347
27451278512068,27451938320215
27451278512068,27452256240720
27452260082840,27452256240720
27452260082840,27452515917541
27452260082840,27452679934221
27452260082840,27452850259183
27452260082840,27453138115077
27453140463754,27453138115077
27453140463754,27453327450628
27453140463754,27453511530287
27453140463754,27453636509218
27453140463754,27454001205801
27454067848612,27454001205801
27454067848612,27454399560676
27454067848612,27454561325938
27454067848612,27454712046153
27454067848612,27454999969712
27455004000110,27454999969712
27455004000110,27455231999158
27455004000110,27455454687503
27455004000110,27455655365927
27455657396625,27455655365927
27455657396625,27455844316572
27455657396625,27456026705984
27455657396625,27456206302335
27455657396625,27456374956723
27455657396625,27456873070497
27456880333344,27456873070497
27456880333344,27457154027582
27456880333344,27457348486949
27456880333344,27457556114840
27457559448719,27457556114840
27457559448719,27457738365602
27457559448719,27457884252761
27457559448719,27458125311324
27457559448719,27458302245021
27457559448719,27458732747938
27458735377334,27458732747938
27458735377334,27458997523426
27458735377334,27459135284254
27458735377334,27459323695544
27459325812988,27459323695544
27459325812988,27459547026839
27459325812988,27459717339187
27459325812988,27459924381452
27459325812988,27460317284928
27459325812988,27460677833858
27460680545379,27460677833858
27460680545379,27460905425287
27460680545379,27461099530551
27460680545379,27461262370276
27461264433014,27461262370276
27461264433014,27461457068378
27461264433014,27461587931017
27461264433014,27461738977722
27461264433014,27462009089286
27461264433014,27462500283271
27462530777597,27462500283271
27462530777597,27462737544766
27462530777597,27463001163220
27462530777597,27463242010283
27462530777597,27463423718103
27463580267323,27463423718103
27463580267323,27463789223564
27463580267323,27463927474951
27463580267323,27464128720559
27463580267323,27464352444051
27463580267323,27464513897818
27464365838517,27464513897818
27464365838517,27464721318727
27464365838517,27464916552816
27464365838517,27465111396472
27465213055098,27465111396472
27465213055098,27465540297345
27465213055098,27465747330746
27465213055098,27465899853750
27465213055098,27466050590405
27466061677510,27466050590405
27466061677510,27466275458180
27466061677510,27466443832548
27466061677510,27466600400917
27466602668700,27466600400917
27466602668700,27466793368994
27466602668700,27467022066640
27466602668700,27467176460144
27466602668700,27467375494721
27466602668700,27468161248327
27468162830879,27468161248327
27468162830879,27468377884300
27468162830879,27468523867677
27468162830879,27468696138205
27468162830879,27468980963755
27469009118966,27468980963755
27469009118966,27469266995249
27469009118966,27469487040075
27469009118966,27469721459566
27469009118966,27469874828639
27469956321798,27469874828639
27469956321798,27470180203535
27469956321798,27470362178141
27469956321798,27470512887632
27469956321798,27470773104662
27470953874613,27470773104662
27470953874613,27471250411434
27470953874613,27471401445567
27470953874613,27471599421603
27470953874613,27471781907847
27471785683899,27471781907847
27471785683899,27472026229400
27471785683899,27472200294096
27471785683899,27472335917545
27472369727999,27472335917545
27472369727999,27472611251446
27472369727999,27472828126146
27472369727999,27472989563816
27472369727999,27473137331690
27472369727999,27473539295630
27473541651124,27473539295630
27473541651124,27473770900896
27473541651124,27473942670922
27473541651124,27474107992109
27474109546703,27474107992109
27474109546703,27474279319723
27474109546703,27474481614109
27474109546703,27474626350192
27474109546703,27474828276412
27474872689373,27474828276412
27474872689373,27475096884241
27474872689373,27475337978545
27474872689373,27475543391487
27474872689373,27475690625946
27474872689373,27476264988981
27476267077909,27476264988981
27476267077909,27476529745381
27476267077909,27476693267902
27476267077909,27476944274985
27476267077909,27477135509960
27477139499571,27477135509960
27477139499571,27477354472588
27477139499571,27477535830544
27477139499571,27477731261829
27477732755925,27477731261829
27477732755925,27477900591414
27477732755925,27478060880701
27477732755925,27478193346678
27477732755925,27478539949636
27477732755925,27478942732131
27479009328110,27478942732131
27479009328110,27479247421304
27479009328110,27479519211457
27479009328110,27479718355162
27479009328110,27479933620029
27479988626396,27479933620029
27479988626396,27480204013803
27479988626396,27480468951501
27479988626396,27480723121544
27479988626396,27480946554229
27480948676113,27480946554229
27480948676113,27481231447343
27480948676113,27481391084697
27480948676113,27481574239274
27480948676113,27481755295979
27481577416396,27481755295979
27481577416396,27481921151020
27481577416396,27482057897784
27481577416396,27482288220442
27481577416396,27482685505937
27482730843674,27482685505937
27482730843674,27483000316235
27482730843674,27483501194539
27482730843674,27483639956718
27483641624369,27483639956718
27483641624369,27483887344220
27483641624369,27484044783481
27483641624369,27484265326336
27483641624369,27484543609726
27483641624369,27484831624122
27484972910142,27484831624122
27484972910142,27485177792633
27484972910142,27485343143428
27484972910142,27485588979802
27484972910142,27485878169260
27485989214254,27485878169260
27485989214254,27486234850310
27485989214254,27486375845506
27485989214254,27486607612297
27485989214254,27486904235479
27486906842373,27486904235479
27486906842373,27487218338641
27486906842373,27487387201493
27486906842373,27487543287578
27487545595315,27487543287578
27487545595315,27487816910961
27487545595315,27487950185044
27487545595315,27488181805291
27487545595315,27488393978017
27488396151900,27488393978017
27488396151900,27488596053429
27488396151900,27488766743385
27488396151900,27488910364103
27488396151900,27489225073920
27488396151900,27489687339327
27489751046308,27489687339327
27489751046308,27489967563063
27489751046308,27490194681110
27489751046308,27490391184745
27489751046308,27490591333024
27490596855361,27490591333024
27490596855361,27490845249012
27490596855361,27491053135683
27490596855361,27491232813057
27490596855361,27491412918163
27491483305936,27491412918163
27491483305936,27491704237148
27491483305936,27491952191536
27491483305936,27492123429520
27491483305936,27492411935491
27492413336373,27492411935491
27492413336373,27492672054714
27492413336373,27492841076018
27492413336373,27493017903521
27492413336373,27493204076230
27493281189199,27493204076230
27493281189199,27493452201749
27493281189199,27493746576674
27493281189199,27493917490481
27493281189199,27494233796290
27494236108242,27494233796290
27494236108242,27494429446072
27494236108242,27494624538688
27494236108242,27494813575470
27494236108242,27495011279264
27495055937285,27495011279264
27495055937285,27495230196091
27495055937285,27495404177761
27495055937285,27495657497395
27495055937285,27496047352861
27496113958768,27496047352861
27496113958768,27496334088314
27496113958768,27496531802646
27496113958768,27496780827788
27496113958768,27497065282876
27497068077356,27497065282876
27497068077356,27497353148770
27497068077356,27497571355691
27497068077356,27497723352045
27497068077356,27497990186505
27498108162633,27497990186505
27498108162633,27498359370995
27498108162633,27498495978883
27498108162633,27498660179147
27498108162633,27499098197109
27499100470776,27499098197109
27499100470776,27499361310240
27499100470776,27499598021351
27499100470776,27499776286112
27499779041954,27499776286112
27499779041954,27500020330166
27499779041954,27500214697138
27499779041954,27500352969848
27499779041954,27500506294129
27499779041954,27500831361259
27500900157608,27500831361259
27500900157608,27501147088393
27500900157608,27501311667514
27500900157608,27501484070514
27501485495453,27501484070514
27501485495453,27501659241035
27501485495453,27501807600754
27501485495453,27501965355471
27501485495453,27502231572313
27501485495453,27502726510084
27502760908364,27502726510084
27502760908364,27502944895998
27502760908364,27503121988880
27502760908364,27503313858034
27502760908364,27503638411525
27503709141361,27503638411525
27503709141361,27504011326127
27503709141361,27504191331247
27503709141361,27504430804439
27503709141361,27504664349185
27504667871906,27504664349185
27504667871906,27504833453903
27504667871906,27505136566384
27505192775265,27505136566384
27505192775265,27505464423237
27505192775265,27505681158865
27505192775265,27505852528347
27505192775265,27505992891979
27505192775265,27506431360590
27505192775265,27506923109561
27506958591620,27506923109561
27506958591620,27507237109294
27506958591620,27507383839955
27506958591620,27507621385578
27506958591620,27508045748642
27508058507441,27508045748642
27508058507441,27508364036033
27508058507441,27508529152259
27508058507441,27508657435107
27508058507441,27508950866025
27509118834878,27508950866025
27509118834878,27509349104846
27509118834878,27509490572726
27509118834878,27509654260021
27509118834878,27509747770663
27509749621104,27509747770663
27509749621104,27509912209804
27509749621104,27510040548960
27509749621104,27510307289937
27510311554159,27510307289937
27510311554159,27510540446472
27510311554159,27510748322216
27510311554159,27511003461758
27510311554159,27511229859700
27510311554159,27511701884685
27511709819716,27511701884685
27511709819716,27511989435555
27511709819716,27512147949397
27511709819716,27512338625367
27512342147298,27512338625367
27512342147298,27512566791916
27512342147298,27512773139298
27512342147298,27512977503801
27512342147298,27513160051491
27512342147298,27513704887371
27513707563207,27513704887371
27513707563207,27513990910252
27513707563207,27514157273460
27513707563207,27514407863701
27513707563207,27514677988716
27514687103182,27514677988716
27514687103182,27514909169506
27514687103182,27515074179452
27514687103182,27515304678914
27515309912784,27515304678914
27515309912784,27515545086474
27515309912784,27515692435700
27515309912784,27515855429061
27515309912784,27516239401935
27515309912784,27516585326721
27516665185359,27516585326721
27516665185359,27516881226254
27516665185359,27517144994759
27516665185359,27517329543378
27516665185359,27517638266184
27517642561750,27517638266184
27517642561750,27517890323646
27517642561750,27518076268805
27517642561750,27518214447430
27518217159083,27518214447430
27518217159083,27518454425604
27518217159083,27518642407276
27518217159083,27518797502997
27518217159083,27518934118491
27518217159083,27519278294047
27519353240409,27519278294047
27519353240409,27519600200154
27519353240409,27519817287347
27519353240409,27520101754476
27520103637228,27520101754476
27520103637228,27520350263926
27520103637228,27520533521830
27520103637228,27520645646717
27520103637228,27520823884481
27520826371934,27520823884481
27520826371934,27521000345226
27520826371934,27521219578034
27520826371934,27521395099233
27520826371934,27521628109673
27521663505061,27521628109673
27521663505061,27521921226332
27521663505061,27522124445330
27521663505061,27522276954752
27521663505061,27522588496921
27521663505061,27522988135297
27523014319769,27522988135297
27523014319769,27523225639385
27523014319769,27523378177095
27523014319769,27523566185615
27523014319769,27523954925063
27524202666159,27523954925063
27524202666159,27524399817033
27524202666159,27524598372206
27524202666159,27524854184520
27524202666159,27525050898788
27525054123126,27525050898788
27525054123126,27525302096862
27525054123126,27525461335741
27525054123126,27525686249091
27525054123126,27525875540015
27525928746043,27525875540015
27525928746043,27526158119152
27525928746043,27526425410837
27525928746043,27526658326510
27526660606591,27526658326510
27526660606591,27526811099531
27526660606591,27526997532519
27526660606591,27527176855059
27526660606591,27527302376751
27526660606591,27527745860932
27527754184553,27527745860932
27527754184553,27527963528939
27527754184553,27528230149410
27527754184553,27528388160581
27527754184553,27528721542491
27528802360926,27528721542491
27528802360926,27528992950396
27528802360926,27529191690126
27528802360926,27529425277199
27529427708016,27529425277199
27529427708016,27529588406683
27529427708016,27529753304809
27529427708016,27529977692316
27529427708016,27530177656862
27529427708016,27530663706612
27530669989370,27530663706612
27530669989370,27530883455923
27530669989370,27531064709465
27530669989370,27531223589153
27530669989370,27531554113633
27531649069972,27531554113633
27531649069972,27531945923097
27531649069972,27532121424765
27531649069972,27532269223933
27532271372320,27532269223933
27532271372320,27532443862730
27532271372320,27532603315043
27532271372320,27532773770570
27532271372320,27532917447601
27532271372320,27533462557422
27533472320984,27533462557422
27533472320984,27533703139758
27533472320984,27533893830489
27533472320984,27534058022018
27533472320984,27534352593582
27534354775562,27534352593582
27534354775562,27534584890850
27534354775562,27534725361216
27534354775562,27534927196478
27534354775562,27535185292833
27535223235956,27535185292833
27535223235956,27535444351160
27535223235956,27535690906173
27535223235956,27535885384702
27535223235956,27536206239424
27536208703106,27536206239424
27536208703106,27536457596752
27536208703106,27536593038163
27536208703106,27536730330028
27536208703106,27537048558739
27537145881259,27537048558739
27537145881259,27537316793685
27537145881259,27537488569020
27537145881259,27537694848916
27537700725262,27537694848916
27537700725262,27537938670879
27537700725262,27538093492576
27537700725262,27538271110413
27537700725262,27538443976649
27538502239644,27538443976649
27538502239644,27538758775626
27538502239644,27538922325849
27538502239644,27539165796701
27538502239644,27539406456358
27538502239644,27539808128750
27539834138942,27539808128750
27539834138942,27540069145514
27539834138942,27540346989405
27539834138942,27540552343045
27540555044569,27540552343045
27540555044569,27540792680015
27540555044569,27540972583084
27540555044569,27541121252285
27540555044569,27541309442106
27540555044569,27541702355836
27541808226923,27541702355836
27541808226923,27542078183513
27541808226923,27542235284549
27541808226923,27542412672330
27541808226923,27542714667543
27542767573627,27542714667543
27542767573627,27543038573065
27542767573627,27543181958213
27542767573627,27543344546699
27542767573627,27543634553758
27543653484931,27543634553758
27543653484931,27543910653912
27543653484931,27544101143600
27543653484931,27544369939135
27543653484931,27544644046152
27544686905119,27544644046152
27544686905119,27545013405411
27544686905119,27545169265719
27544686905119,27545320197794
27544686905119,27545684017622
27545710872693,27545684017622
27545710872693,27545950964105
27545710872693,27546168441677
27545710872693,27546306365193
27545710872693,27546559829061
27546616188174,27546559829061
27546616188174,27546830182483
27546616188174,27547106953392
27546616188174,27547321780783
27546616188174,27547481789093
27547687286660,27547481789093
27547687286660,27547856376773
27547687286660,27548025198299
27547687286660,27548171681242
27547687286660,27548498203847
27548500716065,27548498203847
27548500716065,27548751001452
27548500716065,27548891943370
27548500716065,27549091439582
27548500716065,27549290288195
27549355298699,27549290288195
27549355298699,27549552675154
27549355298699,27549749847088
27549355298699,27549963418746
27549967058504,27549963418746
27549967058504,27550196157243
27549967058504,27550335729980
27549967058504,27550535991202
27549967058504,27550822169247
27549967058504,27551233784274
27551363960015,27551233784274
27551363960015,27551570123079
27551363960015,27551713124029
27551363960015,27551932844106
27551363960015,27552194330929
27551363960015,27552859017881
27552862463561,27552859017881
27552862463561,27553078811647
27552862463561,27553263665733
27552862463561,27553494494506
27553782500902,27553494494506
27553782500902,27553974085479
27553782500902,27554228158251
27553782500902,27554438320298
27554441454396,27554438320298
27554441454396,27554680341307
27554441454396,27554832128067
27554441454396,27555025754725
27554441454396,27555257682723
27554441454396,27555738880788
27555741950399,27555738880788
27555741950399,27556056322475
27555741950399,27556212357432
27555741950399,27556430113485
27555741950399,27556696767335
27556703462975,27556696767335
27556703462975,27556906218227
27556703462975,27557180609140
27556703462975,27557416692187
27556703462975,27557692018305
27557694268014,27557692018305
27557694268014,27557929909319
27557694268014,27558154214116
27557694268014,27558314452538
27557694268014,27558559760772
27558677185880,27558559760772
27558677185880,27558927126333
27558677185880,27559123444741
27558677185880,27559361285773
27559364196689,27559361285773
27559364196689,27559546427119
27559364196689,27559692387748
27559364196689,27559861368620
27559364196689,27560227025506
27559364196689,27560452096566
27560532036795,27560452096566
27560532036795,27560770267911
27560532036795,27560960226467
27560532036795,27561168049773
27560532036795,27561367521289
27561501229792,27561367521289
27561501229792,27561774128858
27561501229792,27561952637660
27561501229792,27562174447389
27561501229792,27562432140680
27562520284597,27562432140680
27562520284597,27562770966122
27562520284597,27562957613390
27562960349258,27562957613390
27562960349258,27563167042700
27562960349258,27563321031887
27562960349258,27563493247332
27562960349258,27563683278877
27562960349258,27563962098954
27563964217572,27563962098954
27563964217572,27564345438552
27563964217572,27564567996519
27563964217572,27564780185719
27563964217572,27565124452587
27563964217572,27565520689461
27565593228529,27565520689461
27565593228529,27565780974667
27565593228529,27565969484565
27565593228529,27566175913115
27565593228529,27566503353571
27566505908212,27566503353571
27566505908212,27566698037346
27566505908212,27566864442998
27566505908212,27567007303802
27566505908212,27567168354397
27567009671510,27567168354397
27567009671510,27567423030355
27567009671510,27567602266033
27567009671510,27567792509199
27567009671510,27568385880350
27568388116114,27568385880350
27568388116114,27568590328905
27568388116114,27568735411458
27568388116114,27568872645916
27568388116114,27569299927267
27569301780569,27569299927267
27569301780569,27569502927383
27569301780569,27569651201905
27569301780569,27569806382619
27569301780569,27570244392191
27570246646698,27570244392191
27570246646698,27570429022493
27570246646698,27570625074183
27570246646698,27570773200855
27570246646698,27571075221864
27571097423511,27571075221864
27571097423511,27571363671087
27571097423511,27571580612733
27571097423511,27571737275668
27571097423511,27571961264666
27571975515485,27571961264666
27571975515485,27572212731110
27571975515485,27572365660647
27571975515485,27572618555121
27571975515485,27572843187453
27572951704951,27572843187453
27572951704951,27573180303429
27572951704951,27573380593785
27572951704951,27573570694132
27572951704951,27573783349145
27573816891844,27573783349145
27573816891844,27574060891426
27573816891844,27574228681142
27573816891844,27574382820863
27574386264057,27574382820863
27574386264057,27574637454886
27574386264057,27574797627871
27574386264057,27574975348499
27574386264057,27575283137449
27574386264057,27575809064782
27575811853665,27575809064782
27575811853665,27576012916146
27575811853665,27576163504259
27575811853665,27576317835369
27575811853665,27576684858272
27576687295281,27576684858272
27576687295281,27576957081787
27576687295281,27577113868389
27576687295281,27577238039165
27576687295281,27577484556887
27577533751171,27577484556887
27577533751171,27577699516159
27577533751171,27577931568857
27577533751171,27578153676805
27578156400206,27578153676805
27578156400206,27578410183662
27578156400206,27578597245655
27578156400206,27578773430010
27578156400206,27578938506907
27578941928678,27578938506907
27578941928678,27579136411870
27578941928678,27579339945796
27578941928678,27579478589882
27578941928678,27579819658501
27578941928678,27580336337275
27580339669135,27580336337275
27580339669135,27580551805914
27580339669135,27580730875997
27580339669135,27580864887521
27580339669135,27581363416713
27581369322310,27581363416713
27581369322310,27581560202059
27581369322310,27581709818966
27581880120494,27581709818966
27581880120494,27581878133174
27581880120494,27582125358983
27581880120494,27582332341570
27581880120494,27582486146286
27581880120494,27582639177448
27581880120494,27583062907637
27583064989139,27583062907637
27583064989139,27583273237151
27583064989139,27583455264177
27583470453055,27583455264177
27583470453055,27583679334653
27583470453055,27583875177160
27583470453055,27584023587927
27583470453055,27584246416429
27583470453055,27584489107373
27584527722594,27584489107373
27584527722594,27584767717701
27584527722594,27584968043608
27584527722594,27585194480958
27584527722594,27585518325540
27584527722594,27585976260942
27585977867879,27585976260942
27585977867879,27586181182838
27585977867879,27586349586494
27585977867879,27586568426901
27586569822824,27586568426901
27586569822824,27586741997489
27586569822824,27586980212347
27586569822824,27587179498193
27586569822824,27587409344708
27586569822824,27587895154028
27587961837031,27587895154028
27587961837031,27588156484466
27587961837031,27588384226255
27587961837031,27588522179877
27588524905081,27588522179877
27588524905081,27588754900431
27588524905081,27588947811777
27588524905081,27589092380729
27588524905081,27589272564963
27588524905081,27589934202471
27589937158614,27589934202471
27589937158614,27590195305371
27589937158614,27590350361753
27589937158614,27590555433800
27589937158614,27590863267436
27590866690627,27590863267436
27590866690627,27591076928901
27590866690627,27591236252599
27590866690627,27591388812226
27590866690627,27591746671833
27591748369208,27591746671833
27591748369208,27591991251091
27591748369208,27592116651321
27591748369208,27592326064108
27591748369208,27592749489417
27592752862628,27592749489417
27592752862628,27592994345507
27592752862628,27593206727340
27592752862628,27593385408679
27592752862628,27593590351537
27593594552215,27593590351537
27593594552215,27593830981980
27593594552215,27594054315012
27593594552215,27594258505852
27593594552215,27594523797478
27594525038060,27594523797478
27594525038060,27594700633639
27594525038060,27594901772401
27594525038060,27595083386987
27594525038060,27595442932166
27595445064613,27595442932166
27595445064613,27595674402746
27595445064613,27595863505850
27595445064613,27596043280670
27595445064613,27596301161527
27596405481535,27596301161527
27596405481535,27596660618909
27596405481535,27596888916806
27596405481535,27597093675812
27597096229075,27597093675812
27597096229075,27597289959684
27597096229075,27597430923608
27597096229075,27597611332451
27597096229075,27597798428403
27597819540156,27597798428403
27597819540156,27598084182381
27597819540156,27598264057371
27597819540156,27598390682726
27597819540156,27598815994181
27597819540156,27599045377644
27599449667024,27599045377644
27599449667024,27599692341061
27599449667024,27599842306717
27599449667024,27599964703160
27599967956753,27599964703160
27599967956753,27600179136145
27599967956753,27600348866301
27599967956753,27600531223090
27599967956753,27600783558094
27600848582142,27600783558094
27600848582142,27601106145879
27600848582142,27601355207074
27600848582142,27601502450431
27600848582142,27601777316190
27601840765880,27601777316190
27601840765880,27602072297124
27601840765880,27602304732135
27601840765880,27602519339117
27601840765880,27602776695076
27601840765880,27603171941814
27603238773769,27603171941814
27603238773769,27603500526682
27603238773769,27603656078715
27603238773769,27603874633754
27603238773769,27604064834271
27603878697000,27604064834271
27603878697000,27604209137830
27603878697000,27604379309042
27603878697000,27604545375098
27603878697000,27605029433843
27605120381204,27605029433843
27605120381204,27605403742168
27605120381204,27605549900155
27605120381204,27605704667333
27605120381204,27605980128472
27605705620558,27605980128472
27605705620558,27606187660497
27605705620558,27606396846474
27605705620558,27606529001231
27605705620558,27606872280998
27606875990279,27606872280998
27606875990279,27607097079383
27606875990279,27607250334499
27606875990279,27607422848909
27606875990279,27607787321104
27607790679982,27607787321104
27607790679982,27607994832663
27607790679982,27608176679916
27607790679982,27608353739003
27607790679982,27608594550050
27608650606117,27608594550050
27608650606117,27608880878398
27608650606117,27609090288424
27608650606117,27609288517279
27608650606117,27609443770925
27609547924139,27609443770925
27609547924139,27609814198064
27609547924139,27609981925307
27609547924139,27610148868960
27609547924139,27610459945089
27610686833479,27610459945089
27610686833479,27610896109573
27610686833479,27611051628941
27610686833479,27611235416640
27610686833479,27611386467317
27611238153318,27611386467317
27611238153318,27611515608493
27611238153318,27611684198402
27611238153318,27612095179856
27612097381849,27612095179856
27612097381849,27612301426387
27612097381849,27612503556535
27612097381849,27612679326598
27612097381849,27612873941211
27612097381849,27613406458485
27613460743178,27613406458485
27613460743178,27613740254020
27613460743178,27614035217552
27613460743178,27614193750420
27613460743178,27614385226021
27614461714977,27614385226021
27614461714977,27614772433110
27614461714977,27614961326213
27614461714977,27615107544344
27614461714977,27615411333492
27615524915980,27615411333492
27615524915980,27615761478158
27615524915980,27615897609915
27615524915980,27616053441068
27615524915980,27616229910065
27616055764279,27616229910065
27616055764279,27616363705794
27616055764279,27616495047073
27616055764279,27616716499695
27616055764279,27617212381396
27617288617628,27617212381396
27617288617628,27617598812317
27617288617628,27617766579633
27617288617628,27617971311925
27617288617628,27618225478139
27618288330464,27618225478139
27618288330464,27618516315456
27618288330464,27618740390822
27618288330464,27618888474166
27618288330464,27619548828250
27619551907073,27619548828250
27619551907073,27619751913980
27619551907073,27619917974595
27619967419790,27619917974595
27619967419790,27620191620936
27619967419790,27620341570286
27619967419790,27620502540729
27619967419790,27620675152009
27619967419790,27620837793479
27619967419790,27621245466736
27621326703617,27621245466736
27621326703617,27621593425328
27621326703617,27621733720953
27621326703617,27621987204907
27621326703617,27622174419469
27622276621663,27622174419469
27622276621663,27622490293921
27622276621663,27622644547789
27622276621663,27622873409690
27622276621663,27623146204429
27623330338536,27623146204429
27623330338536,27623590397357
27623330338536,27623811729594
27623330338536,27623963205522
27623330338536,27624178238646
27624261069521,27624178238646
27624261069521,27624521179372
27624261069521,27624725337845
27624261069521,27624935440659
27624938093384,27624935440659
27624938093384,27625181444184
27624938093384,27625309347421
27624938093384,27625510386573
27624938093384,27625688867548
27624938093384,27625923918159
27625720961042,27625923918159
27625720961042,27626089199040
27625720961042,27626318613982
27625720961042,27626635408414
27625720961042,27627003689010
27627068957416,27627003689010
27627068957416,27627294206668
27627068957416,27627578385504
27627068957416,27627759496336
27627068957416,27628000586074
27628060522546,27628000586074
27628060522546,27628325459044
27628060522546,27628563173593
27628060522546,27628763049134
27628060522546,27629021748663
27629039146705,27629021748663
27629039146705,27629247324787
27629039146705,27629423307635
27629039146705,27629597084799
27629039146705,27629931302613
27629039146705,27630130185657
27629958900564,27630130185657
27629958900564,27630349607547
27629958900564,27630533963249
27629958900564,27630910663425
27630989194223,27630910663425
27630989194223,27631264133503
27630989194223,27631493039512
27630989194223,27631627369310
27631628969051,27631627369310
27631628969051,27631860129548
27631628969051,27632000858397
27631628969051,27632244328060
27631628969051,27632406087355
27631628969051,27632968474282
27632975592077,27632968474282
27632975592077,27633222188171
27632975592077,27633403403224
27632975592077,27633595358969
27632975592077,27633746842704
27633859111227,27633746842704
27633859111227,27634120617176
27633859111227,27634249162677
27633859111227,27634449357187
27633859111227,27634863291926
27634865510016,27634863291926
27634865510016,27635114495516
27634865510016,27635342978000
27634865510016,27635526317177
27634865510016,27635686801180
27635781875683,27635686801180
27635781875683,27636375099943
27635781875683,27636643898738
27635781875683,27636808363096
27635781875683,27636969899443
27635781875683,27637099879253
27637101881561,27637099879253
27637101881561,27637374313046
27637101881561,27637521393836
27637101881561,27637933464040
27637950096743,27637933464040
27637950096743,27638155861709
27637950096743,27638303046601
27637950096743,27638504344126
27637950096743,27638933369263
27638936160663,27638933369263
27638936160663,27639178384263
27638936160663,27639404733231
27638936160663,27639599700386
27638936160663,27639875801459
27639884313410,27639875801459
27639884313410,27640183165033
27639884313410,27640465326805
27639884313410,27640650016575
27639884313410,27640795778778
27640798828341,27640795778778
27640798828341,27641075365221
27640798828341,27641276334820
27640798828341,27641434393592
27641436532266,27641434393592
27641436532266,27641678118803
27641436532266,27641879088349
27641436532266,27642058570420
27641436532266,27642205717053
27641436532266,27642583899157
27642586053836,27642583899157
27642586053836,27642841139774
27642586053836,27643149448433
27642586053836,27643309498786
27642586053836,27643462001083
27643464452588,27643462001083
27643464452588,27643734249183
27643464452588,27643953366984
27643464452588,27644162235830
27643464452588,27644392935155
27644427681393,27644392935155
27644427681393,27644710874963
27644427681393,27644843203750
27644427681393,27644966556049
27644970784953,27644966556049
27644970784953,27645242393951
27644970784953,27645444625228
27644970784953,27645716294265
27644970784953,27645889690822
27644970784953,27646379101498
27646394853029,27646379101498
27646394853029,27646633183839
27646394853029,27646799537523
27646394853029,27646964280155
27646394853029,27647242279796
27647414706419,27647242279796
27647414706419,27647670692777
27647414706419,27647797868652
27647414706419,27647967234267
27647414706419,27648385031475
27648404285837,27648385031475
27648404285837,27648637569274
27648404285837,27648835641714
27648404285837,27649048858728
27648404285837,27649318503743
27649345343999,27649318503743
27649345343999,27649625277022
27649345343999,27649797341725
27649345343999,27649986729982
27649345343999,27650311979979
27650339423422,27650311979979
27650339423422,27650552739048
27650339423422,27650777480793
27650339423422,27650929898628
27650339423422,27651332158705
27651335316413,27651332158705
27651335316413,27651547250735
27651335316413,27651712533472
27651335316413,27651935272352
27651335316413,27652198107135
27652329677527,27652198107135
27652329677527,27652535383971
27652329677527,27652684143621
27652329677527,27652895776074
27652897334583,27652895776074
27652897334583,27653045839210
27652897334583,27653266371211
27652897334583,27653453494149
27652897334583,27653734645720
27653738854009,27653734645720
27653738854009,27653942273324
27653738854009,27654249742846
27653738854009,27654415057366
27653738854009,27654587621635
27653738854009,27655024295454
27655026988117,27655024295454
27655026988117,27655286965372
27655026988117,27655541410490
27655026988117,27655705743731
27655026988117,27655948494242
27656057483105,27655948494242
27656057483105,27656294152117
27656057483105,27656556691355
27656057483105,27656724036974
27656057483105,27657080126836
27657082535232,27657080126836
27657082535232,27657268062840
27657082535232,27657396529372
27657082535232,27657555369837
27657082535232,27657778663812
27657780766286,27657778663812
27657780766286,27657982272521
27657780766286,27658162446238
27657780766286,27658336373479
27657780766286,27658721780863
27658776974909,27658721780863
27658776974909,27659012327527
27658776974909,27659175304083
27659247658595,27659175304083
27659247658595,27659458750984
27659247658595,27659606188619
27659247658595,27659852498738
27659247658595,27660056224814
27659247658595,27660200036938
27660205792011,27660200036938
27660205792011,27660448039780
27660205792011,27660659876580
27660205792011,27660839478650
27660205792011,27661195413711
27661199146249,27661195413711
27661199146249,27661431848393
27661199146249,27661583584991
27661199146249,27661766289377
27661199146249,27661978440877
27661199146249,27662595427127
27662597547391,27662595427127
27662597547391,27662830996808
27662597547391,27663116787840
27662597547391,27663255075387
27662597547391,27663589308954
27663607145194,27663589308954
27663607145194,27663839511003
27663607145194,27663948337971
27663607145194,27664201256529
27663607145194,27664461083700
27664536964804,27664461083700
27664536964804,27664738294615
27664536964804,27664924041732
27664536964804,27665173338440
27664536964804,27665373505497
27665403401397,27665373505497
27665403401397,27665671119981
27665403401397,27665917437225
27665403401397,27666067326668
27666069828666,27666067326668
27666069828666,27666592206916
27666069828666,27666746288995
27666069828666,27666890424021
27666069828666,27667038542961
27666069828666,27667444180715
27667546039900,27667444180715
27667546039900,27667790931053
27667546039900,27668093445728
27667546039900,27668279654302
27667546039900,27668427138388
27668283074115,27668427138388
27668283074115,27668626099383
27668283074115,27668803364325
27668283074115,27668969282505
27669005643472,27668969282505
27669005643472,27669247625209
27669005643472,27669468302471
27669005643472,27669623582947
27669005643472,27670023271508
27669005643472,27670398227976
27670399663882,27670398227976
27670399663882,27670568863339
27670399663882,27670761286186
27670399663882,27670992905646
27670399663882,27671242704159
27671310840158,27671242704159
27671310840158,27671572379841
27671310840158,27671901168599
27671310840158,27672090298615
27671310840158,27672245458319
27671310840158,27672396309931
27671310840158,27672604033851
27672398275088,27672604033851
27672398275088,27672766886485
27672768638166,27672766886485
27672768638166,27673021730038
27672768638166,27673155097431
27672768638166,27673311384456
27672768638166,27673688355827
27672768638166,27674073554757
27674178446092,27674073554757
27674178446092,27674429390464
27674178446092,27674578132083
27674178446092,27674835189420
27674837899695,27674835189420
27674837899695,27675086986033
27674837899695,27675233537644
27674837899695,27675451968279
27674837899695,27675620443159
27674837899695,27676002137328
27676009846711,27676002137328
27676009846711,27676199565986
27676009846711,27676428252980
27676009846711,27676614231554
27676617116442,27676614231554
27676617116442,27676802267145
27676617116442,27676997723268
27676617116442,27677159001423
27676617116442,27677304633691
27676617116442,27677710865968
27677817649419,27677710865968
27677817649419,27678032747857
27677817649419,27678168702884
27677817649419,27678346347528
27677817649419,27678735031764
27678739338427,27678735031764
27678739338427,27679001801133
27678739338427,27679176724210
27678739338427,27679423934863
27678739338427,27679613214248
27679671875334,27679613214248
27679671875334,27679901340044
27679671875334,27680102002163
27679671875334,27680256099602
27679671875334,27680635469604
27680637296286,27680635469604
27680637296286,27680849590982
27680637296286,27681071282576
27680637296286,27681304343736
27680637296286,27681449725368
27680637296286,27681601834182
27681604531269,27681601834182
27681604531269,27681828531641
27681604531269,27682045646511
27681604531269,27682344033389
27681604531269,27682524586274
27682358031773,27682524586274
27682358031773,27682771411076
27682358031773,27683022417693
27682358031773,27683227985540
27683317452757,27683227985540
27683317452757,27683527017965
27683317452757,27683740659451
27683317452757,27683841155502
27683317452757,27684265189203
27684279110875,27684265189203
27684279110875,27684539812016
27684279110875,27684692280073
27684279110875,27684853113431
27684279110875,27685255913877
27685258360540,27685255913877
27685258360540,27685469350079
27685258360540,27685582860598
27685258360540,27685707829767
27685258360540,27685889544494
27685890820626,27685889544494
27685890820626,27686097355414
27685890820626,27686203024944
27685890820626,27686318143812
27685890820626,27686505578822
27685890820626,27686592701999
