27195070139883,27196463859846
27195070139883,27196744222108
27196746885741,27196744222108
27196746885741,27197093380866
27196746885741,27197309049574
27196746885741,27197515559900
27196746885741,27197734465862
27196746885741,27197968075546
27196746885741,27198116589361
27198120237822,27198116589361
27198120237822,27198260212321
27198120237822,27198450678812
27198841526817,27198450678812
27198841526817,27199215382671
27198841526817,27199416276674
27198841526817,27199545336178
27198841526817,27199939919431
27199944150392,27199939919431
27199944150392,27200151303010
27199944150392,27200313413834
27199944150392,27200509913165
27199944150392,27200882834673
27200886925952,27200882834673
27200886925952,27201133702157
27200886925952,27201317511800
27200886925952,27201463366270
27200886925952,27201616943091
27201466324973,27201616943091
27201466324973,27201862809453
27201466324973,27202010324487
27201466324973,27202185275279
27201466324973,27202603967152
27202624812010,27202603967152
27202624812010,27202855286690
27202624812010,27203099251901
27203262609405,27203099251901
27203262609405,27203260323390
27203262609405,27203463583935
27203262609405,27203604884137
27203262609405,27203792395771
27203262609405,27204077340794
27203262609405,27204605913280
27204612572342,27204605913280
27204612572342,27204860042963
27204612572342,27204985438027
27204612572342,27205160296005
27204612572342,27205426343939
27205444133049,27205426343939
27205444133049,27205610832747
27205444133049,27205866198816
27205444133049,27206073229427
27205444133049,27206345879837
27206436861972,27206345879837
27206436861972,27206710472604
27206436861972,27206835476564
27206436861972,27206984946410
27206987214059,27206984946410
27206987214059,27207209581472
27206987214059,27207354889558
27206987214059,27207621372371
27206987214059,27207818150417
27206987214059,27208213461531
27208215927964,27208213461531
27208215927964,27208461682740
27208215927964,27208707892465
27208215927964,27208892654995
27208215927964,27209155994601
27209187990044,27209155994601
27209187990044,27209441737623
27209187990044,27209689257176
27209187990044,27209949654208
27209187990044,27210142258637
27210174628363,27210142258637
27210174628363,27210410607774
27210174628363,27210599266307
27210174628363,27211074373449
27210174628363,27211466529610
27211578626218,27211466529610
27211578626218,27211799742355
27211578626218,27211959545779
27211578626218,27212109431428
27212116283731,27212109431428
27212116283731,27212360139516
27212116283731,27212543901558
27212116283731,27212762615728
27212116283731,27212978341327
27212116283731,27213471976360
27213504331427,27213471976360
27213504331427,27213771525032
27213504331427,27214020115018
27213504331427,27214176463655
27213504331427,27214429207737
27214504611525,27214429207737
27214504611525,27214735526934
27214504611525,27215026971791
27214504611525,27215198443408
27214504611525,27215413094974
27215543949472,27215413094974
27215543949472,27215784303218
27215543949472,27216006305304
27215543949472,27216166277484
27215543949472,27216381395835
27216421748132,27216381395835
27216421748132,27216664024728
27216421748132,27216794190995
27216421748132,27217016368440
27216421748132,27217278401030
27217332533970,27217278401030
27217332533970,27217608669836
27217332533970,27217832717496
27217332533970,27217986341726
27217988415905,27217986341726
27217988415905,27218181858577
27217988415905,27218318322124
27217988415905,27218619965404
27217988415905,27218816542167
27217988415905,27219310292972
27219316162819,27219310292972
27219316162819,27219551616235
27219316162819,27219706563101
27219316162819,27219878119925
27219316162819,27220213330326
27220215994360,27220213330326
27220215994360,27220455178279
27220215994360,27220715527484
27220215994360,27220902192393
27220215994360,27221132594483
27220907442364,27221132594483
27220907442364,27221324481618
27220907442364,27221477827036
27220907442364,27221616130859
27220907442364,27221954620542
27221963078037,27221954620542
27221963078037,27222217560207
27221963078037,27222436053623
27221963078037,27222612819743
27221963078037,27222840535754
27222842745585,27222840535754
27222842745585,27223060288408
27222842745585,27223208638348
27222842745585,27223353919608
27222842745585,27223824245703
27223829741377,27223824245703
27223829741377,27224032294515
27223829741377,27224203425656
27223829741377,27224477985940
27223829741377,27224638459738
27224892174392,27224638459738
27224892174392,27225109652397
27224892174392,27225322946720
27224892174392,27225518651194
27224892174392,27226048161278
27226054815942,27226048161278
27226054815942,27226307072737
27226054815942,27226488016929
27226054815942,27226689559633
27226054815942,27227064146382
27227068692924,27227064146382
27227068692924,27227333808735
27227068692924,27227471186655
27227068692924,27227622251126
27227068692924,27227873901243
27227989199239,27227873901243
27227989199239,27228204703819
27227989199239,27228369546474
27227989199239,27228588685681
27228590828920,27228588685681
27228590828920,27228771017990
27228590828920,27228908374461
27228590828920,27229069899140
27228590828920,27229441185311
27228590828920,27229781952704
27229845589517,27229781952704
27229845589517,27230097716704
27229845589517,27230253778222
27229845589517,27230383155378
27230411848104,27230383155378
27230411848104,27230664341456
27230411848104,27230847250486
27230411848104,27230986483508
27230411848104,27231389208087
27230411848104,27231805911104
27231807769606,27231805911104
27231807769606,27232112087059
27231807769606,27232343340972
27231807769606,27232520429771
27231807769606,27232653442443
27232676678755,27232653442443
27232676678755,27232995461151
27232676678755,27233146848297
27232676678755,27233303447081
27232676678755,27233528862243
27233666255415,27233528862243
27233666255415,27233971542610
27233666255415,27234133314607
27233666255415,27234290138636
27233666255415,27234621627835
27234686374152,27234621627835
27234686374152,27235025297414
27234686374152,27235176598739
27234686374152,27235377536795
27234686374152,27235612484926
27235650062473,27235612484926
27235650062473,27235898193257
27235650062473,27236140335666
27235650062473,27236346024769
27235650062473,27236636713151
27236640785520,27236636713151
27236640785520,27236883978018
27236640785520,27237049253763
27236640785520,27237206409074
27237208202620,27237206409074
27237208202620,27237397883616
27237208202620,27237584463338
27237208202620,27237738290728
27237208202620,27238021788876
27237208202620,27238863355003
27238894327406,27238863355003
27238894327406,27239152830237
27238894327406,27239323326554
27238894327406,27239428720392
27238894327406,27239742955121
27239877927106,27239742955121
27239877927106,27240157356727
27239877927106,27240379222971
27239877927106,27240548374546
27240552170667,27240548374546
27240552170667,27240780165901
27240552170667,27240927348047
27240552170667,27241109570876
27240552170667,27241323328151
27240552170667,27241758307757
27241850503552,27241758307757
27241850503552,27242094548681
27241850503552,27242278204538
27241850503552,27242481323748
27242483279529,27242481323748
27242483279529,27242715388719
27242483279529,27242887333823
27242483279529,27243077984688
27242483279529,27243223314145
27242483279529,27243831911281
27243836266738,27243831911281
27243836266738,27244095047826
27243836266738,27244274153986
27243836266738,27244444972284
27243836266738,27244584296574
27244585725981,27244584296574
27244585725981,27244781795864
27244585725981,27244941924846
27244585725981,27245134974239
27245151918199,27245134974239
27245151918199,27245409359793
27245151918199,27245582293978
27245151918199,27245742079411
27245151918199,27246039518037
27245151918199,27246414966102
27246534703361,27246414966102
27246534703361,27246762108983
27246534703361,27246906886511
27246534703361,27247139876258
27247142115671,27247139876258
27247142115671,27247332252589
27247142115671,27247477127051
27247142115671,27247619930723
27247142115671,27247814758769
27247142115671,27248536844623
27248721819693,27248536844623
27248721819693,27248967340836
27248721819693,27249118337144
27248721819693,27249404149703
27248721819693,27249677565109
27249747580408,27249677565109
27249747580408,27249970575881
27249747580408,27250234016468
27249747580408,27250394487614
27250396667763,27250394487614
27250396667763,27250558803495
27250396667763,27250737578242
27250396667763,27250893556455
27250396667763,27251067453706
27250396667763,27251460799992
27251534900957,27251460799992
27251534900957,27251816872983
27251534900957,27252024823191
27252029899668,27252024823191
27252029899668,27252258356143
27252029899668,27252410915319
27252029899668,27252556065621
27252029899668,27252749498376
27252029899668,27252991395835
27252029899668,27253339667572
27253408116249,27253339667572
27253408116249,27253578583054
27253408116249,27253859452402
27253408116249,27254025532352
27253408116249,27254270177671
27254277569521,27254270177671
27254277569521,27254477574897
27254277569521,27254717373535
27254277569521,27254852204379
27254277569521,27255141818213
27255239838429,27255141818213
27255239838429,27255432345037
27255239838429,27255608839984
27255239838429,27255798325049
27255239838429,27256160055896
27256161946870,27256160055896
27256161946870,27256348636689
27256161946870,27256537488239
27256161946870,27256709924278
27256161946870,27256951156543
27256982048078,27256951156543
27256982048078,27257221671466
27256982048078,27257439661368
27256982048078,27257622218471
27256982048078,27257924825080
27257981374735,27257924825080
27257981374735,27258194368459
27257981374735,27258475622919
27257981374735,27258626851104
27257981374735,27258849956573
27258887602475,27258849956573
27258887602475,27259085734175
27258887602475,27259248886046
27258887602475,27259460926070
27258887602475,27259723151515
27259742912134,27259723151515
27259742912134,27259964988349
27259742912134,27260143778336
27259742912134,27260321862784
27259742912134,27260714415675
27259742912134,27260897710512
27260715624915,27260897710512
27260715624915,27261052920254
27260715624915,27261202292592
27260715624915,27261505081214
27261507479271,27261505081214
27261507479271,27261709722578
27261507479271,27261898752644
27261507479271,27262034490155
27261507479271,27262331284724
27262388393131,27262331284724
27262388393131,27262655732934
27262388393131,27262838139348
27262388393131,27263093890675
27262388393131,27263253432965
27263369918845,27263253432965
27263369918845,27263623440367
27263369918845,27263863659506
27263369918845,27264032188913
27263369918845,27264238364125
27264292025083,27264238364125
27264292025083,27264472238136
27264292025083,27264683178102
27264292025083,27264898311184
27264292025083,27265095340010
27265237590451,27265095340010
27265237590451,27265530355047
27265237590451,27265844219256
27265237590451,27265984154385
27265237590451,27266157904519
27266243932168,27266157904519
27266243932168,27266504949683
27266243932168,27267152855446
27266243932168,27267298503090
27266243932168,27267424409843
27266243932168,27267568467350
27267570656260,27267568467350
27267570656260,27267766447909
27267570656260,27267919337339
27267570656260,27268069586090
27268175812733,27268069586090
27268175812733,27268395912656
27268175812733,27268609199158
27268175812733,27268775714105
27268779183748,27268775714105
27268779183748,27268980144629
27268779183748,27269161295079
27268779183748,27269297648069
27268779183748,27269470251355
27269570037232,27269470251355
27269570037232,27269754036498
27269570037232,27269964504009
27269570037232,27270171879087
27269570037232,27270433572134
27269570037232,27270814061328
27270868420707,27270814061328
27270868420707,27271128987893
27270868420707,27271378251988
27270868420707,27271541146653
27271544673965,27271541146653
27271544673965,27271763803112
27271544673965,27271909314054
27271544673965,27272074774060
27271544673965,27272250558956
27271544673965,27272770910044
27272772876429,27272770910044
27272772876429,27272941276517
27272772876429,27273138164719
27272772876429,27273292435152
27272772876429,27273660791698
27273682379245,27273660791698
27273682379245,27273904138791
27273682379245,27274035812555
27273682379245,27274349755527
27273682379245,27274658178449
27274687670997,27274658178449
27274687670997,27274958407617
27274687670997,27275205542440
27274687670997,27275352815037
27274687670997,27275536044674
27275623423956,27275536044674
27275623423956,27275931034785
27275623423956,27276087330470
27275623423956,27276302030220
27275623423956,27276440865302
27275623423956,27276651397974
27276498833788,27276651397974
27276498833788,27276855377860
27276498833788,27277107249542
27277120409425,27277107249542
27277120409425,27277414786409
27277120409425,27277580152943
27277120409425,27277747702403
27277120409425,27278000138775
27277120409425,27278463504951
27278502587222,27278463504951
27278502587222,27278726643331
27278502587222,27278883262695
27278502587222,27279083297677
27278502587222,27279428169866
27279429927670,27279428169866
27279429927670,27279638988455
27279429927670,27279883328729
27279429927670,27280046536681
27279429927670,27280293665106
27280365393461,27280293665106
27280365393461,27280605177357
27280365393461,27280806337665
27280365393461,27280971394622
27280365393461,27281291698100
27281378565506,27281291698100
27281378565506,27281629053121
27281378565506,27281790144778
27281378565506,27281940702572
27281378565506,27282340851817
27282342847202,27282340851817
27282342847202,27282613650177
27282342847202,27282828283379
27282342847202,27283015681836
27282342847202,27283354158618
27283356821285,27283354158618
27283356821285,27283586332394
27283356821285,27283884215463
27283356821285,27284066080811
27283356821285,27284363232986
27284364993929,27284363232986
27284364993929,27284551320422
27284364993929,27284781415861
27284364993929,27284936356711
27284364993929,27285295649519
27285298802864,27285295649519
27285298802864,27285561509025
27285298802864,27285737303232
27285298802864,27285870912169
27286210679318,27285870912169
27286210679318,27286208648325
27286210679318,27286482119041
27286210679318,27286644831335
27286210679318,27286842148861
27286210679318,27287040152500
27287089335044,27287040152500
27287089335044,27287266349455
27287089335044,27287617788456
27287089335044,27287850203118
27287089335044,27288310775977
27288313996435,27288310775977
27288313996435,27288586994428
27288313996435,27288850819470
27288313996435,27288987203459
27288313996435,27289231019157
27289255991669,27289231019157
27289255991669,27289441232800
27289255991669,27289673843223
27289255991669,27289851416058
27289255991669,27290141290637
27290221088187,27290141290637
27290221088187,27290468293316
27290221088187,27290671978244
27290221088187,27290813447876
27290815796715,27290813447876
27290815796715,27291080394036
27290815796715,27291241092273
27290815796715,27291440817861
27290815796715,27291610339973
27290815796715,27291979284205
27292066895841,27291979284205
27292066895841,27292243832874
27292066895841,27292437627096
27292066895841,27292657937539
27292066895841,27292968012741
27292985635167,27292968012741
27292985635167,27293175659892
27292985635167,27293358446736
27292985635167,27293512455762
27292985635167,27293923350524
27292985635167,27294094266906
27293926518747,27294094266906
27293926518747,27294296752575
27293926518747,27294481830868
27293926518747,27294816493074
27294848794833,27294816493074
27294848794833,27295132435044
27294848794833,27295290826787
27294848794833,27295463414639
27294848794833,27295708967567
27295743452826,27295708967567
27295743452826,27295926888124
27295743452826,27296097404736
27295743452826,27296323481902
27295743452826,27296608602127
27296637816972,27296608602127
27296637816972,27296842159932
27296637816972,27296994733389
27296637816972,27297218320443
27296637816972,27297481573316
27297557201645,27297481573316
27297557201645,27297772937786
27297557201645,27298023814700
27297557201645,27298208506167
27298210614023,27298208506167
27298210614023,27298428465217
27298210614023,27298595969731
27298210614023,27298772371057
27298210614023,27299014176510
27298210614023,27299525055478
27299528254962,27299525055478
27299528254962,27299744426076
27299528254962,27299943486198
27299528254962,27300106285163
27299528254962,27300448977013
27300451906272,27300448977013
27300451906272,27300666411611
27300451906272,27300817421522
27300451906272,27300992713238
27300451906272,27301423516294
27301424748388,27301423516294
27301424748388,27301612059934
27301424748388,27301789402742
27301424748388,27301962297003
27301424748388,27302374399300
27302418450621,27302374399300
27302418450621,27302671795565
27302418450621,27302890373835
27302418450621,27303048754715
27302418450621,27303320417833
27303323151707,27303320417833
27303323151707,27303564470739
27303323151707,27303724300060
27303323151707,27303913414637
27303915297571,27303913414637
27303915297571,27304091414588
27303915297571,27304207543583
27303915297571,27304384994067
27303915297571,27304550131601
27303915297571,27305129225237
27305196395987,27305129225237
27305196395987,27305431987341
27305196395987,27305635653068
27305196395987,27305839974571
27305842300251,27305839974571
27305842300251,27306147199403
27305842300251,27306313648168
27305842300251,27306463454960
27305842300251,27306622103608
27305842300251,27307031388820
27307063808731,27307031388820
27307063808731,27307312220013
27307063808731,27307542762357
27307063808731,27307738179329
27307063808731,27307947293672
27307950456624,27307947293672
27307950456624,27308110574067
27307950456624,27308357340424
27307950456624,27308508565703
27307950456624,27308857530802
27308892847625,27308857530802
27308892847625,27309132385675
27308892847625,27309315755072
27308892847625,27309515835638
27308892847625,27309670883838
27309793897337,27309670883838
27309793897337,27309991019123
27309793897337,27310593463273
27309793897337,27310727802279
27309793897337,27310969869363
27310973707475,27310969869363
27310973707475,27311236441568
27310973707475,27311347802411
27310973707475,27311536560117
27310973707475,27311740380527
27311842820411,27311740380527
27311842820411,27312052933389
27311842820411,27312283208138
27311842820411,27312475454462
27311842820411,27312770738165
27312841246927,27312770738165
27312841246927,27313028663708
27312841246927,27313191135248
27312841246927,27313414564288
27312841246927,27313859607123
27313862147049,27313859607123
27313862147049,27314080397015
27313862147049,27314267462843
27313862147049,27314440516723
27313862147049,27314683783682
27314705838635,27314683783682
27314705838635,27314978540228
27314705838635,27315153226412
27314705838635,27315284286167
27314705838635,27315620041216
27315719213469,27315620041216
27315719213469,27315999598984
27315719213469,27316173220800
27315719213469,27316367616773
27316370858169,27316367616773
27316370858169,27316589393453
27316370858169,27316745526946
27316370858169,27316923917835
27316370858169,27317226368009
27316370858169,27317520657065
27317588106403,27317520657065
27317588106403,27317835834865
27317588106403,27317985326343
27317588106403,27318156304935
27317588106403,27318531899754
27318558572426,27318531899754
27318558572426,27318761847760
27318558572426,27318925024444
27318558572426,27319166451817
27318558572426,27319433995103
27319443678498,27319433995103
27319443678498,27319657102837
27319443678498,27319820386437
27319443678498,27320002394889
27319443678498,27320319340211
27320416743071,27320319340211
27320416743071,27320590420658
27320416743071,27320846309654
27320416743071,27321002200899
27320416743071,27321322929165
27321326206482,27321322929165
27321326206482,27321531383721
27321326206482,27321702787109
27321326206482,27321885416210
27321888565021,27321885416210
27321888565021,27322102808402
27321888565021,27322263261097
27321888565021,27322432454447
27321888565021,27322769892844
27321888565021,27323147818718
27323221490056,27323147818718
27323221490056,27323482660711
27323221490056,27323675518700
27323221490056,27323845041867
27323221490056,27324293326888
27324331746338,27324293326888
27324331746338,27324547958986
27324331746338,27324809420157
27324331746338,27324936937949
27324331746338,27325330393319
27324331746338,27325835784641
27325387790093,27325835784641
27325387790093,27326042652046
27325387790093,27326258494585
27325387790093,27326563777797
27326566153669,27326563777797
27326566153669,27326801203338
27326566153669,27326970681042
27326566153669,27327140351504
27326566153669,27327511288446
27327515093872,27327511288446
27327515093872,27327732877485
27327515093872,27327857934041
27327515093872,27328004304347
27327515093872,27328158526015
27328006542520,27328158526015
27328006542520,27328346290184
27328006542520,27328561987254
27328006542520,27328838060750
27328006542520,27329260253539
27329285209823,27329260253539
27329285209823,27329493559820
27329285209823,27329625871631
27329285209823,27329784744779
27329285209823,27330033611753
27330089872223,27330033611753
27330089872223,27330345140793
27330089872223,27330465102933
27330089872223,27330664102381
27330089872223,27330938171567
27330984619823,27330938171567
27330984619823,27331149866930
27330984619823,27331401245395
27330984619823,27331617152106
27330984619823,27331858365817
27331907218172,27331858365817
27331907218172,27332097809970
27331907218172,27332296254990
27331907218172,27332498361509
27331907218172,27332737436767
27332825040316,27332737436767
27332825040316,27333109143720
27332825040316,27333338170353
27332825040316,27333523455574
27332825040316,27333682019446
27333685436095,27333682019446
27333685436095,27333890990785
27333685436095,27334070747456
27333685436095,27334228407873
27333685436095,27334499330916
27334519393396,27334499330916
27334519393396,27334704976388
27334519393396,27334888164800
27334519393396,27335024941658
27335096953086,27335024941658
27335096953086,27335331292568
27335096953086,27335515293825
27335096953086,27335723917403
27335096953086,27335985266376
27335096953086,27336391836300
27336442997687,27336391836300
27336442997687,27336707828860
27336442997687,27336904205685
27336442997687,27337078243807
27336442997687,27337287229801
27337339743512,27337287229801
27337339743512,27337483253734
27337339743512,27337772833461
27337339743512,27337953396314
27337339743512,27338283911697
27338398817972,27338283911697
27338398817972,27338639374473
27338398817972,27338850469597
27338398817972,27339070774070
27338398817972,27339243715240
27339246254940,27339243715240
27339246254940,27339397512621
27339246254940,27339557106912
27339246254940,27339724416144
27339729274793,27339724416144
27339729274793,27339962953315
27339729274793,27340140394643
27339729274793,27340324787705
27339729274793,27340561186490
27339729274793,27340944534891
27340947273843,27340944534891
27340947273843,27341151064533
27340947273843,27341355961930
27340947273843,27341561466048
27341564375233,27341561466048
27341564375233,27341696028771
27341564375233,27341878193504
27341564375233,27342067507799
27341564375233,27342360937509
27341564375233,27342750570121
27342885265631,27342750570121
27342885265631,27343154876950
27342885265631,27343268236369
27342885265631,27343487389292
27343488922786,27343487389292
27343488922786,27343766982058
27343488922786,27343953348166
27343488922786,27344098750122
27343488922786,27344270023067
27343488922786,27344694530453
27344700403946,27344694530453
27344700403946,27344951912647
27344700403946,27345136333451
27344700403946,27345309889041
27344700403946,27345581487023
27345612563991,27345581487023
27345612563991,27345856265445
27345612563991,27346079445679
27345612563991,27346255468964
27345612563991,27346493253767
27346495363579,27346493253767
27346495363579,27346763882605
27346495363579,27346897645151
27346495363579,27347094109717
27346495363579,27347422347999
27347468043806,27347422347999
27347468043806,27347719284897
27347468043806,27347879384796
27347468043806,27348096163348
27347468043806,27348427293736
27348433877372,27348427293736
27348433877372,27348694061274
27348433877372,27348960436295
27348433877372,27349114653634
27348433877372,27349409260436
27349412637597,27349409260436
27349412637597,27349691098897
27349412637597,27349894944267
27349412637597,27350027232053
27349412637597,27350207484306
27350267402250,27350207484306
27350267402250,27350517409352
27350267402250,27350969892923
27350267402250,27351153255036
27350267402250,27351616227147
27350267402250,27351798395781
27351618439681,27351798395781
27351618439681,27352019997813
27351618439681,27352234455369
27351618439681,27352553413700
27352723036481,27352553413700
27352723036481,27352869360567
27352723036481,27353059269442
27352723036481,27353232306872
27352723036481,27353542602016
27353545797875,27353542602016
27353545797875,27353795302361
27353545797875,27353979935206
27353545797875,27354151755303
27353545797875,27354340198037
27354154014453,27354340198037
27354154014453,27354572528096
27354154014453,27354740229121
27354154014453,27355054288915
27354154014453,27355548486772
27355550806190,27355548486772
27355550806190,27355761892652
27355550806190,27355930220427
27355550806190,27356138481551
27355550806190,27356443092245
27356545205748,27356443092245
27356545205748,27356744771182
27356545205748,27356935405570
27356545205748,27357063844190
27356545205748,27357568506396
27357570400228,27357568506396
27357570400228,27357769562518
27357570400228,27357928220874
27357570400228,27358065625602
27357570400228,27358335241172
27358490364780,27358335241172
27358490364780,27358755354085
27358490364780,27358873861847
27358490364780,27359054677557
27358490364780,27359477301466
27359666755639,27359477301466
27359666755639,27359905191652
27359666755639,27360107444753
27359666755639,27360300927742
27359666755639,27360498020957
27360508209928,27360498020957
27360508209928,27360770742656
27360508209928,27360915383909
27360508209928,27361110307536
27360508209928,27361392278136
27361479876779,27361392278136
27361479876779,27361682693357
27361479876779,27361888698983
27361479876779,27362152539177
27361479876779,27362406605919
27361479876779,27362603186969
27362408880578,27362603186969
27362408880578,27362777029549
27362408880578,27363041297671
27362408880578,27363308416163
27362408880578,27363508400018
27363351216710,27363508400018
27363351216710,27363823092913
27363351216710,27364106093280
27363351216710,27364634163855
27364650315594,27364634163855
27364650315594,27364917118757
27364650315594,27365048227242
27365089342871,27365048227242
27365089342871,27365314619094
27365089342871,27365479476006
27365089342871,27365628171741
27365089342871,27365810548886
27365089342871,27366015143945
27365089342871,27366370156444
27366464235351,27366370156444
27366464235351,27366749962373
27366464235351,27366972966961
27366464235351,27367110520938
27366464235351,27367449249200
27367464727762,27367449249200
27367464727762,27367696193380
27367464727762,27367915001800
27367464727762,27368142953825
27367464727762,27368313438503
27368315998730,27368313438503
27368315998730,27368469217784
27368315998730,27368636121206
27368315998730,27368828074707
27368865100148,27368828074707
27368865100148,27369125856611
27368865100148,27369293038264
27368865100148,27369476067365
27368865100148,27369730871280
27368865100148,27370172361748
27370288271259,27370172361748
27370288271259,27370540380456
27370288271259,27370711258095
27370288271259,27370873992854
27370288271259,27371110970608
27371229921932,27371110970608
27371229921932,27371415503206
27371229921932,27371619227986
27371229921932,27371783921046
27371229921932,27372084134354
27372122388520,27372084134354
27372122388520,27372304234040
27372122388520,27372502532816
27372122388520,27372727455132
27372730242210,27372727455132
27372730242210,27372943074118
27372730242210,27373099782247
27372730242210,27373238444207
27372730242210,27373440621787
27372730242210,27373966088603
27372730242210,27374126887261
27373968743803,27374126887261
27373968743803,27374279726659
27373968743803,27374447997133
27374450150921,27374447997133
27374450150921,27374576501224
27374450150921,27374746882478
27374450150921,27374913549244
27374450150921,27375217134700
27374450150921,27375716067315
27375721961730,27375716067315
27375721961730,27375992105965
27375721961730,27376175892284
27375721961730,27376341912815
27375721961730,27376604352089
27376637847944,27376604352089
27376637847944,27376906040642
27376637847944,27377164171792
27376637847944,27377342969364
27377346080823,27377342969364
27377346080823,27377569557029
27377346080823,27377717456375
27377346080823,27377913947886
27377346080823,27378096670771
27377346080823,27378593585446
27378623990984,27378593585446
27378623990984,27378804816488
27378623990984,27378987412239
27378623990984,27379206959719
27378623990984,27379471055366
27379547975130,27379471055366
27379547975130,27379803725661
27379547975130,27379989432911
27379547975130,27380222255388
27379547975130,27380490314744
27380520564434,27380490314744
27380520564434,27380779033784
27380520564434,27381003465954
27380520564434,27381208046562
27380520564434,27381437314756
27381474130809,27381437314756
27381474130809,27381728637732
27381474130809,27381875290152
27381474130809,27382105729258
27382108317488,27382105729258
27382108317488,27382292203752
27382108317488,27382453268483
27382108317488,27382651572290
27382108317488,27382786718357
27382108317488,27383399325601
27383405404114,27383399325601
27383405404114,27383653131374
27383405404114,27383877340772
27383405404114,27384062980356
27383405404114,27384315416412
27384318924588,27384315416412
27384318924588,27384587651655
27384318924588,27384763069008
27384318924588,27384936435609
27384938616545,27384936435609
27384938616545,27385124124778
27384938616545,27385312103995
27384938616545,27385496626104
27384938616545,27385754096785
27384938616545,27386268045301
27386273127058,27386268045301
27386273127058,27386493505163
27386273127058,27386754972994
27386273127058,27386941314396
27386273127058,27387148520629
27387257783702,27387148520629
27387257783702,27387498755372
27387257783702,27387737581651
27387257783702,27387966286857
27387257783702,27388123652124
27388195663064,27388123652124
27388195663064,27388462098059
27388195663064,27388597531741
27388195663064,27388760565247
27388195663064,27389030910995
27389107214052,27389030910995
27389107214052,27389420559148
27389107214052,27389530793370
27389107214052,27389726526109
27389107214052,27389992921328
27390021294935,27389992921328
27390021294935,27390191336177
27390021294935,27390413866891
27390021294935,27390575508992
27390576950476,27390575508992
27390576950476,27390817941694
27390576950476,27390979988758
27390576950476,27391255834498
27390576950476,27391486097439
27391487893993,27391486097439
27391487893993,27391726365414
27391487893993,27391921875744
27391487893993,27392087054669
27391487893993,27392274326444
27391487893993,27393067390296
27393110934292,27393067390296
27393110934292,27393314425599
27393110934292,27393502419754
27393110934292,27393696521144
27393699726386,27393696521144
27393699726386,27393940750072
27393699726386,27394139627861
27393699726386,27394304472729
27393699726386,27394588352403
27394610975361,27394588352403
27394610975361,27394824098169
27394610975361,27395002289160
27394610975361,27395245222451
27394610975361,27395642320668
27395645129901,27395642320668
27395645129901,27395839434549
27395645129901,27395989190332
27395645129901,27396177957722
27395645129901,27396506241169
27395645129901,27396903460567
27397119866711,27396903460567
27397119866711,27397306280428
27397119866711,27397451345206
27397119866711,27397606412798
27397119866711,27397814309253
27397655478025,27397814309253
27397655478025,27398011459197
27397655478025,27398187084624
27397655478025,27398457756604
27397655478025,27398781697668
27398850133394,27398781697668
27398850133394,27399040209055
27398850133394,27399221802438
27398850133394,27399442807899
27398850133394,27399721624838
27399778103029,27399721624838
27399778103029,27399967796732
27399778103029,27400133387857
27399778103029,27400339759765
27399778103029,27400619530676
27400645564979,27400619530676
27400645564979,27400820452030
27400645564979,27401154747702
27400645564979,27401326176016
27400645564979,27401562489174
27401564013798,27401562489174
27401564013798,27401769163693
27401564013798,27402000919415
27401564013798,27402172292138
27402174469213,27402172292138
27402174469213,27402396090179
27402174469213,27402588189751
27402174469213,27402753280032
27402174469213,27403050337637
27402174469213,27403456506329
27403547373973,27403456506329
27403547373973,27403830465291
27403547373973,27404004320888
27403547373973,27404162278726
27403547373973,27404467111434
27404469596577,27404467111434
27404469596577,27404726468888
27404469596577,27404928245115
27404469596577,27405091220336
27404469596577,27405390192786
27405394447677,27405390192786
27405394447677,27405623339500
27405394447677,27405850364474
27405394447677,27405992999852
27405394447677,27406164328511
27406197421331,27406164328511
27406197421331,27406508764718
27406197421331,27406687805165
27406197421331,27406875465386
27406197421331,27407135000377
27407137019349,27407135000377
27407137019349,27407394034254
27407137019349,27407571219965
27407137019349,27407764748612
27407137019349,27407938070573
27407998256344,27407938070573
27407998256344,27408240610410
27407998256344,27408418058201
27407998256344,27408698371008
27407998256344,27408880808975
27408892110364,27408880808975
27408892110364,27409181712397
27408892110364,27409349190433
27408892110364,27409603314012
27408892110364,27409856223960
27409857718173,27409856223960
27409857718173,27410131260485
27409857718173,27410271367080
27409857718173,27410466351308
27410470112166,27410466351308
27410470112166,27410655346270
27410470112166,27410840792593
27410470112166,27411063094270
27410470112166,27411251341236
27410470112166,27411643296337
27411675473984,27411643296337
27411675473984,27411865331290
27411675473984,27412115289721
27411675473984,27412318942867
27411675473984,27412557252635
27412653861896,27412557252635
27412653861896,27412934388398
27412653861896,27413093928938
27412653861896,27413260165935
27412653861896,27413673218032
27413677601074,27413673218032
27413677601074,27413976163919
27413677601074,27414089487378
27413677601074,27414248898145
27414342211956,27414248898145
27414342211956,27414580618871
27414342211956,27414745938786
27414342211956,27414904511360
27414342211956,27415084797080
27415103605085,27415084797080
27415103605085,27415285365121
27415103605085,27415486327725
27415103605085,27415674451857
27415103605085,27415976110556
27415103605085,27416482538667
27416487090577,27416482538667
27416487090577,27416767811035
27416487090577,27416922998094
27416487090577,27417044173129
27416487090577,27417283245643
27417356677362,27417283245643
27417356677362,27417707396795
27417356677362,27417829468369
27417356677362,27418003561998
27417356677362,27418206287292
27418284204625,27418206287292
27418284204625,27418542318028
27418284204625,27418816848694
27418284204625,27418978387613
27418284204625,27419170941593
27419254962360,27419170941593
27419254962360,27419387000664
27419254962360,27419625328560
27419628753531,27419625328560
27419628753531,27419846430026
27419628753531,27420027659633
27419628753531,27420183162352
27419628753531,27420380074418
27419628753531,27420544921028
27419628753531,27420941486364
27420946129562,27420941486364
27420946129562,27421146995084
27420946129562,27421332404553
27420946129562,27421597294587
27420946129562,27421870176315
27421872933435,27421870176315
27421872933435,27422083526804
27421872933435,27422367499529
27421872933435,27422558532534
27421872933435,27422736953860
27422792487674,27422736953860
27422792487674,27423045091063
27422792487674,27423470889497
27422792487674,27423684691443
27422792487674,27423966458682
27423968578038,27423966458682
27423968578038,27424141536417
27423968578038,27424299984855
27423968578038,27424446460450
27423968578038,27424763377322
27424765252626,27424763377322
27424765252626,27424999340680
27424765252626,27425203209200
27424765252626,27425352374425
27425354699511,27425352374425
27425354699511,27425575564564
27425354699511,27425778054332
27425354699511,27425919100072
27425354699511,27426193079727
27426329536905,27426193079727
27426329536905,27426589342527
27426329536905,27426711191572
27426329536905,27426900975978
27426329536905,27427185796407
27426329536905,27427561459492
27427599159214,27427561459492
27427599159214,27427760880267
27427599159214,27427950476150
27427599159214,27428157656869
27427599159214,27428571291892
27428574805395,27428571291892
27428574805395,27428840402831
27428574805395,27428992459241
27428574805395,27429166033067
27428574805395,27429517800468
27429660850855,27429517800468
27429660850855,27429948153499
27429660850855,27430111617490
27429660850855,27430352357908
27429660850855,27430609288812
27430612645896,27430609288812
27430612645896,27430841063731
27430612645896,27431004744443
27430612645896,27431242111152
27431244562913,27431242111152
27431244562913,27431420015007
27431244562913,27431525542660
27431244562913,27431730142601
27431244562913,27432000040480
27431244562913,27432536374532
27432560387669,27432536374532
27432560387669,27432770360672
27432560387669,27432926879074
27432560387669,27433111581615
27432560387669,27433459143490
27433463664207,27433459143490
27433463664207,27433684344646
27433463664207,27433849612442
27433463664207,27434036624826
27433463664207,27434325675872
27434388705742,27434325675872
27434388705742,27434548692762
27434388705742,27434645249609
27434388705742,27434816139892
27434388705742,27435461619361
27435542491168,27435461619361
27435542491168,27435746828966
27435542491168,27435909240837
27435542491168,27436080202623
27436081702539,27436080202623
27436081702539,27436269369912
27436081702539,27436496848770
27436081702539,27436686660858
27436081702539,27436942016994
27436081702539,27437358836530
27437476232186,27437358836530
27437476232186,27437702479022
27437476232186,27437979373021
27437476232186,27438175766901
27437476232186,27438327537697
27438362626396,27438327537697
27438362626396,27438580292592
27438362626396,27438755182204
27438362626396,27438912514982
27438362626396,27439343094756
27439344444705,27439343094756
27439344444705,27439568119041
27439344444705,27439785164080
27439344444705,27439923372639
27439344444705,27440186329875
27440282938602,27440186329875
27440282938602,27440543452985
27440282938602,27440799460741
27440282938602,27440950128077
27440282938602,27441273220418
27441275441560,27441273220418
27441275441560,27441455272429
27441275441560,27441611038983
27441275441560,27441868478949
27441275441560,27442069342890
27442105612252,27442069342890
27442105612252,27442299400594
27442105612252,27442503797158
27442105612252,27442717083796
27442723369151,27442717083796
27442723369151,27442911797071
27442723369151,27443168066040
27442723369151,27443353519685
27442723369151,27443528975998
27442723369151,27443922952345
27443949133379,27443922952345
27443949133379,27444198880130
27443949133379,27444367341733
27443949133379,27444513616486
27443949133379,27444762675460
27444969700996,27444762675460
27444969700996,27445145852819
27444969700996,27445327875379
27444969700996,27445498630591
27444969700996,27445784105658
27445825954238,27445784105658
27445825954238,27446077929356
27445825954238,27446272984444
27445825954238,27446459370196
27445825954238,27446651952546
27446464732370,27446651952546
27446464732370,27446827173713
27446464732370,27447024997577
27446464732370,27447267061364
27446464732370,27447790930672
27447793650656,27447790930672
27447793650656,27448052710527
27447793650656,27448199420934
27447793650656,27448314213307
27447793650656,27448665462571
27447793650656,27448970259093
27448795991474,27448970259093
27448795991474,27449175335692
27448795991474,27449307227154
27448795991474,27449774385436
27449776833318,27449774385436
27449776833318,27449995334030
27449776833318,27450141899373
27449776833318,27450280205606
27450283035200,27450280205606
27450283035200,27450539381637
27450283035200,27450764903479
27450283035200,27450921156408
27450283035200,27451153720444
27450283035200,27451556623683
27451302352046,27451556623683
27451302352046,27451747230865
27451302352046,27451932328219
27451302352046,27452245034917
27451302352046,27452718914750
27452751534047,27452718914750
27452751534047,27452988177320
27452751534047,27453212415082
27452751534047,27453422259680
27452751534047,27453646211782
27453685447132,27453646211782
27453685447132,27453945528333
27453685447132,27454132045730
27453685447132,27454377444239
27453685447132,27454655509913
27454659747282,27454655509913
27454659747282,27454931548142
27454659747282,27455083715879
27454659747282,27455249344080
27455251266640,27455249344080
27455251266640,27455395227401
27455251266640,27455571528361
27455251266640,27455743177039
27455251266640,27455925296219
27455251266640,27456413581050
27456440929016,27456413581050
27456440929016,27456650596554
27456440929016,27456849393741
27456440929016,27457053970415
27456440929016,27457362293134
27457413841560,27457362293134
27457413841560,27457615632833
27457413841560,27457833460683
27457413841560,27458020077670
27457413841560,27458357298122
27458409827782,27458357298122
27458409827782,27458613982866
27458409827782,27458871050107
27458409827782,27459085260758
27458409827782,27459260142999
27459317975472,27459260142999
27459317975472,27459564656063
27459317975472,27459768187007
27459317975472,27459927789441
27459317975472,27460187375714
27460217139622,27460187375714
27460217139622,27460420564536
27460217139622,27460629392669
27460217139622,27460753375957
27460217139622,27461103255571
27461183027167,27461103255571
27461183027167,27461408229508
27461183027167,27461581273996
27461183027167,27461804267881
27461183027167,27462081463165
27462130418582,27462081463165
27462130418582,27462273387027
27462130418582,27462522909982
27462130418582,27462735426527
27462737659610,27462735426527
27462737659610,27462882870764
27462737659610,27463087868999
27462737659610,27463263675870
27462737659610,27463541766932
27462737659610,27464012196408
27464014892504,27464012196408
27464014892504,27464194802980
27464014892504,27464385554230
27464014892504,27464564952014
27464014892504,27464815821311
27464916881625,27464815821311
27464916881625,27465118918961
27464916881625,27465327789574
27464916881625,27465540215169
27465541802847,27465540215169
27465541802847,27465777199389
27465541802847,27465911056404
27465541802847,27466069067166
27465541802847,27466490496845
27465541802847,27466850638852
27466856897345,27466850638852
27466856897345,27467028634962
27466856897345,27467251374553
27466856897345,27467421966449
27466856897345,27467662532803
27466856897345,27468145857116
27467664882823,27468145857116
27467664882823,27468372325355
27467664882823,27468627588698
27467664882823,27468814109599
27468994436306,27468814109599
27468994436306,27469246651815
27468994436306,27469470280159
27468994436306,27469714818621
27468994436306,27469955062543
27469983975894,27469955062543
27469983975894,27470174650825
27469983975894,27470472651983
27469983975894,27470648317886
27469983975894,27470836631084
27470959261489,27470836631084
27470959261489,27471207471921
27470959261489,27471411821350
27470959261489,27471570102050
27471571728257,27471570102050
27471571728257,27471741163768
27471571728257,27471887714590
27471571728257,27472035611846
27471571728257,27472251261896
27472382359722,27472251261896
27472382359722,27472578698745
27472382359722,27472755332480
27472382359722,27472958908361
27472382359722,27473203435361
27472382359722,27473667225011
27473784806747,27473667225011
27473784806747,27474008818581
27473784806747,27474172144186
27473784806747,27474304938433
27474329408189,27474304938433
27474329408189,27474596360473
27474329408189,27474750243104
27474329408189,27475008758997
27474329408189,27475189511051
27474329408189,27475619886002
27475701778576,27475619886002
27475701778576,27475952432462
27475701778576,27476098433615
27475701778576,27476278349322
27476280762645,27476278349322
27476280762645,27476541470294
27476280762645,27476703652281
27476280762645,27476929975074
27476280762645,27477135405981
27476280762645,27477704198323
27477714049482,27477704198323
27477714049482,27477899177480
27477714049482,27478107384895
27477714049482,27478363132138
27477714049482,27478604500685
27478662333439,27478604500685
27478662333439,27478893233023
27478662333439,27479105893176
27478662333439,27479300294945
27478662333439,27479534789886
27479558078389,27479534789886
27479558078389,27479818406713
27479558078389,27480013246979
27479558078389,27480237664556
27479558078389,27480518301800
27480520930844,27480518301800
27480520930844,27480723142142
27480520930844,27480863837675
27480520930844,27481004600477
27480520930844,27481182677218
27481006036008,27481182677218
27481006036008,27481337355411
27481006036008,27481444955212
27481006036008,27481918343620
27481006036008,27482272567249
27482349991228,27482272567249
27482349991228,27482539141811
27482349991228,27482707901677
27482349991228,27482845353058
27482349991228,27483546049996
27483606168349,27483546049996
27483606168349,27483825312210
27483606168349,27483972547955
27483606168349,27484087263572
27483606168349,27484442953706
27484560317463,27484442953706
27484560317463,27484731222551
27484560317463,27484925304144
27484560317463,27485056895854
27484560317463,27485351262455
27485449142333,27485351262455
27485449142333,27485730121152
27485449142333,27485876741960
27485449142333,27486096292344
27485449142333,27486261535695
27486394140048,27486261535695
27486394140048,27486595628780
27486394140048,27486758550505
27486394140048,27486983279782
27486394140048,27487399153308
27487400932372,27487399153308
27487400932372,27487641631774
27487400932372,27487817296511
27487400932372,27487988284996
27487400932372,27488402229991
27488404010688,27488402229991
27488404010688,27488582197772
27488404010688,27488775367470
27488404010688,27488957480141
27488959688171,27488957480141
27488959688171,27489210230028
27488959688171,27489411898919
27488959688171,27489586168401
27488959688171,27489889947580
27488959688171,27490260383035
27490375050745,27490260383035
27490375050745,27490605724317
27490375050745,27490834944401
27490375050745,27491015279666
27490375050745,27491395497644
27491402346378,27491395497644
27491402346378,27491668575012
27491402346378,27491804999703
27491402346378,27491981192913
27491402346378,27492224051445
27492307307271,27492224051445
27492307307271,27492532414293
27492307307271,27492692580939
27492307307271,27492852351871
27492307307271,27493198435297
27493391163182,27493198435297
27493391163182,27493556285847
27493391163182,27493742205486
27493391163182,27493917283986
27493919199944,27493917283986
27493919199944,27494075717421
27493919199944,27494263468881
27493919199944,27494433093787
27493919199944,27494575411814
27493919199944,27495028138295
27495084978988,27495028138295
27495084978988,27495271410441
27495084978988,27495497146515
27495084978988,27495727304176
27495084978988,27496041732860
27496109986482,27496041732860
27496109986482,27496432207336
27496109986482,27496657430259
27496109986482,27496849230088
27496109986482,27497036907127
27497095332134,27497036907127
27497095332134,27497344562945
27497095332134,27497574031542
27497577620239,27497574031542
27497577620239,27497772851219
27497577620239,27497960354793
27497577620239,27498114398813
27497577620239,27498280404881
27497577620239,27498485016750
27497577620239,27499080240832
27499082328691,27499080240832
27499082328691,27499342703354
27499082328691,27499529719993
27499082328691,27499715332632
27499082328691,27500055251025
27500058316186,27500055251025
27500058316186,27500281187374
27500058316186,27500416050112
27500058316186,27500655298435
27500058316186,27500926158361
27500940559392,27500926158361
27500940559392,27501133969692
27500940559392,27501303014110
27500940559392,27501468221953
27500940559392,27501791978214
27501816729931,27501791978214
27501816729931,27502076330210
27501816729931,27502225744281
27501816729931,27502379289002
27501816729931,27502714309597
27502807739996,27502714309597
27502807739996,27503072803074
27502807739996,27503265283246
27502807739996,27503481940988
27502807739996,27503644908802
27503709881980,27503644908802
27503709881980,27503996499621
27503709881980,27504153228574
27503709881980,27504343870413
27503709881980,27504535246928
27504637102968,27504535246928
27504637102968,27504835514202
27504637102968,27505084340881
27504637102968,27505423490019
27504637102968,27505556605540
27505684134586,27505556605540
27505684134586,27505918223245
27505684134586,27506431492025
27505684134586,27506618178848
27505684134586,27506911382973
27506914710234,27506911382973
27506914710234,27507179066544
27506914710234,27507415621347
27507417917420,27507415621347
27507417917420,27507633823521
27507417917420,27507801667628
27507417917420,27507954849734
27507417917420,27508143533135
27507417917420,27508380372368
27507417917420,27508625082416
27508749761794,27508625082416
27508749761794,27508967370009
27508749761794,27509139159079
27508749761794,27509348452330
27508749761794,27509725218213
27509726900591,27509725218213
27509726900591,27509950605122
27509726900591,27510103474043
27509726900591,27510318208775
27509726900591,27510600031351
27510726156429,27510600031351
27510726156429,27511010402698
27510726156429,27511212287118
27510726156429,27511419672851
27510726156429,27511674555180
27511704532845,27511674555180
27511704532845,27512011228811
27511704532845,27512245248889
27511704532845,27512411781333
27511704532845,27512625857245
27512687019643,27512625857245
27512687019643,27512944092487
27512687019643,27513168336571
27512687019643,27513423293356
27512687019643,27513632635431
27513638495923,27513632635431
27513638495923,27513916309964
27513638495923,27514170842205
27513638495923,27514357740284
27513638495923,27514540855586
27514582575612,27514540855586
27514582575612,27514779025254
27514582575612,27514942396302
27514582575612,27515172142357
27514582575612,27515459994381
27515465731923,27515459994381
27515465731923,27515686968416
27515465731923,27515884578461
27515465731923,27516025894222
27516027227864,27516025894222
27516027227864,27516247767847
27516027227864,27516418192204
27516027227864,27516599704683
27516027227864,27516785827458
27516027227864,27517267635871
27517347591753,27517267635871
27517347591753,27517633792850
27517347591753,27517795840594
27517347591753,27517955167679
27517347591753,27518280099680
27518363990741,27518280099680
27518363990741,27518677045080
27518363990741,27518873463813
27518363990741,27519044729807
27518363990741,27519338184701
27519340775088,27519338184701
27519340775088,27519577804892
27519340775088,27519822115370
27519340775088,27519970241664
27519340775088,27520127759179
27520238961213,27520127759179
27520238961213,27520458410979
27520238961213,27520605852117
27520238961213,27520860050716
27520238961213,27521130265426
27521147718264,27521130265426
27521147718264,27521388961667
27521147718264,27521524381229
27521147718264,27521680698283
27521147718264,27522181289816
27522186785145,27522181289816
27522186785145,27522380575263
27522186785145,27522609293006
27522186785145,27522791315738
27522186785145,27523068207317
27523146416346,27523068207317
27523146416346,27523362883203
27523146416346,27523561142232
27523146416346,27523741942781
27523744023003,27523741942781
27523744023003,27523956576626
27523744023003,27524074339821
27523744023003,27524252826314
27523744023003,27524453714771
27523744023003,27524912458590
27524963463404,27524912458590
27524963463404,27525220531430
27524963463404,27525367287834
27524963463404,27525579204927
27524963463404,27525892976318
27525924055599,27525892976318
27525924055599,27526138315170
27525924055599,27526416401062
27525924055599,27526656171873
27525924055599,27526907617936
27526975830839,27526907617936
27526975830839,27527196454162
27526975830839,27527368914532
27526975830839,27527586985465
27526975830839,27527808290712
27527873820871,27527808290712
27527873820871,27528120956367
27527873820871,27528265807951
27527873820871,27528383893898
27527873820871,27528717409131
27528857599494,27528717409131
27528857599494,27529067758165
27528857599494,27529243983956
27528857599494,27529380828312
27528857599494,27529880412802
27529882627386,27529880412802
27529882627386,27530092660119
27529882627386,27530279429535
27529882627386,27530506628298
27529882627386,27530790782332
27530821359231,27530790782332
27530821359231,27531044152189
27530821359231,27531224528210
27530821359231,27531454204917
27530821359231,27531706851873
27531708561052,27531706851873
27531708561052,27531954353580
27531708561052,27532106156387
27531708561052,27532290329072
27531708561052,27532602478636
27532642843361,27532602478636
27532642843361,27532852317129
27532642843361,27532997563640
27532642843361,27533214177408
27533216969200,27533214177408
27533216969200,27533386167789
27533216969200,27533510123496
27533216969200,27533669218214
27533216969200,27533927552335
27533216969200,27534351319102
27534429213160,27534351319102
27534429213160,27534603402643
27534429213160,27534823278758
27534429213160,27534986396453
27534429213160,27535315671244
27535319320695,27535315671244
27535319320695,27535531673678
27535319320695,27535731663402
27535319320695,27535972541291
27535975258716,27535972541291
27535975258716,27536225565782
27535975258716,27536403272669
27535975258716,27536538921720
27535975258716,27536674479136
27535975258716,27537010059620
27537053825959,27537010059620
27537053825959,27537218612197
27537053825959,27537426899663
27537053825959,27537572578617
27537575048423,27537572578617
27537575048423,27537836521889
27537575048423,27537987871723
27537575048423,27538154324942
27537575048423,27538442675806
27537575048423,27538862237053
27539067200711,27538862237053
27539067200711,27539251367285
27539067200711,27539423327962
27539067200711,27539586014373
27539067200711,27539763720562
27539810188528,27539763720562
27539810188528,27540081568908
27539810188528,27540313991800
27539810188528,27540511926820
27539810188528,27540745388411
27540842589653,27540745388411
27540842589653,27541086393036
27540842589653,27541294062241
27540842589653,27541511529979
27540842589653,27541791054919
27541793898749,27541791054919
27541793898749,27542061472998
27541793898749,27542241710389
27541793898749,27542391245423
27541793898749,27542803891654
27542838939162,27542803891654
27542838939162,27543082240391
27542838939162,27543320146097
27542838939162,27543483405596
27542838939162,27543791524924
27543808217561,27543791524924
27543808217561,27544079271083
27543808217561,27544276400889
27543808217561,27544438233667
27543808217561,27544607226105
27544729217231,27544607226105
27544729217231,27545027119204
27544729217231,27545228849287
27544729217231,27545432240594
27545434157031,27545432240594
27545434157031,27545685475363
27545434157031,27545841536098
27545434157031,27545993679512
27545434157031,27546135376676
27545434157031,27546518461103
27545434157031,27546757483781
27546602741607,27546757483781
27546602741607,27547147287074
27546602741607,27547339959205
27546602741607,27547562934528
27547565413561,27547562934528
27547565413561,27547758292868
27547565413561,27547891378773
27547565413561,27548061564354
27547565413561,27548243191446
27548366271001,27548243191446
27548366271001,27548620296014
27548366271001,27548796284407
27548366271001,27548922130938
27548924846988,27548922130938
27548924846988,27549105392217
27548924846988,27549266739211
27548924846988,27549444256979
27548924846988,27549748731297
27548924846988,27550198968827
27550351528457,27550198968827
27550351528457,27550594571028
27550351528457,27550751315045
27550351528457,27550945070716
27550351528457,27551115984235
27550947356712,27551115984235
27550947356712,27551259137537
27550947356712,27551403923402
27550947356712,27551666408933
27550947356712,27552151300521
27552199043260,27552151300521
27552199043260,27552724542881
27552199043260,27552866062161
27552199043260,27553086205969
27553088563215,27553086205969
27553088563215,27553351503842
27553088563215,27553474940006
27553088563215,27553767480930
27553088563215,27554225130924
27553088563215,27554692786881
27554807727228,27554692786881
27554807727228,27555059376861
27554807727228,27555235212642
27554807727228,27555400177242
27554807727228,27555692451138
27555734109728,27555692451138
27555734109728,27556016988143
27555734109728,27556198516767
27555734109728,27556407948532
27555734109728,27556702796339
27556705303557,27556702796339
27556705303557,27556975286526
27556705303557,27557207366888
27556705303557,27557465313452
27556705303557,27557665390011
27557668093806,27557665390011
27557668093806,27557905703560
27557668093806,27558072321272
27557668093806,27558437944422
27557668093806,27558593630914
27558596021035,27558593630914
27558596021035,27558873469917
27558596021035,27559014652562
27558596021035,27559164203746
27559167592970,27559164203746
27559167592970,27559373081038
27559167592970,27559519105129
27559167592970,27559671178220
27559167592970,27559982393958
27559167592970,27560499870097
27560502001802,27560499870097
27560502001802,27560672309412
27560502001802,27560861837572
27560502001802,27561022889516
27560502001802,27561465058397
27561467938462,27561465058397
27561467938462,27561741394295
27561467938462,27561935758830
27561467938462,27562110641237
27561467938462,27562286321379
27561467938462,27562454878066
27562457482883,27562454878066
27562457482883,27562643382075
27562457482883,27562788223845
27562457482883,27563236812500
27563239188966,27563236812500
27563239188966,27563419023370
27563239188966,27563691815474
27563239188966,27563861218336
27563239188966,27563988359704
27563239188966,27564098131696
27563863399388,27564098131696
27563863399388,27564514776860
27563863399388,27564756416828
27563863399388,27565119494139
27565241734830,27565119494139
27565241734830,27565429341732
27565241734830,27565612149815
27565241734830,27565764240947
27565767143216,27565764240947
27565767143216,27565949063885
27565767143216,27566166464253
27565767143216,27566377298745
27565767143216,27566795208594
27565767143216,27567045757209
27567075800804,27567045757209
27567075800804,27567314313142
27567075800804,27567528443648
27567075800804,27567686196572
27567075800804,27567946070079
27568079444764,27567946070079
27568079444764,27568250051337
27568079444764,27568401451455
27568079444764,27568640547759
27568079444764,27568866593557
27569016541719,27568866593557
27569016541719,27569256159304
27569016541719,27569458243226
27569016541719,27569639987181
27569642350545,27569639987181
27569642350545,27569890878079
27569642350545,27570076073550
27569642350545,27570223251076
27569642350545,27570453296109
27569642350545,27570903518567
27570940194616,27570903518567
27570940194616,27571182451254
27570940194616,27571355301737
27570940194616,27571544507527
27570940194616,27571853568463
27571939918681,27571853568463
27571939918681,27572220167084
27571939918681,27572349306573
27572351916443,27572349306573
27572351916443,27572674628831
27572351916443,27572842214891
27572351916443,27573030245787
27572351916443,27573240383967
27572351916443,27573393709299
27572351916443,27573673159205
27573759511383,27573673159205
27573759511383,27574074479256
27573759511383,27574228055976
27573759511383,27574398087306
27574400546458,27574398087306
27574400546458,27574617431387
27574400546458,27574770908735
27574400546458,27575031382689
27574400546458,27575154237420
27575251731086,27575154237420
27575251731086,27575565967580
27575251731086,27575803247371
27575251731086,27576009305231
27575251731086,27576176835844
27575251731086,27576525288143
27576582421738,27576525288143
27576582421738,27576815349072
27576582421738,27577002821114
27576582421738,27577140644509
27576582421738,27577478598360
27577603980155,27577478598360
27577603980155,27577863717527
27577603980155,27578019312371
27577603980155,27578217587122
27577603980155,27578627206135
27578629405065,27578627206135
27578629405065,27578797384480
27578629405065,27579032501272
27578629405065,27579204317629
27579208732557,27579204317629
27579208732557,27579415072737
27579208732557,27579566134379
27579208732557,27579706293081
27579208732557,27580014736963
27580019458848,27580014736963
27580019458848,27580207788869
27580019458848,27580394716850
27580019458848,27580595017599
27580019458848,27580834431521
27580019458848,27581369875112
27581372992885,27581369875112
27581372992885,27581630561722
27581372992885,27581801796259
27581372992885,27581947297712
27581372992885,27582374392367
27582376689808,27582374392367
27582376689808,27582641673493
27582376689808,27582773246021
27582376689808,27582930768745
27582376689808,27583113658548
27583186756099,27583113658548
27583186756099,27583431433278
27583186756099,27583686469768
27583186756099,27584005417654
27584011277045,27584005417654
27584011277045,27584276436063
27584011277045,27584482212319
27584011277045,27584674793063
27584011277045,27584823369394
27584825262282,27584823369394
27584825262282,27584995287223
27584825262282,27585218505793
27584825262282,27585368103158
27584825262282,27585543823184
27584825262282,27585980041789
27585991717157,27585980041789
27585991717157,27586162980358
27585991717157,27586335506623
27585991717157,27586514599720
27585991717157,27586953416819
27586956081103,27586953416819
27586956081103,27587171900215
27586956081103,27587319495971
27586956081103,27587510684148
27587515421492,27587510684148
27587515421492,27587740253800
27587515421492,27587920410533
27587515421492,27588070076805
27587515421492,27588242559201
27587515421492,27588670601192
27588711745391,27588670601192
27588711745391,27588897191341
27588711745391,27589063113075
27588711745391,27589270655228
27588711745391,27589680389126
27589691518663,27589680389126
27589691518663,27589927362117
27589691518663,27590176909748
27589691518663,27590316865280
27589691518663,27590591853057
27590603686003,27590591853057
27590603686003,27590860479847
27590603686003,27591059744260
27590603686003,27591274291249
27590603686003,27591550093658
27591551826237,27591550093658
27591551826237,27591820114678
27591551826237,27592004287015
27591551826237,27592228340505
27592230896897,27592228340505
27592230896897,27592461828746
27592230896897,27592622608178
27592230896897,27592794175481
27592230896897,27592995294566
27592230896897,27593501841243
27593504240698,27593501841243
27593504240698,27593726268118
27593504240698,27593895164552
27593919160801,27593895164552
27593919160801,27594121249821
27593919160801,27594282291934
27593919160801,27594413538789
27593919160801,27594580899912
27593919160801,27594826052718
27593919160801,27595232194048
27595317519131,27595232194048
27595317519131,27595525124333
27595317519131,27595716275925
27595317519131,27595901058155
27595317519131,27596190918376
27596250877055,27596190918376
27596250877055,27596414546308
27596250877055,27596632859581
27596250877055,27596775704153
27596250877055,27597140970348
27597143624492,27597140970348
27597143624492,27597367901179
27597143624492,27597582055781
27597143624492,27597737484406
27597143624492,27598035051489
27598150083822,27598035051489
27598150083822,27598309435517
27598150083822,27598514209830
27598515739420,27598514209830
27598515739420,27598673236688
27598515739420,27598842567595
27598515739420,27599048392848
27598515739420,27599478961197
27598515739420,27599662684951
27598515739420,27600029634437
27600294301505,27600029634437
27600294301505,27600495932143
27600294301505,27600712823629
27600294301505,27600848226670
27600294301505,27601115710226
27601120190366,27601115710226
27601120190366,27601380319935
27601120190366,27601546572941
27601120190366,27601749212038
27601120190366,27602009128265
27602041392454,27602009128265
27602041392454,27602286702536
27602041392454,27602457928594
27602041392454,27602603761288
27602041392454,27602928648440
27602931047781,27602928648440
27602931047781,27603103462638
27602931047781,27603342331089
27602931047781,27603541269692
27603544465384,27603541269692
27603544465384,27603734707429
27603544465384,27603902206291
27603544465384,27604080390975
27603544465384,27604213703564
27603544465384,27604635500955
27604637483298,27604635500955
27604637483298,27604866465884
27604637483298,27605053272973
27604637483298,27605196275491
27604637483298,27605681131718
27605682248717,27605681131718
27605682248717,27605954193403
27605682248717,27606088090749
27605682248717,27606253487930
27605682248717,27606585300568
27606605229218,27606585300568
27606605229218,27606725086467
27606605229218,27607089348909
27606605229218,27607232894238
27606605229218,27607587189434
27607589097280,27607587189434
27607589097280,27607796052392
27607589097280,27607997629342
27607589097280,27608189511569
27607589097280,27608597071460
27608598748504,27608597071460
27608598748504,27608836595883
27608598748504,27609004695345
27608598748504,27609265053657
27608598748504,27609480418883
27609557256364,27609480418883
27609557256364,27609817915206
27609557256364,27609994203987
27609557256364,27610155226559
27609557256364,27610453062817
27610551256983,27610453062817
27610551256983,27610787279047
27610551256983,27610995533680
27610551256983,27611134566555
27610551256983,27611532319367
27611556412918,27611532319367
27611556412918,27611812172496
27611556412918,27611974447254
27611556412918,27612120114674
27611556412918,27612367035248
27612388176317,27612367035248
27612388176317,27612602118781
27612388176317,27612758724326
27612388176317,27612953171289
27612388176317,27613290618627
27613298476744,27613290618627
27613298476744,27613556273212
27613298476744,27613727443947
27613298476744,27613984957864
27613298476744,27614217933607
27614272854285,27614217933607
27614272854285,27614557915098
27614272854285,27614786769996
27614272854285,27615014501789
27614272854285,27615206089492
27614272854285,27615429320225
27615252812135,27615429320225
27615252812135,27615761461958
27615252812135,27615911344371
27615252812135,27616326471710
27616330137488,27616326471710
27616330137488,27616542886919
27616330137488,27616704533779
27616330137488,27616851847491
27616330137488,27617212412712
27617318701392,27617212412712
27617318701392,27617598521225
27617318701392,27617748151765
27617318701392,27617971378623
27617318701392,27618237424956
27618335877708,27618237424956
27618335877708,27618554150195
27618335877708,27618743363572
27618335877708,27618882599269
27618335877708,27619548647731
27619601245303,27619548647731
27619601245303,27619847400362
27619601245303,27620021454756
27620023882927,27620021454756
27620023882927,27620241289089
27620023882927,27620460808512
27620023882927,27620641138789
27620023882927,27620784131466
27620023882927,27620951878740
27620023882927,27621375347843
27621400812466,27621375347843
27621400812466,27621607905048
27621400812466,27621839055815
27621400812466,27621986168073
27621400812466,27622268062832
27622381830904,27622268062832
27622381830904,27622606185602
27622381830904,27622890445281
27622381830904,27623051396018
27622381830904,27623258172425
27622381830904,27623480237500
27623323712948,27623480237500
27623323712948,27623805462822
27623323712948,27623998104325
27623323712948,27624345506485
27624348024477,27624345506485
27624348024477,27624623510680
27624348024477,27624763363182
27624348024477,27624928576674
27624348024477,27625173184738
27625269571248,27625173184738
27625269571248,27625501041387
27625269571248,27625688935519
27625269571248,27625933903634
27625269571248,27626116317579
27626259269714,27626116317579
27626259269714,27626523802468
27626259269714,27626704309751
27626259269714,27626883874920
27626259269714,27627231879462
27627265464788,27627231879462
27627265464788,27627573553722
27627265464788,27627765231154
27627265464788,27627941902138
27627265464788,27628267514997
27628289994964,27628267514997
27628289994964,27628572447497
27628289994964,27628757996154
27628289994964,27628939310706
27628289994964,27629252731677
27629255467311,27629252731677
27629255467311,27629417091245
27629255467311,27629674075104
27629255467311,27629828478851
27629255467311,27630125233489
27630129727320,27630125233489
27630129727320,27630369193101
27630129727320,27630534574644
27630129727320,27630684837360
27630129727320,27631030204842
27631037784184,27631030204842
27631037784184,27631276291215
27631037784184,27631493284128
27631037784184,27631675369242
27631037784184,27631965590943
27632017282733,27631965590943
27632017282733,27632261364368
27632017282733,27632504725159
27632017282733,27632713746472
27632017282733,27632950981586
27632956678953,27632950981586
27632956678953,27633190264456
27632956678953,27633394412534
27632956678953,27633595883772
27632956678953,27633755274188
27633757790985,27633755274188
27633757790985,27633991148560
27633757790985,27634174887178
27633757790985,27634416052005
27633757790985,27634781139568
27634783573746,27634781139568
27634783573746,27635028497681
27634783573746,27635171870824
27634783573746,27635348232468
27635350027147,27635348232468
27635350027147,27635623216686
27635350027147,27635796575515
27635350027147,27635949403042
27635350027147,27636492326996
27635350027147,27636929230243
27636985497452,27636929230243
27636985497452,27637253192116
27636985497452,27637524381130
27636985497452,27637705373991
27636985497452,27637894629144
27637921252027,27637894629144
27637921252027,27638130294131
27637921252027,27638315510861
27637921252027,27638510518314
27637921252027,27638818178263
27638851917822,27638818178263
27638851917822,27638987048417
27638851917822,27639227703468
27638851917822,27639387669308
27638851917822,27639736196082
27639739867358,27639736196082
27639739867358,27639943143284
27639739867358,27640180550091
27639739867358,27640381124223
27639739867358,27640645459317
27640711571338,27640645459317
27640711571338,27640964700447
27640711571338,27641178177696
27640711571338,27641377325771
27640711571338,27641645443614
27641731245854,27641645443614
27641731245854,27642015163138
27641731245854,27642175072543
27641731245854,27642350972783
27641731245854,27642548348101
27642593868638,27642548348101
27642593868638,27642820384379
27642593868638,27643130299663
27642593868638,27643284061577
27643285618222,27643284061577
27643285618222,27643458144401
27643285618222,27643612248962
27643285618222,27643752576269
27643285618222,27643952404371
27643285618222,27644347350719
27644418063460,27644347350719
27644418063460,27644706431013
27644418063460,27644833467306
27644418063460,27644969811937
27644418063460,27645475498376
27645477304175,27645475498376
27645477304175,27645667759569
27645477304175,27645837722011
27645477304175,27646003649744
27645477304175,27646363825937
27646366640619,27646363825937
27646366640619,27646554796789
27646366640619,27646773195074
27646366640619,27646960783656
27646963398446,27646960783656
27646963398446,27647189603940
27646963398446,27647372922327
27646963398446,27647673312393
27646963398446,27647873513138
27646963398446,27648166709988
27648257820369,27648166709988
27648257820369,27648516979410
27648257820369,27648811233015
27648257820369,27648972291877
27648257820369,27649325070333
27649329225179,27649325070333
27649329225179,27649598243213
27649329225179,27649769461435
27649329225179,27649914120907
27649329225179,27650196024147
27650314051079,27650196024147
27650314051079,27650527945441
27650314051079,27650668279468
27650314051079,27650900796800
27650903212879,27650900796800
27650903212879,27651112279585
27650903212879,27651320189139
27650903212879,27651528893108
27650903212879,27651743334653
27650903212879,27652139375877
27652213989556,27652139375877
27652213989556,27652425622840
27652213989556,27652626153477
27652213989556,27652775435634
27652213989556,27653090458583
27653122770632,27653090458583
27653122770632,27653305117593
27653122770632,27653479853395
27653122770632,27653733990018
27653735871418,27653733990018
27653735871418,27653927412423
27653735871418,27654239436227
27653735871418,27654409321215
27653735871418,27654567944376
27653735871418,27654989035238
27655004087871,27654989035238
27655004087871,27655286148755
27655004087871,27655486109057
27655004087871,27655754422446
27655004087871,27655945121312
27656013067571,27655945121312
27656013067571,27656288063676
27656013067571,27656570747207
27656013067571,27656749383547
27656013067571,27656917473065
27656925758617,27656917473065
27656925758617,27657155873111
27656925758617,27657306302113
27656925758617,27657463150513
27656925758617,27657766999973
27657768576225,27657766999973
27657768576225,27657986645134
27657768576225,27658169235574
27657768576225,27658418034258
27658421509639,27658418034258
27658421509639,27658640019010
27658421509639,27658771921952
27658421509639,27658977375731
27658421509639,27659245365025
27658421509639,27659533233511
27659687121064,27659533233511
27659687121064,27659873127379
27659687121064,27660105247776
27659687121064,27660255334788
27659687121064,27660635983611
27660706097004,27660635983611
27660706097004,27660970442057
27660706097004,27661132685422
27660706097004,27661287815097
27661290450779,27661287815097
27661290450779,27661491657278
27661290450779,27661678863443
27661290450779,27661845258289
27661290450779,27662041385686
27661290450779,27662582376754
27662613832464,27662582376754
27662613832464,27662857572116
27662613832464,27663003391995
27662613832464,27663174339847
27663175959159,27663174339847
27663175959159,27663368342206
27663175959159,27663491106205
27663175959159,27663646735664
27663175959159,27664077095128
27663175959159,27664499292445
27664539462654,27664499292445
27664539462654,27664813209300
27664539462654,27664946599002
27664539462654,27665173802957
27664539462654,27665420867378
27665423333918,27665420867378
27665423333918,27665669469723
27665423333918,27665881267230
27665423333918,27666065316094
27665423333918,27666586248371
27666739248639,27666586248371
27666739248639,27666914180472
27666739248639,27667056424575
27666739248639,27667192167003
27666739248639,27667408846952
27667519623813,27667408846952
27667519623813,27667803177943
27667519623813,27668036040507
27667519623813,27668176461515
27667519623813,27668509701461
27668583335116,27668509701461
27668583335116,27668774309874
27668583335116,27668942395295
27668583335116,27669180387300
27668583335116,27669475590379
27669506410802,27669475590379
27669506410802,27669807487148
27669506410802,27670029371874
27669506410802,27670218473225
27670221042859,27670218473225
27670221042859,27670476498048
27670221042859,27670645780135
27670221042859,27670792719103
27670221042859,27670981590172
27670221042859,27671368055916
27671387958990,27671368055916
27671387958990,27671621854995
27671387958990,27671774232469
27671387958990,27671963166254
27671387958990,27672254241553
27672385910436,27672254241553
27672385910436,27672601397025
27672385910436,27672760177773
27672385910436,27673026792476
27672385910436,27673249731698
27673284189317,27673249731698
27673284189317,27673489123304
27673284189317,27673700760447
27673712453080,27673700760447
27673712453080,27673886845036
27673712453080,27674064827776
27673712453080,27674189505840
27673712453080,27674442313435
27673712453080,27674684947492
27673712453080,27675084964822
27675192905561,27675084964822
27675192905561,27675406542261
27675192905561,27675577563991
27675192905561,27675764321929
27675192905561,27676192589747
27676197115228,27676192589747
27676197115228,27676415376428
27676197115228,27676597851939
27676197115228,27676798320594
27676197115228,27677184417614
27677274625452,27677184417614
27677274625452,27677555207125
27677274625452,27677701676555
27677712989065,27677701676555
27677712989065,27677933193487
27677712989065,27678133298587
27677712989065,27678302416436
27677712989065,27678464305761
27677712989065,27678594451236
27677712989065,27679004692234
27679084356071,27679004692234
27679084356071,27679379478029
27679084356071,27679509204765
27679084356071,27679672567243
27679084356071,27680014331787
27680018965653,27680014331787
27680018965653,27680225853867
27680018965653,27680404617344
27680018965653,27680633256822
27680635777513,27680633256822
27680635777513,27680870411019
27680635777513,27681070808809
27680635777513,27681272389641
27680635777513,27681461949197
27680635777513,27681856051318
27681892169413,27681856051318
27681892169413,27682179244306
27681892169413,27682438369319
27681892169413,27682649324638
27682651168147,27682649324638
27682651168147,27682805688340
27682651168147,27682966185811
27682651168147,27683143993894
27682651168147,27683321367227
27682651168147,27683933505857
27683935816481,27683933505857
27683935816481,27684258473709
27683935816481,27684428092330
27683935816481,27684625701539
27683935816481,27684780208945
27683935816481,27684972686933
27684976484443,27684972686933
27684976484443,27685127804504
27684976484443,27685269818259
27684976484443,27685519688814
27684976484443,27685804178281
